235.2275468  178.8840224  -37.29186705  306.4463401  312.0582175  770.2206568  377.0124705  490.3422519  492.70647  193.9720138  802.7745472  22.1200495  441.8865692  412.4927887  -98.40979491  224.0987532  196.7009874  151.2217957  146.7429392  59.08486076  843.9540269  29.45013942  14.44009406  40.7823389  214.8262993  -242.1155704  30.95840505  330.199015  536.8653582  256.7517208  
235.8150465  173.6113222  -39.45911924  305.4266085  302.744349  762.0598236  365.9264626  488.7598729  492.2452305  186.4663852  797.981042  23.6805843  435.7173527  404.5694281  -96.92036268  220.3695813  200.4511522  150.0920045  152.1610872  55.06465204  834.4796137  28.90299731  23.47466322  41.55081673  216.4908403  -234.7375254  28.49919502  336.6633078  533.0736416  254.2209536  
236.9074472  183.7583906  -36.24473698  300.6868371  294.4425831  761.7677807  371.1255796  490.4030827  471.7575837  187.9581425  804.025213  26.1495072  451.8808953  415.8965917  -96.62752233  227.8110756  174.4705715  149.3820811  151.4136219  50.27945328  848.9761612  31.86240137  6.587624523  30.94646851  231.2179782  -238.7748004  40.30311201  329.265868  540.466866  254.9482801  
239.5775209  180.6487162  -37.44933239  299.6375988  295.7542807  760.7060505  372.0183377  493.195371  485.5342636  186.995991  802.956943  17.48895453  436.1248946  414.6156819  -99.46984156  221.1682263  189.1355694  149.4640321  152.538816  58.87040549  844.7239237  24.27651945  4.173893358  35.79044092  212.0256031  -241.5566847  31.01939914  331.9166978  535.8896495  249.7647863  
239.8400275  179.9732229  -31.97035584  299.5285863  307.8464564  763.5214562  373.3079927  492.3314102  485.850404  189.1238185  807.9662093  22.9233856  438.796293  417.3757541  -98.22886685  227.4316406  193.6761775  151.261787  153.0266974  64.95355867  843.6483917  28.52996537  1.794555852  30.82030849  209.2104716  -228.8546309  24.90267806  330.0890989  544.6706953  246.4499814  
247.3878805  173.8195022  -36.43141255  303.6038111  298.6610578  759.943395  370.5317319  495.404463  493.2681104  180.2517594  800.9547771  19.54970572  431.2223098  401.1387386  -108.7459302  217.3932535  208.2350595  153.2874189  152.1088288  55.72956963  835.6131086  23.16847694  15.15243125  39.92648664  206.9109872  -252.05578  29.79789274  328.6414721  532.0064498  247.1824416  
239.5264914  177.8064672  -39.07863822  303.250189  312.5751287  768.8811355  366.6557591  492.600985  487.9938635  178.7614964  793.5822565  26.71922329  440.4493866  408.7523331  -96.74210074  227.8176335  205.8963724  157.3249025  151.6231058  67.45221145  824.8950648  30.39970079  14.0656537  53.49511889  217.4431701  -237.3099581  29.67372596  347.5176839  528.8250123  251.0529584  
243.5149345  184.1610129  -36.58919688  295.8824137  299.202908  768.4917927  372.7198394  493.3128245  466.0056849  175.5065678  796.5762706  12.93671925  450.7787205  417.0309662  -103.1615651  227.4552537  192.3966267  153.6644845  143.8621623  58.37530129  831.6892828  31.70430967  4.040963802  42.98545394  225.4715219  -257.5022087  44.98637339  337.3297758  531.3020466  253.2560214  
242.2655024  186.3325232  -39.18980937  298.4506919  306.035797  764.6349217  367.5726816  490.8621801  476.894918  175.7717681  795.5045723  17.33907918  437.6569479  416.1861599  -94.6905851  230.3951757  194.9104147  145.6602181  152.1500823  67.15525317  827.4732869  27.64452265  0.8426430388  40.04993491  217.3952401  -245.3672315  42.22430612  343.1336301  528.3869255  246.3900808  
241.8941085  185.4068128  -32.85909985  301.0371521  308.1252848  765.8204081  374.9353408  496.1081785  472.5279753  173.6184846  800.7374036  18.92170855  449.6817656  414.1458626  -106.1736277  224.1197275  188.976436  145.5045952  148.1557506  53.60544085  837.4939968  26.15759174  -8.465965394  38.41888135  223.7449849  -253.3414289  37.70571887  329.6229809  532.398483  246.3902194  
241.2426154  170.6838827  -38.42408931  303.3761073  312.6146566  762.0901748  367.3143303  496.8099369  496.3393744  179.649968  793.579909  20.38596188  437.0066371  401.7300843  -107.1769401  216.6560786  214.9038278  153.7199112  151.241692  61.31411109  830.5082322  24.00422781  13.60610018  49.00589555  205.3267482  -245.1793154  29.90292262  333.7510341  532.2225065  243.9318522  
239.6623404  179.0747312  -32.23091641  307.3139673  317.0748954  769.2228841  372.7420592  494.7624024  489.4749643  178.0844064  798.2055155  18.09919424  443.1428085  410.8919977  -107.4258597  232.9045924  204.5448752  152.0695424  149.3549882  58.86078799  837.0970024  31.28482016  7.473640486  43.92377463  211.7742963  -239.8546477  17.79268319  346.8459313  532.3645494  249.9566786  
243.8298937  173.8604964  -36.21986094  307.6154093  297.2887386  754.1241718  375.7932666  497.2929007  490.9438731  168.0750803  798.4485435  22.60106057  441.3431  399.9363291  -106.8510336  217.9015292  212.3790647  153.5625866  152.1403913  59.72695111  822.082301  31.76242592  10.97820668  52.76829834  192.8634798  -255.9896874  33.86297122  327.9344679  529.9550442  249.0408593  
240.9722119  182.5551653  -31.50513375  307.0401251  325.8323408  767.3864802  376.2572377  493.9974514  488.0245283  178.6148506  802.7700509  25.75709374  434.7374011  408.4956506  -104.3738732  226.8463851  210.119469  148.1638524  154.7423428  68.36536293  833.5187153  30.18766555  1.421759931  37.86288832  194.2754192  -236.3075167  13.79309087  342.4125156  536.8122264  242.5188391  
242.6781396  183.0266342  -26.27410262  302.5504733  311.0828513  756.901812  377.9509578  495.3156348  477.3027325  169.700245  804.0781756  21.93240192  442.2228206  405.8192658  -105.5434159  226.9926801  212.9810344  147.949986  145.9787372  62.05498711  824.8923928  34.92355125  -0.6744459553  42.28928762  205.6842265  -259.9000749  31.74302459  331.7317224  531.2807489  246.5955105  
240.4461419  177.5942942  -37.01859556  301.9271341  314.4775426  761.9028386  370.9376117  493.9366569  492.6537078  174.8731866  797.7732558  22.93391341  441.1597792  399.789021  -99.75818342  220.4640378  211.1751733  151.1369076  151.9065787  67.73874035  825.0339147  28.802417  12.33022104  48.0421422  206.6728542  -241.915435  35.18065668  337.6065041  534.1674079  244.2190812  
241.6514838  178.8596036  -29.59272706  302.982408  304.9887325  772.8064553  370.4229986  495.2917621  479.6277386  173.2006782  795.9718147  17.56620891  451.9781739  415.1175997  -107.5725953  233.4989551  202.681768  151.9709671  134.3666401  60.1388596  831.6254755  32.95365165  -8.405845816  50.42640392  224.7197332  -253.2714034  33.10288145  343.2147694  526.2860887  246.4267276  
242.0324119  172.5133659  -40.50658593  303.8037734  288.9540277  762.4523971  377.6623002  495.7344387  488.8180877  170.7159968  796.0799238  21.42863836  447.6308923  410.9106369  -101.3287897  222.449611  203.139652  153.9706401  145.6566852  63.16654246  831.9396306  32.26844989  2.891528685  56.57338073  217.0470027  -247.5794245  43.45555047  330.7170466  526.9680253  249.2611076  
242.0587835  179.8473799  -36.61205324  302.3956363  302.2366856  768.8434111  369.8225067  495.0627481  488.0253525  164.4145605  793.5752978  23.77555812  449.3308289  412.7189481  -93.88624466  232.5595264  207.4016327  153.5288842  138.7671256  69.6429303  818.8038268  39.6092193  0.7572939903  59.60481372  218.5179274  -246.9982585  35.24885928  346.6698232  523.8959009  250.5230898  
242.5680454  186.1752177  -37.63918202  304.1867377  294.9158087  763.5163861  377.0821296  493.7071425  473.2326981  166.8453735  800.558196  15.33670588  455.9933118  416.3528776  -100.333515  228.387167  191.8763374  151.591715  138.5873394  55.80358413  823.8820266  42.42287286  -5.251475452  50.7973577  227.6075618  -258.7980964  49.80660779  337.8853012  532.6723275  252.5984108  
240.0539863  180.7656442  -43.22146574  307.0005  321.9054007  765.5470537  372.7448643  493.6368924  499.1682331  178.1303951  793.5106196  22.34399326  444.6353725  407.6356138  -90.61215733  216.8062147  201.0437325  158.6770394  151.4358259  72.18303668  818.7903268  34.29185913  20.34268195  55.01160523  199.3756578  -236.8849729  25.10486462  341.9667858  540.312966  248.548905  
241.7059742  188.4757391  -35.98871063  299.489078  299.3358661  759.9707732  381.6396525  492.9908678  461.6930155  176.1523082  801.0955199  24.05898564  457.5742857  420.4731166  -98.15097045  236.645783  181.1213661  151.9480324  146.571884  53.26357334  838.6940162  35.44343044  -7.886492475  36.76180671  235.8322853  -243.0788983  42.01366787  330.5355386  540.1736279  251.9890937  
243.4364497  182.9707281  -41.58962518  300.9227644  297.9447352  754.1835532  366.2850986  489.4386016  483.5336333  181.1137832  795.7219332  30.34020592  442.747368  405.7053516  -91.9560271  224.4499748  196.149481  144.5451036  154.2225741  52.59018565  822.606198  31.53969418  16.4119553  33.80463492  218.9100129  -247.144236  49.10750559  329.745926  537.5516122  247.9628536  
240.9181737  175.169962  -31.3562078  299.7715701  319.1675952  759.0133337  371.9818149  495.0183929  474.8166773  184.3807827  800.532196  26.05716191  446.1390366  401.179444  -104.483996  224.2989911  200.6421245  150.7338446  154.3967851  54.4621353  826.2814244  27.2743036  7.085465748  37.13929409  230.2036543  -231.3302686  42.94330703  334.2986607  541.8342516  249.5741977  
241.7401524  176.3528636  -32.58016647  299.2874933  299.6231631  752.6519985  367.1108411  493.8247352  470.2471083  168.353243  797.0139816  27.52814199  444.6325012  398.8289203  -98.56215698  220.6472509  195.8774448  149.8852922  148.1330399  49.55559737  816.4794606  28.53299206  17.26289542  46.27472982  217.1777359  -245.2538106  51.74292567  335.0574462  530.0460952  251.2706169  
241.1721165  186.446594  -32.43836941  298.9814598  296.1713845  766.5359698  371.3255233  491.0192272  454.1757961  174.0411879  792.706592  21.45954638  448.086242  417.857013  -87.90979437  241.3632952  180.4842893  144.070469  143.4213194  50.74533836  825.7093596  32.16294656  3.054871656  39.01589236  232.5094931  -251.8554411  48.0813423  344.3592909  527.1109178  256.4314187  
238.5035038  178.654848  -38.05617451  302.852881  300.255542  754.1480498  368.6808765  492.8938205  473.8142283  174.4728756  802.1808729  21.65572304  448.1632995  410.3271535  -100.3181806  215.1319552  185.3892752  152.7205747  154.1678051  54.97636609  827.9424214  34.91178806  13.79047688  51.9238132  210.5498371  -240.2146522  42.37689264  334.0829879  535.173115  255.97147  
237.3892719  180.0648991  -38.06890058  301.2049866  307.5521237  768.8574736  370.1329519  491.4263491  487.4721666  186.2523322  793.7083394  26.8763875  441.9557429  416.0111739  -93.3308663  228.3994671  197.4414314  151.6962825  151.7007667  65.36817477  836.3711895  32.43308413  8.302533965  40.32603755  208.8495791  -230.686185  33.00315769  342.2445306  535.4050116  247.5037028  
243.0136004  180.2315701  -35.03518283  304.5210393  297.2026541  754.5195055  371.3204847  495.0358252  475.7412562  168.1598117  795.8448892  16.84355045  434.888866  410.3435599  -98.68162404  220.8333012  201.8598462  142.8494063  139.6825621  53.42583219  829.550365  25.77544636  -4.286667925  48.34137608  201.7272692  -265.5318272  26.1830563  333.3618695  521.1284118  245.2169603  
240.1307962  175.2311131  -40.93438372  299.2647548  299.1108267  757.5387807  372.9830266  491.1381105  476.2294803  179.102187  794.4802382  26.34795559  432.4969954  411.9266144  -89.34111581  228.3533053  182.1085206  152.6740808  154.3670839  58.47421527  833.656553  31.84892367  14.24137859  47.34113298  201.3026301  -233.7216241  29.63378132  340.8092614  530.7410251  251.0844131  
243.8265874  178.393522  -28.45103003  301.4718159  305.8228713  760.1705193  369.5901108  495.122549  461.1929678  172.673093  794.7791722  20.74830359  444.6035432  405.2957358  -101.2205479  235.8453093  187.8424979  147.8981853  143.3859015  44.70100563  827.1949928  32.65636385  2.837490118  43.20067607  218.1440046  -250.1209397  29.58528815  337.8016196  527.8415152  252.9135131  
249.8890906  175.6973326  -38.04947613  299.8816449  302.2121898  743.548159  375.2307435  497.681511  471.7933662  175.8829373  797.5970749  32.07982122  432.2382778  403.2562271  -98.06561455  213.4030511  199.3382028  149.4100203  160.4125933  49.43348023  820.3280054  35.28502743  7.528482275  50.46822147  192.1687627  -239.1925805  33.85141735  329.9104603  533.7682459  251.6293942  
247.4326687  179.7727142  -30.37013926  296.9328281  304.794452  752.0029065  380.1043313  495.5811392  463.3622981  175.7834  797.8036329  25.84785497  435.9422591  407.2290819  -101.3036265  232.3024842  188.8181407  148.9327237  156.3841782  47.89037991  824.8474945  42.28374927  6.951633918  35.95169653  210.689864  -242.9946174  35.72087759  338.5294985  534.8812519  253.1713382  
239.8812708  180.6477037  -37.85129471  297.0969577  292.7548606  753.6774828  371.7678082  489.0316988  455.3834344  174.7609624  799.3385739  25.36555037  440.6386402  407.4022656  -99.86198887  227.4042182  175.6621055  147.3367693  154.660811  46.27709691  824.6315296  37.25359279  12.28945173  34.05692677  215.543537  -247.9570551  48.10043877  331.3971214  534.9692978  252.5215432  
239.4893538  175.7574258  -36.30015257  299.2767798  301.2787172  752.8556258  369.5103795  491.1089814  463.8629974  174.662375  794.7523087  27.8513933  431.77471  398.364651  -93.27759304  226.3899172  200.9269601  142.8623179  149.9389496  48.81201792  832.2681779  34.22216892  -4.549806711  42.06840034  210.4279533  -253.3278866  28.71178957  339.0069962  523.6653965  244.630293  
241.3961838  179.6462485  -33.29531773  303.9047365  299.6609071  750.3143193  368.5786485  488.550873  464.4528314  166.9936829  800.9418746  22.03159177  435.9328157  397.333505  -107.4138825  226.4344924  206.1801049  141.8454937  140.2266985  40.7985389  818.2060975  29.48302146  -0.02057433642  44.2798592  212.9087216  -263.5799343  29.96263454  340.9557337  520.7719979  247.7291989  
238.2817397  183.2654162  -38.86339104  304.3856687  300.9432601  754.8908883  366.4622245  486.9388036  476.3024029  182.5778693  802.2014666  21.53553486  442.2724174  403.9471487  -104.7593012  221.995032  198.4854649  146.6196605  152.0788373  48.52530227  828.203969  28.89569157  5.550082544  41.06597435  215.6297199  -250.0900262  37.52236859  334.7938072  532.1978056  247.6306015  
236.0311965  177.4228037  -30.16480263  308.7477139  318.1953598  774.8756627  372.1120151  494.4561731  486.7308996  184.4699233  801.457378  20.06263191  447.1876128  417.2308912  -107.2597289  225.610912  193.6524474  155.8586123  146.0253376  64.54477313  843.9605483  28.04507771  -2.262737206  36.90515822  201.7102425  -242.4311899  19.06877616  335.9354772  541.2629437  246.5934222  
238.5705101  176.6759524  -35.10599032  304.6404334  318.3144328  768.6681703  370.0909984  496.7567445  502.2570498  185.5647916  803.627224  13.47181783  437.7296482  409.8686993  -105.7110781  219.86361  212.1626856  158.7487349  151.8981361  76.73099753  846.3814071  17.48788577  -0.6587215169  47.16983445  200.9838302  -242.9986345  27.90171164  334.0444699  538.4576284  243.7740616  
237.5872397  178.5837502  -41.07248826  304.1768638  318.1544987  772.6297826  359.2161701  490.9889443  518.3291695  183.4486881  799.4144593  16.7803615  434.9419937  412.8456245  -100.3346848  218.1910326  225.5643742  164.5049195  158.0582768  82.65626514  829.4524888  20.42520988  13.36075581  52.73273739  198.1984693  -229.4755549  25.12705435  340.3198526  539.0691002  245.7993016  
241.5481098  180.034441  -30.86244748  307.336342  328.8878377  770.1210059  370.4581785  491.048475  501.6675275  178.174306  801.0085737  9.67399859  437.4260259  411.6800962  -111.5901074  220.2267361  235.9179582  157.8770486  149.8786688  77.34593546  823.3782083  23.44967885  4.186421891  53.9490706  206.9587045  -238.4266351  18.63836127  348.2285977  531.4387327  253.4765013  
239.4387357  184.4325377  -42.29807846  310.7908695  327.5907992  770.9893241  367.4481475  488.5039076  504.9726103  176.0268805  793.4006781  8.02371187  438.5572202  411.4172728  -106.2961188  228.1497241  223.252305  158.1068574  155.2410738  73.26120043  819.89996  25.71789787  13.90015939  52.07759878  212.7815788  -234.5933365  27.11158589  353.8287531  534.1293406  250.832207  
243.5725597  187.481511  -36.06687932  306.6497221  325.1328114  772.1953928  362.2345969  487.231979  484.5673731  159.2000304  791.1303799  6.107528481  437.5119321  403.6963327  -113.3884187  232.2611354  224.8751796  152.4007585  142.7360333  67.12589485  824.0660227  19.28364161  0.6010400153  46.40901209  225.0550612  -258.5452523  24.50799092  354.0045709  522.1687945  244.0672051  
239.2546583  183.1322188  -38.82477616  306.8182981  310.2564917  766.6924613  366.8111114  490.421689  491.3531097  175.7155048  798.0230508  15.21529304  448.4566681  408.692051  -104.9242673  222.3563844  201.4130035  158.8534458  150.2388057  62.31431967  828.562932  28.52574784  14.28532599  51.06191821  221.2205173  -248.040023  32.34078983  338.5861827  538.5241498  253.0513004  
239.6557058  187.9732145  -32.92982062  306.7731578  329.1658406  770.4918982  371.7826364  492.4272002  476.5302821  173.6810396  799.5571274  10.35389107  444.3204141  421.4352866  -105.17398  238.9333926  202.3249662  149.1806244  148.8037602  69.4934083  840.8059509  25.29995714  -1.766262742  35.18871209  224.1577798  -242.1230757  23.24710251  355.2178007  539.3720391  251.2159726  
241.0826108  185.2281269  -33.21258308  302.7849359  310.5611466  765.9289373  371.8650263  493.0172508  485.5838088  179.2309871  802.7021905  12.77957442  445.662974  418.7787372  -104.4263765  224.8538837  202.7861426  147.4505461  146.6971382  63.32710977  838.2559709  26.34428521  -1.21361407  33.69124843  221.4370709  -248.1494497  30.0138875  335.2687663  540.9115024  244.7550158  
243.4761049  180.3224463  -34.03929066  299.503762  316.848686  769.72462  369.6128883  494.4882388  494.783811  181.7870273  797.9557827  19.83646753  442.9693993  411.0330487  -104.7492412  225.2991709  214.2791121  153.2109479  150.5772229  69.47830371  830.8739909  29.71682287  -6.348038165  44.67300324  216.3465514  -243.0587651  24.54705563  340.6440873  536.4476193  243.9887104  
241.9027915  179.6123241  -36.64433759  297.933482  303.8249348  762.9242087  373.0415793  491.063072  486.2542664  177.7627274  802.5055886  19.96793549  440.9653068  409.909751  -109.5250759  220.3116493  213.5602924  146.4538785  145.6800443  57.99564168  833.1276616  29.08832815  0.002095904449  44.88882314  219.8497073  -248.4396536  34.04396114  328.9608593  534.7404358  243.369156  
241.1406566  177.481517  -38.27451667  302.1287324  301.4416778  756.5143435  370.3125952  489.4695449  487.21827  169.5651277  802.8463329  23.81300291  437.3716799  403.4804492  -104.2253915  224.5793097  207.422079  154.1268615  151.3902169  62.04385116  824.2090538  33.9979679  12.23145741  46.46103011  211.5508754  -244.4054032  33.97515019  335.2069961  534.3633092  250.761937  
240.6581027  184.6460947  -33.51527951  302.8922993  300.0901905  766.087897  373.3832079  490.9625791  476.7655938  181.3909372  802.0874698  24.73402907  461.8586795  417.9414962  -90.11099168  232.8819496  193.8541015  147.9847887  137.7046209  55.8878041  841.2903739  39.05679007  4.835093439  33.73835109  232.409911  -248.478504  40.01259514  333.4314268  543.9387239  255.8209569  
242.1456293  178.9823714  -38.87093305  304.1973642  315.3274278  758.7109107  369.3371735  491.900697  494.3957903  174.7969774  796.0081761  19.58703511  444.5798668  406.4016573  -104.7978527  215.8372519  232.5469973  149.4939454  151.9046242  62.97250124  826.1807133  26.18494852  5.428764294  51.0174168  213.2013944  -247.2511889  39.52938047  336.0788918  535.1003942  245.7406226  
244.0798194  182.5181748  -37.6824138  304.0876066  312.0574535  759.4679485  369.6781714  491.1930113  487.8792531  168.9316176  798.8385394  20.48268457  437.6732587  401.3712257  -98.36815003  223.0116856  221.0894017  149.0137311  154.3511989  71.85821518  815.0055436  31.56514317  0.4462266562  54.22763153  205.5004167  -249.7513357  33.4991416  346.5800578  527.3734713  243.8460474  
244.7368841  191.1554914  -29.05271544  300.0109632  313.1368789  766.1449416  369.0794331  489.4603429  469.7082215  177.0777552  802.1594114  17.32889621  451.1603892  411.5806096  -101.7835149  232.7981088  195.2810861  146.3383375  143.3656179  58.27726811  823.3753179  32.73602191  -2.651082761  40.21737049  229.8179237  -251.5240966  41.89792906  343.1930665  531.8383202  248.8108237  
239.9407191  186.7542556  -31.2590942  302.1518626  305.8918397  759.9558836  365.6323613  487.6562618  482.6978084  189.6648006  809.3472914  21.52172093  438.7203373  411.5939631  -92.11336468  223.4971008  190.4058148  149.8724007  153.9774581  62.10363509  829.4512567  31.2649891  16.55535878  39.93668012  229.0539365  -241.0147349  37.20291232  333.1345475  541.6760652  254.5282422  
239.9656814  184.7598042  -31.64726885  297.656392  317.8699929  762.3031729  374.8554673  489.39728  471.9185592  179.0503527  798.9233247  16.27982494  439.1475491  418.0773063  -95.75371008  233.8714808  203.9535179  149.3433148  154.6643224  64.66947545  831.1927081  24.89596155  5.897595769  39.43422196  223.2475912  -232.3668924  35.5399837  347.0251924  538.4401051  254.7972594  
240.5534277  187.5416295  -34.10372669  299.621316  296.1655644  762.8898626  368.3876844  484.3655368  457.0733133  169.049119  795.4217849  18.12585782  446.4901098  411.7466691  -94.72257867  235.9407108  188.049485  146.5161492  139.325937  46.49514539  813.0408716  30.5827797  4.679244018  44.27533753  239.7895265  -261.4650943  40.38807592  344.6421382  522.47256  258.1183332  
238.3686206  177.1348411  -31.51622921  296.4809155  293.6746887  764.3873444  378.6518354  490.1308386  469.5055179  179.1313274  804.1883407  33.5515228  452.6382339  414.0243396  -96.22777642  224.6550186  177.183552  154.6249697  144.5202387  44.54032199  833.4441856  44.2576752  25.67136843  32.96660126  228.8448493  -236.0748751  38.25805422  327.8100159  541.5887648  262.3639895  
244.2346099  175.029217  -29.76812111  299.9397286  303.5655947  771.5427631  383.1665869  501.691223  485.8824635  193.3323303  804.4328123  28.72522786  436.9630725  413.3438982  -97.29675973  222.9307284  183.6234136  142.44874  146.1179778  55.06533132  860.2895784  31.2302722  2.527940308  24.18963242  212.748736  -240.6918895  24.32262579  324.8026742  537.9965404  248.5919253  
240.9432278  175.5242332  -29.86165436  304.2150241  303.0039102  765.8034827  377.5274736  502.0862768  489.3951918  188.2444759  804.7098642  26.33853933  434.7723067  413.437304  -103.4023677  220.7768529  186.6500324  145.7980968  148.2816486  56.28699127  858.2780962  33.61402306  10.05882389  26.02193649  192.328775  -247.4199133  16.09570723  331.9386178  533.7109745  249.8563182  
237.8296585  175.7765942  -38.65459245  299.4229972  306.7693067  766.1897693  381.0970367  499.888119  497.0470106  201.5961944  805.8103069  25.3889451  437.1433398  412.6477734  -91.38407439  214.3596968  185.7057634  150.443506  161.2555424  63.55637218  852.6081746  28.66458583  15.48908169  29.61365744  191.9872241  -225.4395595  27.6252063  321.1567887  541.4069099  250.6689571  
240.5056897  172.9178091  -33.41157607  300.3785482  323.8384603  773.6992159  373.7853238  496.7567572  484.6661375  196.4406121  798.781368  30.87092109  435.2632135  397.8958102  -97.03210546  218.7025659  202.3472326  151.841278  154.8993564  59.54365037  842.1792643  20.33424769  11.46765554  39.21785693  205.980896  -233.1991505  15.50838302  332.1184176  533.8153236  248.3557936  
243.5943223  173.0422033  -38.86136515  301.271999  295.388697  764.2393727  370.1302844  496.8444414  477.781402  188.6003038  800.1796927  33.02664178  435.3827669  400.5553634  -91.66495089  215.0930991  193.2356873  149.0198763  154.2885567  52.4764524  836.4809228  22.96765671  13.78618646  45.42315051  211.5313916  -244.9884966  29.07255437  328.5376869  526.1589896  251.5337737  
240.2027858  176.5175979  -41.83094326  301.3814485  298.8782808  766.0411681  370.5651513  491.800729  478.9398516  186.2675167  794.349399  35.99760099  441.0867349  404.8731847  -81.36408844  223.6828232  185.0764723  152.7349844  150.4700591  54.51918371  830.4889204  28.44912424  14.7046139  44.99857977  214.0659221  -242.5488198  32.11683026  333.4417791  533.2013291  251.2496378  
243.5816165  178.639189  -39.23909302  296.5618314  289.0670137  765.2172964  373.6580585  494.2813202  471.7509252  190.2345307  798.084003  28.89761241  448.9399855  409.0805202  -86.3380234  226.554376  167.9312478  155.7979365  148.4179163  42.76792735  827.8358687  36.31475211  20.21333373  41.72198146  228.2062153  -250.1124181  43.57915606  332.2385002  531.9791893  258.2939485  
243.5291221  176.3259747  -33.82300307  296.5313191  298.02767  762.0506607  377.0736616  496.4188816  471.3141431  186.7893283  795.6493915  28.15809598  438.8184457  406.1707258  -94.58505201  236.0690663  184.3321188  151.2662508  147.9130742  45.8210003  843.1921273  28.15324243  1.969373264  35.50237544  223.9165145  -256.2006391  27.5501136  335.1374893  523.7436106  253.4894763  
240.8974652  180.8330213  -38.09711635  296.0663347  289.8032528  758.353476  378.3747913  497.2997443  469.7580691  180.3224027  801.679724  27.73835163  445.6316759  410.7893286  -97.21695208  225.8833473  178.0135287  150.6991938  153.267263  49.22846625  839.5499163  31.26642326  8.047892669  40.08805637  213.7363246  -255.4994728  40.45843302  328.7338799  529.7967512  255.5305047  
240.7366644  175.1009077  -34.28113201  296.931438  296.258943  768.3991668  377.7866301  497.9790725  481.2008301  194.5259219  800.7732324  26.11444351  444.4208452  416.4210935  -100.6417693  230.3945368  185.3452967  147.316225  154.1872556  62.80293833  857.566814  30.76746405  6.20998577  31.52942615  221.9989477  -239.6909599  43.84866749  329.899075  535.7750115  253.5654589  
237.8536722  172.3483652  -34.49776585  302.9592307  301.8015509  775.7988608  375.6701125  499.3066922  501.8435774  195.7167556  801.5283728  19.14923169  450.787088  420.9876253  -103.2092985  227.3763991  193.0725234  154.1829044  150.3684755  60.89578691  862.1586482  31.008175  17.33647885  33.7354468  215.9789939  -233.8688996  44.7799005  326.2418748  546.483613  254.5047946  
243.0509155  170.7617586  -37.07950018  304.6352571  292.8551149  771.7836623  369.3601635  499.4588443  502.2065949  181.1413493  796.2371744  17.22012901  441.1230973  419.1379299  -101.043074  223.4957339  207.7738929  149.8188962  146.7489759  67.6032847  853.3755352  29.63967466  8.71969769  36.54128777  212.6296473  -242.9398287  28.41210134  335.9720245  529.4265327  250.8562863  
238.8018523  174.8195195  -41.3656344  309.0704608  300.2384457  765.4422973  361.3653663  497.8446119  493.6037212  167.9529071  789.5725342  13.69829324  449.6418991  409.6125755  -100.5251559  222.8515644  201.1577734  157.8385894  145.4696184  62.39527274  824.2454266  29.0910692  7.511075383  58.66722518  213.3372597  -255.4865105  42.60376822  336.7457557  526.3141227  247.7958419  
241.6895583  185.6218509  -44.04963827  307.4341224  300.8890432  762.4132593  365.9452469  493.6474505  478.2685377  156.1996276  789.5341498  15.95281893  436.5181224  407.5491679  -105.2830392  226.786963  210.3939987  151.2696995  148.4249025  66.62821115  816.3963216  29.16516273  -9.253331871  59.40217115  200.9442719  -263.6803401  32.92928608  351.1259418  514.8995769  240.7281838  
236.4131202  186.6939702  -31.82281944  301.7242446  313.9995122  764.1345692  357.3430544  486.3973982  480.6875533  169.6920856  802.411803  20.47326342  449.2207654  403.6173323  -105.6279613  223.7413912  201.8203565  146.3731796  139.4371499  54.31740785  824.7419497  38.33187883  10.04609781  44.0034921  225.3024377  -253.0509165  40.5515494  343.9868066  535.6936965  248.3004002  
236.3561525  190.2231089  -37.27362227  304.4860861  295.5144385  766.2886196  367.4851051  485.359388  464.4181219  170.7816736  798.6961751  17.7903837  449.3020587  418.6858417  -100.5798468  235.6902983  175.2549269  148.0328986  140.6055666  43.49806315  834.3424302  35.87523974  12.37908498  31.46771923  226.1081207  -256.0688201  30.51349056  338.1732055  531.895798  254.0933827  
236.1121283  185.8732381  -32.54350599  297.8832771  296.7488309  754.6665129  372.9534982  483.89714  466.4116688  179.7508797  807.5031162  20.47513182  445.2551468  409.9359508  -105.6551445  226.952526  177.4480529  146.7861363  148.2104185  50.53750805  842.2629625  35.14194648  9.068197656  36.44388365  237.2286064  -242.3964925  44.65769346  332.625309  541.3886673  252.3600404  
235.2596175  184.3803218  -32.65045111  299.9193822  297.0636304  764.6992271  367.6772341  486.9477141  481.3968053  184.1986985  810.5559201  23.98838404  447.3047138  420.3359942  -102.4139861  230.9400491  160.3088856  152.5319335  151.2965208  50.59785814  853.7800865  35.65219734  21.02267481  22.64391941  224.1338955  -228.6795605  27.14682663  333.2349872  548.6073357  253.6091644  
244.1274601  181.1679769  -37.65978851  303.3148457  283.2288603  759.8170367  367.5408234  497.1110158  471.6607846  176.6633641  802.1863508  22.87834458  440.3541659  414.8748925  -107.9160036  221.3183889  175.3532411  147.9818732  147.563811  47.30101122  847.3661629  26.81207681  -0.01926082803  37.17821286  218.3943489  -258.6225827  28.06507251  328.5167641  530.0746395  242.395193  
240.4668413  179.8560897  -36.30179945  303.1838652  301.4751558  757.9474288  362.5837321  494.228495  489.8179077  177.7567846  794.5470523  24.13245658  446.0972656  409.899771  -99.66168865  219.1431649  205.5817725  151.906398  148.0765882  63.14735962  827.3367544  28.90837702  0.8404095649  51.9474014  206.4185429  -249.6940687  34.43567519  333.8617853  529.2961279  242.4286576  
240.3225815  174.5564868  -33.92848062  302.8024338  319.3978327  765.8015639  375.6769736  494.8168102  485.0050285  168.6474276  796.4312889  17.65927489  445.2277715  409.7195536  -114.9799641  222.0363196  225.0515122  158.8386107  142.4029717  64.23920229  823.8163839  24.27766221  -8.507888928  58.72012289  206.3519837  -241.0489612  27.23926263  339.2056944  532.9064093  244.9047528  
237.0373378  170.5659248  -30.67327682  299.2751369  306.4630413  773.9549811  374.5830273  492.6775853  497.0750484  167.4067942  794.7582741  13.9596785  438.2123881  410.5324794  -110.5962123  230.0219189  227.7613288  159.4275373  135.4190341  72.55424726  826.5017187  32.69940004  5.412262473  57.39257278  200.2652933  -249.1012143  29.78562715  347.6302389  528.840949  248.0162466  
239.4623629  178.7310919  -30.34291177  301.5370814  302.6205326  763.6639115  376.3422382  492.8527289  486.0763345  168.3836728  798.0205467  16.91162626  451.9272236  418.5297099  -107.064341  232.3985441  210.5350635  153.3964034  137.9095955  60.0670793  836.2077964  35.80408994  -4.851071641  44.43066473  216.3330701  -252.320739  38.5738499  335.3785721  539.4725257  249.7027535  
238.4777752  178.8555051  -39.05728834  301.1397848  308.259327  765.4916644  372.82125  493.7820973  492.3032467  186.7235715  797.8040684  20.2418235  436.8547517  412.0108828  -91.8377135  224.6150439  203.9944735  153.2900753  152.2983864  74.773224  844.8032058  24.54110371  -0.1815937372  44.72834146  210.940793  -235.727649  36.48469039  333.5879837  539.4074721  244.6147236  
240.5782208  186.9780847  -37.72183479  299.3813989  321.7469713  768.8016188  364.4294488  489.6666891  484.6293123  185.0673217  800.9612192  12.98510246  440.5962961  409.6907558  -94.63404817  231.7627728  198.4962552  159.9827962  151.6350313  69.68805965  828.0758455  24.63293566  3.672110454  46.60656842  219.4796213  -235.7361967  34.87178309  346.5204037  536.7385655  248.4822702  
240.8305996  184.0403982  -38.80254999  296.1290912  293.8970663  758.6679809  374.1699367  491.8325288  485.0242389  175.6130572  806.7111499  13.09200049  442.5076173  413.1082669  -103.4434706  224.2465386  187.9087437  158.0548411  149.9913441  62.0247297  832.8497819  34.08699965  10.25303514  45.12244506  218.0177148  -237.1230528  36.32811652  337.0281858  536.7764509  250.9281288  
243.6477463  176.6681462  -26.58111249  303.6293549  305.4283472  767.5154854  382.0931363  495.7369593  493.5750927  182.0135649  810.0260702  25.70553434  433.2447506  414.987749  -111.1342819  225.6551585  196.3659305  146.222823  147.1169095  60.86414751  850.2660629  35.98602496  3.174874526  24.99644772  204.1222868  -228.6718223  16.34127455  332.9343074  547.6657905  243.8663148  
241.2632094  181.0038043  -24.47161117  299.8599279  300.4019795  760.3715301  381.3046625  498.0308269  484.3222876  194.0457838  813.8929619  20.50089841  433.5161482  412.173624  -101.0738552  225.8091976  188.6821866  141.5640327  148.0037645  66.91144854  850.3200939  22.81175784  -12.20389813  30.8624896  218.6249793  -237.1087986  34.06286382  323.0495991  534.1970645  242.1281921  
243.5138748  178.2629646  -37.30582471  300.6941982  301.228526  754.7248301  372.2479959  497.4425555  496.2882483  199.4255597  807.3596075  28.35950534  431.9388651  406.4921496  -89.61487421  215.7599769  193.2515257  151.9484487  159.7251862  71.90380344  843.6161574  27.71869977  -0.4089974067  42.81417484  199.6418958  -234.9200216  28.03195813  328.502757  534.6357651  245.0807415  
241.1968303  179.6213807  -31.25000465  302.1169307  313.2349946  759.4982721  372.4575936  490.6450233  485.6368114  184.0176753  804.3723871  24.24961954  433.8778158  403.4707862  -96.80007551  232.3393505  203.722176  152.6238779  153.0556481  64.17580311  836.6690378  35.05537142  6.965561161  42.27625601  207.7430321  -235.3803034  24.38893769  346.6131403  532.3948544  248.7073315  
242.1541519  182.6761836  -40.13543892  297.9895888  283.4625479  755.8836302  376.6353493  488.5177672  484.5781449  187.2469692  809.4519614  31.63789555  445.6291031  414.2255273  -88.58413327  220.4752974  188.0793488  147.2348913  148.5056267  54.81609689  840.4756324  41.50774282  10.5791258  33.93660339  224.2144365  -238.6559422  41.37515027  326.3016936  540.3713929  254.6001885  
236.5418086  178.7029157  -41.69512154  303.784137  310.7622528  763.3684488  375.9993708  484.8556775  494.2497507  191.8739664  807.086661  28.96655866  435.1763801  409.7564035  -94.13113249  226.5039604  194.4417992  155.9359589  158.4081239  59.36381873  842.760236  33.20987958  17.90634803  33.27870115  219.3631179  -221.9647148  26.36087737  336.3012658  544.8264733  256.0426651  
243.9460308  188.0890794  -38.06051871  300.7148727  292.8699249  759.2861762  368.0374047  491.3449696  474.9162214  184.5647419  807.8791125  25.94232598  444.2622313  413.8931565  -95.17590869  226.4746006  183.1337689  146.0591266  149.8608426  51.26264003  837.3921233  26.53221452  2.276077216  28.64508007  237.6503101  -250.1580401  39.40638076  327.3664875  535.322481  251.6374566  
242.4778329  181.8704414  -43.87485732  301.8477486  293.9677785  751.8658502  362.5116649  489.5355154  482.2443939  180.1656602  803.8864574  32.71092711  443.7743058  403.5166646  -94.05093107  217.3452918  193.1925341  149.7990471  156.1707805  58.2975889  821.4974629  30.74448068  11.54806843  44.86200447  227.2101805  -245.043823  46.77852757  330.5201021  534.5708755  248.3210697  
240.7280015  184.5288095  -28.96137165  305.5622915  307.3634624  762.4438013  374.3489307  491.3827175  472.2030709  179.3439  809.2432541  29.56565638  446.8129923  412.0166278  -106.0851978  232.6232447  191.7084327  150.2354897  149.7764463  57.23914011  820.2021378  34.61911738  0.2441295254  37.0598274  217.9826966  -235.5719298  32.31611708  338.7078904  534.3059214  249.0357753  
241.7769714  181.1264043  -31.91251186  299.6044388  299.8571765  764.235955  371.5457778  490.9282623  476.8814986  189.0214523  805.0809306  31.09958358  445.7850733  408.5978086  -94.70716326  226.7883336  196.3465127  149.7300803  148.3337029  64.05566441  827.2102362  36.23718333  -0.711854183  50.56031816  227.0168126  -242.7107721  46.98984275  334.1351853  530.384374  248.971513  
238.8816605  175.3561711  -35.59424238  302.3805731  298.7940938  774.593277  374.7530333  494.4522826  491.301226  185.8613623  795.3076775  29.15453557  441.5897488  416.7090414  -98.47781221  227.8559892  201.9121256  149.972666  146.3156902  65.67209126  846.6129834  28.73875104  -2.349679636  43.57360639  217.331335  -240.4212084  43.8962919  330.4423856  536.4548796  246.703679  
236.9516508  182.1085915  -38.11470152  303.8072379  291.4929649  773.2975601  369.5804537  489.9820117  468.2646803  177.2336882  796.904033  21.43181875  449.514776  415.1999562  -102.0072532  232.86486  193.6725234  147.6394611  138.3676282  55.82649362  842.2461795  23.34135618  3.628944439  36.14693104  232.3271369  -256.2426982  42.72627112  327.602682  526.6876015  252.6368546  
237.7291841  188.3706814  -44.86042973  300.2794261  292.268655  771.2843034  365.3914361  486.4118398  473.7732646  177.2291564  796.2130409  18.41721173  451.0986418  417.1069719  -94.95542267  226.2115071  192.3292984  150.0963479  147.2674272  63.01915873  831.5205736  29.00051778  9.542757839  46.66177178  226.2032346  -252.0035703  49.20095635  333.8120617  528.6137442  253.9964976  
237.7211149  181.3123685  -39.44241487  302.4532047  322.3631993  776.0348916  365.6175013  488.2606483  489.4013757  175.8311746  797.946988  18.44180343  442.480523  413.1912774  -104.7456132  228.1515532  209.1423456  157.5974152  152.6099645  68.2878105  832.3884051  28.90572881  18.77880752  44.8569725  206.3536628  -235.5317995  27.60551343  344.5970367  535.8726487  250.8039249  
241.8963363  183.2319857  -37.02227862  301.7497903  314.8670224  770.7288976  366.7933479  493.1345389  484.2607027  171.777465  794.8788791  15.49080074  449.1244623  410.6274818  -103.2654707  226.5554022  212.4468348  152.7594413  146.3459457  58.62244985  830.4040996  23.94829884  12.01254394  43.47199551  210.8791395  -249.928669  31.16299758  340.5861901  531.860708  248.7141267  
239.6458556  184.0572686  -36.60908168  302.7516834  315.700507  759.1938904  372.2420718  491.0818551  478.2305675  176.2294834  798.0385303  16.61841767  442.9705253  408.2547998  -100.6208943  227.3256189  212.9709045  147.827683  149.2605332  65.18864369  833.286819  23.3249101  -5.982668053  45.19825277  216.0238554  -250.7413402  34.39407383  336.6410153  531.2274804  244.8265398  
239.2956096  184.7291401  -34.48999025  304.9893514  316.1904665  763.1584543  367.8380411  488.3190135  482.0090756  177.7786108  799.4352845  20.51744305  452.1126963  412.8551706  -98.65106305  229.9164597  203.7370836  150.2221113  148.6563307  57.47204077  818.2990008  37.70604671  12.54291847  40.94683642  215.3841119  -242.1646665  33.06782741  340.7033477  539.7468145  253.6598351  
243.4581971  176.3304048  -31.39392946  305.3984445  312.3818431  761.8568372  368.8984431  493.496013  480.7481167  169.5948976  795.596749  22.2611803  445.0332206  401.7151776  -101.0641662  219.2425533  214.5339209  148.6897366  144.7316144  61.76765329  826.9825093  26.50201348  5.047619885  50.07272966  206.9945543  -253.6640142  32.28671652  334.8837786  532.4590943  247.6065645  
239.3670096  173.1649276  -30.62547894  308.8761168  321.0086789  768.0457737  378.6578808  496.8516305  491.8689475  173.4721371  797.1099764  24.6281559  446.6428919  407.1519051  -108.7902244  226.1459135  212.0253578  154.9096471  154.4538688  70.2737683  830.5630429  32.62882694  11.17825612  49.67211024  198.8259353  -242.2249536  25.88067436  336.3508791  538.5314444  248.6935678  
247.3026032  178.9500265  -26.76569294  305.6206582  312.4113152  765.7324297  376.3190852  499.9534157  486.4005268  175.297258  800.0625005  19.10974042  444.6422618  410.1065541  -102.0967041  225.9372456  212.0336411  144.7394328  145.145654  68.60083572  829.8796505  36.02356398  -5.123650209  47.21363648  208.2170411  -249.2859369  29.80010298  341.4465361  530.9311964  247.4407515  
249.7986688  169.6424776  -29.74071669  306.7906766  313.9177477  765.5155182  376.5837521  503.5588066  500.184516  177.4957315  793.8582044  18.8291967  447.169215  408.9555619  -103.2229811  217.3322967  214.5251238  157.3501173  149.1887076  64.8509596  821.8904775  39.04279073  10.68972333  54.42480294  199.5087783  -245.8662344  25.39916594  333.0148219  535.9177759  253.2079999  
250.6927146  175.8901987  -35.16772628  297.7907151  307.1354408  765.8598472  381.4446576  500.8254477  491.0300692  173.9326401  793.454744  11.34394137  435.4973672  413.0734679  -108.1916228  220.3949528  216.8046535  151.9112449  149.5319444  73.0760457  830.3908765  28.77061849  -4.941922746  47.37640744  212.4599839  -242.9128303  35.91853345  335.9784745  533.8126358  243.1320953  
239.6407969  178.0632943  -33.61602503  300.8596646  334.2628174  766.7202566  368.0601422  494.8828076  492.9617096  182.9785635  797.3479941  18.07421064  438.6859288  405.9846778  -104.5785404  223.5570765  207.721046  153.5611423  158.5571553  63.16584785  834.6970477  23.46133924  10.3767226  41.21719549  214.8033591  -228.3505959  22.28546775  339.9811529  545.4439332  247.3185052  
243.508669  179.9709587  -38.37580598  303.6273932  295.0054668  759.6145536  371.8044647  499.2251561  470.3873583  175.1423216  792.6897083  15.41950249  441.2220352  411.5380487  -96.60707091  224.2850176  187.4815331  141.2994707  145.999557  42.59519183  838.3651997  22.30031881  9.438024038  31.08093996  226.0087375  -258.9095797  36.49227109  329.7827846  531.7736046  250.1012031  
237.878628  180.7303633  -40.30960758  298.8393439  289.8433964  761.9535528  362.4705388  491.1592518  471.7003115  182.8573254  794.8762749  19.8562271  454.6986606  415.0400879  -94.29399146  232.8155395  177.7162536  146.7708503  150.1093684  54.64117616  836.5631546  30.04098186  10.04462426  38.12215739  240.0771563  -252.1276544  52.7414137  336.5226888  530.3764431  253.7688839  
238.4492474  176.088515  -31.17222724  311.5039402  303.1740653  766.2524305  373.5364366  494.4896672  484.8789457  175.4943828  800.627492  24.92692346  439.8370211  408.67868  -105.28421  229.4004786  194.8224858  148.5281402  143.4465267  47.2966566  830.6278487  29.35618988  0.6390396409  39.21202595  202.9266329  -247.7670534  20.9816948  334.2976302  537.0893034  242.4336702  
239.4859286  173.5347078  -38.96244904  305.5489128  304.8050228  764.683864  376.3406545  492.8887765  499.0208719  183.7361625  800.2396409  31.54432998  433.2248443  406.4574693  -100.8310498  219.4766907  213.413519  157.5596962  155.8826126  65.6942908  826.0401306  30.40647218  17.00170904  47.88816987  204.2305976  -232.2726966  30.65158229  333.7867703  540.556854  248.3075649  
238.03683  174.7981932  -44.77209222  304.19483  328.472047  771.4227627  374.5485041  497.2167735  506.0635758  182.6961047  793.8445932  20.75250801  438.6941865  410.8312156  -104.6973703  214.7355541  219.1467614  159.8994269  154.7560178  67.71109099  829.8436493  27.46728087  14.32161063  49.09662073  199.0916971  -227.1904488  17.51394511  342.2862874  535.8135368  248.4738057  
236.4475608  187.2402129  -40.99127488  300.3619608  312.5437256  766.03796  371.5620405  487.6458256  492.2944229  184.6230569  805.4210389  14.55446616  441.5591226  418.0384784  -102.8303114  218.8420291  199.4065326  151.5988129  152.4589399  58.59905242  837.6184963  28.87463143  15.92747473  31.96382115  222.0228732  -228.3050531  30.83820113  332.3489781  542.4396664  249.5022307  
239.3444109  187.3877741  -42.51869114  305.2345231  330.2935565  771.746155  371.5849383  492.949839  501.8628432  193.7710837  799.2193146  14.51798328  432.8698519  413.8154218  -101.131649  220.809872  202.0157602  148.2768549  162.3889059  64.39001014  844.6082084  28.60526351  18.10724291  30.04436515  203.5348582  -226.4062036  18.93053788  342.4546792  542.9345003  247.4917689  
238.6253198  183.3471553  -32.95015188  304.2785508  314.3185961  759.7924737  373.0096964  491.6222514  485.8922828  182.536935  802.5789647  18.45750153  437.3059583  407.6323631  -103.7974189  221.4995533  200.1793185  145.305494  150.0600909  51.9901477  833.968945  27.49252353  12.70699365  27.76259873  213.5079113  -247.2499482  18.87317126  330.1765503  538.5265028  248.0637155  
241.1889591  183.6795658  -43.77211777  299.9913303  312.2016074  758.9625516  373.7273962  493.9803357  483.4724509  195.3264916  798.9197337  24.79403224  434.389928  407.2590811  -86.44319731  220.0805789  192.4629602  149.8222936  161.3380358  62.22580652  833.431508  26.37002753  11.73905666  44.18360495  213.7524653  -241.5475169  33.28708401  331.93262  533.4687669  252.0537874  
238.2282962  176.1831259  -30.20162943  295.6027117  310.293057  763.3816307  379.0991541  489.5867799  481.2371555  186.7234001  799.5610301  23.51088619  434.3059754  412.3937233  -101.8369169  233.4579787  203.5264403  146.63356  147.6041156  57.80300581  838.5074489  28.66426576  13.14872262  28.22695793  222.0321818  -251.3340865  30.84544562  336.3167622  532.703387  257.5652707  
240.5098751  167.6625529  -36.70859643  299.735911  301.3655938  753.5853124  375.9469968  495.2805551  494.7232493  176.7625748  795.985405  24.83961361  428.5260104  399.3734627  -102.0755876  216.8449108  218.6184979  151.0015789  155.2490916  56.63636478  831.4542108  14.31309523  12.4718897  43.90304086  196.8477571  -246.539699  21.33116175  325.2451427  527.731966  251.1057751  
238.4470986  178.3888168  -41.54610082  297.4491006  319.7415061  755.6909039  366.1853836  490.8376905  484.2342757  172.72246  786.878882  20.29972398  438.6053702  408.7186653  -92.50480952  227.8047594  205.1228979  154.9369926  154.9851033  54.94295532  825.8065776  27.46738808  13.0177136  45.81921357  205.3260981  -234.6650145  26.65596446  347.4772535  532.0917825  254.8710045  
243.9448902  175.24319  -33.33198158  299.4522663  298.558451  751.9203439  370.1689448  492.3879946  467.5100451  165.3799135  795.3275598  23.91009295  440.5775253  398.2531367  -104.2339836  219.7600675  195.5173377  152.4148172  144.7563071  43.99888996  822.4879918  35.22484397  13.4380841  46.93641525  216.2638722  -262.0706785  34.17385147  333.3892611  526.7020044  255.3567598  
242.2456724  175.2582582  -34.19156593  298.8118806  303.5759352  760.0339572  368.7018088  496.8947169  472.9669366  170.6911936  792.9883992  28.88624306  437.7293681  402.2895245  -99.42455256  227.507624  183.9322706  158.5465567  150.5915826  46.23526587  831.0232932  36.99372791  11.68648962  45.31929087  205.484053  -249.4230587  34.96775845  336.0610798  535.0222377  249.7595716  
242.8329605  180.3767661  -34.14781166  302.9398631  293.5425613  760.3093068  375.3816997  496.4667756  453.6909297  166.4244704  794.2218287  24.33675369  440.9931344  410.0436112  -103.7523848  232.0795751  182.908661  144.8445974  140.1535631  41.25203948  840.1155511  29.54942641  -1.457777448  37.50431625  218.3156962  -262.8964916  26.24197722  332.730756  524.3398853  246.6698838  
237.1718897  176.3498785  -39.77683638  297.7634007  296.3697028  756.2291145  369.2944887  490.4215015  460.6866736  186.796933  799.6033504  30.13454828  441.2059704  408.3185734  -93.66528632  223.9653641  173.7792169  156.8415675  158.1311818  51.24125214  846.4701903  20.52893249  11.49398365  39.63060389  224.0900251  -229.6729454  34.96996241  325.3613386  540.2978821  251.4244525  
237.4511424  177.792586  -32.97852689  301.6780563  311.7247935  762.2449814  375.2828402  490.104682  470.4955805  179.3684618  802.4641797  26.6809179  439.9348467  405.5333695  -98.9759433  229.1009898  185.6388218  154.9948027  151.9162887  56.04734025  834.4729257  30.71953925  17.93320539  42.47248102  208.2353025  -237.3108137  27.05058898  343.1807898  540.9181223  255.2526411  
253.3722172  176.6560541  -21.58623926  303.5576994  293.6947266  763.1479961  381.5133704  503.0975795  462.9166973  176.6205826  805.6283353  36.00978858  442.6880839  403.581216  -105.5561807  233.5203785  196.4294219  145.3627736  148.6921301  64.18359374  826.7416479  40.73344256  -3.468437721  44.65655048  217.0531628  -260.168517  34.86733454  341.7753985  523.7726722  249.5614374  
248.0089683  176.8317343  -27.34963396  305.0960066  293.6667881  753.8771847  382.9726457  496.8912294  471.4938794  182.4427413  803.251353  40.58194286  440.7263464  398.8674458  -93.32705797  235.1998268  193.9200986  144.7432823  152.9942511  66.80411494  818.6482679  42.57839853  -6.246103133  53.59706735  212.8283106  -255.3075528  42.51105532  339.031954  524.0407573  249.7248243  
236.526587  181.9591673  -36.32759227  300.7118253  297.4016904  755.8733195  376.3867276  489.4065446  475.7996712  180.9233933  798.8308147  33.32119369  442.3022316  413.041977  -90.86097948  235.5816519  193.0731742  144.5110625  149.6062365  63.98893583  827.6899192  39.48615608  6.446469203  45.94071377  208.2726181  -246.4880614  38.02166595  339.7637349  529.8412278  253.4303439  
236.1601183  178.9053513  -38.46805013  300.8639642  301.6026901  767.9977608  368.9871526  488.3371858  481.7134845  180.0650068  797.2229114  16.61213999  445.2016976  412.4132493  -107.9742695  221.432636  205.0726837  153.4562014  149.7670226  58.70657458  837.2785481  22.98638728  11.54596167  46.25267501  216.1231032  -251.670411  39.79051802  330.3930257  531.0642419  253.2231926  
232.9226541  183.0810859  -44.89967298  302.0894213  298.5594193  778.6623418  361.378108  483.4016207  497.4924374  185.176908  801.6892791  12.37304385  443.0623867  424.5272433  -105.3598692  222.4450049  192.9143674  155.720488  153.9522663  64.18130595  841.9161739  26.71158371  21.9042879  36.48139745  219.8932044  -225.9521329  37.1059835  335.59175  539.1272344  256.210216  
237.198252  186.0169327  -38.36048715  305.8934871  309.204278  772.9701117  357.5323363  489.6243347  489.6834922  177.2557493  800.6813848  3.879382591  439.222034  418.838413  -107.3745148  224.6945584  204.2593244  149.1740767  145.2384029  62.75320684  835.6858766  20.26988879  -0.2423907364  41.00052702  221.5658357  -243.6880219  28.85131694  342.7279602  523.9588568  246.9377657  
239.8907151  176.8495109  -38.47383744  306.534797  309.6628703  764.1433048  363.5718716  496.2362729  502.2070036  173.6749452  800.9903529  7.553925863  437.6378031  407.8298076  -105.678269  209.0370418  217.4971012  156.7926471  146.1549446  67.93883086  824.8914164  19.69736568  10.82002177  54.95768181  201.6965581  -241.4907214  32.61048709  330.9195777  529.3451377  245.7110654  
238.5090392  183.54226  -30.41404615  304.5763941  322.8146094  770.0425309  365.6232332  490.4344174  483.0491979  174.7303868  803.9877583  10.39958731  442.5413153  414.1029722  -104.8912497  228.1918222  203.0835068  152.2835843  142.0049905  64.67194625  836.6313245  27.46728053  -3.9084485  41.19275795  212.4999148  -239.0056852  25.66183749  348.3502594  536.9558364  248.3070747  
240.7578872  188.1467798  -37.96167726  302.7479975  303.5003324  757.7146652  364.2495389  493.8199016  478.8932841  175.625558  802.9523372  11.73983887  442.1163835  413.9003148  -96.08445302  221.0038139  198.0211135  147.2053195  143.224099  63.04229623  827.4941353  24.53722459  -8.046880257  48.31622663  221.7052553  -254.780358  35.60055264  336.5431522  527.4036928  247.8523606  
244.6727892  183.8531482  -41.07511764  302.9036335  314.5408001  753.1345408  364.6581697  491.5454672  476.3839037  170.8105017  793.1784193  17.10323198  437.5184545  398.9488743  -97.4793615  221.70262  204.8661299  153.9276115  150.3505887  63.44961144  820.6758474  20.07802526  -0.06299021621  54.0171077  205.9857845  -253.0306185  28.04818192  342.569843  529.5539973  242.8603546  
243.8535448  189.0695356  -32.5550205  300.6271785  313.6787145  751.7557734  367.8268491  484.9478713  471.6281108  169.8554676  796.9429208  20.15736277  445.9804704  407.7190932  -94.22105055  228.6078699  194.1894501  149.9176006  146.8149727  52.47510834  809.9816947  38.62843665  4.764646535  44.70743653  211.5373793  -251.1696645  30.86916497  346.4277578  535.4628768  253.8887861  
249.9081824  178.449234  -31.37021958  299.5804564  311.5217291  750.373103  377.3498544  494.5311987  475.4180277  164.673098  794.2157231  20.05176693  441.1116132  400.1444487  -106.3157903  218.5701272  206.3207418  149.7921859  145.8064297  48.55272186  818.3662397  29.99600787  5.097991082  47.20380232  215.6777459  -252.3824089  32.30115482  333.8724863  533.7448759  251.0129625  
244.4759617  181.0231466  -38.61310731  298.6539588  303.7607269  751.5130402  375.059757  492.6146545  487.9041734  173.5378976  796.5304469  22.70804509  442.0866882  406.5359964  -98.84178405  221.7214923  198.7448935  151.1834368  153.1467142  54.4250117  825.3062365  32.97143314  9.525589632  44.63020479  212.9636516  -247.1131307  41.21010696  329.6789017  539.5160368  251.8873461  
239.8459456  181.848254  -35.95167358  299.3383262  305.1354458  759.8648497  375.1820588  494.2004661  472.9614916  171.1234894  801.1675445  15.71075444  438.8159424  413.4592961  -111.3670861  227.8839389  182.6419929  153.3244761  149.6763244  50.04496918  840.4399579  27.9399708  4.711319787  31.46283883  209.7982896  -241.5547948  22.23029116  341.9516504  531.8893231  252.1987382  
243.1344359  180.7325217  -34.29484864  303.9330027  305.9405342  761.8076999  365.1884712  495.4483096  478.9864103  179.3639896  804.0596531  20.40545203  443.511774  403.6931758  -101.9423276  219.186279  191.4374659  148.9985094  151.3252382  58.49354391  826.0240923  25.74517148  5.067939795  45.06246382  221.2915835  -250.3648495  34.45067725  332.7564742  526.501288  246.9141767  
244.3968651  181.1765422  -25.59365694  309.18623  298.540028  760.8572386  382.7834937  497.1302678  475.0485267  176.584903  809.5048602  28.8918198  441.7226388  410.7101002  -96.33246961  231.5452457  190.5001287  143.8096172  147.6243362  67.12924009  828.0283558  43.97422493  -2.678620244  45.13221343  213.7582381  -252.7839554  32.19694006  337.0019107  530.6220145  250.6125422  
237.7187499  171.7140899  -26.59028563  309.3167285  305.998436  762.5980457  379.365967  497.4094629  494.0760813  191.0893367  806.2551899  35.23581092  440.398055  403.6145841  -93.75427638  224.3789128  192.2449029  152.0188506  152.2695008  70.28844721  833.7084031  47.5962974  15.59747787  53.1274297  209.0047029  -247.6069586  29.44776105  335.2741938  535.8098032  252.4551085  
234.9391686  177.3851891  -36.20789319  310.0947235  302.6891643  776.2835474  377.5116807  494.8331279  495.9737175  187.5057667  797.4044112  23.458201  445.5312471  421.7678123  -104.3096275  227.6016622  199.2585049  152.7192149  145.4679261  67.09058772  851.8180876  32.64967444  12.87639037  37.27864351  202.9419629  -246.8888635  26.47364404  329.5500779  537.3083909  250.1045643  
234.0362898  182.7226215  -46.64791987  296.7383623  289.7586447  773.158429  367.8328512  488.6657641  496.133879  195.7783869  800.8044369  15.55409332  445.9237856  423.1558423  -97.0864422  225.4124125  193.4402522  148.6322193  153.0644705  62.74132094  866.0936116  22.98996608  14.43866026  27.9745008  233.8588987  -231.1299986  51.06906048  323.0679429  536.4584326  251.63101  
232.0405006  183.4683334  -46.7802382  302.8111308  300.2677534  775.8201587  362.2913666  482.7922497  491.1842568  192.5858573  804.7992789  16.79762635  437.3809691  424.4086184  -101.1573794  234.8512243  187.0191557  151.5611198  156.4089585  49.12759594  848.9812762  24.36302996  27.03006287  19.6898583  234.8953588  -221.9177227  28.06224537  340.3403621  540.8419173  256.0999871  
234.6469976  182.4156503  -40.63342372  300.5082681  287.86358  758.5628011  366.8300916  483.1165829  480.543169  182.1635336  810.5688926  13.75155091  440.9458423  414.6176138  -99.60721518  225.0101366  180.9268778  143.0340321  144.4911688  42.27763634  844.6858967  23.44506046  19.48311461  24.45314982  239.0113418  -233.30689  37.83212783  326.0256079  535.0132313  256.2307592  
238.9146245  176.5861813  -40.00280249  303.7122898  312.2500717  765.4855491  373.5972214  492.338844  492.9851056  185.0846766  803.4668692  14.09939692  434.4562247  415.9103744  -105.6283948  222.9337504  195.0439903  143.8209217  156.9615742  61.92341664  852.4213361  17.22617668  8.592263606  24.31184191  213.1736538  -233.5567382  22.25716919  333.5248929  542.4668293  247.5204711  
243.758074  172.3363727  -34.33323851  305.5213133  317.068998  762.9346452  369.2335222  498.4391081  489.1073964  178.3326  799.4346657  14.96497809  444.7293048  409.7616794  -106.1952983  224.1136333  209.8326141  153.7055142  147.2262306  63.13078408  841.8531785  24.73939945  6.579136581  41.1895391  211.1613569  -247.1411634  24.72832411  339.6412538  533.685536  251.9534032  
242.9332345  178.7576691  -40.7178827  298.0553984  306.0696698  760.3489601  366.6903685  495.1462735  487.6537968  174.2419883  795.5382383  19.90829874  445.6859313  411.8926334  -95.66331977  214.938133  212.1167537  155.0411826  148.6944652  70.31099275  824.4998781  29.62303566  -0.434208554  52.54833967  202.3815007  -240.2734175  38.86284142  334.6368121  531.1897514  244.3730399  
241.2340596  182.6255086  -35.34828565  305.1459336  308.1878138  764.6473834  365.3666941  491.1426342  480.6957754  170.0741309  793.0420984  17.51237864  444.626406  404.4157144  -101.843518  229.0482383  209.7422429  154.2647982  141.3768749  66.99400317  820.9376051  33.89102279  -4.318913643  57.36047217  210.7489991  -263.6954941  37.42849308  348.3584143  523.9661801  244.725244  
241.5576579  181.3241619  -28.11400518  309.6457675  329.5946421  767.9998562  370.1216725  491.4903386  488.3939068  176.5972951  798.1444304  22.9887578  445.8926907  401.2148856  -103.8419728  228.206613  215.8081858  153.3953905  147.9436829  66.00369513  819.3385307  35.42440962  11.48979999  49.67477376  203.5792527  -248.9641657  22.32920265  347.8540364  536.9500357  245.2513211  
240.2589454  179.5540899  -37.71288535  307.2479599  310.3958311  764.5455779  368.6166105  494.5062766  482.5644326  180.2212229  793.9274866  25.26277083  440.1330073  407.6390417  -92.49237393  227.3272734  211.2076448  151.2471218  149.727114  63.69991792  828.5796044  26.63693067  2.424331078  48.61823186  211.9486479  -242.6845739  37.24927479  334.2869326  534.6062801  246.0047562  
238.940409  180.1395487  -43.36545947  302.7875466  307.6564239  763.1123846  373.5263808  490.0066777  480.1822696  178.0934194  789.0975676  28.42733775  442.8401677  410.3450044  -89.11404682  232.9945227  201.8822281  158.2505671  154.789724  60.70297622  813.1292317  33.11757741  16.26003676  46.3261329  212.4641123  -234.2387904  38.12713171  343.3880474  533.910643  251.9802681  
241.1434524  183.8562487  -35.21365581  297.8600198  303.8628768  758.8887114  372.7804734  490.8760384  455.8911288  169.9769072  790.6541616  20.06184193  451.4311886  410.6185442  -100.6040325  238.2406444  200.3646034  149.0209544  141.2782819  55.79747243  821.4868488  29.20821706  -8.807741952  46.36785713  226.3285428  -267.5780072  34.03299175  344.172408  517.7193257  253.7740143  
239.1671099  179.2538516  -40.50038722  299.2262796  317.5668153  753.7975663  374.578889  492.7364677  483.5497383  179.5370457  800.1201315  21.32764253  443.8991044  410.7905584  -104.1107356  219.89668  208.7613968  154.5442193  159.4756961  63.22104314  835.1073176  28.10050577  7.754047098  44.42810947  208.8734811  -231.3659915  33.44701559  335.7828669  540.0829789  253.5402516  
241.177254  178.1229448  -32.55803891  302.5046084  325.531145  765.8713405  372.3692909  496.0677139  486.1692727  181.4389756  798.9359162  23.99750315  431.7374121  403.4447262  -107.1399672  224.2005896  207.877027  149.5761429  153.5078934  65.28040198  837.624038  26.52688987  -1.442960202  40.75219833  201.813622  -234.1624866  23.7707321  341.3328645  535.652903  241.8078875  
246.4745097  182.3919419  -24.45514336  303.7623173  304.1962363  761.8807771  374.7190648  494.4321244  475.9527474  181.5655346  803.8656792  28.88300572  449.5039276  407.3226044  -95.32088748  227.5551272  192.1590234  142.9030337  143.3385282  62.04282399  830.7983375  40.6584624  -8.468462632  41.39236144  216.0694192  -251.4889184  38.61547939  333.387226  530.9102412  248.653076  
250.5244634  171.3702716  -27.50242217  307.6769668  302.6986759  764.0007255  384.2615891  502.0493825  488.245383  196.6823286  804.7091782  43.83439486  433.6129888  404.9436908  -90.18502049  221.3543746  194.4896463  147.1823616  157.954796  68.29768756  841.8565735  39.25163938  -1.262696712  46.77051346  198.8268336  -239.81824  25.41455099  327.8074238  534.1525255  247.7721198  
242.7187409  168.1617462  -25.94318892  308.8639538  292.0410552  763.2880097  385.6795946  498.9786909  503.6653612  208.4684511  805.5995546  45.486869  434.8375905  400.2734002  -83.81337581  220.924252  179.5817166  148.7775946  153.6860985  53.23945359  843.1028497  44.8410399  12.53399619  43.47320153  201.7584903  -244.55125  25.31238624  313.6540916  542.0985736  248.9920186  
236.1897976  164.6423093  -39.73496678  305.1390492  297.9701324  754.3293776  387.3419566  499.1172993  516.4375158  197.2735294  800.2133745  35.14744478  427.7804015  400.6396874  -97.02464252  207.3274356  200.5159888  151.496292  157.977086  56.47428825  843.6667797  28.26494529  15.37259254  46.68027995  197.0644373  -233.8830062  22.85688002  310.6249503  540.7041507  245.5642964  
232.1274326  165.7369744  -44.80377449  306.857303  310.6523204  771.7356612  383.8872781  499.6771668  520.5899613  187.7417103  798.1771174  19.49888797  434.4669555  414.6025171  -109.1383176  219.9679613  213.1334793  159.1223908  153.5168913  71.45431558  849.1116847  24.66377592  12.51755726  48.10824751  198.2633527  -211.5902733  24.79594675  331.7377387  542.3887061  246.9391447  
235.5489459  172.3021598  -42.30392401  303.7436899  299.7157153  765.7764393  378.9509599  497.4432919  503.114381  169.3812721  799.3533701  11.00123742  442.7272461  417.4424621  -109.3116927  221.1531933  209.8164335  153.0136003  145.3233875  66.74300128  848.2924184  21.55561663  9.919702157  44.26578728  207.6894722  -233.6579317  35.49812212  325.1290815  537.0350916  248.2953918  
237.5854211  175.0271831  -47.8692645  300.87592  295.8452567  770.0497348  365.9849374  494.386318  496.4873131  175.4192337  796.0063952  8.424093602  431.5450072  413.5577606  -108.5835819  223.0346208  198.5933214  158.2981368  156.4391962  70.40143875  843.9166344  17.22139131  8.36942307  44.23670737  216.2483965  -236.0841202  39.16281993  335.5649592  533.136023  241.9622137  
235.5509047  184.2233095  -37.39108028  305.1160124  320.6011392  772.2834257  363.5204984  491.0039614  488.8190824  170.156622  794.8808537  4.640396557  444.9759579  420.539748  -111.4268422  229.483256  207.5313503  156.7199015  146.1838988  66.09779249  833.0164187  19.81981201  4.673905308  46.26569998  211.0586033  -238.3477171  26.83066957  349.7274961  529.7492436  247.0486305  
234.8556887  178.4327145  -47.47003326  302.9293798  304.9754832  764.4956342  366.0924004  490.5450389  488.1194945  174.9537825  798.5112609  13.50867865  439.1242226  415.9339027  -105.1753145  216.8170708  205.1260321  157.7167231  153.0545818  60.60041075  834.6351776  17.58773073  14.47057522  43.14893344  206.1097664  -230.2432395  29.43294121  331.5432909  535.0251931  248.9765959  
237.9217636  194.3589646  -42.08658185  300.394775  313.1068573  766.3865423  366.5287847  481.8859154  474.3462307  168.6615083  798.8087781  13.0439815  446.9399763  418.1010195  -92.95792166  230.2944803  200.7416371  146.6388557  145.3524931  66.94093035  823.0971077  30.21833601  16.33778111  41.0134585  219.9787637  -238.0797725  38.39668166  351.1865865  536.0084029  252.5396731  
240.7065055  194.012453  -34.96256863  294.1367298  303.2058736  762.0055242  364.547789  484.2534272  462.9699393  173.8638053  802.3778938  7.845842017  452.5742274  419.2749542  -104.0364061  223.4308494  190.3573584  144.5221888  142.859085  49.65613861  824.4030649  27.5645076  15.58427401  37.21405116  241.8673223  -253.523286  48.04874386  337.6387572  531.1744765  254.6768867  
241.9596575  191.3477908  -35.60385122  299.7878834  296.0184863  763.6463591  369.2725526  490.4290861  469.9075798  183.1477179  805.7586682  18.07451069  451.9367329  418.5170923  -106.6105104  226.7566717  175.5679907  147.6950271  154.7132389  50.5816511  832.4399604  34.21548872  9.701860408  31.00524964  237.9743665  -249.4258046  44.99942174  332.2783299  539.7559245  252.3799065  
244.7125731  188.4496452  -32.7181458  305.9570219  306.2410279  763.7561824  369.0751908  496.9635508  475.5318415  177.5688877  806.3425717  20.508512  442.5676666  406.6014122  -107.3056042  221.3490755  195.9943937  139.3412988  148.7031786  45.73311468  835.944621  27.80040161  3.424189933  27.95260689  223.4497681  -257.2431962  24.01409087  335.4666115  530.4375619  248.7145289  
244.2764717  177.5042263  -38.76445921  301.671376  316.8337784  750.4195553  374.6942433  498.965844  484.1054338  186.8656544  805.5378159  33.0873293  435.6223865  397.9039679  -97.06345938  203.773181  202.2505329  150.5458957  161.3319132  59.52578201  833.5815037  22.86207003  15.14248941  46.27347621  200.3324787  -231.7452087  27.91350058  325.4712236  535.6518456  251.241196  
243.3711332  181.2631381  -37.59607182  301.4148857  310.1905338  758.8928406  373.0998875  496.5306283  482.2925121  174.3371131  795.2589319  28.12405092  445.5820298  399.9240574  -94.69058336  221.9784349  196.6717729  145.8162777  151.6151608  55.8706336  829.2190029  37.28085532  13.05597582  44.51423724  215.4414558  -245.5814476  39.39861972  336.6380043  530.4903721  247.8998061  
250.5098068  173.8453809  -23.20664113  304.1844749  314.7646213  755.6545584  376.9736597  499.9236804  471.3947953  165.9756078  793.4406075  30.38824345  450.4467739  396.7822987  -104.3037205  229.8325951  209.4343872  145.9488075  148.7681936  58.62333921  823.8412141  35.17470757  -1.743141012  53.5667428  214.0746991  -260.0847378  31.84758571  335.7774957  526.354823  247.2408217  
247.0766916  163.7713344  -18.815737  304.0601324  306.9273063  755.024671  382.3886403  502.9311058  481.8766878  182.1686488  799.4384154  41.7572256  449.0948082  397.2952731  -95.85631564  228.486381  195.8542043  155.9154318  158.7707466  59.40426491  833.3557078  47.76353633  16.21569914  56.32142425  205.0892514  -240.9400195  33.01151917  331.1077379  537.1046614  261.5141495  
244.2957511  165.358015  -23.08800443  305.4244113  292.324074  761.0369544  390.4947119  498.9345236  485.5312923  186.0361213  802.2968646  40.72130224  435.2260265  406.5587153  -97.0402242  234.1316407  188.7078159  147.4071144  149.8873363  60.03029037  850.8878583  48.60840458  4.875935156  41.43324341  204.0817498  -256.9948346  21.31717435  332.4979076  532.579875  257.6074756  
238.8791522  175.348192  -41.02303281  304.3228627  284.9159949  758.5458041  369.6536875  494.2550574  489.562127  192.1381752  797.7484212  26.0339607  443.1450916  416.5749002  -89.56454742  221.2224027  185.5887517  146.5495456  153.0949175  49.17569316  847.2090816  28.15315862  15.99282541  39.33186732  211.9413685  -247.4129345  40.18171042  324.6303459  535.9651176  256.449713  
237.5171373  177.1187481  -53.77751033  302.7622442  278.6161818  763.5690613  364.6582588  493.6940704  493.7867144  183.6283453  792.8371181  22.20298642  445.4453432  417.9456929  -91.56709523  221.04937  196.1149764  153.1396706  154.3959039  61.68076198  840.1942169  22.40558054  10.78428385  46.24580077  218.0926725  -244.553389  50.94248844  325.2508073  528.5383791  246.9351724  
236.0479046  180.5302722  -38.79477274  305.9066421  316.8302256  764.4150988  366.1167865  492.6571992  484.6952129  175.9360951  802.7988223  16.05877083  447.6294532  415.5696864  -105.5521103  222.8754885  205.3054087  151.7332551  150.534478  61.09322348  829.7381623  26.75288622  2.281904553  42.32460287  211.3682857  -232.6261271  31.13012562  343.175998  538.7921457  250.3985653  
241.9316103  187.8358162  -39.65156082  301.8001614  320.7933184  757.045822  367.5678559  494.1360893  478.8853633  172.1935776  798.3541861  14.74813074  446.7466555  408.5347243  -107.269864  218.378683  215.7322628  151.9098964  153.1020582  60.36285426  803.2023132  25.10585554  4.690810643  49.43347394  210.156046  -249.388801  42.87513653  337.9339888  530.6481257  245.6712422  
247.90352  186.6770704  -35.20305336  299.1278192  313.69953  759.5036056  367.9296848  495.1021846  470.252087  168.2012937  794.9580376  22.15870814  443.1704103  404.4747398  -113.5894866  219.0260234  210.7531942  146.8289283  151.2476535  64.47666646  805.7640855  33.57542669  2.777997838  43.03386975  216.6050529  -256.2239174  45.27617045  339.8871565  527.250421  239.1847398  
248.2206317  186.5180106  -29.45278666  301.8650414  324.130363  755.6707315  375.0739109  496.4440226  473.0732054  168.1809465  796.2640096  22.60803283  453.5021774  408.9488189  -114.0436599  223.1733552  210.5610913  147.3396983  147.4254058  56.53299814  814.3273345  36.56795782  0.5768132475  38.78552208  207.1391958  -255.4793694  37.51739115  336.6618575  532.705691  248.2462254  
239.5971401  185.0863831  -34.48071497  290.2723902  309.2014776  763.9606303  376.2310261  492.5458079  480.5037952  187.3266976  803.3462438  21.71954343  451.3704538  422.8660671  -111.7592135  213.2012912  197.7640935  151.4719685  156.7988753  59.26583397  841.6667876  30.27784344  8.348296267  29.11932196  213.0654974  -229.0692299  46.48812045  319.5156503  542.7166512  252.1569859  
233.732167  179.8649219  -32.93572974  299.8358569  321.2086407  770.4038722  372.1805766  488.8478821  495.9391331  183.0085826  799.6040572  17.96630787  443.3067377  416.8740558  -114.9913243  219.8023717  207.094846  148.7894176  152.1139844  60.28984942  837.3190064  29.59811339  16.04875992  30.96254602  202.2135372  -223.7148945  37.08896869  330.865895  545.3423239  245.0660604  
236.0162212  174.5178997  -40.95212253  302.2652269  306.7770176  763.2522632  367.8648746  490.3558153  497.1464132  171.7604441  791.5848173  9.889464793  438.1284118  408.5130897  -108.7038439  219.0176692  223.2096851  155.0694834  140.8237931  66.01681762  828.2477016  20.71148855  13.39666239  51.14796175  208.0312786  -248.2119217  37.72603885  334.6703271  526.7623914  244.6752252  
240.0652111  183.3529153  -42.18090598  298.6847564  316.2096731  761.6785058  360.0957489  490.954929  485.1398522  158.0063984  782.5773252  10.36536746  442.2042407  404.5453638  -102.9381637  221.2571133  224.2082484  155.9448436  139.6528002  68.14131931  808.0822061  23.7264886  -3.228542459  63.8079833  204.6604872  -256.2800178  28.89771955  355.5149374  516.7152695  238.6383145  
239.8668094  189.6029349  -33.535805  299.8494993  310.3764398  760.9143067  365.1272632  490.0069296  468.0441071  160.92131  798.3076236  6.434946733  446.2009985  410.982569  -107.7974564  224.1413764  197.006278  152.944048  139.6902039  51.23677978  814.5937253  28.72617725  -4.392341836  50.29325061  217.450115  -261.8882589  40.44206515  342.0739545  526.9555399  247.8218914  
239.762617  186.4690145  -32.98645701  299.6556806  312.7832979  773.4611576  358.3386637  489.3822891  486.3791478  178.6347666  798.1494245  14.07198742  449.2216082  413.9913174  -99.46859643  225.6229143  196.7307148  154.3482695  140.8671952  59.02285346  829.7367049  32.67376141  0.8270885785  44.69526052  215.2632666  -244.7332685  42.11812373  341.2059321  537.1590436  246.0608112  
241.35854  188.6969627  -29.17865868  302.8926612  302.247945  770.9183425  367.8202363  491.4531147  468.1294587  178.7934169  805.9367928  11.47144166  446.6581706  417.5072879  -102.1555686  232.4801035  182.2142038  146.938408  137.0076904  48.39233248  847.1591738  31.24450409  -1.293093239  29.49008728  230.0002072  -257.1558746  26.33938648  337.780591  538.3565519  251.3125631  
237.2229473  181.0887698  -39.71188938  298.5948491  297.0787833  764.9848918  371.7164518  494.707924  485.4565176  194.4694288  807.6598644  21.11429824  442.0625097  419.00073  -94.82095679  220.8246547  177.4849651  151.3862053  153.9600391  60.24181043  859.224802  29.0752637  14.16329248  28.31410871  220.6183628  -233.4277615  38.68950677  324.0612939  542.1913876  255.0066726  
242.6819068  177.6585803  -39.91007694  298.415987  302.9289049  762.5091019  379.0209356  496.6163074  485.5138671  176.9325933  801.1708585  19.355573  432.8144859  416.720165  -101.7520246  222.5581759  207.7809552  151.6974402  148.6907714  67.00123416  840.675323  20.64932  -1.693521574  35.13774511  209.4305969  -238.8930117  31.894447  328.5148002  533.6907428  245.295671  
238.7570131  185.0680205  -35.42294547  301.2641614  300.6705655  764.615279  370.5206239  487.7413105  480.5592604  169.564229  798.2365782  10.19168656  445.4741199  409.5340793  -104.413219  228.6297921  207.4784774  151.6810773  139.2685053  60.82504167  823.6231138  31.09734479  -4.694656722  54.58906707  213.148863  -252.7869186  27.0399109  346.88215  519.3170844  246.9042149  
236.3848768  177.6900285  -33.87374832  302.3197647  297.8697062  765.5190201  369.8940981  486.8136537  486.7695744  175.105552  800.0604281  19.09367281  440.9397277  406.8971911  -104.7004946  230.3283175  201.378389  155.8145639  141.0964636  58.20115417  825.3521581  34.5916965  13.91489784  49.86651758  214.7617806  -258.1135929  31.43934066  339.2930211  528.0923939  251.2242846  
238.4086558  178.1357981  -41.85262731  302.9701711  306.9632401  767.8842797  371.1891185  490.1277734  490.4145857  176.8900448  791.1163751  22.25688208  438.7129144  409.1031968  -90.71543062  227.6768718  199.459834  156.8088269  149.2099156  58.96926298  828.4907126  29.99759061  17.40722438  50.44597304  207.1065068  -246.5009148  27.95048498  341.0805963  535.6648578  250.3574713  
241.3046957  176.8315675  -33.88243284  299.9496724  296.4994056  767.9777708  377.813924  493.4015847  465.2806003  174.9461834  797.4675771  25.27050872  444.0619585  409.2108024  -96.81725639  237.514835  187.3908212  152.4798771  143.2684581  52.40279091  838.323517  28.14038375  7.81482108  42.11536027  232.2991715  -255.0360056  29.89297736  338.5481084  529.9754453  256.9581532  
239.7010881  171.795646  -39.12730151  299.1869473  298.4479407  769.5917771  379.5223563  498.8566658  486.1836937  185.8520428  798.9809804  23.5659599  437.2922265  410.754094  -100.8626875  232.6279868  193.890132  156.683783  157.1850654  67.244224  849.4905511  25.89822625  7.973540966  40.08500323  222.1389259  -240.8769843  36.37879705  331.5432708  532.3533345  252.5204982  
242.3149628  182.74004  -33.39575193  302.1298894  304.3683531  768.7953768  378.5603429  495.7398406  485.1725044  180.5223393  796.3805931  24.13872484  445.1682217  411.4997269  -101.6780697  233.444326  209.8317374  147.9988848  151.0595941  69.47258563  825.100656  28.62473775  -9.49865811  47.49560006  218.7576615  -246.0165017  38.63284542  332.7438406  527.0337644  243.3032273  
243.1054327  175.264576  -29.80992805  307.9393164  299.1043256  769.3115253  384.8310718  496.7616387  484.6094054  196.0858655  803.7960055  34.81504862  450.0297552  406.0789641  -100.8182127  228.2626238  205.3162873  147.441351  150.5655556  60.19582328  834.3529933  38.60839488  7.128055821  42.8125482  218.5639732  -249.0103381  35.44940531  326.3851563  533.3658845  251.6850616  
239.5551868  169.8920618  -31.70141592  311.7873413  304.8733841  773.920557  383.3726849  497.2303331  499.6417395  194.2416194  797.143785  35.43095321  447.4743519  420.1288244  -98.03699047  227.9418505  207.2809732  149.3286337  149.1633856  70.56692226  851.8328089  40.80509627  12.56251831  39.26006077  194.270331  -242.1213979  25.09994179  334.0390584  542.1127816  254.7237314  
239.4255136  167.544446  -43.97036924  308.6364204  303.531418  761.0580527  370.1736831  497.4805002  496.9167094  182.0802599  796.4661003  23.02796435  427.5886174  403.5000185  -94.3676475  209.4685409  199.9235415  153.8904605  159.582699  64.45853102  849.0181386  19.76843672  23.71809953  45.65571497  191.790419  -231.9342214  19.74960251  328.2250483  538.1943003  253.5173801  
240.6669223  182.0974762  -42.73444687  301.1958357  303.7308454  759.7371593  368.0445037  491.682046  479.2073958  176.9855698  794.8515543  16.18217699  439.6104088  411.8684958  -99.41384352  224.3814778  185.3856176  150.093243  153.8806394  61.16107865  836.9546269  25.47834609  8.72062058  39.38354861  218.6895538  -238.5768883  34.98859584  343.0192573  532.9743674  245.818524  
239.8033342  183.6670511  -33.0102044  300.0715349  307.4598417  757.1813472  363.2279323  490.1875799  471.9121405  175.5708275  802.1367137  16.65350866  452.011981  406.3305845  -107.1247149  227.0462949  185.9300124  150.3918658  149.2871621  44.1867687  828.3604868  28.15865833  5.5186192  39.60502813  234.4759837  -248.2309379  40.86661615  336.3720597  530.7329235  248.7117523  
246.2015079  185.405603  -36.02792927  302.254462  302.6014541  753.2229479  367.0104079  491.7607649  475.2024676  177.0904695  804.6388223  22.19590872  436.9974871  410.5170142  -99.05444258  219.9630148  190.0222151  143.6290871  151.5524516  53.52018105  823.883577  35.14980025  3.066084461  36.35458557  219.5070633  -238.1864982  35.28231726  337.669464  536.0532414  249.5144788  
241.6884909  179.6083024  -32.6962385  304.9096392  320.1964174  752.3578527  369.8402309  494.0905576  491.4903186  180.7183955  807.5854077  29.10181134  437.192041  400.7894092  -93.18924644  219.4269255  199.9396553  150.422688  155.1647622  58.18277933  824.6012651  31.00568261  12.38341674  45.26419939  206.7134034  -232.0493892  29.70221778  333.3538745  541.1430075  250.9911865  
