244.0500462  104.1557922  81.23204089  468.1037323  214.980745  470.886783  424.0539235  494.9020603  451.8833396  83.95095439  653.286026  128.3763775  344.1959383  313.0914864  -61.94137131  252.5540528  279.0980392  45.96029789  53.57785735  49.21338949  685.5824411  220.089843  23.40470671  49.60525037  188.7949672  -105.2741728  6.732913826  239.9881394  325.767909  170.2562947  
243.4322412  113.064216  85.88796468  468.9911423  198.4724263  468.9460227  418.6948244  496.0787392  454.6551845  75.45230115  650.2083435  129.3325948  334.2905397  307.3191508  -73.70916582  246.8488386  264.2827091  43.06832065  53.04403725  44.54512186  682.7345799  214.2260482  11.40236429  41.69262147  170.1654939  -124.8733378  4.911868569  236.5030531  333.5564991  167.5337457  
242.2401595  116.6483381  85.1813377  462.9647313  205.3646525  478.8678918  421.0851166  492.8349176  447.6694713  70.00908819  641.3267029  130.876643  345.9399344  300.2968215  -51.52405403  225.9867321  268.4572569  64.26034966  78.66385427  33.82627663  688.7743183  210.5648745  -4.149798093  31.76295327  159.5770803  -122.2447865  13.18834519  237.13256  331.7803293  168.399205  
245.5115261  104.3733655  89.17090653  456.5146774  197.9259916  475.7169567  419.8863544  493.5578401  449.9744455  70.37608336  647.9514902  121.6924075  345.4103191  301.4897157  -58.06833781  230.9915668  257.2375589  71.70693455  80.02741436  39.43132133  685.5177362  209.0999264  -0.001799198201  34.91802941  153.5171475  -117.3429897  10.4250674  228.7963708  326.3213939  170.4212976  
246.114923  113.0632746  87.71656013  462.4562129  193.9669823  475.6009951  421.3917429  488.9788166  445.0519889  64.52168133  646.846573  128.9954272  331.6307551  303.2339811  -51.40377537  231.0691546  266.9008734  66.36955477  72.36843711  32.28606703  688.608616  213.1672833  -5.123971962  40.68698337  161.7150775  -125.0715585  19.13129125  231.5647098  333.3225332  162.3719484  
247.4466411  120.8802221  81.21863989  464.647001  197.5533141  471.8229739  414.0858572  493.6131693  441.8665105  64.39265886  637.5861207  127.3849076  338.745259  305.1387843  -56.66796527  230.8072071  266.5180263  58.95931677  82.02744036  27.61638837  688.7516889  212.1738864  2.183751716  27.53448451  172.5764511  -120.5943448  16.78768564  227.2992789  325.0812571  169.3340177  
246.0273455  124.5939066  85.55364546  467.559808  199.2143062  467.6194956  412.9402946  499.6546874  451.7141608  65.71988157  636.0772155  133.3629959  329.0616951  303.6761821  -82.71997565  247.3283199  262.5838972  66.05823033  66.47133163  27.12685172  675.5911258  222.3272625  12.87312168  19.32926261  188.7479268  -117.9854598  10.86302976  224.0635931  328.8052586  162.5682692  
245.7970556  115.1145197  95.24894818  461.1822656  201.5591143  458.5267737  413.0261326  501.7804799  450.4298964  64.98217607  637.0067842  131.4980474  323.3803565  300.3116074  -73.22964745  250.0542223  269.9072098  61.25962008  67.20990107  35.13335811  669.3808549  220.8977898  17.37358599  27.6846327  177.5592495  -118.0370142  6.543887604  226.5163454  330.0899102  167.5419969  
244.8969416  121.9620375  95.13918794  456.5167704  203.5817872  463.8567265  420.053553  496.7073297  453.3426974  61.75042908  631.9378626  137.9980118  329.8780682  301.5289206  -58.90173449  243.1014224  271.7701877  69.65980558  80.96990101  28.88354054  666.7824756  220.0054019  0.701592173  33.67289755  166.9152313  -129.8416315  12.51399825  225.6327119  339.6639381  162.0521493  
249.5131683  125.6126181  88.50193256  462.1754076  195.7864106  460.9402618  419.7930612  501.1210432  451.0007135  62.24626293  630.210647  130.1925876  325.1906742  305.6041146  -60.65767751  237.0402317  276.0453313  57.32038161  74.98669074  31.60813123  678.1145006  220.5005814  1.331624769  31.45399498  168.2824393  -138.5742224  17.14512749  224.7159552  329.2269241  163.6599638  
248.8548193  123.3003907  92.36914223  461.2783406  208.0055904  464.532716  417.0993834  497.6181262  450.4417879  64.78322144  641.1825684  133.9590468  330.9617861  307.7666031  -72.07519354  248.2695582  271.4802016  70.70286621  68.31349142  29.29273449  676.4648961  223.2085103  6.9345344  29.41397031  186.5191368  -126.083116  15.85856023  229.7176785  339.8654312  168.9604171  
243.662236  118.3099835  87.16093255  467.8663016  209.7195031  474.0235618  428.4429724  504.6207587  450.8214933  67.51819533  639.6782921  129.5101516  340.3043029  303.609722  -51.19080953  242.4415274  278.6294395  64.38746236  72.10716636  33.00529474  684.0142446  224.1774983  10.01001361  26.00339161  182.3797595  -126.3431083  21.09154795  233.6253275  329.9691737  161.7755719  
245.0592744  108.3367591  82.42377683  456.9870104  203.302795  477.9068255  428.0842887  513.2805292  451.0481971  68.29697108  647.028222  121.6145737  337.9961744  296.6753894  -53.76140428  239.2056416  267.5457611  57.42911062  79.49010498  35.73214091  680.932547  212.6952247  -0.6802729271  28.019481  161.0600638  -125.7473554  16.19209541  233.4237542  319.4118095  165.9115783  
249.00105  113.5353378  84.31732523  449.7047613  201.3403289  476.3604909  424.9841598  511.4784581  454.6613532  65.88400173  653.4262484  124.546572  336.3089899  302.0409848  -71.19856806  243.3935814  262.4670813  48.6452301  71.43844433  35.42425886  675.2037626  211.2506726  2.385974428  22.8504291  157.215976  -132.5319772  3.065187383  236.158319  328.8587756  172.0682857  
244.7932071  116.3934664  80.84119752  457.9786068  208.8628189  482.2708019  419.566223  503.4730288  448.7355512  67.52525352  656.1381647  127.3757801  346.1422662  298.8574612  -58.84949714  233.5045604  263.7820403  45.78207797  80.82153953  37.5639942  672.4830013  211.3858481  7.37543309  39.30374859  159.0385312  -128.0889513  11.84989214  242.3041022  342.0007289  177.5970962  
245.9687102  115.6038752  82.71671134  463.0387017  205.5497313  482.1436125  417.6948273  503.7255453  445.5450542  67.07501164  649.1966224  127.117359  350.5409176  294.9069209  -62.20305916  229.2828221  256.480061  56.42365334  81.6777117  39.48437597  676.5165586  204.9880446  5.878492908  36.28375225  164.1733683  -122.4648086  14.88888792  230.4854459  329.8147363  173.077  
251.6500462  116.8743053  85.30566581  467.5348338  198.9255943  469.9038795  426.2831216  507.0075551  448.9887945  65.90571226  652.201681  127.5232512  336.9791014  301.2777096  -63.02577974  239.0622676  265.049492  59.73264023  61.67678838  33.22407568  679.2879797  214.9473329  6.690573587  27.70133368  166.9231103  -123.8590505  5.238647345  231.3599279  321.4373507  164.1748761  
249.627779  127.8555602  94.99015087  465.8661183  209.1226792  467.3667769  413.577537  504.5644668  448.6215223  63.8150062  641.2624006  128.8623561  342.9213706  305.7428914  -62.33363246  232.3324979  268.2046286  59.40070795  73.56850645  41.7927764  680.9558598  222.5228597  12.0028066  33.29179246  183.1228147  -120.8911892  13.18540322  228.4524063  325.7237525  168.0209608  
243.5747354  149.3151352  92.19629955  470.4063045  202.9203549  468.324705  419.3505257  505.6509121  458.716562  65.52533944  626.2651436  137.8100977  337.9650042  311.2405394  -68.52089782  228.103807  257.0399885  51.61221608  61.10393836  40.65572123  671.077792  219.3364094  8.228333118  21.94208681  172.693418  -136.5982532  5.981053012  231.0458621  329.1131445  157.370832  
244.2966143  144.1387559  81.7615064  463.9730913  218.7810581  472.6543587  419.8252921  501.3578071  452.6640277  70.96232666  629.9578651  131.8567795  349.0785937  311.845923  -69.72364056  228.9436183  276.9041608  59.21385241  73.44665198  37.69822169  677.6516362  214.2686278  9.995363533  27.35943917  182.5327391  -121.4503276  15.08244331  236.9710496  328.6661394  167.0875316  
248.3473494  128.4965694  86.01231184  464.3966698  205.3553584  466.7985579  425.169009  501.1156895  454.3448306  71.40209098  636.2407586  130.8152309  337.1754289  313.6916346  -74.6942761  244.0995631  271.0205043  52.06266298  63.63447429  38.66477997  676.5351727  216.459421  5.142936446  25.23857883  180.6848997  -129.915042  9.216034043  232.8657171  327.8418877  166.952151  
248.3213658  127.7044983  86.52624288  459.8949133  210.3422427  467.0138151  419.6153019  503.0309511  450.263738  69.80147497  636.2336831  130.5452401  336.4004282  308.6713014  -67.49103495  247.3345098  275.540361  48.30768315  67.34279818  32.925175  679.9214954  215.7239807  10.85454366  31.10936569  177.5992811  -128.063504  6.911400633  234.9540959  330.8168581  173.0454091  
248.541748  122.9883963  86.0868528  461.9385672  201.7603769  462.551556  419.4304111  503.132402  452.5858085  70.34454162  640.2322369  128.4408676  325.6064217  304.9543647  -68.38667062  243.6330008  267.9444942  58.73442697  58.55567198  40.30127735  685.5409363  216.9945515  11.17463477  33.44141036  181.7478058  -119.1978636  8.531436852  236.5484858  328.4989706  170.6420946  
247.3571355  117.0981441  85.20437426  454.5030996  199.0447093  460.7274066  418.9906635  494.5387855  450.4507594  62.50587452  634.1635736  131.8641482  330.1314095  304.2037404  -58.02300498  240.5778729  278.9752209  64.6740489  76.07972261  30.68626868  684.3879085  211.0159875  -2.066806698  37.79767978  171.0743871  -126.0869366  19.4982451  231.3411775  331.3708873  165.554427  
249.9769965  114.2220929  77.28389979  455.699539  199.8712753  456.7642908  417.9075501  494.6633934  450.8058329  68.14270139  638.9947437  127.2309208  335.7879717  301.857527  -59.78081676  252.7110578  280.8346487  69.02022707  75.17564084  32.37650399  687.5484306  214.3823783  14.7425337  27.43858434  174.0242223  -110.4107765  11.6237033  228.043756  327.8363856  172.3028284  
248.4884921  112.0957497  79.15695766  466.870651  210.0445193  466.093714  422.9352354  497.8442568  456.7232724  77.25162674  641.5516603  126.5110811  340.2690037  301.6638409  -61.09265551  247.9319113  290.6538396  65.20894792  74.49540696  33.0447518  694.5148286  220.2317606  16.06964141  30.03334175  189.5588617  -113.1402802  24.85677697  232.333498  328.7975057  161.4113135  
247.0342498  109.7922152  87.54427094  477.6502811  205.3866494  477.1073188  422.0219049  499.6220845  453.0398247  74.06547559  652.7534238  123.4341479  338.8204696  310.9308916  -60.82219648  246.9844251  269.8886604  48.28031673  62.97143406  35.064305  687.9368996  223.1633933  12.62000261  25.76374809  174.171645  -124.2638312  10.59573956  229.5254768  329.1483632  166.3194005  
241.3509685  109.5131183  96.85816525  479.1549707  200.3991591  483.2077925  421.4913279  502.6381191  454.6844253  71.72054046  648.6349525  127.2003513  338.2139622  306.9785902  -51.72829966  238.364745  264.0259756  54.54232661  63.25865956  42.10568831  688.134791  227.6126885  4.012095778  37.32767631  167.8410871  -131.4826158  7.865281706  229.942656  331.8000669  165.4373659  
245.9399871  125.6261432  88.3235719  462.8330153  191.7581787  483.6390646  425.4377599  500.3124436  452.831843  62.08034626  627.3835179  135.9751508  334.017838  304.1411613  -64.13444417  226.5921042  261.5345216  65.53405724  81.41356631  34.62665661  674.2366819  206.6450066  -18.6768128  30.35490773  162.8283352  -142.361554  23.64367003  233.2746987  324.1687719  153.054534  
249.4716775  109.1653955  79.75949606  450.25411  196.6801677  467.1037081  419.3822647  494.7003125  435.0814074  72.90657017  636.5742104  129.0208284  331.1461779  295.823376  -48.34226642  224.0082316  275.6648041  54.74433359  86.53013371  34.03935927  686.4428491  199.0056081  -16.0732  39.6163766  172.8200026  -122.6991951  25.71955467  236.6300495  312.2816754  165.6748734  
255.0604517  107.2506594  91.28311248  455.0215326  198.9450579  468.333043  422.1262128  498.9561522  433.9474334  69.70904931  648.2511953  122.8954262  340.1940935  299.15547  -53.08143844  223.955744  278.219233  59.14090052  77.83509442  32.94108824  702.3943739  212.0128323  -3.145674824  30.52453067  175.2150847  -118.2910849  4.020396907  229.4938661  320.9383548  171.8785199  
246.8054885  112.0784727  89.92530462  456.3864584  201.1288652  478.6110709  418.7829163  492.7311504  453.724688  69.2384888  654.8787545  132.1302633  333.5591356  298.3517497  -68.88036488  241.1757328  263.7060741  61.66100074  67.84427957  37.67091743  683.3750544  218.5300533  8.062731211  35.27488979  168.0342676  -119.5519655  1.543222336  240.9072387  338.3318215  169.4081101  
244.7344427  112.2583436  87.47640266  450.9893848  194.8605233  480.3102664  421.6431777  498.98911  454.4451389  71.92094882  643.8591833  126.965073  335.0783703  296.1009677  -67.09087094  231.0211716  265.5749417  55.8374689  78.08419394  42.33600262  685.8518408  208.417265  -3.055926959  31.86727621  165.8474044  -123.655682  10.42644004  236.2703177  319.5085974  156.4216927  
251.5088035  114.4232364  86.73791308  453.9459744  199.8666459  467.7841886  432.0924623  502.7514801  456.7915223  72.51999924  645.3069346  128.617418  332.8798178  308.9538018  -58.77432206  244.1543574  278.4787518  62.0930029  64.24380635  34.44510719  696.6663726  211.875526  6.854784882  23.78971159  169.7403038  -117.8637569  1.476382965  238.9109077  327.3743965  165.2747348  
246.9641478  119.4012293  82.78484049  452.3464691  210.8999093  471.9356184  425.6623196  496.2535963  454.4759368  66.70215916  643.6358685  130.7324051  338.4703779  303.2350918  -55.33448216  234.6542756  280.3180897  58.41194348  79.94978465  37.75417755  689.9462181  212.6928378  6.776844962  38.10559526  162.7283307  -122.0675897  8.568492857  242.9702523  331.5803532  169.3925496  
249.6646527  108.5848949  86.69035134  443.8218628  198.5663936  471.385788  428.931652  502.1044808  444.9986266  70.14602768  644.4482564  123.6532467  336.1033968  294.1895658  -56.09044328  233.0546379  274.8588343  66.01608198  80.66395723  38.79456516  691.2628156  207.577611  -0.1675639576  31.10250032  153.9276413  -120.5293733  11.9603486  242.8213547  311.2494341  168.7666925  
253.9697967  103.9873548  90.10016095  444.6857842  187.7942734  468.2014156  428.8295912  502.5437781  439.4355302  69.53495919  649.1239564  120.627523  325.6993447  294.5230195  -48.03483064  230.0453525  283.061496  59.04084085  73.7697342  38.77510791  701.7974487  209.9129231  -5.337831666  29.86277874  148.4134159  -129.1868471  6.087972257  234.8358551  309.8963866  166.3033108  
242.5091071  102.2783533  91.61460075  453.0712569  192.1893248  471.5703421  422.0507262  490.5119615  445.1140766  73.5284344  651.0114705  125.5309209  342.3299454  293.6748554  -35.3129714  231.4569993  272.9874306  60.89680281  83.30861336  40.54291953  696.6117463  216.371167  1.963373294  47.04808862  150.4084999  -121.5967392  4.471532882  233.3693415  337.9539923  170.1867766  
241.0250776  113.7124215  85.27182553  464.8871249  195.8075843  481.3122892  425.1524314  494.8538402  469.8238142  75.01968  639.9621556  126.7277284  342.6898746  302.9120474  -53.71768203  245.1020445  265.6837714  74.51360993  80.45984829  31.93398765  684.7248335  225.5816657  6.858611689  26.2316281  168.7982349  -122.256293  14.56043522  231.155789  342.0737405  160.6460831  
240.6652697  120.9755179  79.00712738  472.2298128  211.0815382  484.1860547  420.5122891  499.6748657  462.5788102  68.80919036  645.3446  127.6866646  346.4213983  307.730741  -57.87766016  243.0291369  269.760052  53.46528421  81.73227928  33.16261761  674.0145435  222.7258835  2.830712957  42.23734984  178.5553765  -126.7365471  23.2416778  235.4828691  340.2420011  163.8116588  
247.6710013  129.4103555  82.51727837  469.6899088  211.1009199  485.4617904  411.4121555  504.866347  454.2658239  69.94345974  644.1831844  128.0952222  335.549042  305.6896258  -83.8502503  239.6998037  257.5597004  51.6685627  72.33887793  32.85534009  664.148082  222.2116396  9.235141838  31.62970356  188.1602809  -128.7324995  19.07148492  233.1992403  327.4216709  165.4223084  
247.3420344  123.5836019  89.0542356  466.9249062  203.6754724  467.4532218  409.3511723  497.5745229  445.0083356  65.71332515  645.0428538  129.474289  332.9420719  306.2336482  -63.55062259  233.1436462  263.4725713  60.02969519  68.46493357  36.65404027  674.0873708  220.5918736  9.26513473  36.60503212  179.7701453  -117.1364152  12.40697149  229.0421724  332.5260675  172.2235048  
243.3380035  124.6109916  94.97260026  466.6840246  198.2372849  463.5361383  424.9384173  502.066866  448.288896  61.89773899  636.0271234  136.205642  331.0067061  305.4617858  -61.85061569  239.8605614  261.1677161  52.27981294  71.36320535  28.60998225  671.5094195  217.6815989  0.3590889672  25.19080952  163.2361028  -144.977372  11.4069269  225.8419489  338.871926  163.4317545  
235.5066938  125.5656579  85.22775543  462.1822515  204.9052256  476.8404813  420.848754  508.2806004  456.9037948  68.35661823  630.9358682  135.8606483  345.4335726  300.688694  -67.04150623  242.9970863  257.2047727  55.34548206  75.8588985  30.22925839  671.0711083  222.054037  1.287217394  27.55895707  179.593801  -133.3206151  16.65757074  233.4227922  334.8719143  162.5778955  
237.7989361  122.5340808  79.53656433  462.9988874  207.8525908  479.0291936  413.5798302  504.7944165  449.8253648  59.81692976  628.3026511  131.6582836  352.9335578  306.2983989  -67.61738687  232.6684663  254.2937783  53.12069726  83.39422974  34.40977783  671.0415401  209.7634067  -0.8501059836  35.13194785  165.1333787  -130.07189  17.61882047  227.3586698  322.1483317  165.6258841  
243.0972261  118.170406  83.55584102  467.0883292  211.4806717  468.8807116  422.1182278  494.7716265  447.3159  61.33944042  636.6616254  131.5987361  339.4983249  309.4509353  -68.48800335  246.8435313  268.1953504  59.39101235  76.7267242  31.94056955  670.8893777  218.5422104  6.172447214  34.61958199  176.6446666  -125.1558053  17.41497234  230.1302196  328.2100318  166.8002449  
251.489924  117.1993885  88.14091824  465.8525583  206.0974114  459.8500986  418.4768819  497.8501615  448.3525198  67.14156086  637.2524181  130.2629628  331.9867456  309.5756788  -65.60460829  245.8721122  275.7380746  72.20486667  71.59209238  30.50080507  679.1010117  221.7489707  10.87983227  27.6101954  186.2933447  -115.7831647  11.89943022  223.830951  333.4682003  167.5914325  
249.6573106  110.6648424  84.87402184  459.1922877  203.4084471  462.2685512  418.7685634  499.6489987  441.8055398  67.44864237  638.0640893  124.7247096  337.2814809  304.2083082  -53.76992592  236.6517767  281.4349855  66.42016797  76.2679416  37.43003996  685.2489305  215.5478599  5.136871458  32.8916068  178.8738293  -117.4120475  18.92843465  225.7560773  321.92353  167.5205549  
254.1191787  113.3588677  86.02693448  460.5502451  201.4568576  467.6099675  417.4096403  498.6733297  446.8462886  63.18695258  637.2867001  124.0687891  332.3094173  312.2798478  -71.69770081  245.2085266  269.6679978  57.28212805  65.61993332  35.72835244  676.3567156  217.167911  11.5586336  23.5954617  168.2298373  -125.1204495  12.40546719  224.2659503  317.7385369  167.3048136  
252.0673352  111.5757753  89.94339107  461.2611935  200.7164979  458.3451795  411.5833729  489.6127888  449.2309437  68.52199712  648.104402  133.7159081  325.1561915  311.8540375  -74.01127196  252.5861455  268.7867543  52.08377411  63.57298178  37.20667414  674.4537874  216.5379698  7.916513232  37.56882394  174.2511507  -125.6020863  3.978179765  225.5414426  336.1623075  169.6919998  
243.6747478  118.4060908  102.2063042  471.7596846  199.4273451  461.3584288  409.5410108  492.1160204  447.8636252  64.38626099  651.8356355  139.0797787  326.5881761  304.2033861  -57.64377105  237.5511904  262.1653972  41.48479322  65.6258555  39.6553681  670.7947465  225.7428226  4.117868071  48.98198775  167.4993151  -136.3784912  -0.6798616123  232.1422687  349.3144206  169.4850179  
236.9360589  133.3415855  92.94945269  477.7166881  205.2204845  474.8062924  426.1607691  509.3055607  465.4002431  63.91425025  633.5878408  141.3466308  340.0716298  304.9038652  -56.68269806  239.6140296  253.5843955  48.91020821  66.43782927  33.5775454  665.3058713  223.7663904  5.633497816  25.90480627  156.2434805  -137.884701  8.833490371  236.9522759  337.428507  159.698864  
243.676569  118.2709372  85.54745568  461.6602181  208.6425836  470.0282892  423.5513847  508.6105152  460.1002011  68.76412304  632.9972757  132.6407725  340.2399646  303.0471239  -66.90309287  248.0701168  257.8133164  65.54213636  77.97248264  30.51552546  668.1838012  210.4617262  7.432075171  21.19555041  171.6982687  -117.7775729  22.2746386  227.7750283  327.9029158  165.4113048  
250.8094181  109.8265774  84.61496838  456.0590034  202.7245384  466.8094483  424.2733072  504.9214499  450.872508  67.42031043  646.5318818  128.2204215  323.0322471  298.843756  -62.86959147  253.0428998  272.0294921  61.38232009  66.44648103  22.91822402  678.464345  216.188714  5.769929669  27.88012794  175.8334344  -120.5534447  12.58468679  232.9526701  330.5265081  163.6713139  
243.8428268  112.824315  84.16130304  455.6939392  197.5431517  468.8474634  422.2204504  499.8917212  456.3392007  67.08414367  637.4821235  133.0210629  330.5798244  304.7235611  -69.20605701  252.012617  267.4214029  58.8144026  69.50961046  26.64309155  680.8700049  215.3587744  0.6011612823  32.75932636  173.9034569  -124.8570355  9.279699759  229.1449803  333.8270454  163.1037968  
243.4547332  116.5895423  77.65587811  461.3037988  201.5078226  472.8491434  427.0827785  497.0788582  445.9043002  62.82426607  634.521446  129.341198  334.6747678  306.2489715  -52.86532722  231.1364388  281.0630389  52.07805219  81.38083943  32.34163164  677.1530253  203.59762  -3.04666951  31.43223654  154.2185961  -134.8133826  16.45187893  232.1928587  321.9544757  163.1948978  
246.0238083  102.6441999  75.35058847  452.6273938  210.5847055  470.0979019  425.678225  497.1993319  450.2575442  80.55780129  645.2767496  122.6208825  339.9620765  304.5426901  -64.82430632  247.4642649  287.8017645  69.98424249  79.44793128  26.31272665  688.488332  213.7695665  9.353298883  22.67315759  195.1032994  -110.8760775  27.23258812  235.5115325  323.9332537  169.9335209  
247.6093419  107.8300701  78.59525315  459.3447034  200.5003857  466.3446959  425.4749539  495.3279707  453.5978678  72.40067179  657.9517625  122.3364146  323.9028884  310.3497423  -65.82272  252.6514934  281.0090235  54.95634454  54.50767234  31.45931302  693.5813737  213.2841072  18.32674166  25.86261948  166.2631646  -117.6874862  4.079077243  238.3304118  328.1693647  173.6575547  
248.0323718  109.1891777  92.41955022  469.3643189  188.7237245  477.2316305  419.0352904  498.8508092  449.9295356  71.30645655  656.618498  123.0348477  325.5173836  308.4783433  -56.06459762  239.1431289  269.2416485  50.91392476  61.73821521  39.86519866  695.4231688  221.3509153  2.626249545  36.98229588  155.6888474  -133.1001223  -1.934359886  230.3804085  333.5008015  167.1938793  
241.7517987  109.5211088  101.09675  479.4035709  197.9155072  480.0958411  422.8550977  499.2195114  456.1949509  69.87218562  659.6677494  129.6539599  339.9573062  299.8977731  -57.41694297  236.7841645  253.563362  55.31142554  55.1519464  48.77686017  677.6187494  234.0593343  5.075296424  52.64553462  169.8907299  -124.2795266  0.9080856619  234.2604882  339.7735356  162.2533355  
242.6190859  133.3090903  90.24829462  468.1986521  195.0354527  482.4321857  420.5420586  510.2179935  450.1398539  64.5362363  638.5719228  132.4755661  349.5917843  300.6889865  -59.00953823  215.0857578  253.3426091  51.97976162  77.07946194  48.0654941  678.0861701  212.1707115  -3.225355208  40.98708508  165.2423642  -137.1719979  16.63615574  233.4437397  325.5412889  160.7555513  
245.3518794  120.6763904  80.87849473  453.3638392  204.4884538  468.2889333  413.0476014  496.5667468  445.5373237  74.43758915  650.8475787  127.9262207  344.5613409  303.0896265  -68.74175951  232.8129808  264.9058823  52.03063919  68.58473231  47.01742174  681.0648642  203.6880631  14.57674065  43.78886035  172.8332312  -104.8464158  5.965429735  237.7385509  327.3407039  176.8376553  
249.3697032  127.4717974  82.83455352  461.2280298  207.9513117  469.5791116  413.2835219  497.0357111  446.322483  68.20808238  645.6543787  127.3778855  332.4338985  308.2581295  -74.31697952  238.399918  278.5950741  57.63223357  62.27103756  34.42200777  684.1222705  216.4163189  16.21153556  35.39780054  181.7924578  -117.2165864  9.787811054  234.4761868  330.9929185  171.2597069  
250.1832337  128.6907231  83.81461634  468.2112457  208.389351  476.9105505  413.7100824  499.9534843  456.022678  69.25516286  637.3883028  124.1088772  340.4442016  309.0084559  -71.43776661  234.5780674  267.4857435  69.55847998  71.83304469  40.21705804  684.7998691  219.914464  10.81806821  30.33940117  189.2477349  -115.6478574  19.74043648  231.5932528  326.9331502  165.0880952  
252.0429824  130.0295913  82.78241784  464.8571548  215.7534757  474.5803743  419.4622503  501.1303782  456.0651669  70.41224314  641.9634217  128.7514459  338.1558323  302.9660858  -72.46386497  242.6634947  280.5108499  57.39856007  74.30099635  41.03350058  680.5304814  212.9222149  13.81690704  26.51364681  188.2769973  -122.757651  16.30632868  240.7081358  330.0134402  163.5814693  
247.0209334  125.9290447  77.39754828  460.6486424  207.2027064  475.9400022  421.9062866  502.4097968  458.0396806  73.20304264  640.4892317  129.0305669  334.6799066  306.3019965  -67.51349009  247.2380736  278.3238222  57.9611351  66.40173086  31.06812323  679.2366168  216.963153  11.62804922  14.23557858  177.2921335  -122.1825253  7.652314468  234.2134876  327.8026572  164.9065418  
245.0338199  119.4911096  79.88832151  461.6892448  208.7986711  482.9767519  419.8141358  495.8853001  455.3751754  73.309838  638.6906553  126.3624692  343.825174  306.5211796  -65.72288696  239.4056839  274.7904281  62.07522338  79.7732729  28.48982789  679.8707168  214.9083889  7.234843022  21.42601621  171.7090647  -121.0051716  17.08159616  229.1846074  329.4843478  166.1468017  
249.3225407  115.4620427  86.04101015  467.5762462  200.8156017  472.7634403  417.3425877  495.8819973  458.1511471  79.53288648  639.9908154  131.3672766  335.7472124  306.4525346  -76.72270544  248.0943475  269.6842252  60.35771427  73.37327878  32.44654497  687.0586082  218.5290057  5.715265402  28.78314249  193.530136  -121.9303997  17.48732631  226.7370592  336.7057919  163.821776  
241.8751627  127.723405  89.03329417  474.3981094  206.8317612  476.5213495  414.7777511  497.0082557  453.8431607  72.76552621  636.3245007  133.9417285  338.9935495  304.5234708  -64.41007041  238.4941113  267.1126697  58.08210515  73.80213823  41.44910165  683.4782851  226.0074152  5.283293496  45.77396503  189.629016  -129.0022627  17.46589915  231.2665856  337.1651904  163.5142087  
246.0992537  128.2453412  89.92673634  472.0965462  200.8334674  476.275665  417.321271  499.8248178  448.0712363  63.41074158  634.445735  127.7356195  344.422107  307.2366949  -65.46840738  222.6083963  257.3778253  57.34860334  76.3205021  37.57335797  675.7072838  212.0866838  -0.3973067395  30.03749808  160.7213809  -130.228471  12.89247874  224.7704013  320.4245949  164.6355136  
250.2819485  119.0564339  81.80752431  461.7002904  218.4354693  470.1403874  420.1900251  494.7107537  447.4288249  68.46789093  649.2886575  129.5779417  334.0495332  306.1888536  -78.03897578  244.3866348  272.5073481  47.59681224  60.53213893  36.92338038  678.5740294  214.3275332  16.02108103  39.26980861  182.5893099  -114.3946085  3.600883607  240.1170203  325.3474515  172.8201062  
248.6858609  119.2690393  96.65912075  467.9875276  204.1420975  464.8966768  419.7965668  503.9716391  452.8491814  63.83285533  650.9149419  131.2522372  332.8638676  307.8475869  -72.72648544  249.736467  268.1908385  53.42742041  62.17434422  38.2183214  684.2256292  226.8825209  15.245302  36.13331199  171.7622676  -129.2294345  -3.157703539  228.802648  339.5026346  171.2663813  
242.9910801  126.2024938  94.68537417  471.3669055  205.677653  467.0889592  429.1247553  507.1286052  459.3485618  68.57391419  637.2454955  132.6587393  347.309434  300.5933344  -61.87007653  242.2679453  275.6332072  65.42975749  61.39131734  46.82951578  687.8824277  231.4434016  16.99696393  33.36988443  179.1754344  -123.4590757  10.87496264  234.832212  331.3207193  158.8547607  
246.0425311  121.6786502  88.42940375  457.8874453  209.0784269  472.2333547  416.8525834  503.0970878  441.6936766  66.46280071  646.2853045  126.1754232  342.1002833  295.5257415  -62.54091643  228.0086364  271.4503463  56.77747863  78.5040029  46.14803353  679.3493098  213.2742167  8.189188953  31.31060056  166.0902726  -123.664082  10.74097143  238.0381741  321.5433276  171.3744201  
249.9776242  115.415123  93.29014889  460.4538382  188.2433777  465.3222061  418.8707512  493.9702332  440.895549  66.76766053  657.9094316  128.8205505  325.0025794  298.5873632  -60.1647583  231.7250526  262.6882203  49.08970412  61.39910398  42.24780093  680.8463049  210.2358441  -5.269847773  43.17115569  145.4795661  -136.8179942  4.734744332  226.0792969  325.7101383  166.3515841  
243.1291125  120.4755897  95.8547032  469.0084891  191.5449723  469.354163  419.7797055  495.8512245  444.5874742  68.45348961  650.6738748  134.4395863  337.6098203  308.0760104  -52.30227975  231.9806692  259.9378314  56.80076726  51.67882376  37.20137762  689.4256542  220.1483895  9.237135768  38.01664141  153.5417629  -128.2547245  -5.458812765  222.0766165  340.4826825  169.1832717  
237.4330768  120.7166457  89.98825268  467.795045  202.5500997  480.9078558  416.8101835  501.3648959  458.2896814  70.92356873  629.6920485  137.7331583  356.4189101  301.299545  -53.72028788  234.1106941  242.3655118  62.06589782  81.28833674  41.99863918  673.7566707  213.4437754  8.763060544  31.78111628  177.0586905  -116.6348523  16.21687415  228.4505254  344.4631331  166.263524  
254.1592159  121.2023191  83.30796685  459.3538399  200.1629707  476.3792891  421.3900172  506.2878139  457.611644  63.20818418  627.6752345  126.978711  342.0984003  300.5038933  -55.33988985  230.2311927  253.1594781  58.24553493  89.73611022  40.61487922  665.856226  195.5485025  -7.39551621  18.2447546  157.1220115  -130.6947966  27.62042944  230.4597975  323.4389099  173.0757512  
257.7251222  120.6488877  75.36034912  452.8272747  201.2265523  460.9780595  431.7387612  500.9993509  451.7215027  61.32860387  639.5553327  126.3734076  330.0476654  305.4006803  -52.30016232  236.2899181  287.2731279  65.63230691  79.29519698  28.70127466  688.9531431  204.8639138  -7.130557884  21.04589395  164.3917404  -130.9357922  24.25948148  238.5859237  322.7199596  169.5260043  
249.8556613  113.5780945  87.83291173  449.4850733  203.1199196  454.8879566  413.9166664  492.5324939  437.0076472  65.98329636  646.5198144  128.3428902  334.0732652  294.3647408  -47.14718121  229.5220641  283.9942016  71.7698077  84.4560006  27.82275748  695.460183  209.9269292  -5.804333454  38.3023524  173.132122  -117.2225559  12.74828421  230.0298815  330.0695607  176.0336278  
245.8433056  123.8449292  89.95362537  458.8252596  201.9088324  457.1559759  421.4570076  495.7343266  443.117419  64.60619011  643.5775964  132.5941835  331.511244  301.5626358  -63.85398963  238.5404549  278.6957734  68.31912339  71.24750366  28.56656497  688.0566365  214.4347427  6.24424118  33.2087392  175.3685496  -125.5132783  8.38263132  229.9132175  332.5318637  170.324754  
241.4231261  111.9963236  82.02759037  455.5833273  203.9632586  456.4899199  423.7353331  495.023215  441.5401287  64.83746904  642.0951795  134.3067702  332.369406  293.0726289  -54.02453218  239.7262791  270.9585208  65.86123354  86.64923205  27.97580387  674.0783558  204.8201156  2.178967595  33.97581479  158.8135222  -120.5340028  11.55780273  234.9007507  333.5890771  176.6909117  
248.2779193  103.9627368  88.43300309  457.0398991  198.3161291  458.5941429  430.0655984  501.1726053  446.7801035  65.98806991  637.3317483  130.4823785  333.6446443  294.8014802  -67.80254057  238.4545785  266.0408461  67.82515502  77.39142357  32.23329426  673.9315769  205.1717792  2.110601078  24.96602806  167.1898876  -120.7651314  15.29695577  231.1812764  323.6108699  165.1419793  
250.1590632  105.0068156  86.90798789  459.1369807  197.6766501  461.8353703  426.3800183  495.6284059  437.3959076  64.69722642  634.5881295  130.823891  329.4893157  301.9653375  -44.83390531  228.3708025  282.8514545  61.88871722  77.28031556  33.59414166  686.4076847  209.1357265  -3.439245399  29.68532217  166.015473  -128.6575281  19.59226926  235.4832226  318.8774253  162.6080842  
249.1365092  99.0872454  83.9049939  457.9076034  201.2258985  466.169493  420.1717881  491.9246478  450.5935287  70.30835086  639.7136451  125.6935925  338.3073707  300.3437571  -49.28097614  239.8491644  273.8274211  72.45835071  83.97522533  36.02378529  682.47552  212.1328025  0.8898166134  31.42465496  174.4859309  -115.6328834  20.71642192  230.5542197  330.8877514  169.3610622  
252.9878607  109.9280793  76.81348369  462.3929895  199.3733162  475.7476379  427.534528  498.3683684  456.4164823  69.06572703  644.6179721  123.6640729  330.4219254  307.0596876  -58.43653267  242.1721409  276.3371293  65.72882547  78.67881443  24.98822364  685.2105768  213.1979955  -7.224138724  22.88254959  169.058699  -132.533011  19.18040467  235.7104995  329.8157067  164.8575887  
247.5014079  110.4237765  79.11357649  454.5506198  212.6696035  471.2680941  409.3057426  489.6044188  443.8088245  68.46097892  656.6296849  125.8701081  336.0679026  304.9398187  -70.04191993  240.1615988  269.0274952  57.57743154  74.95807576  29.58116941  679.6092326  205.7659878  8.936841248  38.67738795  172.8559356  -116.4452918  10.23928605  237.5284389  330.2082444  178.4219686  
247.7533345  114.4925892  85.68828497  458.4225477  206.8378133  469.4685228  408.6734615  489.3907031  445.6727543  66.87367655  651.8800327  131.3086766  334.2769703  307.6318214  -84.57722564  243.8613387  256.9223129  53.72614223  62.34445372  32.48162687  672.2397166  206.1978974  15.91043777  28.73472016  172.0712714  -114.5094936  -1.068259181  228.8657568  328.5950139  174.9434351  
249.7831018  119.5489083  79.16936662  462.6214626  206.5876508  475.6582278  415.9732564  492.2934681  436.1451503  64.17446218  650.6332614  125.8323732  336.0798055  308.2693091  -70.82547004  222.944016  272.0893688  51.23699872  74.40991047  33.35840234  675.8738177  202.6484843  4.283600406  32.64422153  158.1661072  -128.9775405  9.549167578  230.9095239  324.1660302  172.425391  
247.6719057  118.5816306  84.67031277  462.9563146  203.6492996  474.9920198  412.6918385  492.137427  431.9563449  63.61481012  655.5014347  124.5025682  332.5564469  303.87744  -61.52097325  224.9760521  272.042674  46.80058463  74.22578586  32.92594179  677.0019016  212.5326302  2.199403225  37.69767976  165.9339467  -132.2505715  13.87471888  234.5797609  328.5409325  169.2295208  
242.758614  121.4686387  95.47517077  476.4174174  205.3842262  475.8930013  423.1188148  506.7903976  448.2701583  67.65040605  646.137303  130.1259459  347.4995678  305.9607624  -62.74985707  233.7970899  247.1527409  47.38977233  63.0066458  34.07477328  666.7998871  222.8259007  9.891551796  14.70080209  165.4282688  -131.9666685  2.496956976  228.9274028  329.061895  163.28819  
236.0559168  123.6579613  93.43706653  470.7124017  215.2905441  489.7263852  423.1512558  508.1344165  454.2624778  70.70948057  639.287445  131.4853649  360.4489404  306.0039474  -60.6699844  231.9871461  248.0105013  45.95605227  76.06892708  36.60124638  659.4885685  212.0032295  3.676957965  19.0574671  166.6518452  -130.2732178  12.21613221  237.2005862  324.7972889  166.6263873  
238.8223468  116.6841813  96.853043  468.6230633  203.4010748  480.079196  416.70333  498.1741181  459.3490279  73.69269496  648.2458726  136.9968074  338.1606572  302.6744839  -74.78512183  244.948758  242.5273514  44.29525957  68.08838112  39.0601147  658.7521161  210.6667518  5.359962366  32.59228082  166.7233536  -129.7266109  3.119588857  234.2150639  337.3231979  167.9928855  
236.9512073  125.1596505  96.30123909  466.0365954  208.6734346  480.7681376  413.6724033  492.6985563  453.4482562  63.32432525  643.7927624  142.5841726  346.2909789  302.1029444  -62.92862199  239.3773572  250.655804  56.3248387  70.95548069  33.04789035  665.6112706  217.7210935  5.600765979  31.80528902  164.1797072  -124.3820456  3.067137988  233.8757667  345.657754  166.9933069  
239.6134524  118.5898837  94.3670427  468.5440357  195.6265119  471.0827698  432.3373302  511.3937291  462.2364841  62.93851802  630.8951604  135.9053304  343.4907482  300.477857  -56.14043424  240.8182167  250.339453  54.36369379  73.20893878  39.03792081  662.1482983  214.6915621  8.501027305  23.69799576  152.1183688  -134.6645583  11.44792327  227.1939166  328.153629  155.7433937  
242.8082686  112.6578238  88.16667109  460.5300082  212.640731  472.6932309  428.4210026  506.8812179  457.1113194  64.64222029  636.062903  134.1461207  341.1615427  300.7879521  -62.2904836  250.5590948  265.6188093  55.1868578  76.36936416  35.38457476  667.9691433  218.727851  10.33269953  35.59313189  172.4485742  -121.0821802  21.29381754  240.3618863  330.9226015  163.9744043  
240.3080193  107.1296035  96.99663572  466.2021041  210.0069671  467.5412348  423.4563288  502.9220805  447.9736194  65.65832747  644.9806695  132.4504949  348.6159991  306.8487234  -53.88292099  247.3845785  261.7984402  60.48201197  62.57477159  35.26731014  674.8614301  227.2765467  19.3149876  40.07314605  177.8501796  -113.4085177  5.825582973  230.7738546  335.9136747  168.8766304  
240.3031117  132.0260627  92.61240512  477.2294664  187.8304625  483.6487031  416.3022275  508.2883283  451.4352184  58.66314211  619.8672481  130.0830699  341.5425136  308.4769652  -56.26458188  219.6394918  251.5314758  60.61201761  72.06196593  33.74108314  683.1970951  227.2900654  1.17833119  25.92012641  167.493966  -136.0574795  16.82818175  215.8437928  327.6855802  151.2471326  
239.8599662  116.9627693  83.08156275  462.6799449  201.7887091  481.8872612  413.3311511  501.0612398  448.200615  62.69248004  628.9796869  126.5684011  343.5676437  306.9956303  -64.0182034  229.1234512  254.0154164  62.61877229  82.45619192  35.96427913  678.8599846  212.4704781  -3.269220365  33.41911403  168.693261  -118.1456789  24.24626469  223.1137711  325.0569357  162.4670097  
250.5958813  113.1905682  83.60631015  456.0466128  197.9718327  469.8210157  415.9649802  491.873889  443.6662222  62.64731992  642.9933877  125.7608626  326.3707073  301.1108562  -62.32053258  238.3347852  270.3899121  69.05368696  71.38339091  30.20680081  688.4631712  214.6459031  -3.267255784  32.84397704  171.865489  -117.6049226  19.44232471  223.9920719  327.1949718  163.8384262  
252.2978299  115.3219064  84.64071446  451.3741915  200.5978161  464.6465466  417.6121325  495.0971928  443.1661067  64.47638437  645.1890398  125.2318962  333.4124931  311.6387034  -58.92250329  240.5439373  275.0231768  67.82485043  65.09337583  33.16022593  692.4722947  217.9709499  0.9081618332  30.79362074  179.4696558  -115.3317951  11.96925328  228.6327759  322.0511299  173.2753442  
246.8731852  124.7488349  80.00482859  453.5674181  198.0938091  462.7801552  417.3979054  492.7461787  446.9611689  70.22424779  642.1436258  130.2232676  328.0538145  312.3493315  -66.49432119  243.7257172  273.0938008  61.6354617  61.23419896  27.31090746  686.7449986  211.1411575  1.378400448  28.03714239  179.4945611  -122.9022702  15.33022641  230.8468632  326.1247374  171.7571837  
246.5580391  127.1771541  77.43831422  457.7819614  202.1672823  464.3258268  418.5329152  494.027332  446.5686046  70.00599711  634.1577738  129.1267857  334.5442655  306.5860791  -74.27875083  247.1564218  276.9146539  65.59400694  66.98913579  25.90962281  686.3718265  210.434268  5.196908091  20.50467635  182.5364739  -118.8098456  22.26538234  232.2943274  323.9023609  171.6298831  
246.88704  129.0875036  76.65173418  456.2696299  202.1009652  463.0578243  419.3459003  495.2661903  443.3180129  65.62628102  642.8931496  127.9163923  324.6550546  308.1823628  -65.84680201  236.2469111  280.6793591  59.65177792  65.72387999  28.47033101  687.8566457  211.3591911  5.277651225  31.1667743  168.4248392  -128.0140885  11.55516079  233.8604136  333.2331533  175.3797462  
247.4224378  127.7550403  82.42396404  459.9269527  202.9380994  464.2058787  411.9669667  495.8893443  440.8839236  71.45915595  645.4208666  131.1221008  325.1038378  305.1611685  -64.18921575  242.6869498  279.7737802  63.32500693  66.7140961  29.22247141  692.631302  219.26841  8.751819111  41.00104976  180.6728671  -120.2453203  3.396136415  232.1234993  339.5789733  177.6388639  
244.1439125  127.4549449  83.47959492  462.4875731  202.6402415  468.3952989  424.9692041  503.2755263  448.09066  71.9615934  642.1215633  129.7054535  337.8165832  297.7900227  -66.10910388  243.713449  278.0924762  70.55342523  71.22765298  32.64295896  688.5757914  222.6067878  4.801006974  41.33482468  193.3182286  -119.5268716  13.10230972  235.7583916  340.0307046  170.3387803  
245.1284353  118.2328062  97.08174935  461.2832375  198.1372794  467.9508588  430.8745084  512.4618334  449.6050007  76.08749825  646.3477356  127.5812839  332.7197919  294.7455623  -64.58820289  242.9435928  274.5655669  48.29225446  61.18009405  46.15737955  684.8842542  234.0712797  3.566804434  50.5413667  184.3151057  -133.5008307  4.003797915  239.6525738  336.6555896  167.0387151  
245.8549982  122.0741317  100.9662845  469.0150564  206.1101293  469.1008122  425.6548795  511.2406147  451.5332375  75.64954776  645.2889625  127.7298209  344.7139759  300.1046895  -56.53515291  238.1338725  268.8718327  49.7541188  59.79081781  52.20247233  684.1459063  242.3121468  12.25609722  56.38549605  186.0625638  -122.4473132  -0.03748805196  233.2282617  341.5627548  170.8615541  
241.498086  132.8969239  90.71433441  472.0700622  208.9557353  472.7284819  419.4987163  502.4062901  459.8792501  71.63787665  636.6576921  132.5528965  349.3127706  305.8019212  -68.90085676  241.8645046  261.714893  54.4377967  64.347072  48.27583644  678.1572623  229.8642396  13.81810654  44.41512822  191.7719748  -121.5810062  10.5493246  232.4944374  340.1469497  164.9046985  
244.8532162  138.9754961  78.9962354  473.5711462  204.6102898  473.9066458  421.0681953  507.5120627  460.5252126  69.31740223  627.4677394  131.0611886  332.820662  310.3263531  -72.94105726  241.7451964  271.1893537  55.55865843  63.89587069  37.0645691  680.6034759  218.6055414  14.26911916  20.94594588  190.5895087  -124.9749011  21.86921691  235.6733398  326.247888  160.7253852  
246.4528557  125.3349158  79.00236191  467.299081  200.9597092  474.6100301  419.8921579  508.2237285  460.7203019  75.32810881  631.135343  129.210511  332.1269402  305.6907772  -72.00865252  244.0694443  272.2604471  60.66551796  74.35660884  31.23163227  685.3631446  219.0234993  8.086839299  24.1713333  183.9565466  -125.8394709  14.89515359  223.8543064  327.2397106  154.1590718  
248.6869905  121.9678731  92.83193967  466.4360806  197.8947446  472.991799  417.3087544  506.9755058  454.5618407  65.65983143  643.5515027  127.7928182  329.6834088  307.4363314  -71.24875675  242.2724854  262.4541291  67.61483706  67.00834438  39.95061475  682.8848765  226.9074042  9.232177881  34.05293391  175.7062324  -126.6491424  1.142576659  223.0716919  336.7650531  157.2261384  
250.8764972  115.1765339  94.64098236  459.9183308  200.9627757  469.325358  412.9938676  499.7542611  456.4894795  71.19879132  648.0200283  126.1954436  330.5989079  302.357499  -55.98424407  245.1750744  272.4975424  71.44496324  74.98817728  41.46221554  681.7065204  224.4181275  9.186853845  38.99586421  171.3756641  -116.5733305  3.603862878  227.0735668  342.6801188  166.4300269  
245.7932208  114.5317724  86.9056586  461.4052437  197.3088546  466.4905693  421.4153179  497.3659741  463.3367914  69.17384254  642.9917018  128.1229818  325.684325  311.2630121  -62.36786413  252.8233823  274.6091548  64.23403164  61.46031433  38.59752427  680.6067072  220.656202  5.929315448  42.35706456  172.334249  -123.8438854  14.70292226  229.6690847  334.4313134  159.1771797  
249.0536374  111.1988223  70.65112967  459.5996647  196.1227858  474.4638931  427.3520139  500.790945  457.4204836  76.21973599  642.5483268  119.7708509  335.2647974  315.8662582  -67.21591442  246.4557212  284.9600934  62.25173426  69.58779817  36.54667434  696.1061271  213.7549389  1.904518565  32.21663701  183.6599772  -119.5588145  26.44132555  227.3357487  318.1551055  159.7884766  
249.4640455  109.9514311  78.19690273  462.7304667  202.5219656  466.864797  425.7566824  494.4628717  453.2126061  75.23416316  653.284496  122.0962225  327.4380633  311.5059082  -66.36372601  243.366612  297.93017  57.46594714  62.0277753  40.41620433  705.0047562  221.3159884  9.560735615  41.0931966  183.2188383  -119.4885534  24.49299999  233.9518342  324.8162183  156.4949036  
251.6074321  112.1072729  93.00565917  463.1164985  199.7181106  462.2447979  417.4567094  496.2884042  454.2731711  72.90544875  654.5303715  125.5563373  325.2351028  307.1528526  -65.35131807  247.6798329  280.9781731  52.32537491  60.31174308  41.48328511  694.539565  224.3040259  15.53327963  25.99969055  168.2646032  -131.2434941  -0.380410924  235.2146958  334.9130532  174.4847594  
246.9899009  126.3684267  91.65721187  468.8618804  201.9352749  476.821872  414.505781  501.6647462  463.8025908  68.59084136  640.4855812  134.7269223  332.4084277  297.417947  -63.04613933  240.680106  259.0921878  60.68515483  72.62992088  42.91135546  678.3226431  225.0240758  5.089312096  36.08209161  175.0917891  -131.2101987  6.236981775  240.8443493  337.9128534  170.0820029  
243.3360186  121.4724876  88.1038089  463.0027233  210.3167631  476.5144478  407.1962633  490.2629314  437.9105884  63.27042739  640.7524677  134.4139445  345.373124  295.1932625  -60.13697022  226.7465218  257.691778  48.33269777  80.01748895  39.15572406  674.003446  204.5895576  3.818989483  43.32574697  158.4383163  -125.3300339  10.06532289  236.3557374  328.1150257  181.327757  
249.0655417  110.7386002  87.08012802  455.1987229  201.6466996  471.055266  413.232992  491.3522997  442.539995  71.38079015  648.4835313  129.3972384  333.7081659  303.4175543  -66.46664395  239.1084366  265.1030603  57.10790369  64.60652013  39.06479869  690.7852434  209.2363018  16.24064883  28.75422229  159.7188593  -112.2320732  2.153394206  233.0709009  324.2886601  176.0118056  
246.3201756  108.6924394  93.55256974  462.4425874  202.1069917  470.8656919  415.7529083  494.1757596  445.6918177  72.61276135  654.604136  129.3374112  336.0086629  304.8157715  -54.21065194  237.5709468  270.5797075  43.75194259  62.85405632  47.68053543  695.0120246  218.7996568  14.82388945  45.85461408  165.4169874  -116.8378024  0.6274178021  236.4406919  335.4235238  169.5678506  
239.9829819  120.6804999  87.29304006  480.845799  201.2044779  480.9694854  424.8327638  500.8831105  470.609101  73.74236849  643.4085531  134.0858776  344.2189514  306.1052311  -58.96200903  241.7001744  256.4022055  46.67383416  64.33037768  43.56557903  678.1941605  217.5719822  13.89456066  35.80341291  161.3652897  -127.1902877  7.895444912  231.8568721  338.5281822  155.9048215  
238.5479996  115.0263158  84.77782101  469.9367351  211.7900818  489.4274903  423.6138321  501.0436481  464.4696053  72.19797851  639.1813652  128.5305373  351.5260922  303.9480174  -62.23761169  236.1730392  267.3436584  58.66011874  78.8595965  38.2414048  679.0291949  217.7600054  7.652051974  28.24555793  173.5088724  -124.3638838  23.46676905  233.4761166  330.6642852  156.2810921  
247.5005544  108.4261839  84.77433471  462.1125468  211.1619538  478.5329543  422.8861728  498.8623366  458.7170007  80.3069905  641.9016324  125.6997614  348.6368904  311.6152144  -60.12116174  245.4461593  270.0602376  68.0057031  73.03826259  38.20153767  688.6784383  218.0058825  13.56886076  21.76741065  181.8485988  -110.8298157  15.47027144  230.6650168  327.6329041  170.4053004  
246.011672  116.6040383  85.72974275  464.6840724  204.5760718  471.9087008  414.3770885  494.990313  456.7380256  73.64640595  642.5431288  125.1552461  345.7224702  309.1619249  -58.80236484  242.6660215  271.9625842  69.16476343  72.50517702  43.37769294  689.4426514  221.6998584  16.27337446  32.54961871  176.9895728  -113.2555671  12.0140669  230.4144065  335.5621356  174.8939216  
245.9517157  117.4914103  88.19989143  460.2177603  194.7549922  473.9250701  418.4838619  500.2594153  455.0673298  70.74401251  643.7354187  129.15178  336.0209067  307.772992  -67.48801568  241.2483914  261.3458993  62.27311707  64.28077747  34.44215934  681.9581161  217.3039169  7.147750705  22.0942349  164.5897734  -122.995431  11.74001306  227.5261354  328.0820045  164.7313446  
246.3739945  110.9059015  87.29190324  457.8387399  208.4792905  474.0939285  417.8265149  497.4655759  447.4726805  67.66281692  648.9982809  129.1437358  342.3780415  297.4562672  -58.50334618  236.2191515  270.0067702  57.00596323  73.13658099  31.68086557  675.109361  210.392316  6.850889416  31.19148343  152.851814  -120.0639975  8.28375406  232.9729413  333.3938555  170.0049771  
250.558797  107.5048615  87.42236474  458.0667703  202.0950616  477.2088839  424.1043854  501.6242848  448.2087087  68.446799  649.1839526  120.633233  350.2487224  291.5976319  -59.60241481  229.9505107  269.0688551  64.01989473  82.94182238  38.19755269  679.5897802  210.5176325  6.456529358  27.21068748  157.2493022  -116.9828213  12.29496366  230.1455687  326.0670891  167.23925  
250.998348  109.8204698  87.30571269  454.3012313  200.4035929  467.149212  430.279701  499.4026944  436.4406944  67.83490129  649.5835766  124.2311702  342.3235336  284.3281773  -52.44371592  229.1824963  291.129414  69.03453894  80.8747029  38.66941824  691.9454359  212.890639  1.141594667  30.92891287  168.3163333  -117.3514997  17.05989811  237.3734442  321.5005929  167.4725678  
253.3157521  113.7195505  89.52826275  454.1223819  197.7560283  462.2407546  419.8653725  497.576087  436.7598778  71.24268651  646.255198  125.1379191  340.1432439  288.6547238  -51.92911094  229.7303543  275.312099  68.45272882  84.97027362  37.2716357  684.8789119  210.6873158  -1.510714192  27.83330531  164.8165772  -116.2489509  9.608487606  226.7806885  318.6984203  174.8198769  
246.7175419  121.2632486  83.37123607  462.0086633  212.477052  466.144616  415.2265119  498.3068877  447.1989773  65.60989609  641.2557431  134.5049221  336.4224682  301.3342201  -60.10917497  241.4420541  276.1499327  65.42661923  73.19815691  33.55060878  674.4356748  218.6758661  15.36549255  32.41054114  179.4273937  -115.4370576  7.992555384  231.6088928  337.5618114  174.7314955  
242.0526977  124.1158184  90.6142474  474.2333763  201.7926716  466.9154529  416.150535  500.1888503  455.9840974  68.59723683  637.3369351  142.0593472  320.3447371  307.339788  -69.95122658  248.5597042  256.4427383  50.80327158  59.91712536  29.4888134  667.0355387  222.0926357  11.43387197  30.06324868  181.0625024  -135.4810413  5.436902521  230.0172767  344.1196124  163.7009319  
237.156309  118.0792455  88.24765162  470.9599091  212.7209008  473.4994875  416.8304849  493.5606707  458.2636063  69.3398793  632.0342354  140.7999469  339.6843972  307.2920916  -63.83677763  251.962636  255.6288685  65.7241712  65.37033977  29.94699028  669.8571046  221.8499699  14.3359676  33.98965679  184.7758876  -115.4439015  14.34115597  236.633822  341.5404268  166.054532  
242.4284864  98.81262964  84.39496989  460.0622552  192.0075582  468.7997419  422.0521011  497.7102341  454.100897  74.66277427  633.6284066  129.466073  329.3393689  303.7548002  -56.41287653  241.1023184  256.2983294  64.25302822  78.81666685  32.05359201  672.9998253  207.9605874  1.066594108  26.4143543  156.4025981  -117.8295782  11.40594807  229.8966631  324.0186303  163.2042626  
246.0886322  106.6193851  79.39693363  453.0590137  202.6474937  471.238464  430.9096414  496.7469601  445.432801  64.60043185  637.1121617  128.0830406  333.1043281  307.9448143  -57.53920895  242.0037194  283.1359744  73.24343895  77.83844907  26.02749749  683.0161321  214.2999666  -3.881777748  28.31744853  169.4027604  -119.6900939  23.73296506  239.9502345  319.2830167  162.0719905  
253.5197806  112.5503968  92.40009571  450.2374045  198.1994103  455.8476268  422.375749  504.4332703  449.6550539  68.77553375  634.4583207  124.0726446  328.5580277  307.4534684  -58.55608333  243.7983725  282.3690085  69.60819127  77.16373286  25.70136865  698.1763851  224.6785574  8.672067913  21.14529817  184.0531632  -117.7491509  10.934898  227.6343323  322.3309179  160.1230449  
245.3396802  119.1342353  87.89970372  452.8151815  198.1271475  466.9517848  428.0652097  506.7736391  457.0060073  57.50476116  629.4575835  127.7849599  329.9844655  306.665487  -61.88010578  244.2302817  266.3136031  65.92679754  74.09715553  30.28995713  682.5269314  218.6942692  8.612372494  16.78002548  159.1527254  -127.2116497  11.93164837  238.3257553  321.0658263  163.3883181  
242.7734482  112.4579638  80.59347268  443.4582376  209.3894255  472.3664395  419.1702277  500.3482703  454.3859206  65.56538241  633.0423049  129.4282693  332.8466368  301.6683993  -69.19785314  243.126241  262.380723  60.79114411  85.38168172  26.06619391  668.2824175  201.6651272  1.310245902  31.76117234  155.6878051  -120.4988969  18.19180013  239.6989036  320.2474355  168.6853661  
255.0998016  110.9743921  89.08566271  454.9123232  192.3895379  453.1705406  425.0953051  500.5965147  449.423192  67.70748377  642.3739055  128.8551354  322.7400553  305.9265827  -66.53171492  248.0960779  270.2252931  59.68080709  61.41097373  30.11042663  682.2899567  212.7463534  6.339374069  28.29726109  169.6599609  -124.5429104  10.85928233  228.2376972  325.4609718  165.8585343  
249.6739787  120.0346943  85.85759247  459.7350552  198.0098886  464.7209652  417.4122562  492.7110984  436.2472211  67.1712021  644.2437757  129.5363122  332.3109804  308.4569317  -55.57917948  231.0905864  272.8748035  50.1173278  67.87262392  33.50172684  681.3363274  212.6317921  4.985535683  34.47678409  166.4287186  -128.3515686  7.208764274  237.9817818  328.1296715  175.1246284  
245.9097579  118.4698037  87.36832102  458.8686711  208.8484292  461.0520427  411.6833851  486.5431096  441.3778421  67.90012028  644.9631805  131.9706342  338.3788881  305.8154208  -65.56001625  235.3051824  266.2954975  51.83095762  76.38505473  33.58538141  676.2527993  209.2992752  4.197207583  44.0213631  176.5652746  -120.2582179  6.736473333  232.2218028  339.4160861  178.4888557  
248.668017  118.3230173  88.0747525  465.8140378  206.3944354  460.5059276  417.2060885  494.9960963  435.4426279  61.64091138  645.9706177  129.3159378  335.5619409  305.3780847  -65.03094039  234.7276861  269.7554628  51.00474647  68.4975263  31.77891229  677.1671242  213.0540344  5.984953562  34.62107978  169.6496506  -123.507081  2.612792144  232.6790637  327.9108657  176.546486  
240.7032153  114.319479  89.59096485  467.9099365  200.5275877  469.2653445  416.1395454  494.6966695  440.6717645  63.50652046  644.6123943  129.4517804  334.3926016  301.6643282  -61.66578566  232.593002  259.4718653  56.58326637  65.86504633  39.31968838  684.1924059  219.2513313  8.269522456  44.11751406  169.4451958  -120.1172459  -1.562894643  228.8407683  325.4948106  169.122748  
245.2801439  114.832091  85.33429238  460.1573404  195.9582054  475.6197819  414.0935774  490.5028041  444.209905  66.12879836  639.1368688  128.2328242  333.8711306  298.109703  -65.51893667  232.8738261  260.8767646  63.61048857  80.64626561  36.67314983  679.9139284  207.2705995  -5.70454123  36.1060004  173.9021081  -119.7351922  14.03919987  227.9652546  326.9818911  169.8235185  
250.4065825  118.5058282  88.45512599  464.6680473  194.6666064  466.690981  424.0162833  496.7382699  435.9526023  61.49411643  652.0527645  128.675397  329.3517268  306.517414  -50.71889853  225.6114639  272.783781  54.08841485  62.55491418  36.62834753  685.0727762  208.5680774  0.6874321051  35.1564337  160.5779447  -125.9934824  10.61870441  236.5096751  328.5301007  172.9933736  
243.8281304  116.7028845  101.0421531  468.7185951  200.3142911  471.7489538  418.9128898  500.3216333  449.2693373  68.73353636  655.3425834  127.8335519  341.9977602  305.232526  -60.91996814  234.3445313  265.46364  56.55736051  60.64527806  50.28164385  682.9327283  225.4163754  9.177945412  48.97506365  184.5176882  -118.505726  8.051708299  231.6961519  332.5198734  162.6490906  
240.6696042  119.2219525  87.72076087  476.6441384  201.4293047  480.0625217  434.0816574  508.2392163  470.9116799  69.48346212  642.0015392  129.1388577  336.8324675  312.5661541  -64.08060788  229.2814897  263.4115649  48.35504856  60.58653392  44.50609679  676.1446764  215.3150294  -1.089261008  31.5824881  164.6615714  -133.9572759  13.0541295  231.6919497  322.0809265  147.1145978  
243.1619715  105.2375279  73.94444751  457.9175968  221.7894265  473.5613282  421.6222715  493.0992232  461.7210047  76.55710793  653.4664985  124.0391228  341.2548312  303.5263084  -69.32593792  250.1386856  281.2893755  55.97168302  72.66272206  37.85487852  684.9395583  211.7850303  16.03040999  38.08259418  183.1635284  -107.4833908  14.96563267  242.1724914  333.8957227  170.4948741  
249.218629  110.9240071  81.90165611  457.9196146  200.5840367  463.1911217  409.31486  493.5885299  450.4247061  75.59685578  653.6262369  127.9790521  317.0539772  305.5379714  -73.69348653  249.4595159  269.1400472  49.3789188  63.67167581  28.97690722  686.2863837  206.1567712  11.53304663  28.83946714  182.2334747  -123.3268629  12.544543  229.8932185  336.547408  178.6260696  
244.4126536  124.9793226  76.31201684  466.6505686  211.9066799  479.9697632  416.3502789  490.6852191  449.7836475  69.9462899  645.0935217  134.2849957  343.6227296  309.7074157  -64.68570464  243.8632601  266.1154575  62.67768352  74.57307915  25.98801669  684.9067541  203.1387201  7.983941832  29.88703256  177.2635326  -117.0849076  12.40505897  233.9383651  341.6787874  178.5213691  
244.7791502  130.826363  74.80299141  468.2886049  202.8499765  476.4240379  415.7593277  490.8236446  441.3203983  69.2117167  643.6474853  131.6358855  341.3771164  300.8434941  -62.0845134  230.267819  269.7838086  48.08709463  83.6977316  33.39110978  679.7239109  198.6631973  -0.7133558173  41.07030396  169.0174459  -134.0632592  22.19694808  231.3222324  336.7098945  173.3611038  
250.3732397  128.9250898  85.8126338  471.9929341  205.4618977  476.2161161  418.4762777  502.3893445  444.6518871  67.40540416  646.2695973  131.2397704  343.0269339  303.3289106  -78.15094881  240.9316085  269.8767467  61.12662109  69.78523763  29.47117372  674.7639661  214.6688185  8.71044669  15.31207452  180.5612199  -121.6663063  11.92473117  227.8376447  335.145746  169.5112658  
249.3226894  121.9561523  92.49895334  464.6602821  207.1930048  474.425406  423.6536393  510.2934129  447.83724  63.58256514  638.4130181  126.6011653  344.9659366  302.4645967  -69.60050714  231.2359837  273.2786509  60.59836307  70.5421043  37.60206723  677.3421358  221.7262343  5.96380082  24.35849533  177.1665931  -128.2924311  16.09759768  230.6866149  318.888272  156.3567189  
248.031725  105.8726212  90.84809491  455.5543969  198.4197309  472.9378046  420.6642031  504.9061777  450.6553534  66.33163532  646.0082303  122.9754186  335.1559573  292.7606772  -69.56403655  237.2111113  267.6732729  65.50929772  82.16436604  36.06872722  673.4514302  213.9759136  -3.831453661  35.09403157  159.4955169  -131.9590187  15.34932889  225.6277198  320.4017243  156.349909  
250.1731006  104.3542078  91.71320615  458.7859813  191.8306511  463.1743328  426.6183502  507.6077426  450.9092069  62.92183906  651.6934551  125.2242165  329.0685775  308.6427283  -65.32384179  245.8283208  267.1849258  55.92594448  58.03678519  34.76191556  675.2916134  221.5161833  7.700606745  26.94184217  152.7927019  -128.2278921  -1.77115496  226.825503  323.6697327  164.0639245  
237.2059126  102.8067872  87.80274279  454.6228144  211.277592  476.9087705  425.5420411  508.0286333  462.1882652  68.92119487  646.1833673  127.0287011  349.7948116  303.4689411  -66.51421111  248.4149105  263.6795958  63.80259854  68.18893418  41.83821313  678.7955436  228.8579268  15.82546839  35.56459385  172.5423153  -113.2491736  -1.024122846  231.9561612  324.8435402  162.2539052  
244.875876  108.1686098  81.81180285  446.7005206  201.2525474  471.1285755  420.315794  509.3749979  458.2118276  69.81029243  636.8145786  123.7791373  335.0878959  297.1882907  -74.94501544  247.1524504  266.8303599  68.3129926  80.66442409  30.8057123  671.6502448  216.4177  4.324894192  19.84974392  167.1016064  -121.9585557  21.21352029  229.8136648  323.5255447  163.4672255  
245.9563985  117.9953529  87.34253544  457.0043014  192.7132809  468.1597188  426.0638979  504.8231106  447.7873854  66.07041987  640.8959404  128.5949347  332.1562756  305.1475544  -59.99882124  241.8496872  275.5852609  64.35225688  67.82201255  27.11701061  686.0474022  219.718658  -1.233687271  27.97201114  156.8123284  -134.0989396  13.126891  225.2894405  327.1144376  160.8292534  
240.9281944  117.3261683  96.83371725  464.7865077  200.1541218  469.7627533  416.8748767  500.6761144  446.3833213  68.29315957  645.9438921  132.8845987  339.210486  297.9260951  -58.27212129  239.6627668  266.8739526  57.77505354  66.4097452  36.33286217  684.7823344  225.6201533  7.947826448  39.88668064  170.4307623  -127.6762711  4.832869195  223.3872266  333.0710436  163.4565866  
240.90909  122.9694875  94.72164315  473.0367874  191.0605456  478.7888462  429.5927801  501.8421202  446.7800831  55.28165604  631.2244244  131.0595086  345.1858126  297.5552926  -44.84684617  219.33954  264.5399888  63.71726008  85.94019291  34.3233691  677.6780961  217.0304194  -9.778636556  23.27802303  147.5918555  -142.8152818  17.75099915  226.2663309  324.7517792  150.9923096  
253.2588431  111.4337754  85.30615811  455.3635534  212.8977002  471.6567064  424.2513241  495.990074  441.2169433  65.68508114  641.5502752  123.3886249  347.415068  297.3548481  -59.14986569  229.0559515  274.4708832  58.82278358  86.06438261  41.179865  682.129152  203.6882725  2.010317096  29.66576649  166.9158628  -118.5216325  29.03626983  240.0838078  316.724334  169.4197548  
261.5620004  112.2669334  90.12332955  452.3772555  207.5304728  459.623098  414.2897572  498.0759257  445.8408558  73.49907203  651.7370346  127.0753552  332.0840482  300.3613835  -70.12825841  245.1975509  276.9140874  55.0011809  72.44735618  38.57575259  688.2544274  214.4384755  9.246296737  31.23128628  185.9701209  -113.5361759  10.19897005  234.3451592  326.4155573  177.7319392  
248.6270198  120.3697069  92.27195655  464.1487747  205.6757585  462.7885193  406.8734038  494.0666192  448.3239053  67.92537324  649.2865034  132.8254734  331.9351071  305.6616877  -61.06783547  234.2752763  262.9633678  52.52178704  66.68585926  43.99336234  683.4012169  217.7045413  11.40914633  45.40746599  177.6252069  -118.7695503  5.204981445  229.8395572  339.2321346  177.1354502  
241.2009349  137.8980195  81.94114942  473.4055947  199.4972935  482.6717247  412.1411039  496.6071501  457.7480352  68.15124386  629.8505388  135.4679224  335.3029713  310.8337089  -68.72765692  231.7346493  253.9960715  57.27250856  74.16848972  31.05797544  672.6363078  211.5684106  3.752821516  25.81292071  178.3756148  -136.3946595  20.04289967  224.0980698  333.6199839  158.2111795  
243.0993405  125.3530206  80.57787555  464.0039282  204.615519  476.3678926  410.9212552  494.2328147  449.7205944  66.92976485  633.9969567  135.1282708  329.0406461  302.664673  -59.89826825  237.9937973  260.1591389  59.74145741  84.37415296  26.14708202  666.3299324  208.6998907  -6.101822711  34.10004285  172.6771826  -128.6211277  22.12638743  229.4293411  333.9253578  167.7450411  
246.2267458  120.864395  83.59712083  458.5902424  199.4564559  461.6747034  417.7119805  493.24327  443.8659591  66.32473715  646.1108095  135.6231943  324.5404673  309.1535317  -64.55600341  242.5909884  264.5398768  58.63712177  64.35649484  25.84957686  679.0877903  209.0781567  -0.1548499181  35.26881646  174.9734059  -126.7089788  12.53569713  233.2567322  333.3943917  174.0815714  
242.4678595  126.6491069  82.49798749  467.3563456  198.8159791  472.5947591  412.6903387  498.1366861  445.4904511  70.20501343  643.3249695  130.5276301  333.6328623  311.1404414  -65.62269089  234.6813159  267.9253639  53.71560816  67.81959079  30.18733881  694.3588142  216.550055  1.302034228  37.49318039  186.7690456  -126.3279971  14.2603844  225.8973147  327.9004244  163.4124332  
243.678085  112.7146522  84.27686469  466.6725954  203.9421358  476.3393363  421.5260004  506.5846984  452.7290058  66.0709779  640.1447579  127.4150729  345.0002293  305.8615817  -70.2642015  242.4899863  259.1340371  50.46746891  68.49396113  35.284588  676.6849903  212.4074376  8.57619014  25.12880215  171.7161923  -120.4235219  18.12185868  228.6497397  320.9121284  162.8390461  
250.69527  122.4211038  80.53039191  457.5780108  206.7126347  473.6397289  420.0044828  505.3127839  453.3922408  65.50653726  636.024081  126.5142321  333.4795111  307.2742383  -72.37532781  244.3405842  266.69004  54.22688257  78.7835776  26.22527068  673.0371281  208.2479907  0.3897010586  21.06280442  167.3314405  -128.6826658  13.02067405  233.2767286  323.5833234  167.3768692  
248.396237  115.8027274  82.4173097  453.1988664  210.1751167  469.1643543  415.2470532  494.469219  445.5056536  70.75075491  645.4526775  126.9095379  340.0126645  305.7887966  -64.25930014  241.3150406  275.8514393  62.1880429  74.83898358  28.8667602  681.0416227  207.5867507  1.72519302  30.1123028  172.4682349  -113.2314886  9.577069832  232.6924829  323.6722744  175.109008  
245.9887544  122.0820393  81.63730442  460.5528616  210.177494  476.3950041  423.2223349  494.9937219  453.630129  72.70088064  649.9734357  132.334978  337.6684182  307.8372688  -71.62719805  244.7420209  278.5096473  58.0423779  63.7203434  30.52315727  686.7705688  216.2035176  6.019925453  30.59075527  185.4765668  -122.4142136  1.582190222  235.1908423  330.3624206  161.5858629  
247.5253284  125.757354  89.22762638  469.0020005  203.9010731  481.6266871  420.090122  505.4667504  456.2431879  69.83846522  651.3257061  131.9471362  334.9479426  305.2456301  -87.56484511  244.553526  263.2319509  54.07465546  52.60901187  37.68716311  677.7168129  222.8959196  12.21757875  34.37495981  188.022854  -131.7370572  1.84764966  231.9315304  333.3624328  157.5962167  
242.389075  123.4706104  88.33817075  469.8054203  210.815453  478.8180953  421.1554755  503.1488236  452.552143  69.03713343  645.2786765  134.3838464  344.9881912  302.3441253  -64.4801663  237.2709751  264.4332432  45.90144427  61.64529605  43.42788046  674.8525848  216.2842257  10.29245798  49.12071413  176.0660592  -123.2773002  5.223744956  233.0665694  336.0160608  166.4641084  
243.3452936  127.3073918  86.53947415  474.7209188  210.5976406  483.2268561  411.2652687  497.0926801  456.0050615  70.95838095  642.8215458  136.2698129  346.8232449  308.8335681  -62.89065913  237.2855055  257.8251511  44.69304415  64.92741851  39.34811152  671.2673527  213.1303707  10.7070171  38.21991115  163.8637578  -121.0138099  0.9814666325  234.5363175  336.6291336  173.1815945  
243.3010023  126.6768074  84.96083258  471.9238329  212.8935473  471.3495414  406.982659  489.5875909  449.0735865  68.12400269  643.2444356  136.6788918  343.2784845  305.2538335  -69.93473518  239.7009601  258.4264147  50.14716622  65.68469692  36.66502599  675.8124691  212.5843862  19.5020011  37.13627221  172.1126334  -109.2134831  5.818800974  234.6521736  339.7866422  175.6613891  
243.1636979  127.9572717  92.83919418  478.2389931  210.9241809  476.9899467  414.6857372  492.5948897  444.6859781  61.30607607  642.3787738  135.9409811  341.7099757  298.0938323  -64.81812227  239.3546018  257.1840327  53.22078513  69.74113503  33.69663261  668.9453154  219.9013563  12.40209673  32.08848171  161.6986514  -131.4756485  8.056735204  237.2760187  341.2828418  171.7365044  
249.1020188  123.0805877  103.1402587  475.7494593  204.1293194  476.7784616  418.574085  499.3916433  459.4095953  64.9711809  634.9689046  134.3310354  341.2451465  296.50037  -60.40067429  234.8559055  252.7389177  64.4949602  84.10387773  39.61320304  662.5732157  225.0724358  -0.6873553118  34.44848009  167.1201711  -134.7426652  18.02122401  226.8328007  340.2411144  161.0602614  
258.7161772  127.269168  98.1701335  466.781323  203.0288492  472.0463518  429.5737073  508.9634446  463.1393454  62.9236596  637.2377602  131.679193  336.0194003  302.4614293  -56.83640793  230.3283841  262.3199842  61.56661694  78.24451726  41.95184822  663.2046003  217.6855679  -0.2990772034  29.84853596  159.9267831  -138.6720734  23.78534863  243.359868  340.6429931  166.6959335  
252.6256994  116.6715859  100.4508912  462.4314431  211.5334216  463.2343553  421.5362899  504.3491625  463.7893334  71.08971899  643.4085805  130.8800907  342.0401257  302.8892765  -58.5697675  245.0756125  266.2063109  69.87487344  71.78322626  45.88536766  669.539004  229.0497763  8.808326672  39.1188759  179.8412128  -119.0309201  6.507650097  233.4253174  341.4008176  176.9099011  
239.8515776  113.4304939  100.4126427  460.947146  195.5333237  457.420749  421.8690008  498.7788263  448.7666138  66.41208102  636.3086975  129.5969257  338.795319  303.0762395  -46.74657227  243.0060415  268.0235277  76.74015991  73.09396431  36.79870574  681.1256949  230.6845445  10.49044554  31.1434364  164.8257404  -119.5517422  7.922500412  222.3683949  335.3823445  172.8144917  
240.5783735  118.1142812  93.06058325  461.3492365  196.3161352  461.1342812  416.1498112  493.6151631  439.265627  64.30901647  640.6300682  130.5700552  333.75407  301.9432089  -52.05438797  231.7918041  257.340301  64.45596581  66.26777223  36.86468902  676.1069374  218.8492254  5.485536968  30.99247397  158.0705437  -118.8327928  8.104804314  234.5068921  330.1795592  173.5391309  
239.8862066  112.5822959  85.57539698  453.2449488  196.3174039  470.69573  413.1593896  490.0688553  439.09238  66.02010858  637.0859913  129.536038  341.5163016  301.4235897  -50.90087392  231.3805704  255.3452706  60.60020884  82.69814742  35.19656622  671.4807683  205.6840497  -5.264154297  39.2999858  152.3300373  -121.7582447  17.49484659  227.1678167  322.6201514  176.47823  
246.8680669  112.0121318  83.31318891  457.5848107  199.330033  459.0155949  415.7881203  484.4961292  433.3981233  62.40594151  646.4854917  131.7673646  329.9057306  304.7877376  -48.10017933  239.5410855  272.5832914  62.80856794  69.62831313  31.97185813  683.6987133  209.2665463  3.828169815  34.2633264  160.4966546  -116.3060092  8.80197254  234.1928553  327.1059895  182.552257  
251.1967646  119.8430904  91.71849537  462.9683927  198.8378735  458.5120903  414.5346796  493.4338333  432.5240232  65.64695394  642.3825457  127.0837241  338.2690435  303.2521591  -50.93224988  229.9350738  277.700618  65.95420074  73.61387669  36.0514489  683.6233091  212.9951174  7.64563713  25.9665949  170.2626801  -115.6051913  10.34472719  229.9385984  329.8192708  178.7023064  
245.3552525  116.8993696  98.77125174  462.1378436  199.6770053  460.9248953  418.9119614  496.7517833  441.2413944  65.49651859  631.7391906  128.6523809  342.0460808  302.3970395  -49.52512709  230.823038  269.4434783  72.78475248  76.87899269  40.6726946  680.2992104  224.6962642  2.853304065  28.12396079  170.0376496  -119.9951323  21.20192194  228.5151263  327.0697339  168.7432676  
247.4925136  122.947662  89.59072808  461.7934781  196.1157332  469.5772014  429.2712391  495.004462  452.7179628  57.33210406  632.0321731  131.1432096  334.4187438  303.6368098  -58.4075809  243.9855113  270.9950707  70.71850237  72.33426615  31.84908423  670.6241608  217.5401323  1.140152343  18.29125183  154.2487508  -133.4971831  22.90743596  236.6798784  326.7386496  159.148241  
255.4270346  120.0485081  89.81047247  460.8085444  203.0348601  463.9474317  417.9873849  496.7985604  442.881644  68.6724712  640.6746426  126.1783899  335.7944568  301.3094317  -56.9016948  241.8828844  279.2731824  71.62050756  76.86699997  33.38930706  684.6309045  222.5428334  3.942669384  29.68937701  188.44866  -116.4954851  17.98340887  232.4139711  332.9399953  171.6241582  
249.4285705  124.3235414  94.14208396  468.8914706  201.6114911  459.2021876  406.7162603  498.8999647  433.898874  65.81919166  639.0699417  128.3262053  330.9772232  304.8193572  -58.77607533  234.7704865  268.4841187  56.11740713  70.44868913  37.61347978  683.3210777  221.4077867  12.73334916  36.24731279  191.3472141  -117.4506904  15.73131358  230.0187471  329.2386259  175.9920591  
244.1334973  131.8158514  85.52767309  468.8503221  197.9546133  463.7802059  420.1467046  499.839868  445.6241901  59.97858205  629.2957528  132.4519794  326.169482  304.1391164  -64.50718368  228.9245959  264.0154599  65.31310992  74.32733757  28.14519398  675.7603979  207.9194707  -2.905743226  27.73612526  171.7258081  -134.2034017  27.71958882  224.2294258  320.6432179  159.4018361  
251.5497318  108.389273  68.24091456  448.322508  208.7806555  466.1851268  430.2232604  500.5321253  453.1980618  72.88821997  640.8218316  125.8183298  329.1990017  310.0759481  -95.05867838  252.4245228  279.863524  68.7505784  66.71843662  21.40016191  679.5416938  198.9564614  9.702618919  15.57132807  189.8269422  -115.0733372  24.30644392  231.346342  318.6454758  157.6255359  
253.9253166  94.94129533  69.1860555  443.8117725  203.829568  460.4398085  429.9166541  499.7264478  450.3076638  80.44360486  657.0387546  121.2168344  321.1598057  316.1872291  -72.33679395  252.7401987  295.9466666  52.82120583  60.44215678  30.40866765  703.5080916  204.8448787  9.623903869  30.82078184  181.0361238  -114.6657201  7.962467503  238.3752931  318.7132145  167.50293  
240.4941532  113.0465449  88.18891428  469.2467673  193.8859782  471.7123106  424.8330517  498.5275347  454.1692745  67.2964798  649.3965412  128.188323  320.5782903  318.7748389  -60.72045225  237.7355933  275.582084  40.55701943  53.27581203  37.48146187  698.4527067  224.2520294  6.419811185  39.31645017  160.1655355  -142.9869179  4.603109508  232.6483968  332.1320314  156.7012365  
234.915799  116.2722578  81.77159848  466.5898347  203.7507047  488.6842377  420.6971657  501.6104391  467.230257  69.83310229  639.5048839  126.9700353  347.6910476  302.0955246  -70.17393266  239.5694315  254.5573377  57.87994581  84.05411825  33.5808272  677.1364392  215.6043647  -0.5005243752  30.85896778  158.681777  -131.5680073  13.52563387  228.1674358  332.1442564  159.6521939  
244.4213453  112.355004  79.00179115  460.8171254  197.6766943  476.9210406  424.0170372  504.0821421  450.7908257  72.68208408  650.0235828  122.9364985  335.8066994  296.8750648  -64.58376992  236.9570646  266.8961859  61.87586262  76.89212986  38.65310469  692.9581574  213.5792606  0.735235767  43.08905712  168.692406  -123.5634106  15.51629793  228.2477944  325.8014942  162.5360083  
248.6620192  109.817771  86.75853938  460.9761994  192.5376833  471.6378303  420.9258186  500.195627  437.665423  71.09032348  658.7908471  126.1233326  331.6159387  299.4270543  -50.44617974  236.7800003  268.2054941  49.19302066  64.09113565  43.23621179  693.9382825  214.0999202  1.778135412  48.80620496  162.5937713  -124.5260061  5.12996279  231.3468163  327.3647782  172.4151095  
246.0573958  119.5632423  89.6442685  456.4229836  204.3191292  475.9179752  413.361973  501.3800063  452.6539642  71.24189355  648.46292  132.3836728  339.3012703  306.6342673  -60.62874502  241.289555  258.7218146  51.11418169  62.10271284  46.37412968  681.5142753  216.2027456  10.43259153  45.76501085  180.2539267  -115.8319118  4.219820483  235.9436971  334.3838893  172.7391895  
244.8803826  126.1067262  93.3122597  467.1426952  209.0706066  472.5754387  416.5279682  501.3892774  458.9540904  68.65383291  641.128804  133.3269538  342.8122885  309.0939972  -62.89525788  245.5835151  266.6961558  54.46063729  63.86594352  39.27002937  680.0940626  218.9064683  14.32856516  32.62399567  183.9471475  -119.3341929  4.836086971  236.2274507  339.1204886  167.9332494  
243.6094957  126.8682375  89.40319081  477.796738  202.8091108  473.575683  420.8720605  503.3841984  462.7621005  69.73998719  635.2261478  132.5080405  339.2468563  302.1606611  -62.60357318  238.6477529  261.2285182  50.78781743  74.55053333  35.12471534  673.3463877  222.4787718  3.398906057  33.37510436  172.0830323  -132.8396876  9.761331646  227.9492832  336.0054349  157.0457063  
246.2060949  119.8804175  82.02997811  462.0856654  207.3206745  478.5802102  423.1319015  504.8647959  454.8715002  66.98072501  636.6655929  129.3304319  345.0588043  299.2227582  -74.22216537  237.3025347  269.475426  63.27091453  78.26345637  30.37293564  670.9006102  215.7649565  7.754974808  18.66143189  173.5779248  -124.7224739  14.76501976  232.4664664  325.0431273  164.323493  
246.0521253  114.0681287  86.49848269  458.5048024  218.1950421  477.1801474  417.6232794  494.9776314  449.8628269  68.44300935  645.157573  131.8148586  349.8523566  295.6911763  -64.531189  238.7047096  274.2865305  63.14004275  78.71857404  32.62154743  671.955116  215.4998405  14.35429863  24.19229413  166.1485187  -114.2751883  7.300333643  233.0850105  331.3503899  171.6952066  
