150.80398  170.4796002  -32.82030153  462.8970863  273.0994411  567.2123189  432.1694784  507.6081261  607.9035664  225.0020618  474.9105459  203.2522923  415.9876327  192.7911641  -11.07105109  379.9517549  322.2712493  58.23591071  151.6673629  150.1867609  627.5987953  289.4110459  88.58029287  100.1614715  270.8112672  20.50770147  114.8120433  228.8706412  306.9621463  243.060118  
146.8970474  167.3565355  -28.73772492  456.3474794  275.2141557  569.5013014  442.2648092  503.1927724  602.6332826  220.7035182  476.7427131  203.3532197  412.8453072  184.3185013  -8.523542984  355.9242328  326.16847  59.87582306  154.6970106  154.3166827  613.3361963  282.7398146  74.82308032  113.5072229  265.6034311  24.48966757  125.5280247  219.7631087  317.0406502  245.0612232  
139.4281101  158.9800882  -15.10330661  463.2692331  254.4115415  565.3895321  446.9958868  497.5624302  587.0792941  231.1004271  482.2299913  203.5694643  398.9134258  179.2629407  -7.133257075  344.0188201  330.4354256  49.19361382  173.768125  153.0879613  602.5131482  271.7682513  59.50548532  135.2834991  234.4886935  20.87932841  113.8268264  204.0663849  321.5299016  264.794493  
141.5956898  155.2871277  -19.9054251  456.9534431  265.7658381  563.8936792  451.7892662  496.6611437  585.3948908  223.2653357  485.0798564  210.5181635  401.8124347  176.8731988  -16.26895697  340.6733098  337.2673094  62.42232764  175.9384847  156.7402296  599.2985547  278.7220946  61.76575771  132.5141007  245.4168338  32.06510585  127.1487283  202.8692564  324.8441745  254.6313071  
139.3091659  155.5642863  -15.57126297  454.1430381  258.1798435  562.4226536  457.4486041  504.2520584  582.972206  230.4309411  488.8593979  206.222253  396.8756443  186.2585093  -2.119859625  335.3259639  346.6628982  55.34741407  192.5600193  176.1669483  593.9967875  270.2490274  63.52813251  123.1373282  238.2056307  41.73578263  115.8799054  202.9160912  331.2681229  255.3659433  
136.9453622  159.9018267  -24.90772886  452.2623578  268.1969665  564.0701196  454.3981449  499.6943046  594.0350954  218.9462982  489.8918392  206.5864451  392.9761029  179.9437134  -5.465931574  338.8715388  350.8594847  76.03530961  167.4800605  177.8841753  598.0337868  281.9940142  60.67896441  122.3610697  255.5259323  36.77053372  140.9288544  204.1750018  332.1968881  239.7025355  
154.4722946  164.9375283  -23.3173226  460.918064  250.5338723  563.3455877  448.4622915  506.3521772  596.5848773  239.9274005  487.6846442  208.4896038  405.0482809  193.8901137  4.839756559  351.9559516  349.4549629  63.02605127  177.758131  169.5875861  621.8667879  274.4491905  60.83443818  104.779159  258.5078646  32.33218927  121.0083272  214.1949818  312.6606876  250.0927647  
154.6115515  156.5991791  -24.87181474  457.9119014  260.168951  571.5723789  461.0604229  505.6271974  621.0721675  229.0652535  495.3723454  210.93868  391.0336545  191.1141102  11.4818987  345.3285508  369.2802352  76.0942663  186.7211552  196.5768042  614.2246651  291.5709901  71.92830271  116.7989115  265.7613104  45.85872302  149.2416099  208.0036311  325.2230977  245.9968866  
146.0085532  160.2558429  -27.60921963  456.961752  267.9061906  583.6000112  461.5270159  503.795614  630.8809183  233.5809371  484.2962807  198.1847364  408.1728081  194.3748441  13.75081469  360.3012265  354.3798102  67.28006476  160.6452578  179.3275944  614.4015469  305.7867013  71.66414486  126.3165687  265.8603102  28.4960915  137.9604269  216.6331869  320.5920066  258.3387669  
144.4503286  161.9501971  -27.81665767  459.9024573  263.146629  574.1368955  453.3668035  504.1940761  616.067707  232.2957769  481.9618113  206.0368266  408.9059759  194.8393066  6.006468689  363.5584912  353.7113221  65.77505218  177.8324682  169.3941131  616.979653  294.6790018  72.26191883  112.7184666  263.6008064  30.27506486  136.576909  212.7516226  314.0772851  251.5919711  
142.2690095  169.8846085  -25.00109733  457.4277528  269.8521186  575.8651428  445.4719685  502.8250455  607.3761552  232.0115482  482.3956777  205.2422164  409.1101338  193.7572793  5.073759962  351.9198559  346.4062915  55.27489286  179.0163907  164.9235316  619.3846236  280.0255043  64.00267079  113.9630832  266.825883  36.03150378  123.5275469  211.1443362  316.9385423  237.4773389  
146.5140806  165.6482572  -29.00075408  460.8375848  257.9727596  564.1107297  441.2757512  508.4754238  611.7100016  230.2735625  480.2426484  204.4436003  408.9617285  195.6650967  -1.419639383  369.8968983  341.4646363  54.23504752  170.4553665  158.9027248  621.1076007  275.0228255  76.38498639  111.9206934  260.0382178  21.86570024  125.0307365  217.5953983  319.6606925  247.2889096  
147.415801  160.3559115  -24.64587377  463.6436835  272.9752948  568.3832938  449.9013826  500.5829311  605.3714549  232.4285062  474.002636  206.268473  416.3846084  190.3809447  -9.68994166  359.3317346  337.0785067  54.68082016  173.1357203  155.2893398  614.750514  277.9881594  63.84172411  118.8688785  263.3486185  23.47447818  119.8917061  220.1651985  313.4865201  250.257837  
142.9237648  159.5100896  -13.72912322  459.722043  263.0515175  569.755072  451.1595244  506.2437558  604.5027971  241.2173849  483.8816768  205.8610493  404.465221  197.5463366  1.178680832  351.4781932  345.8938887  45.12448587  201.2964523  166.4713366  615.2358083  261.3824863  65.16922627  134.4426688  251.2012658  30.57253772  120.6756844  213.5655936  318.9805034  260.8022464  
142.0634403  160.5816222  -19.00631573  461.5987995  266.6226895  572.1610837  460.7731658  509.4340883  610.8451766  233.7889464  482.9031843  207.2114506  405.3274324  191.9222979  2.036498821  354.1841151  359.4715011  60.42742087  188.988451  178.4854393  610.3895401  272.088406  59.38952223  130.6858363  254.0927753  33.8182513  126.4827111  214.8995606  326.4583356  246.7094035  
147.6287364  155.7370927  -14.14508684  451.7319927  266.6087086  567.3544868  467.8819696  514.0500555  616.9436613  222.3780087  479.9496172  201.0136908  408.2419813  180.609312  4.044672948  362.2738397  361.4698386  61.76766498  173.5749246  178.4191249  594.2922481  284.9568131  68.60516415  122.9982083  252.8499204  26.41403508  134.5079161  221.9106149  324.2834708  247.2083526  
149.403252  163.040655  -21.29371401  443.482756  274.6820962  563.3860669  456.2492586  513.4096282  619.5759782  224.3911024  486.0663398  197.6974774  400.7376887  175.6658472  9.235866567  349.6018395  362.9013201  72.07507814  173.1978993  193.9544838  597.3054167  296.9056462  69.2938438  115.8165655  262.6850316  44.50745298  146.9342138  207.3853965  324.3203275  237.2166813  
148.2952774  175.5856563  -30.85322237  446.374375  271.3984686  564.946075  450.2345404  510.0027077  603.4206638  228.9249604  484.5433475  209.0486958  397.7769502  173.8787875  6.208355148  350.9724173  351.3327837  82.55445396  165.2909446  190.5399824  600.0717178  293.652086  73.09120303  101.6065826  272.933313  47.59080763  149.437084  204.4363161  324.6860058  227.9638154  
152.5394531  163.1427342  -24.22924697  447.3066116  252.4645564  555.9555249  449.1602516  514.4046117  604.9424176  233.5558577  485.3039234  207.3060522  408.8486459  187.4228809  -5.949600954  369.3862564  344.276288  62.27069974  163.4795768  170.2745758  609.2774157  295.8485143  75.54944412  107.1620246  261.7961869  32.7620519  133.3778555  214.2485405  316.332248  247.6802404  
151.1738034  166.0358377  -19.49191381  461.9924466  238.8174282  552.9052772  449.9614829  509.3321829  587.7800882  228.5863896  479.8128807  209.145643  395.5396038  182.4041081  5.049569986  353.6596786  343.1468647  45.39755431  164.322799  172.5201045  609.0629339  272.5229907  59.12586759  107.2382849  243.999775  16.49151306  118.9337609  215.7293686  317.3946374  249.6923975  
139.1818182  160.1169347  -22.07853851  460.912338  289.2630582  578.1289335  469.1804424  502.8055216  596.6076689  228.2105784  483.5247786  201.4985509  409.2112038  171.7376412  8.468402766  339.9863771  358.4472968  79.28835271  182.0023125  186.0546679  592.7579382  286.401466  65.23102887  130.6946089  252.2942576  46.69198898  139.3816036  203.3813555  330.0331447  244.6721646  
145.5982302  169.2679294  -25.52552507  466.6678155  266.6012098  559.3350091  458.2494652  503.622756  595.068978  224.6384557  485.841023  211.9250938  406.9631536  179.5422455  6.899008691  346.9005752  350.3219647  64.6001477  171.473109  171.6776207  606.6921488  275.2370771  66.65908922  113.1729346  256.8892279  23.4459897  133.0364706  215.9081557  323.6301331  242.4131029  
149.8720436  167.3939742  -26.03349468  458.1818636  263.7027447  562.7637802  452.9857587  509.228302  600.3204104  221.6670852  490.0858865  207.8162824  390.0655458  177.9342744  16.07087446  347.0847859  356.122128  67.06649554  162.7356274  192.4283952  615.5076132  287.2775073  63.09508794  108.2858844  264.7355961  37.59282133  139.6701433  207.0960924  323.6949469  234.0199022  
154.4505994  157.8666169  -30.21288236  467.5596995  269.132097  577.038921  458.8810023  504.1936412  627.0754227  226.570645  493.9149308  205.7531197  403.8373709  192.819807  18.83614793  356.4568562  364.362735  70.44303694  173.1615928  184.9243888  616.2463288  299.7598586  67.21053258  106.4937248  260.634731  30.46219104  125.1701487  216.6988039  318.2957009  249.3135485  
143.72608  155.6309035  -22.14248711  468.2442247  260.6121463  571.8469705  451.0101657  500.5643679  621.4684818  229.8145025  484.920301  191.2703621  399.9605325  191.7986731  15.15406713  361.5071447  345.9492438  58.61021753  176.4336105  166.6320508  613.8918957  287.9387368  72.05061586  130.9174488  255.312441  20.8352468  126.2652897  208.8773336  323.5856416  265.1554443  
138.2025856  148.4729055  -19.77750032  459.283326  279.3657647  575.9196791  465.1736495  503.6953652  612.3260541  221.7906669  486.5224078  193.5642506  409.4253692  185.0314815  9.578299594  348.7058699  354.7930066  70.87082108  179.2319027  174.7572157  602.4787263  292.2620393  72.22279311  130.1863483  256.8130046  36.24335777  132.4239139  207.0940504  325.9459993  257.7925055  
147.5423449  153.3859164  -27.93069967  455.5419415  251.2607245  547.0604746  441.5755565  511.9069522  600.3486272  223.4066031  487.4561373  212.8283764  408.3808098  189.3580452  -5.23645673  364.2649215  331.4828151  54.0954802  165.1262003  158.9801703  626.2982795  284.682029  86.59871911  110.4693611  261.3667655  27.53888519  125.245581  215.0927946  308.2727465  248.8774024  
141.4150136  157.2253639  -21.83280663  457.4475099  261.5178306  562.3219605  453.6859349  510.3910987  594.2325594  222.3832122  488.8652255  206.5390908  402.5365327  176.8635267  -8.540244609  351.4915451  343.4942673  59.83232616  173.6386576  167.0422091  604.7090675  272.4943011  77.87116155  130.4632797  244.5037152  30.01414586  123.9181499  207.5532742  319.7445969  250.3191586  
144.9950312  156.4920478  -22.40736329  448.9505586  262.6313709  560.2671205  454.140026  511.1593875  595.7196778  215.5523621  488.4690258  204.979393  401.4294056  174.1533942  -5.031270567  351.6630339  345.4905  62.95124272  170.6501546  168.8321008  605.6578318  285.3065619  83.76199023  121.2223718  251.8533637  33.10570933  139.7496622  208.2117954  316.0113534  245.3849667  
151.3576112  165.9089818  -25.57376164  459.0263133  252.8778697  563.3805515  462.2249762  512.2821488  599.2566591  220.6459829  485.0380564  210.9511606  398.9300813  178.8722743  5.906661962  344.7204705  361.3330223  68.9107484  188.4705545  183.6276574  601.5706367  273.2325713  70.69751369  101.9284586  258.302643  29.76928262  144.484822  214.0891957  324.1863851  240.1412883  
147.9127315  178.9008309  -23.48847098  454.7621781  251.7499345  557.6185994  447.1995806  511.1663218  585.4499268  228.276543  472.2892516  224.2720754  388.8927786  170.5663107  10.89194246  349.5042818  353.2389107  63.2965913  174.5479941  189.3407935  610.5229509  261.9476691  68.68719084  103.6266759  258.5342215  42.4142395  137.1130474  206.1756054  316.0211625  226.7315946  
148.2105141  165.2492923  -19.75320049  454.6717917  271.2550231  562.6621783  456.0864444  507.5973635  584.2269908  239.1649787  479.0431308  218.7880906  401.903198  171.6829126  3.086116546  334.422182  361.877969  74.88945093  210.7932269  202.5389865  593.7212548  257.7531731  72.0665796  110.6471516  257.4308343  62.64641419  133.2827706  189.29467  325.4075581  233.2313826  
151.3854074  168.9219573  -25.58127404  454.789832  259.9066163  560.0755907  456.609967  508.1726574  594.9827602  229.6722978  482.0091095  226.6393062  400.1756192  179.393773  7.286791429  347.2233151  359.4680482  61.81118543  186.5506364  193.8526229  606.8030246  274.3022828  77.61469679  96.63426145  266.1762361  56.29435189  137.1119931  206.0329787  315.9298691  225.139429  
159.4419203  160.5027267  -27.83572537  462.9559595  251.7203645  562.9290893  455.0192046  508.4566012  624.5364209  237.6027884  482.2888182  223.7399617  402.3609145  193.073739  16.12299146  361.44084  366.5102428  63.76514077  183.0755804  192.7224262  626.7044379  291.3630723  82.64312197  98.18516995  271.0320404  36.21851792  147.8301409  216.8095973  311.6611772  247.8710596  
145.8045529  168.1708172  -26.74279509  460.8944462  275.8953336  577.2301649  445.8783563  498.3606318  609.6676514  227.5475647  480.2269061  204.8741796  405.0088583  180.5624913  4.242228308  351.7929144  348.4829465  69.41727402  157.5958521  178.312506  608.2134984  286.5225722  82.36438353  120.0041664  257.8401422  29.78347391  141.3744006  208.2496076  312.9829761  250.9816535  
145.6542641  167.4215299  -26.87205381  463.0689638  256.3898014  568.915303  447.5396597  498.9314448  600.4730156  213.9736217  473.2049233  214.811011  391.1564473  179.7792162  10.46238346  352.0255084  349.7502005  56.42243572  151.0608203  167.8530143  620.1588447  290.520484  60.10274594  110.9895803  266.5927986  19.79473105  145.0170923  218.1468884  319.4638759  240.3960446  
142.1085809  171.3702096  -35.04864053  462.4065544  282.070984  570.0527499  450.8212746  497.3876987  602.7675566  218.540959  481.0719306  208.1218992  405.0918241  185.0620164  16.00468376  341.0628595  345.6862948  61.182002  161.6940312  178.3108696  613.0336376  279.7886848  75.91581292  111.2528432  273.7406347  34.11209984  137.3042207  213.0871234  323.642602  234.7010672  
148.0280731  167.9468926  -32.53495519  451.8686875  255.8980892  566.4851386  434.8715334  507.3847218  599.6312604  232.2188333  484.2390466  209.9405418  405.8488494  187.6689982  5.011991154  347.0659375  352.6452177  60.22895961  183.5567166  175.4183338  627.3865499  287.0438995  75.91872084  100.4182985  270.861995  40.37027997  135.3217945  205.3790821  313.2346889  243.6109615  
148.5486284  175.812481  -32.78324151  454.0749853  240.506081  557.1887874  429.283822  511.6564119  597.7785104  236.6111828  491.1337541  216.3932751  397.9184193  201.1570351  1.79044263  359.6000251  352.2765092  55.67914198  189.4862558  164.8577016  636.3421139  273.5807399  66.90120448  95.5705753  269.6103457  35.3558143  131.6728191  210.6464157  306.7599928  234.958942  
143.2106988  164.100484  -23.26906917  459.3939338  255.4791319  565.8982127  452.6455388  498.4404772  610.1730971  239.6814202  492.0100394  203.4109316  407.4531206  195.1499622  1.929304032  356.3814597  339.4129867  51.15418451  177.1453122  165.1184446  613.6396169  283.1030775  69.25710242  126.4675772  263.3145025  32.08509322  125.8032171  207.1056563  320.9585325  254.4599046  
144.9367323  160.6074255  -23.33074548  457.3603688  262.7627717  574.0423979  443.6053627  500.1594066  604.7302119  247.0407401  487.4365241  209.636923  412.3981052  195.5049152  -6.950940323  359.0178957  337.1099525  60.05733925  191.478071  173.8634499  618.3611192  282.4395194  76.42537969  122.3197578  265.3297991  45.5268553  122.2679026  198.1140807  311.0291018  255.7399723  
143.436693  162.4956865  -20.03498068  461.3029969  264.4850802  578.4388408  456.6996727  504.6973203  601.2276518  237.1071493  487.5887043  204.1690594  403.1349063  201.3016388  6.028191253  349.747625  344.6536959  56.42998369  187.4248214  167.152266  616.7402145  280.5586163  52.61570682  119.8185987  260.5759436  32.98649413  119.0945709  217.9444865  328.0103022  253.9019958  
139.2994806  160.6062121  -23.2814771  458.5550373  274.6264773  589.0894344  453.6828908  495.4428485  609.6016021  229.7484705  485.5182282  190.0328351  403.1638584  193.2584008  -5.030472291  355.1501472  340.5102795  61.56536674  165.1613961  163.3281674  607.6656417  291.8924337  64.22173113  131.0256979  263.8411145  30.76329808  130.29655  212.020445  325.0541476  253.7292046  
144.8910031  156.0504731  -26.81598116  457.5639531  264.322472  566.3490284  454.4584939  506.7292673  619.4782564  234.2887753  487.5565731  199.2672724  410.3126876  199.6833067  8.451190749  359.2611101  339.4362018  54.5344025  177.1509341  168.8082263  622.2645392  295.062279  68.59914557  118.4505863  267.553683  36.18786435  121.9124333  215.3859064  319.3741579  250.2275941  
145.63227  157.4291587  -14.42930631  461.8402371  246.5654274  561.6118248  452.8505175  505.5088991  600.3493658  233.8065332  491.5846776  198.6503672  402.44004  186.0974467  -9.805276129  361.5889761  334.5265195  40.31863053  159.3834513  149.6943743  598.072391  283.1962911  65.44567281  129.5816772  220.8416296  6.579861835  102.5134539  213.2224067  318.8790406  270.6980664  
137.6421172  154.5518966  -11.17993334  455.2082894  280.133362  581.0977339  465.1993365  500.0793272  596.9318657  230.7760151  492.6751593  197.1046991  402.549436  184.6820135  -8.243557685  345.1246658  346.4882345  70.16984505  180.0113605  174.6310509  585.8937102  283.3520513  47.82773988  134.9900868  245.7820603  43.21245216  118.801413  202.6685107  336.6496357  250.7122526  
145.7114651  159.1391642  -14.88030258  453.0039  259.3159199  571.8887818  456.0555894  500.8315711  592.7582384  236.9300835  489.8871032  199.8934539  400.5275204  192.0546196  -10.11817936  345.7604637  332.3660948  49.23048216  174.5895249  161.1041608  606.6054003  283.8295765  48.39439232  129.1555956  253.7891061  33.50833384  115.2135658  208.7705136  328.5479317  253.8784068  
145.0141383  157.694786  -17.65720883  460.6665456  272.8706236  576.3040136  452.5691123  507.7246495  598.23144  235.0067344  490.8031875  197.03985  400.7630324  196.3804769  0.939979406  352.4113024  342.3196987  70.18127179  181.02193  170.6612073  614.9629916  281.4165984  47.83450334  122.0243253  254.7629538  38.13040473  114.2180273  214.9012713  333.0260338  251.3947007  
144.8975715  165.4995912  -26.60875848  452.0796106  270.3442652  576.3122739  452.4462997  510.6965864  611.4518326  236.6532656  487.9207623  201.7917286  413.4009444  195.9323368  -3.213750527  362.4018675  336.2951801  63.98242541  167.2877078  166.5910669  608.0057454  288.8904031  73.89131159  114.04402  267.3285897  40.50600755  121.3311631  219.1101893  316.0948782  250.03941  
148.4148938  164.2325343  -25.40108702  463.0747003  263.7943349  569.9045824  449.6928292  510.0506549  609.3515588  228.4695447  474.5410021  199.0051562  418.1384304  194.1053346  -5.070229673  364.9686458  336.5082401  52.39497329  151.7061511  151.519953  626.9074385  286.185595  70.22710908  116.451365  261.3965457  8.451803359  128.9525492  235.4165812  312.2935986  255.9161054  
138.0165873  163.4362563  -22.11612887  462.9028106  288.7119513  579.7916228  453.993268  493.182949  609.7278627  209.8877388  475.037479  192.3412481  408.0228959  175.4586001  -4.608147601  348.6576397  341.8820956  61.23425955  146.2724656  157.273404  588.7170625  280.9978804  63.69774783  133.7887069  245.8314779  10.43524997  127.4396639  225.2506533  325.4870663  250.0048869  
151.932601  167.3487846  -24.04338912  460.6244757  255.1318063  556.039918  436.3649613  510.6961957  603.838558  231.2660867  481.5567772  217.3417071  410.0973404  190.2326386  -1.448427464  362.4654957  338.0580666  45.26321015  177.6198919  155.3037013  624.0151522  273.7108139  74.63862  109.3409375  256.5389255  25.04666082  120.6530752  221.7648281  304.6057626  249.5283262  
140.2756206  162.541085  -20.83128667  455.0083781  266.9200392  574.1520233  456.3384112  505.5775624  599.1090965  235.190891  487.1995604  202.2487627  401.6732922  198.4347639  -4.499943514  350.1713239  344.0974574  65.94834021  172.475053  168.0106415  616.0351161  281.165691  50.53817584  119.7953811  259.7964686  31.48724064  122.814738  215.0015371  330.8222549  249.1575238  
147.559195  171.2295647  -31.78051736  458.2721261  269.2341496  573.9670909  448.8323844  503.5844981  608.5328402  223.6854154  484.7438329  203.4380582  402.3888994  188.0377622  -2.532160843  352.8456836  343.4685613  66.61811827  161.3552997  171.7032882  618.5628333  290.9283254  64.88909501  108.7434413  272.9195559  37.75942714  140.9530935  220.2166726  321.1266864  232.3700164  
152.4560759  169.7916683  -27.98547733  448.6343597  248.7915757  557.5737307  448.3456182  513.1323427  615.3768904  232.1765711  487.4350089  204.9922628  399.231495  192.7413558  6.273393217  354.6516271  337.8090739  56.9199748  163.0099708  161.6631855  620.671403  290.3978643  72.46558245  105.0082318  271.8543037  25.73997277  133.9489572  218.205019  317.9438986  242.3839712  
148.7537025  157.0120086  -19.31613897  446.8546902  263.446669  561.2126483  452.7485676  511.599145  600.8729339  245.963501  492.4299405  202.3028312  408.3768853  195.9541309  -6.232195839  356.8938897  336.8180736  63.14000262  188.8700675  164.6564277  612.0348632  282.5509812  69.51653615  128.4079913  255.5758942  41.38029721  121.0068979  207.2054469  318.1998148  255.876211  
140.0277959  158.0509327  -17.69641393  457.8061429  271.4527498  577.3821408  452.8669288  498.7277399  601.568421  228.0785038  491.6994041  198.5843517  398.6520064  198.3548561  -7.95390127  355.5756174  334.6022556  68.88317511  169.0015567  152.8725758  606.16124  280.9559513  58.32603661  137.1615017  249.2416155  32.19021529  124.1624528  212.9738429  321.7362887  252.1634278  
140.8738411  160.5043685  -25.25696523  463.6675868  248.0389146  573.2343801  458.667254  500.763639  618.8705813  236.9983631  483.6475903  196.9525178  402.9829533  205.5911612  5.995464378  363.2536876  346.2242154  53.48291616  163.3282515  164.0782462  619.8016271  283.6817771  64.53286442  124.1384651  254.1659589  17.65757404  124.3291103  220.140073  322.116516  261.5344834  
140.9561964  152.6173163  -18.50124661  454.4088624  264.9054258  575.4105036  456.0617505  503.5700181  613.0373193  232.5457943  483.7025448  198.9193575  416.2435555  189.436634  -17.10466787  360.8307904  337.2343059  53.23102021  172.1964786  158.3552832  608.3870633  288.7833256  73.54775493  134.264851  250.0202001  26.13385578  126.3600924  209.0309991  313.8722849  263.5012728  
143.6777656  160.804556  -22.63311259  459.2390899  273.5845448  565.7804346  453.0009989  507.3085067  602.5317579  223.6333613  488.8381506  205.0111949  401.7268482  182.8313473  7.653628223  340.2730501  356.8323929  78.51045343  195.6653071  179.4887529  605.5684401  277.0945559  59.42336732  109.6258046  259.1774656  46.8419456  132.8915447  203.0073567  326.7622717  235.2440023  
149.3219372  163.7308067  -28.36284705  462.1626271  267.4137723  568.7081561  442.9432729  496.6717314  600.5796358  220.1678933  490.9402321  212.4106731  397.4037209  176.0062952  -4.800649918  344.6069656  347.6211995  81.36295722  170.8071761  177.4328605  603.7497851  281.157004  68.7453545  114.9768171  248.3887121  36.89526222  131.3230166  205.8503222  324.2823395  242.0317152  
151.7319624  158.1582122  -28.20293758  461.3275134  264.4745752  573.2109421  454.3381744  504.4464225  615.1602149  229.3469762  476.7435342  209.2825768  410.2453266  179.3068837  -7.155054093  357.9248048  360.1977571  68.4765156  176.3970735  181.0527852  609.7083312  295.3929113  75.06379735  116.2449895  256.0487936  31.4249787  141.0728951  215.015723  315.0501757  255.7677241  
146.5420271  159.4139074  -28.10789793  463.4646474  253.0795906  570.701902  451.6232944  498.079005  586.7643867  215.3541625  478.5043893  214.4576811  387.9686915  181.0697359  3.392882162  347.1955028  351.4591532  62.89874672  182.7141153  176.3985123  608.4075411  278.2734231  57.29606008  111.859429  256.1284276  36.05859036  131.9007925  208.9495848  327.7388453  243.983218  
146.1213534  164.4121308  -23.1440506  467.1694833  256.0215906  563.7566277  445.8978428  496.790611  591.8512623  220.260865  477.97451  203.1821639  391.0338639  184.4706895  10.25505996  343.4834963  335.832126  50.87963902  165.2991874  168.7341609  614.4876427  273.3650573  56.99063782  116.2653574  255.1287216  19.67696872  120.1514863  216.451752  328.8083451  248.3839089  
146.3234055  157.4209409  -23.64032651  461.4159033  267.8269211  560.8220606  437.1213053  506.5780378  592.3863794  229.8564518  482.838345  208.7023041  413.2780544  183.3126358  -10.52518863  353.501751  333.8129822  60.27699872  193.6845148  164.6771672  606.8988976  262.7428521  76.98695737  122.3074146  246.4374505  31.84964644  112.1628603  207.1350789  314.6900718  257.425231  
151.9495243  159.9654329  -18.33212996  454.0005913  259.7099914  562.1628382  439.7760012  510.8137002  598.7607215  230.839754  483.5456304  221.2501648  405.156236  177.4628305  -7.859354334  353.613077  343.3302911  62.37649049  198.7211115  174.1282176  607.5630623  266.5783477  78.95729518  117.9603137  255.4027595  50.84421317  123.6345636  202.9437937  312.1468648  243.8813938  
157.828591  144.9904355  -18.23200471  458.36381  261.0813018  570.5473924  442.9298108  509.8353074  618.6838556  242.6352358  489.7704084  213.9495827  412.032198  195.1114394  -4.524569583  365.0761113  363.0381993  71.30740728  201.1550713  185.1997753  611.6521571  279.6749115  73.48819063  117.7345705  244.6741537  48.81490879  109.4278883  206.7130932  315.018845  263.0740824  
147.4801644  154.4409416  -19.46525927  454.2965248  277.5949418  574.5234581  462.0411165  504.635842  615.8653036  233.3845175  487.5116116  196.2816747  407.9391223  183.9740303  -5.718403529  356.6959855  351.3068463  68.69697661  169.8884013  184.5418109  595.1883937  296.3719664  66.97224075  133.833195  249.488833  39.27041208  126.2942462  212.0695928  331.4406005  253.1806231  
137.8754999  171.2690868  -28.41705635  450.6649858  255.5513302  559.4623938  456.2001324  513.7538618  616.7155479  241.4126841  488.2872662  202.680927  402.5634619  197.7848569  7.271455478  357.6709005  348.1660887  66.51108975  171.7437504  174.7454125  614.126492  291.190364  59.68872637  106.1629737  272.3595311  33.84748605  132.783604  216.7331617  329.7135289  244.7891168  
138.6402643  161.5520172  -30.59235376  451.0296056  276.7670083  562.3111294  463.3833539  515.055877  621.3338358  229.7564187  485.9247555  202.1834439  412.6615356  195.3914609  8.335937757  358.4416219  342.4474889  64.46667097  176.0635975  167.0976374  619.0941927  296.202619  74.99311892  116.145325  278.944432  36.42176653  141.1607514  216.3467935  319.1411233  239.5515996  
141.0994318  159.5737148  -21.74598035  452.31098  262.7452245  558.438286  457.8874392  510.8363335  607.1773485  224.1061779  487.9169464  195.8206427  405.4198504  182.1728629  -6.915208135  357.3589339  343.1408876  54.72001607  148.6013447  155.0670997  603.1000034  289.8892505  72.31117771  121.3777569  252.6780347  15.27293583  130.8843634  211.8592229  319.70998  251.1109266  
141.9264381  156.3845557  -24.84924185  447.3860725  255.6769736  560.315611  452.3068698  505.9632575  599.5277299  214.1063708  482.1009269  203.8189128  400.4633124  180.4201182  -15.51038963  359.7999356  342.0544548  56.57492182  159.7268057  164.887274  603.0503636  286.3184346  72.7562662  110.0329499  265.3611354  26.9933662  139.7109545  205.1599196  319.4168459  241.9026098  
151.9022239  158.5933131  -25.98142262  459.2187192  251.2010888  567.8598195  456.2978119  504.4471354  601.5806766  224.3244456  481.4814415  205.5081736  401.6021188  187.5871781  1.518526016  358.7850058  355.2312421  51.55935641  173.8703244  174.0088916  612.193466  287.8513813  68.5832221  103.6879764  262.00678  32.04421341  126.9617775  217.7359578  319.5743605  246.2911906  
156.8510598  158.4702221  -23.486203  467.1239186  266.7077592  569.5285265  462.11753  492.4907555  619.2784308  222.7305891  489.4148443  209.4295389  403.4650034  189.5144415  19.30538529  348.3689118  348.6320041  57.99307577  177.968456  179.7600827  608.4447096  301.7465554  75.2290254  122.0593283  258.0623133  31.46809719  135.1715043  216.5951195  316.9659693  254.621122  
145.9812877  165.3649007  -18.42782325  457.0793877  265.4737295  574.4918032  453.7311621  492.8271473  597.3793244  229.6127569  487.8569672  198.3719205  402.1512468  185.3107229  -0.9899208752  346.3553114  337.9716324  50.77718346  167.1392534  169.231836  597.5443429  289.6062267  71.72424093  130.8230097  245.2120791  23.76192053  121.5237822  213.9603728  317.204039  262.6746349  
137.752303  161.5805802  -21.56271093  459.7084537  261.1977193  557.3694097  450.1130603  508.2256959  594.4733572  229.1208212  488.2445984  208.2295248  400.2125286  188.928223  2.488577363  355.7527283  340.5786337  63.48030232  182.5303966  162.188968  606.885622  275.6075547  67.88692889  119.2483395  253.467987  31.59695711  121.8024307  208.7772375  326.9624494  254.879643  
136.9009668  159.6751766  -21.57703841  451.6024456  260.3829652  567.6681678  462.0722443  511.6341988  601.6754311  227.788998  481.7613596  199.696655  400.4965948  184.9860691  6.89909984  349.2769088  359.9104368  65.24836515  180.955215  180.1860463  599.5424235  285.2512228  68.64550021  118.4698198  258.965398  38.86036022  138.0339272  208.0761844  331.3948095  251.9031072  
140.5755275  163.7078851  -30.14376474  462.6089261  272.275538  561.4335632  450.0515494  504.348715  598.3715564  221.9598673  478.6858036  205.2819593  401.8258601  181.2080096  2.738178711  349.0634265  346.361943  75.38600107  179.9766713  171.0358537  607.7450614  280.960006  64.10792737  107.2055216  266.8263117  35.25881676  137.6614346  205.2585572  327.7148023  235.2505145  
145.6024133  168.1926102  -30.73454  468.1825199  275.998111  563.9567017  443.2820011  496.4057339  592.9665721  221.4060089  473.8792036  211.4986063  404.335504  177.9237608  -2.383768949  349.4782658  334.3894401  69.0707807  163.3058378  160.5407876  610.9207361  277.0235482  72.99047596  111.3584396  266.8317188  26.30172438  127.9842563  213.2277356  319.7800745  236.7635894  
145.1411376  167.6847923  -31.64966375  466.1360041  273.2251946  556.2820365  449.6899825  504.4965573  590.4968177  231.0906984  482.6652294  216.2350429  412.4878975  179.3469695  6.240781074  343.5892254  348.9007937  68.83456481  188.3529202  180.8960412  610.6312816  270.1417234  78.82247258  105.0152605  261.4874572  43.67703474  125.2140928  202.2634899  320.3235176  233.0497752  
148.1646566  169.2220726  -19.77226925  458.2378688  244.6173866  561.4438049  440.1275293  505.0491819  595.7364366  227.7585377  483.2393103  212.8392451  391.0128559  185.3401102  -5.239121143  359.6771445  341.3600387  46.88780961  164.2941728  163.9593672  616.8056927  275.1520894  68.27977373  108.0388122  251.7560546  21.21302053  124.763191  214.4599463  315.5971297  248.4089085  
150.5012623  160.4671588  -20.06905458  460.4725596  267.5080386  571.6202525  451.1230788  503.9831658  613.1262428  234.7035867  490.7915387  200.2020429  404.2328688  194.5851415  3.48160371  353.977023  352.7522555  55.5875031  180.9067403  175.765219  610.5574448  283.3113849  70.43159833  118.2139847  255.8692506  34.97703546  129.6372162  217.9208681  323.077098  257.9123231  
156.357088  147.5299747  -17.51152359  458.2061557  280.6432219  585.961712  464.7253799  507.2100627  636.218388  233.9166573  489.4745059  191.5185377  406.9487993  191.0320081  15.93781355  349.2900366  371.7032661  79.52394186  183.9751082  196.5489867  599.3902859  299.7484729  74.63494498  131.9651593  254.6634769  41.43842848  138.9015926  215.2500171  325.7418005  259.9667226  
147.2307175  165.351395  -26.87671463  459.5485038  260.7428227  577.8727553  453.9277832  510.1271467  635.320711  246.2880556  488.447551  200.4473933  404.2571268  197.8966132  28.08295015  347.0291489  365.6964429  72.74569525  184.9452527  200.6283196  624.6666951  299.2986125  62.63349943  104.5955348  274.4153949  47.33751237  137.6339583  207.033276  321.0982272  250.0027603  
145.8805408  178.2285755  -34.33360291  464.2280661  239.1076193  576.30551  444.4590394  509.8326891  609.0281484  230.0665478  481.4851881  208.7054206  393.8229743  201.0187115  11.93685303  366.8047272  349.8133615  49.06304601  158.2438311  159.7626465  643.844061  288.2531591  62.84148767  95.07835626  268.4651221  12.5683881  133.0211348  227.9395242  308.496172  246.5262746  
133.8916772  166.4635401  -31.63948323  472.2264688  294.5382175  589.0688886  459.1503527  500.2036949  608.5052026  227.5548805  488.3097853  193.2337041  418.8877303  195.8760581  18.89637795  353.753889  343.7765154  75.22983746  172.6694895  162.2439899  619.2061533  289.46635  70.68289171  126.1122635  263.942524  27.98542199  124.9139062  212.4102881  326.9636616  252.2891877  
143.199955  168.3871044  -27.63033115  464.6917858  282.6705495  577.1636989  450.1671525  499.5884766  615.556491  221.8789596  480.6250593  202.607504  419.0863149  181.3090995  -1.529543997  365.1326907  340.3708549  67.5399993  165.0431419  152.7722735  609.5921731  292.4507721  81.05470308  126.3962728  263.2563061  22.40271741  141.0209253  214.9369409  311.7331241  254.3180105  
153.0316919  166.8279799  -29.83515112  463.5306292  260.6144435  555.8044114  444.5511954  507.8586459  609.4756972  230.0894026  483.2149342  216.3661375  408.4008129  187.6697077  4.192890091  356.9469148  343.9333136  68.45978797  178.0523258  169.7540794  611.8979875  282.4774134  77.72929608  100.8719305  263.0976651  27.15525155  132.3832236  219.4786367  312.9904592  247.6886427  
143.3027041  167.9723039  -28.07836833  457.3940704  263.1459071  560.6394216  442.3306138  509.6662491  606.2604323  234.9765528  481.9271363  216.1883132  409.5815856  192.7089353  0.04787356913  352.7109695  347.599953  62.6505583  181.5472646  170.6221655  615.4701201  268.2676269  73.80684531  106.0804324  263.2886234  33.37643165  130.5190077  209.7592566  314.4170455  244.1872562  
142.4612433  175.4829455  -25.61090946  453.2128432  247.1631968  563.7014973  445.5639017  513.2328383  594.9923219  226.2663391  478.6466104  211.9984601  394.5857909  187.5162584  -0.2491205281  349.9000907  348.626948  52.08872645  165.579951  167.7059882  618.5125341  270.8371629  61.61479139  101.8909223  259.4055585  24.76094028  136.6114721  215.7138247  318.7564455  240.0060747  
138.5195936  165.5579542  -25.92127427  451.7903675  264.3475481  576.6615714  448.7856163  503.9162134  588.9569881  222.4839618  483.3933235  201.8735369  399.0712108  176.4546133  -3.52950273  346.0070543  355.0909924  61.10464213  175.596199  179.955519  599.6062511  280.2581189  68.22893665  112.3819672  257.3099462  38.59490706  134.0071054  203.170586  324.9635172  240.1298869  
144.1047236  159.3166264  -21.96315208  456.0283745  255.8869997  562.5743024  449.8216409  498.7053657  593.2652974  215.7781695  477.9661247  214.9402094  394.2789912  170.0112386  -4.940967458  344.7807878  352.1111019  62.79296424  163.5433647  171.9540032  601.905471  283.4542228  65.51143807  113.9370777  248.8933452  27.55609931  138.0424124  207.1926846  323.6599844  241.7368945  
146.1339612  150.8383002  -22.23243032  448.6912401  272.9493367  565.0479114  445.7359912  503.727096  585.545154  224.0310889  479.3953822  215.4371938  404.9457939  175.1898509  -11.69250641  348.3670052  340.6855489  72.33779769  193.3628986  171.4028665  603.8900647  273.8981917  74.19570285  125.2847271  255.5487551  51.61361798  126.4037944  196.4511355  319.7155396  236.8287329  
150.510491  160.1483095  -29.99633997  452.6768062  261.4552605  559.0048958  440.8679703  506.1484451  587.5023456  229.6990015  482.050876  213.6930673  403.1701895  184.6777028  -6.309074828  348.3404263  337.0616343  59.29230965  184.1773608  172.0038829  622.9759038  275.7012537  71.59564569  106.188599  265.5832334  45.92524204  117.5574575  206.1866646  313.4069788  231.3727759  
153.6261595  159.7370352  -25.34365097  445.5723336  251.3959392  555.2601042  434.9336162  512.9982057  589.8347487  232.9500952  483.1973689  216.0301532  410.442145  188.1689039  -9.490767903  362.1345239  329.9816366  51.29419101  175.3797219  167.5085422  620.2938864  274.8007156  83.54702111  112.2878286  255.8992919  42.90395131  115.4488866  206.6203803  303.7860409  244.1390808  
152.1877959  163.2281405  -21.13616984  458.5932158  272.2994802  560.5413793  441.8772465  505.9601024  592.1738181  228.7459021  481.7777167  212.776947  411.2887821  181.2574229  -8.513047994  350.1624207  332.2665444  57.13352388  176.6195307  164.8658336  614.5907109  266.884409  75.10451084  125.2412886  255.3897536  36.87812232  120.5936216  209.5021162  307.9617859  244.1253968  
147.4566025  159.1981603  -20.62241739  456.9376512  270.2425626  564.8793609  440.48169  504.2819881  590.9863348  237.2099988  479.5329089  210.3361167  412.8421531  184.5263375  -18.35325705  352.3483928  328.9258374  53.19093074  183.5468248  162.5828425  621.931551  263.9556959  78.47935557  134.2241937  250.1443246  37.42588486  117.114265  207.2025832  305.6469167  255.050733  
153.7665854  171.1271248  -30.5739903  468.6327713  246.0985444  559.6886693  436.5474693  498.0266051  609.5766289  232.6648993  488.2086716  213.8242395  399.8116723  202.9285086  -2.409522161  352.6932795  336.316862  49.53073305  182.0088378  156.7357677  641.1186009  273.9882857  68.96852856  109.1386569  271.5503607  23.75470621  136.3312777  219.5525517  303.8346044  244.045389  
150.4702384  168.4405045  -28.14226289  464.2645673  287.1244475  573.1325915  454.2955986  490.8455897  620.4152125  227.7264024  493.8699084  205.4284413  406.5685159  184.1618208  6.230363284  342.4508459  345.1813107  70.34394079  165.8667051  180.3492223  601.0436902  286.5028798  81.08594647  126.0117454  261.8171703  34.69151643  137.841354  215.5179347  317.4316004  242.3099199  
151.5102095  164.6972626  -22.91836421  464.9827165  270.4920502  580.9339664  462.4814864  498.9367217  634.4570578  240.5170022  480.745614  204.2907421  416.1618901  189.9922933  8.491400113  353.9564577  355.0194842  57.23931432  160.137615  176.478363  609.0281464  292.8454631  85.44434192  128.6568099  250.2778337  20.32841529  134.2287721  221.0999087  305.0038503  262.3467104  
143.9456138  164.7571816  -18.09414821  461.1155588  262.7105447  575.7878524  453.2011787  504.879267  604.0193782  220.7739346  478.9869511  205.0694922  401.5058329  182.3423893  -2.423578273  357.9134784  355.4383697  53.61035173  167.161673  162.69672  600.9358842  274.4473143  64.96984112  124.1667529  241.2732958  17.77055328  128.1428503  220.1492232  320.01504  253.1963513  
135.7453004  155.7935919  -13.87858181  455.7207246  265.3756115  573.7504487  453.3078984  502.5592329  598.5328983  229.1937529  469.750604  204.4549861  401.7071668  180.303692  -2.045125863  351.8005573  349.5711047  56.89971648  176.1473961  172.8006241  607.1599385  273.1692552  61.22260431  134.112753  250.0015239  34.61543409  125.1996774  206.9387211  321.8048314  249.4927326  
150.8556895  168.9349134  -23.97376828  446.3186012  237.0098142  545.5762622  437.8939101  515.1681875  602.6031131  240.2609001  483.6279259  215.9937849  403.0299028  192.3479115  1.522208922  360.3841112  346.3202417  48.46542423  194.2108246  171.3852412  623.5997095  273.7551617  70.74633628  101.4265103  267.0351802  39.73203488  134.7699574  208.6592434  312.4809156  245.2790932  
139.1746992  163.5371  -21.83348666  452.7875011  264.9904878  562.5325742  458.0740794  508.48521  597.4872973  230.1563059  489.1396467  203.0270079  395.3348467  183.2006211  -1.502789098  345.4807529  352.5326733  73.02525837  186.5341289  175.5022845  596.2849082  279.916542  60.01580603  122.6444187  255.1939413  40.19111637  131.6909633  199.8016102  336.1390571  243.1252668  
143.8818413  166.3213897  -23.06442177  454.4219001  266.9937373  566.2955977  461.116163  507.6568845  594.2279004  230.906253  484.8325814  207.7969431  399.7367411  184.5374597  3.962610908  340.5731448  355.6592467  62.83130722  182.6534819  184.3684567  602.5184827  277.9316257  62.97207258  111.2489983  259.7152536  43.90084914  128.9914387  207.2015712  326.0081759  237.7720552  
145.1840495  150.7602599  -14.40179715  452.1682469  264.8183465  564.0852863  459.1036934  501.3264493  597.4636279  219.8302207  478.7205134  199.5006088  401.6973424  173.4220346  -9.069303474  353.2222401  341.4060292  50.24208571  159.0700635  166.2902606  593.3964715  289.3469546  63.31235039  133.0610393  239.723538  20.83378824  123.0121501  208.3197671  326.910309  251.2020424  
138.9761081  145.2291563  -16.98124133  456.927271  273.8927084  567.3562826  472.4578204  494.9406888  593.2006301  214.873554  482.1811001  198.7028212  392.7768871  171.9533247  -2.359472681  344.654523  357.1035598  74.80838942  178.4676654  176.2014875  584.9710116  293.2166656  57.68441093  141.108873  240.9254921  32.23112796  138.9718103  205.0886981  340.1401447  245.662885  
144.2408753  151.5092388  -24.19321636  460.3210087  273.5767223  563.51957  466.5993884  500.718881  602.0580095  227.8445184  483.8492716  204.0771494  409.74565  187.2815978  4.3276973  348.1839115  354.0436737  61.11517019  189.1177407  176.1691714  599.8261237  290.270504  70.02867801  112.3897404  256.1586584  36.88629262  124.0461753  213.2287799  327.6915008  242.2975208  
149.1745119  155.5726319  -16.20110474  456.9159234  265.6409578  559.6110596  452.9134475  500.1806988  602.2795867  211.9603604  484.7819189  200.5472941  402.4990698  179.0098036  -1.7663832  361.3552165  336.4331329  51.29481788  152.390956  156.5177252  603.6800029  295.5722801  64.69947553  131.6397384  244.5931205  9.455706433  128.9684479  221.3142356  322.1733061  255.0774691  
136.6549089  144.2509517  -12.79628854  459.1590445  269.5183218  566.2573711  459.7419037  496.4083313  606.2351648  217.6748937  488.0766068  190.2417502  405.9146801  189.9164016  -8.541171827  358.3731928  341.43416  59.86127792  157.4022038  150.8644434  596.2537829  288.4098182  61.16432655  144.6409611  235.9583502  6.928820696  117.5078296  218.8689926  334.309368  270.0453396  
146.8939303  161.8287075  -30.81271079  453.6151564  261.3976849  559.669498  447.6536403  509.2586448  618.7175455  213.0842658  487.3345542  203.0563045  408.7899384  193.003239  6.911281507  366.3954088  342.1579813  76.66817972  150.5495017  162.2923902  618.7860422  295.4065983  69.66074994  106.2147857  278.5602379  23.09722972  142.123718  217.7731872  317.6539941  242.3450009  
144.2073094  163.6328645  -22.15302446  461.4532456  252.8211595  564.0480041  441.2973304  506.6136148  597.2407728  238.7907354  484.8925572  206.6526861  402.0380846  189.6597732  7.538240669  348.0842148  339.4969081  66.7165419  187.6306377  169.9413178  613.7713096  264.6897652  57.53311855  120.2804176  254.0005558  34.93741762  113.216936  198.4374202  318.8987804  251.5208088  
143.4897277  157.6073791  -22.59388726  464.956608  272.1393735  579.9996889  455.801187  506.1068177  601.9424132  227.3709152  483.4509812  200.3901378  407.2871809  185.999187  -0.3748649966  353.4989191  353.3145841  67.05732494  174.0472954  175.3516306  604.833984  279.5688406  62.51970761  123.1739232  243.2843591  31.39212393  112.7739791  205.1891643  320.1858898  253.2478912  
150.1231054  153.9906918  -19.12011188  464.5182597  268.0422581  588.5797599  468.4472304  506.6896335  616.8077368  216.5238866  491.9477206  194.1274099  397.3027624  190.8431701  9.507724819  343.9829871  374.3570806  64.79601323  173.0491159  182.4418014  608.1038866  294.5228152  55.42438666  115.3442106  251.8571533  27.24351816  139.3387584  216.5486  328.1602655  253.8549717  
147.7988032  171.2400666  -30.11731993  460.5418675  268.9270118  587.3217857  454.9240458  505.2407896  624.6048844  229.8783957  482.0305141  194.3978822  404.3184963  187.700636  14.65114405  360.3612496  352.4511963  71.52911969  151.4323937  176.0888746  611.2302507  299.6727518  67.71923906  118.2569752  270.1004782  26.99706074  141.0290038  224.1789812  324.9374301  254.7222006  
141.8564094  171.3247985  -24.887516  452.9558896  276.2966161  577.9569059  453.6887713  511.6206912  611.5794999  229.3108828  485.1265992  195.1365155  406.3437165  190.8398733  6.650744643  350.7448555  349.2445404  69.81508381  171.6367816  173.3514893  607.680168  293.3673584  61.87672342  113.0716875  268.620403  36.2890836  132.6676227  217.7006432  329.2546594  247.3583288  
143.3972916  170.5273524  -26.53157188  462.2185  275.5321217  573.549257  456.457838  514.9380223  603.1584621  229.181756  482.9145506  198.316054  408.5770009  188.5068446  7.53795138  350.7956344  352.6370992  63.30470701  160.8011623  166.3685963  612.8663028  287.5029617  63.37577268  110.8204017  258.9439898  21.89614874  123.7399944  232.0702858  329.719794  244.6948169  
151.883304  163.3885901  -24.90943666  458.6679012  281.4675944  568.5152624  448.2659786  510.2732751  616.662543  224.1800661  479.870472  189.8971496  415.9578553  185.2469076  -1.272461995  365.6080563  338.7997992  51.7396395  150.0016063  162.6999336  613.1362739  291.1479346  73.86296802  123.0521518  267.6158206  13.83916402  129.9153027  222.2911707  317.362207  246.6640116  
145.7280702  160.9222974  -20.00180667  464.1187334  269.6119029  571.2872724  447.1261774  493.4513212  597.240884  220.8378982  471.7288859  202.079161  406.2224375  174.4614106  -11.22175234  365.3345378  334.5315551  60.54803162  137.906384  155.9436284  599.1883747  286.5520792  75.47906312  131.8966777  249.0063019  15.90003534  124.9655066  216.479657  315.3924871  256.3387151  
153.1047299  158.6876087  -26.13060324  460.8750868  258.2578803  555.9138313  433.8820777  497.196627  593.3561711  227.9814708  483.9039782  220.6532289  411.5301312  179.5670328  -10.02899933  360.7189811  331.936434  65.27127734  166.4922837  165.2644333  619.6912955  285.1588629  84.28530408  114.8531942  260.7188408  34.63361831  124.472637  209.2744963  309.2353803  252.3498406  
154.2804896  165.3562391  -31.63574751  460.3549777  261.0029499  547.6292808  433.7097612  502.6481487  592.8542875  221.1841638  480.0348393  222.4625504  400.9552032  183.1346824  -13.56300254  361.3677059  323.9224867  62.35723162  170.0919773  152.1941948  621.5638931  272.9810268  79.97421745  110.4366361  265.2678685  25.66559883  123.8319285  217.2614132  310.0270369  236.9036427  
152.7338459  181.8340726  -31.76952225  466.8722837  258.3872398  549.2838594  434.828271  508.0814009  594.330163  238.5291112  474.6632284  224.3204995  406.4706149  180.0834918  1.054762033  359.0975395  326.8875286  63.18426765  165.465182  167.7032465  632.7451356  263.072399  77.34804841  103.1448495  270.1527254  30.52797833  124.5369557  217.0739465  308.3150087  235.3056149  
150.5736261  175.1729084  -28.50693944  462.5300046  264.4027618  558.7656852  442.7232553  513.6591377  589.7099242  245.0614864  479.7882661  224.5185642  403.5672484  181.7457298  -8.554860871  362.7482874  336.1830304  75.6507801  171.4287646  172.3482284  617.4640993  265.222963  86.13471162  108.1733614  260.9687698  42.15677894  124.6327132  207.8695643  314.7735495  237.2045476  
149.7828153  179.1087462  -23.92130354  460.6258371  262.8818775  570.2723975  458.6477489  507.3751592  595.1856793  231.5915822  482.7980532  217.5087252  396.6222915  178.4376529  8.345690103  346.5491263  350.2372063  65.13127158  165.2097376  179.1893615  607.4696529  275.6426615  69.00160939  108.979765  263.3538462  34.29894549  141.0775753  212.5042006  320.55781  231.4314029  
142.1548688  162.2050482  -22.84294328  456.2221872  264.1393925  562.0488407  452.3552334  505.7743884  604.8000163  227.0208386  483.1695828  210.0164937  405.2224702  183.8665993  -5.053299767  359.2690874  349.9628504  55.6128431  172.6678795  173.6736232  600.0059262  280.2459066  77.01277066  122.3939075  252.5823614  27.41564473  132.0607219  210.8668199  321.4543341  251.0740219  
136.0712155  153.4034662  -12.49166909  447.8353093  267.7035133  568.090427  460.6573349  506.1197903  611.8079761  230.7595544  479.7614661  192.4475809  406.4730697  184.4125051  0.6682888903  357.8296568  353.2416345  56.161052  171.8911325  169.8179692  590.5894387  283.1455005  60.53416969  142.3102378  244.1558858  25.54794439  130.1353801  209.3547253  330.6309985  265.5662113  
137.190712  146.7765326  -20.71703235  446.8969586  270.0549512  563.0687097  463.7383056  519.3497263  607.229836  228.2118138  490.0183194  192.3924536  414.3721562  194.6294466  1.054092711  355.9194859  357.4990764  61.30884772  188.8634857  171.4474492  604.5654445  287.9895177  67.25123135  123.3978895  256.1132753  34.59968263  133.574128  206.6671705  325.0312707  263.9366838  
141.933711  155.5889435  -21.34004095  445.8243308  266.7134412  577.0633078  456.3566035  512.3790281  609.2372472  221.4547651  485.9326888  200.5019843  411.5989509  190.935172  -4.659967268  361.2463199  352.0073537  49.03489753  163.450602  166.2316295  604.4386783  289.8634521  71.64368517  119.0627692  255.3506896  31.35235566  134.6395953  217.3784778  315.7176292  258.4768872  
130.979629  146.8891721  -12.24103691  448.0177235  285.7757534  579.166096  472.7408817  513.2016386  600.4120059  216.0276105  491.7062077  190.2464081  404.4811058  179.8656407  -0.2673570303  341.555923  362.5047663  69.74588549  175.007101  180.340133  578.4795318  283.0377623  60.69493293  138.9701213  235.2515813  32.34983717  126.3724839  203.1207554  343.5436426  260.7553784  
141.305158  162.0576454  -16.21555544  453.8030893  241.4598961  567.0414074  457.1207383  507.5611166  597.2822368  220.5350012  481.3215271  204.3765165  390.7168383  185.3562139  0.2992238318  356.3764666  356.5383878  51.72705362  161.9928967  173.0422361  601.6943464  284.0283904  46.81535731  104.6021274  251.3698366  23.50536977  124.0454975  217.5613181  329.6636673  247.0796669  
146.5048026  170.896102  -28.36057138  439.9595263  260.0999801  555.5897649  447.3595818  517.9581537  593.3817786  226.1817804  493.5486671  212.2344184  389.3730902  184.6579897  9.674234246  340.7536539  349.5522043  70.44980801  183.1794026  185.5346166  613.4627754  283.5082543  52.23773612  95.81546465  284.4334694  57.92115507  140.3118653  201.9007572  329.0864245  219.0193728  
155.3409864  165.5863369  -30.0073386  448.2210776  242.7285971  553.4409567  441.8468872  517.5263264  602.002531  245.5999048  496.1949298  216.7867253  400.3091779  200.0774487  5.439206084  353.7911662  346.0805379  65.56897161  197.2793974  180.995735  625.3667622  280.244307  71.7238491  87.69930709  274.9170771  49.73884295  122.7424238  203.256115  316.6022721  237.2472973  
157.6082578  165.4288764  -27.15982154  452.6433811  257.4149226  572.971583  449.4387347  514.8933477  626.6331518  239.8009376  495.8015499  208.2082145  406.9778014  195.1194929  4.262125808  361.835464  365.2108733  66.73297249  191.6059059  183.6389825  619.3483654  295.3163639  84.65707764  102.3512895  261.9470882  45.48411029  133.4721993  213.7631319  308.9021771  247.134282  
145.5436904  167.249339  -20.46173111  463.4570922  269.7451489  575.1150824  442.9150638  501.6928732  608.7364596  238.1426287  480.2793845  197.8936089  402.5089232  183.770305  1.694128946  353.3211337  340.7930421  62.13042477  176.4962311  167.9454238  604.2338534  273.8218476  68.11611479  128.9749122  243.0895666  25.01517947  120.0541961  208.9441614  319.6301406  258.5725863  
140.3040433  164.3348176  -26.01542075  449.5554084  252.1864594  565.0692068  447.8244484  514.5602284  609.3602324  236.4068867  483.8245317  206.5627995  400.1773224  198.8774491  -5.130855015  357.2492421  347.0954827  63.59342043  183.710207  168.4631276  627.9505702  284.2653865  68.16018574  114.3177817  270.4293335  39.23422074  138.5916879  212.234163  320.0072322  252.8528241  
142.0163517  161.374135  -24.4897513  450.620952  257.0658672  568.3189774  459.8947054  514.8828082  610.4696582  231.2964282  482.449515  203.4154362  403.0444342  204.4361532  6.656447529  355.2801875  354.8926558  60.41674869  178.2746841  168.60074  615.6260492  285.0158159  64.63080931  111.7766623  266.8945014  37.02037147  136.7555649  217.0369051  320.8349957  249.2131416  
138.3946647  156.7299674  -24.71919409  451.0610433  255.6970991  567.297604  450.1583982  508.7430728  616.0379197  227.1416792  478.183538  193.1808588  407.7945099  188.2350856  2.358999579  366.9454134  339.0540285  60.12520701  162.6590795  163.2841022  607.7691936  289.1014297  78.197558  125.3988874  255.3008546  29.43108484  132.0192213  211.6288573  321.4277064  259.181545  
143.7604075  160.3609633  -22.90922722  450.5934484  256.5444816  559.761874  446.6554732  503.3496766  599.2239009  228.6220107  483.8763021  217.4126466  408.2483851  175.6717314  -7.291371766  347.7846299  349.7588587  61.4463351  180.5761141  170.7111236  607.866625  282.203888  72.7121018  113.2999426  258.4344219  38.42528802  132.987521  204.7320359  312.9707222  242.882196  
146.6219339  164.859104  -26.30326261  455.2151856  265.5592237  568.3069325  461.2151489  509.6836439  579.6380041  219.5206443  482.0113235  221.4071939  401.888702  171.008096  -6.947629377  340.4307248  360.4198752  70.47718906  189.1447336  185.5122745  600.8192682  271.9770284  70.64130297  106.1105918  253.0594734  48.5843313  137.3550318  204.4830486  318.6900101  226.8362596  
149.7906532  169.423666  -21.48960587  457.6812637  254.2648513  564.1931458  444.4482817  498.7257887  579.3106736  223.0109361  472.6869785  220.688028  398.1458422  175.6408392  -10.30291462  349.9733086  336.2626423  52.08004826  166.8592658  171.3538028  609.6731841  264.182639  64.20477114  116.3489356  254.8591739  30.76075491  126.7413834  210.181028  312.290987  236.8982238  
148.2788975  167.8012244  -22.21513826  463.074378  258.7056044  557.7416341  449.6369607  498.5651847  579.4636264  223.7753912  480.0164671  221.266331  398.2345594  179.0800241  -2.262928761  339.4264965  338.4335138  68.29545266  175.3016385  175.9937135  616.141248  266.1870425  54.0985792  110.3917225  264.5128402  37.59001119  128.6405651  204.7890938  320.4056601  232.6979986  
150.721891  165.5055116  -30.63515336  462.3058589  267.4295424  556.751095  452.2746083  497.4014004  585.7732403  229.2731092  481.7447796  220.2629875  398.0752655  182.5285411  7.013323898  341.3381681  339.32813  75.89601532  185.1163216  181.2505029  621.0684128  271.4692657  64.39975635  110.0603019  272.4905192  49.19126332  134.2800149  202.4612137  320.5661917  226.5756924  
148.2833291  166.754343  -30.57842415  466.3118783  266.43534  563.0897884  445.4901915  494.452008  593.8304013  233.7854617  487.3061861  210.6082345  398.5828917  194.6242829  1.165943236  340.6372763  334.8393281  60.78561534  192.5531555  175.4076132  623.1718436  266.326598  68.5314222  113.4725148  266.2912297  40.42402029  123.2237394  203.9215849  322.3907263  232.342565  
148.9692318  173.1117244  -26.73039787  468.1441842  263.1714707  575.9009504  442.9345926  496.3353469  602.4938174  245.2074528  482.7868706  207.2138465  408.3627295  204.2083561  8.882329394  351.998416  332.7080988  51.70657853  185.656159  164.4067093  630.4458317  266.5433966  63.91658063  117.709588  266.22156  28.86475339  117.5204946  214.531842  314.6655443  246.2821757  
147.8556215  162.1490605  -22.99628682  465.3763555  265.6377129  568.0953403  448.9736314  503.0896889  606.7451756  242.6556707  482.0643608  209.0889695  408.4605159  194.8212498  6.550105234  348.4912602  337.3343971  53.85895663  189.3805814  172.0249131  622.8937329  269.4579304  71.81107757  125.8782067  261.6054341  37.60498847  125.3433541  211.0580936  314.6343289  252.0938011  
150.6451697  146.7364064  -9.942425767  462.1894762  277.3442509  572.8534339  459.092767  496.7790022  616.4818502  228.6350971  489.7523847  198.678225  404.8575907  189.7377736  0.923360823  350.7233434  345.3837422  53.62882639  179.3115104  176.5042034  601.3602075  285.4508654  62.97159712  142.3249358  233.9078469  31.93483391  111.5036529  216.0709717  326.5473325  261.1118092  
152.8011064  153.97586  -24.83095984  465.3783143  276.9274933  580.1382077  471.3280837  503.2239554  636.1990363  224.0362172  484.8527722  195.5489828  413.7500167  192.414532  14.74903967  359.7405036  369.7607069  74.68519758  164.463433  178.6289592  613.1159688  311.2249881  64.21573  124.2831205  257.6059131  19.01923817  142.7784312  232.0720032  325.3331454  259.5622585  
143.180562  161.8812473  -25.26454891  461.6060068  268.1564672  579.1793789  450.7312526  496.0006661  623.0266081  223.6059746  472.2821392  195.1420803  411.8405365  187.8935277  -6.113660015  367.6442375  338.3940018  58.18008238  143.8366747  149.3755634  609.554604  295.4554743  75.75494583  134.3052966  251.8380881  7.701978502  138.0610243  228.677158  318.209925  267.9858317  
140.4657537  159.9827473  -28.99071515  460.9548268  270.5709006  569.1499815  450.521169  500.2656032  603.4973577  224.2235379  475.7898243  199.655543  405.8132963  188.9113326  1.398681662  351.4218689  338.8173161  64.53199406  165.3396992  164.6312603  613.8337903  293.6165753  71.49810825  120.595073  267.6005719  33.7718771  134.8038256  215.530324  323.8615006  255.4988154  
141.5587515  166.2200489  -24.53120019  461.8152256  269.0256336  573.3059968  449.9790245  499.1876122  595.3615457  223.8351007  482.1540348  202.3766259  400.1489956  187.5423069  1.54846295  342.4725264  337.0994379  56.89410104  170.2523037  163.4358335  613.1043098  282.7888784  71.70486421  119.9248383  258.9674032  31.43316044  124.8314423  212.7476989  321.2641996  250.0347629  
140.7167022  150.9277957  -22.23741803  471.5777147  277.2997071  560.3953874  438.6986828  492.8318518  579.9234798  214.5519372  482.7626477  202.0316243  401.7124296  184.5023465  -6.906627945  347.205704  323.8698382  56.25567621  168.7657724  153.6519739  608.1881037  268.765227  65.95261145  123.3268373  242.8503658  21.52205741  97.39187161  206.0976863  324.3004104  249.9328263  
142.519641  149.9187193  -18.16620324  462.2798869  276.8856494  569.5912199  439.2741891  494.5286348  585.5859796  213.258297  485.2174915  201.8294287  400.8566197  178.0759003  -12.32835661  349.4110197  325.366825  60.0535161  161.5274599  158.7813853  604.9641758  280.8159155  65.64349347  131.7024341  245.111918  34.35221976  109.1040188  203.2647882  321.1444349  244.9296902  
150.413784  160.6854011  -24.77881541  463.6635036  252.1620818  562.9758967  447.7067085  495.3504008  594.546413  221.8323727  485.3821536  206.5162504  396.3999801  188.7406694  7.055080087  346.1672279  344.1605015  56.99404394  173.9268284  167.963647  609.9744158  279.6677665  67.56284139  108.8232492  251.7816689  23.53737825  126.6804461  213.6692418  319.855001  248.3514907  
143.4272004  156.0684717  -23.06760021  461.9748704  277.3307518  577.3843124  453.641262  501.5323565  598.2650721  233.4066604  483.1296481  200.6927844  412.4174438  186.594691  -2.012567214  352.4137302  340.3475801  63.61445485  177.755923  168.1297997  601.6688908  280.6617881  76.45395209  122.3445139  243.055971  32.48847197  111.1033599  212.2497802  323.7816018  258.240517  
139.962264  151.9367178  -18.31253377  467.223424  281.1873263  583.5800746  470.3378404  504.5053531  614.1203762  220.2505387  488.9332846  189.8910096  407.3622044  181.8581626  6.247981611  345.3401358  361.2482696  66.11976899  181.9187754  171.7664363  590.3919789  290.4290851  73.64532803  134.3826292  232.2739653  21.00605769  127.3287118  214.5009358  337.3574644  268.5830874  
138.0414326  160.992064  -18.75902845  449.2383123  259.7937213  576.3473456  458.306468  512.1801943  613.9961944  220.9667788  484.6789289  194.8824501  408.2987749  194.739319  -0.1581492868  360.0424051  352.5494764  49.44021366  159.9969528  157.3714985  617.1859919  298.2715852  48.09270737  116.2552297  260.89653  11.81355556  132.4090136  222.1681726  323.7298681  254.6429644  
146.7403156  157.7788618  -19.23735372  454.6734187  278.8356567  577.713739  457.1948849  508.3304093  619.467754  219.8006119  489.3131997  188.9125417  411.7412136  188.9905089  6.005314906  355.2773437  347.730606  59.54245858  175.1898626  164.4852479  600.9710097  294.1787004  66.66694446  128.1698346  254.6037055  28.5970293  131.0396886  221.377027  329.1017694  257.6579186  
154.8964586  150.35531  -15.59005872  455.7717895  279.1455984  582.7815812  471.6412057  503.252228  635.5687509  219.241848  496.4286054  188.1150823  405.4440301  186.8291636  7.764256263  348.0625121  363.8183023  73.09088836  163.1322061  178.4256368  588.5593152  305.9064036  68.59355667  125.928418  256.0824517  21.34355612  142.2253561  223.016222  331.9884115  261.242737  
153.1265178  157.8140287  -19.50882956  460.3178512  255.0633321  580.3605376  457.7422242  510.0449096  644.3165301  240.7462475  492.3189672  200.6105267  404.2670256  195.7945273  14.9857578  358.0928929  368.0301892  69.74191749  181.5554771  183.0488422  612.1780237  308.3564968  62.16088023  113.1682479  265.0187345  26.01306745  137.1369314  215.2845875  320.2095666  267.3070852  
138.495317  168.6183964  -27.34932631  457.553973  238.0263045  578.4914629  448.5685679  510.5758079  620.5313649  228.388677  492.4277501  203.8978674  386.8768006  196.3761728  6.268271009  361.1259708  358.2100631  64.28482097  171.2298731  165.1757898  618.6560323  289.657097  60.16015184  106.346852  253.7512678  27.05645569  138.4041939  219.4986573  323.7385095  254.8637546  
135.5534049  167.4457753  -31.33640728  459.027693  277.9516462  578.9046216  450.8425387  499.920308  615.3667275  229.8340353  488.2394138  194.4323447  407.0797643  188.7976398  11.88853344  357.8074144  345.0520383  79.20804566  175.9923161  164.6252301  609.1146997  294.6112247  75.41234394  126.5614212  272.8941839  37.79804587  141.8880341  214.7774994  330.7834305  255.9486371  
139.0493921  170.3121257  -22.32123006  461.8071782  264.0636176  571.2666871  452.0914325  505.5881998  607.1410055  236.1403692  486.5185492  204.8141306  409.6216963  181.7870531  6.465149824  352.3667426  358.0932185  63.04728632  175.4946252  170.7017761  602.6970653  274.7369807  76.85752126  124.3461057  250.4250292  23.44350141  139.392231  204.850213  314.9692519  255.9482328  
142.8857868  169.8617327  -18.40651968  457.0330527  245.8706894  556.8927503  439.4933442  510.1536916  603.1692585  247.8967953  483.9549367  209.6681951  400.5898635  190.6536488  -0.1918318537  355.5336574  350.1232644  63.58835769  192.199802  160.7442968  612.3246045  270.4472001  64.75702897  121.2635009  252.0904752  30.7574148  128.0454597  207.0012439  315.4509406  258.0801851  
143.6496503  155.2630697  -21.54978641  455.1375526  270.4964729  562.5460488  452.0866699  507.3222046  588.3328744  232.1046514  483.421367  210.1661669  399.5188262  182.4915696  -6.215311953  348.7996786  346.7532876  68.89119962  195.1929754  171.7721526  610.5287784  276.6385942  69.92550137  127.786315  255.4690053  48.40045005  132.1229316  195.0461549  318.7620869  240.1571132  
143.3348221  161.6938065  -22.41254558  459.9394044  262.0181544  558.7094629  453.1261682  502.9418305  581.4811479  228.0866502  481.9758356  211.1478587  390.2861017  180.8922527  5.9321587  338.7354727  353.4586077  68.59185165  189.175236  178.7340925  608.5563667  272.2318185  60.70066898  113.7790912  252.220558  43.4184128  125.3078286  202.5356765  323.6656251  229.7582118  
154.9594846  160.8478237  -20.87433211  457.2549523  244.4738766  548.0924761  436.1072593  503.3073219  579.2500844  230.4978219  475.3084714  218.345474  396.1349635  183.0892856  -14.10344576  356.5331615  335.9486763  49.95032729  176.4255456  162.1972344  622.8139821  275.7392798  67.93662376  107.4311897  252.5910321  31.20700139  120.8509972  203.2763193  303.8157192  235.5232348  
144.1916318  156.0022258  -21.01550247  462.979749  272.8866665  564.3896823  445.0313494  487.0957326  587.8787574  218.1325  483.0312581  208.3789181  399.7716408  176.3480248  -8.709678662  348.8034492  326.2594674  55.24117646  167.9555281  166.5874548  611.3003063  280.1810298  75.16499506  132.6798109  251.9479081  35.1293376  124.3982503  203.6237136  315.7759615  242.4809771  
141.1757388  164.1270853  -22.80541927  463.6006822  277.2299615  567.1820513  452.6667082  490.5154817  593.3583486  223.191153  484.9528656  202.5361169  403.4291593  181.0540113  5.402221977  338.7201934  334.5533404  60.46453221  165.22236  170.789434  608.3101393  276.5092864  68.50293729  127.7436539  261.0760157  29.95775955  119.9219471  209.8634722  321.9332326  240.1087731  
152.1301584  182.1442399  -33.32884009  475.3952369  255.6861659  550.578127  444.2894834  496.7468038  603.5770071  233.6984244  479.4796038  221.0900858  402.2904995  183.2408428  3.279162853  354.8240292  335.6611141  59.42998852  154.8704725  159.6498718  611.6446661  271.6925025  77.11456112  108.623509  258.1267233  12.43667556  131.8859068  221.3315583  308.7997525  237.0452086  
147.6057914  171.5058986  -38.05130145  460.3609971  271.6687136  554.8872807  446.8503074  503.2589226  604.2075852  241.7218706  482.1022257  225.0184893  413.6373146  185.2258717  -6.555498683  351.9834356  342.3834188  73.12605248  197.5857259  183.3862512  612.7204829  267.2413812  86.57933492  107.832628  275.5149933  47.37964234  134.7994602  199.4725641  315.1851357  232.900997  
153.1068809  169.2784711  -34.10508576  460.4939848  256.6178776  554.6682532  443.3868397  507.8018798  603.3453252  220.7287316  474.0896556  232.6809376  400.0185328  177.0899173  -1.872607954  359.9975784  345.0187332  67.0480623  160.7318728  178.6300236  617.8388898  275.2147766  87.29256006  94.96169119  271.8709015  33.8743979  142.5740201  216.7026385  305.5950078  226.4263428  
145.6658247  169.6813968  -29.78514479  459.6380293  259.2597976  562.5245422  445.034096  505.5052237  590.9828144  229.0437313  473.8765197  220.0012782  414.7793029  173.4904685  -12.66088561  355.6044638  343.5158681  55.72645793  165.3185984  170.9323068  614.0539956  272.8804147  88.52383338  110.1543259  257.0142887  30.13162566  132.5236198  212.2095225  303.0863089  241.5752333  
146.9875942  168.7690004  -14.95011237  460.9337224  266.7834357  560.040585  452.1218465  510.1922815  604.0196683  220.427171  472.2202872  212.2628313  400.3202113  176.0151633  2.91050217  360.3585753  345.9200709  53.49242885  164.494636  166.007799  604.191317  271.6482357  65.66482082  125.0261687  253.4828482  18.1419569  130.7307789  219.3734325  315.2990058  242.486125  
147.8524864  144.3218153  -12.51216482  459.6575916  276.7152731  578.4903676  467.9511228  507.7951601  609.9043936  228.0440676  491.8093455  198.7962444  400.4751816  186.9329673  6.607312131  341.4325135  366.4104804  63.11933653  200.950002  183.5280796  595.6196109  282.7562976  69.3010408  131.8674194  242.8483863  44.16309469  134.2320268  204.3570709  326.3470455  262.8347455  
152.5590422  167.7716973  -16.86761001  457.681678  253.1179792  573.4433486  452.7361556  507.7244562  618.7048435  230.5165853  479.3822284  208.059708  394.7487959  180.0232495  11.25280139  356.9370361  361.2157859  62.86599361  161.3435855  183.6947231  606.1227397  289.9432315  53.67853845  113.5484356  251.0670305  21.17927907  130.6575026  220.0391429  326.1400801  253.5153712  
137.3267415  150.3982631  -26.96595367  453.9720677  274.5191435  573.1800247  465.0438042  506.0949222  613.2665521  229.2088421  483.3562661  196.6165002  408.8242628  194.5005214  -3.201646075  351.4642835  360.2623231  83.81117854  173.3024691  177.7817745  606.593984  294.796549  48.71054111  119.9304857  272.5208966  41.44188005  140.5111778  209.1670639  340.0888505  250.9379098  
142.2719314  163.8501206  -25.33842922  456.0849116  258.819335  564.368035  447.0576873  516.3824478  634.8017509  242.4794747  483.2755739  196.9885358  410.4561819  220.3763147  18.14974059  363.4368614  342.4311278  52.54512191  171.8749461  155.579235  639.0148632  286.7839963  81.20702756  114.5041612  278.6504129  19.77093891  123.1618413  230.1119822  317.073455  270.4166803  
145.520752  156.8615234  -21.51025484  466.2526101  245.3790873  563.988136  452.7194467  513.7779136  626.1813009  234.1596129  481.5096909  189.7468378  409.7111121  197.9140573  -1.079686545  377.6863989  336.5706202  50.76895064  154.4934646  150.291788  610.8310754  286.6415599  76.80568152  129.0932779  241.6398683  4.492132451  115.4077537  223.7717869  320.28925  277.6827642  
129.9318685  143.6294583  -4.645729984  442.3386  280.6706134  584.1999393  457.8481996  504.2544226  598.5949374  235.7272018  481.7674148  175.8730151  418.9802098  180.2280519  -30.42554329  359.1748403  336.430571  54.86472075  165.0035396  155.586316  574.095776  281.8628948  59.55479868  160.3561956  221.057013  28.85336689  101.6265355  198.2558216  333.8129314  286.9875382  
138.6872094  152.3955954  -10.64924046  439.4952198  248.7608621  567.9848701  457.4836017  512.7661904  584.74861  209.6748142  487.9872323  203.9124791  385.9734289  176.9114579  -17.28745819  346.3403924  358.7344145  61.49343828  177.8090528  171.9930001  587.0404826  285.7961937  44.5436931  116.2785475  239.7852092  36.64289698  135.7080142  207.827807  341.6395096  249.3190994  
138.0352479  149.7978245  -18.19563347  439.0648857  259.9473811  560.3170359  463.5923994  516.006303  580.2931697  217.1772048  490.191723  206.081422  391.8682804  180.484641  -14.48765649  346.883471  356.115074  73.84510241  183.1921172  178.7048059  595.1859344  286.8429279  38.82489496  116.3518379  249.9450557  48.45239113  127.5506569  195.8757549  344.345929  235.9109879  
146.7678363  156.8593575  -25.47845048  441.1792644  256.3425819  557.2112486  444.5874852  515.1089563  583.0627961  217.3282668  493.624497  202.230363  398.6042869  187.1906823  -10.96008518  359.7213013  342.6528009  57.35396383  170.8285223  167.4979548  617.213034  290.4042403  56.93942093  100.9615218  258.8471454  43.1332656  121.7257324  208.6074319  325.8455002  236.059398  
144.880962  150.7992383  -22.4000354  441.5801775  261.3679361  557.1944998  451.074292  515.8953769  598.1607279  226.8808354  492.264095  200.7737499  407.3599696  190.8596681  -7.927949324  361.0725535  328.0916432  62.9729661  167.5896764  155.8590463  624.7898808  290.9075297  65.85110554  122.9000291  269.0716126  34.15844176  124.5680824  210.1253477  321.6988094  253.2117436  
142.9408114  154.8151153  -22.42392881  450.7534496  271.4970099  572.7964827  474.9857015  514.6771202  610.7370531  221.8100957  493.9378113  195.6348333  409.0333663  189.7888569  13.61036234  349.3886492  350.86998  64.05487094  160.8287548  178.6347217  612.1174036  300.778344  72.80808414  122.0649334  265.0507145  33.30999682  131.3302495  222.1924416  332.2105299  252.866728  
148.1597247  162.7130763  -22.66178146  452.8115729  265.4902037  574.4104901  463.9561325  517.2052204  613.0091126  224.4176193  491.0012029  191.1073981  418.7749534  199.4775357  -1.555967722  361.4168935  337.091316  40.74989472  131.5605519  157.555182  614.6369348  293.8092967  77.42878865  111.8261788  258.4048391  6.546816975  121.8588393  233.3278751  314.9284206  262.1504149  
140.569982  154.8044413  -14.62696896  453.4391056  280.9954487  584.9879212  456.1608538  508.8408111  616.3771969  227.4840545  483.8661329  184.1768389  406.4342436  188.2465915  9.293273265  355.623285  353.11678  68.98647772  160.7695631  178.249055  597.9507231  293.969349  56.77692678  130.8842024  254.3934924  30.86923534  122.3598398  213.4446354  333.2938806  258.3705838  
145.0619932  158.14651  -27.46853426  460.4155663  285.613232  582.0705803  449.222758  504.6901871  619.1858926  228.1945975  486.799778  190.4101553  416.2824158  190.1887289  5.1026186  364.6044516  342.6876243  58.73529775  168.2094711  161.8711436  618.2138306  290.7808571  79.46713069  128.7225245  255.9078936  25.14984755  120.2972774  220.319909  316.9154231  256.8861756  
149.380173  167.2133354  -24.37982185  463.8354839  265.2076232  564.0688535  442.8457328  498.9759342  615.5378487  225.709634  484.6466584  205.4648611  410.0097239  187.2242019  2.483213969  358.5971719  336.9902839  54.00008693  164.6338587  161.8873484  610.8656124  282.9265522  82.25939576  114.5984895  255.8230736  20.50112246  126.5505384  216.5837733  311.0129806  255.717601  
143.7699584  160.2329523  -11.86936662  461.4671804  270.1423904  575.8600678  449.6721229  497.4945808  599.7377846  225.3468817  480.312965  206.6089685  400.1893058  175.6272059  -5.087645926  351.5735905  346.1714473  72.82344621  176.42171  171.0898196  589.4673721  268.971289  71.58394944  129.7280117  231.2477482  38.07206393  114.295725  204.9794454  321.7321959  250.9459066  
151.1847763  150.27013  -20.58391292  464.5519183  270.241098  565.9838856  451.1625763  497.1654948  599.6789289  222.2382326  482.5922334  211.9997344  401.9942828  175.5252346  1.500237631  343.7125428  357.0064483  75.65232459  188.8314974  182.7596685  605.1094514  276.1649385  71.60245367  120.0465635  244.6605662  38.76905098  127.7135082  206.7326363  325.4931659  242.2704123  
157.0536032  158.108249  -20.60408785  465.3456216  262.0553085  563.9026302  457.8793624  500.4253162  621.6642205  220.7510785  480.3694686  210.2823177  400.9011775  178.6262415  3.374575554  350.3746401  362.0416518  67.68914057  176.8588835  180.2397776  599.7934307  287.317416  70.71328999  109.4691826  254.2615745  24.49212103  134.8582796  220.7294619  321.9124212  243.2828298  
154.4124864  166.9321565  -27.82690118  463.4878857  260.8450661  567.1539633  459.3572024  503.2259173  622.6489026  248.9462719  480.7918214  207.3537557  407.5937842  187.6965008  15.60301912  347.5032217  360.0864274  68.18232858  184.5614517  194.5600382  604.7161531  292.150691  76.86025408  109.8374902  259.4780227  45.69820365  132.2860076  214.0265721  314.6881407  251.701073  
146.4921676  167.3122807  -22.73464591  455.5647919  254.7495528  571.9659446  458.3080664  506.3535921  596.7723633  240.4962847  484.139204  214.6015549  393.5087058  181.4790902  9.304929918  340.61686  362.7184432  66.86617897  192.4824712  197.7236015  602.3458474  279.8574334  60.98497937  107.3339148  261.0998542  51.7464364  134.7493154  194.7905071  324.9414615  235.0846868  
147.5359828  176.1891266  -31.59835996  458.0773827  259.3046516  565.3885589  449.6406666  506.5360622  593.1012748  243.4157607  485.0252659  218.8680789  401.572129  190.1126425  11.5324586  350.0657679  347.4368192  59.19022897  190.9370764  177.6980684  623.5069199  276.4517922  69.75492691  107.306661  275.8675832  46.91331633  133.4289937  208.7639512  316.2459704  230.6244611  
154.0948264  175.6438945  -32.27705824  462.7969679  259.6067681  562.3016329  439.8124812  503.1063261  602.0887517  241.8567727  481.3814886  209.4566555  413.4902173  194.0364177  1.077478747  360.473475  337.4892498  44.50761668  167.1174713  164.2790227  624.2135019  280.4865905  75.07044798  105.955374  269.9553183  22.84457091  125.3856598  217.9708108  304.5589257  244.3836165  
144.4224537  167.1883819  -23.72955384  461.6064311  257.5936204  562.7014024  446.2116967  499.9962358  603.5238158  226.5378043  479.6453475  212.5300096  400.0022869  183.0247241  -0.8411013521  352.9670659  342.0226291  61.47844676  168.1294458  164.7957226  610.1714078  279.954528  68.83875794  115.3948947  260.3230032  21.60664436  135.628233  213.5392155  314.9682657  247.1730911  
140.7486288  162.4754892  -26.12055287  464.1706753  269.7233887  566.1299996  447.0725208  497.3698769  601.3178142  220.4957018  481.8486896  210.5079705  401.3770983  181.8072064  -0.3432516456  352.3603011  340.5088013  67.27609248  174.2947186  163.1879253  613.3079277  275.5063374  68.74879553  126.3553728  257.4661404  27.11505441  137.8609605  210.6479576  321.540236  242.5362045  
139.9428221  156.5980294  -30.71847131  458.5349356  262.1264572  565.8013956  452.0270995  501.5822285  606.9694756  230.6366446  477.4593418  206.6525583  411.4922898  193.8907726  -8.498067238  357.3023321  339.303505  54.5435589  175.7309996  163.1354699  610.1396907  283.1246907  74.99477712  117.9523953  260.9257847  30.31200318  127.7625938  213.7311323  321.5122813  252.5800658  
143.8231137  164.2510594  -24.21168411  456.6654986  269.4480488  564.0128961  443.3842741  506.9418168  598.1861478  221.5954932  482.0249629  204.4487651  402.4127279  187.1219171  -10.72566417  362.0368009  331.0529062  65.75257592  158.0557768  152.1662008  612.536319  281.0630304  69.32521709  124.5212545  257.0353766  23.07921991  129.2700945  208.86548  315.2485488  250.4753086  
141.7920178  165.0256984  -20.89424506  458.4446052  264.4203879  567.4674764  447.7633658  504.1350822  585.2364897  222.7243087  489.0979877  206.2058669  397.5831111  189.6190873  -1.20870363  338.9989803  346.1672175  62.77410111  189.0207076  161.6037561  619.653732  269.4851397  54.84857265  124.2286481  255.3067477  32.75217577  131.338477  211.2564552  322.5772304  248.65234  
