120.1606441  339.590068  -151.390475  334.5101404  384.5882362  683.170066  299.5036331  467.5208266  453.2583087  261.5456459  877.1837057  73.32873255  373.0351281  461.1091476  -135.2501233  176.6172709  199.8153957  120.1497358  168.8726019  -32.45691449  740.0365357  119.6661045  89.47948276  29.29175471  246.7124189  -57.37167634  100.3591492  370.9191937  427.2957363  167.5581095  
123.5006013  340.0657828  -148.0251376  333.473668  371.8689092  666.0472226  296.6466575  460.9084695  440.6882339  254.720475  883.52586  79.36394303  366.3628297  454.7000806  -140.5173704  157.3852673  194.7302393  121.6353533  153.4436572  -42.15317281  746.4343768  102.7607842  92.71881187  22.47757017  239.0684073  -68.92629643  102.8543885  365.8776581  426.0111473  167.0466719  
123.7671925  338.0449551  -147.3942107  324.3067066  364.0380024  666.5889496  298.6404168  473.1684915  438.204796  246.9380574  871.3671345  85.22518513  369.9064077  454.6756729  -153.1237538  152.7081938  206.2791278  112.7327859  145.3425296  -48.77798794  747.1900781  98.99722668  88.00273452  26.80931696  242.8943758  -60.66028731  89.06010314  362.8903708  416.9774839  159.7642435  
122.4376263  333.1838568  -149.6239983  324.3540901  377.7902988  676.4216484  290.4271885  476.0145685  432.7451526  245.4548255  871.558454  84.58675091  370.8007796  459.732079  -151.4798171  154.8099744  203.2396716  122.1636622  154.0564041  -37.69414116  746.9439308  99.79180224  83.28986432  19.0593354  246.1911827  -57.19923345  95.45870117  363.8521492  421.4128889  174.0274867  
122.8501277  335.0661154  -147.7215611  324.9907715  383.5522616  689.861618  290.6885642  481.1621404  430.8044856  238.7309443  867.8197277  99.85905422  371.9940329  472.7849564  -156.0534785  149.1076062  207.9013807  113.3772494  150.6788752  -33.9643868  743.3391099  95.11028431  82.68610087  5.610224017  240.4350367  -53.80252516  90.09093271  372.0246559  425.0238356  168.6990353  
125.863693  347.6386887  -145.4884301  321.1806298  381.4600095  674.9102088  288.9349789  466.3949608  435.9597735  256.4858217  876.3265807  92.54798556  376.8374554  457.3853422  -145.9920499  162.4335304  211.8886513  128.6625064  140.6480385  -43.59796688  759.5768093  107.552157  80.65781162  8.479322411  252.0651675  -64.19722297  92.65351818  358.7022621  420.2630979  175.3240974  
122.5040685  343.8414743  -142.7509529  327.9172983  383.2501763  681.9920485  289.6358308  478.1698313  440.3226059  255.9242863  867.9064379  88.60463299  377.1324815  464.8061196  -149.9354977  164.3693847  215.7292103  125.3373056  157.9555895  -32.16542013  751.0209997  103.831182  85.39798695  5.598664163  249.2422673  -64.7522461  104.5743381  370.7690844  422.567822  178.0707892  
122.0681083  346.2113994  -142.2574057  325.3024688  378.1404226  677.4188317  292.2630127  466.9455669  441.9174429  255.5206808  873.5989886  79.7365932  373.0903363  462.2487878  -142.4117528  163.3701585  210.8527979  117.8866906  151.9347833  -45.46844617  760.5810871  106.4668608  85.87087141  17.91280916  256.5918328  -58.32218233  94.3260082  363.2911876  419.6387522  171.805815  
122.8707328  347.728685  -136.573513  327.3121682  377.3394018  671.7638178  293.8125449  473.8739293  429.4637469  255.4245603  873.2311959  76.96153182  372.3532794  456.0982643  -155.4246306  165.5235383  214.5306839  118.1202201  150.4099592  -42.68527854  752.8401702  101.5193222  77.59896207  18.67345697  256.6469505  -61.64357422  74.61981521  358.8556275  418.350931  172.443242  
130.6376591  340.4527422  -141.8414808  326.1556194  373.3363116  668.3871372  297.0222434  471.4987278  436.6290156  243.3179277  874.2273955  79.776307  375.1534302  461.8753933  -144.8098416  156.5959595  202.7192561  119.1271694  148.5089442  -48.24216313  746.5619384  103.3780686  87.27023911  23.85315653  246.284794  -62.12811215  89.76318949  358.7156779  418.9829645  166.9939152  
139.8270021  351.4168158  -138.0936902  331.5980292  388.8097471  675.5672859  284.1739764  481.3672165  441.1577143  246.9043861  873.5276046  85.97968377  374.7229747  466.4660007  -136.8873685  167.2093939  214.8472139  125.3737095  150.2477493  -32.32158906  737.1877827  119.1227733  86.24078329  14.08919882  256.1387793  -62.35305247  92.53737593  360.427638  427.0694223  184.8452313  
142.0325793  335.9495625  -147.2290994  338.0752991  376.3368082  680.9336587  285.5252193  481.9633669  448.8251077  248.8692772  873.3903846  88.94982514  368.5967574  466.9020739  -143.7910502  158.9995647  206.5247903  131.2500722  156.8913854  -31.92620146  735.7398232  112.0428145  89.8629903  6.56304609  244.8380024  -56.25566623  110.963491  374.5910234  414.8308509  176.5064854  
123.9558276  338.1848834  -159.3319782  339.3789405  386.5726603  686.030406  296.9608411  471.1537701  438.5093223  263.2676452  888.4781902  88.78995937  363.4350141  473.8302401  -153.2084142  156.3525099  195.7313254  135.6970787  168.5253581  -29.55529025  731.0380329  101.7087469  87.73909188  6.681642461  223.9581583  -57.29213176  125.7590137  387.5104728  424.0293689  180.2871374  
121.3452461  339.0058417  -146.8672915  329.8059017  382.3843209  681.8065955  291.438647  470.853679  439.4415259  249.0130374  877.6722772  100.7978021  370.6734662  471.4367772  -140.543482  159.403334  204.7785395  125.7079425  156.2201423  -30.39709716  740.8252517  105.8786936  88.25637843  0.1173452382  245.9939511  -65.4177179  108.0557138  376.5755517  440.0225861  179.4169394  
122.2628542  330.5375571  -148.4996595  336.1276498  387.1892189  686.9068412  299.5665853  483.9116741  437.5326034  240.0531082  870.0713131  99.44281625  372.3623367  482.5979831  -141.8058234  163.7545177  208.968349  122.0993878  161.2441621  -21.0330589  744.1686589  100.7442399  84.20805741  1.370722003  240.9650959  -55.4709007  104.5215588  384.6359316  430.316785  177.3828374  
120.6137308  335.0191012  -142.0264488  335.5896255  385.8144544  681.9748709  289.752736  479.3105004  431.1258543  241.1759945  857.2243285  87.84208103  369.5348095  459.6457571  -153.9375113  166.6668777  222.2018643  114.908548  154.6943015  -35.36924243  742.2875032  101.6605579  79.21799996  11.56762667  246.4069593  -55.95417303  83.67161933  373.2270321  426.2806538  177.3619145  
120.9729171  338.0629544  -144.7919483  336.1112871  390.0449487  682.6199716  287.8611748  476.4279945  422.9426517  246.5786988  867.5672853  85.4740057  366.1119088  457.3519845  -151.3094339  166.0768996  212.5418776  128.5329564  152.1568275  -34.26133334  745.6520043  99.72532483  79.57857665  14.18258673  252.4656974  -48.39329977  86.19194376  369.8012093  416.8881322  177.3261551  
121.158964  344.9475281  -140.1954108  331.1908985  386.8375696  677.7348949  288.321964  472.0703828  427.0646732  250.2307517  867.1537553  82.84590815  373.6857314  454.941722  -160.3943178  164.7410115  222.2797567  122.4126118  145.5720512  -43.41783258  753.4019749  100.2978612  83.19042343  19.07449097  251.1105593  -59.56053628  84.1393754  360.291431  417.2674107  173.0272658  
118.8309006  342.7566737  -144.0207675  335.3877957  391.0682231  677.5304945  289.4261092  471.7644359  421.5938904  248.9210038  873.0037564  87.10131944  374.5153966  457.4087312  -158.0356338  168.4934056  217.4809849  129.4686354  150.2016258  -33.5128497  750.0840877  99.79892961  84.26687529  22.26428175  253.310947  -49.87734078  79.97041563  362.7949967  419.7229402  170.1273262  
122.0666362  338.7875848  -147.6681136  342.9125255  383.7596556  682.0553223  295.703886  479.317691  436.7862251  247.234194  875.4168293  89.7025623  378.0925151  469.3838806  -149.9187993  163.0387197  213.0850644  126.74284  156.4946594  -36.39580641  743.8448591  96.68549082  92.88151519  11.12795963  247.5155297  -59.04336317  94.67048498  371.5469327  418.8506357  169.9586058  
122.7235169  333.0161942  -154.4453992  333.2381339  379.3641476  687.3880994  300.1206547  479.9155916  440.2313507  249.7906489  881.5209319  93.41714114  372.1113774  473.5639652  -140.9022305  170.257146  204.8074756  134.7851952  163.8030301  -27.30707924  744.5159255  103.2378979  89.69186101  8.455792357  257.5258442  -48.13410108  100.9176508  372.7927186  426.6829744  169.6006036  
121.6376311  342.1603958  -151.2301222  339.5753626  391.5511503  698.3906485  289.9606736  487.6231264  447.9022609  254.0398628  872.9670584  88.11194248  377.3096566  480.7353794  -147.3880629  173.1251496  202.7937811  126.2167168  170.5713708  -20.63293348  738.2550863  95.27570572  83.89914757  10.94289425  245.2719489  -55.09679168  103.6526592  373.7713648  438.1851697  181.0251778  
122.7769054  340.3387686  -152.5207376  334.3619878  378.850488  683.3012771  291.3947329  465.5345583  462.1261594  251.201393  879.3357597  89.88233432  375.1589124  472.4988971  -134.6853551  165.407909  206.8375693  121.3384793  156.6243664  -32.33038837  748.0503528  100.7031048  96.00011156  8.414965238  244.0532529  -64.61272752  118.7047023  370.5419  430.984819  173.0690331  
119.1907593  343.6835422  -144.3692953  336.6482458  377.1840167  673.6633341  288.3873117  456.6767019  453.9858448  261.2016757  876.1146679  74.59088555  372.8049105  452.3557033  -140.6336763  171.5262559  207.1592416  121.6215016  164.2410816  -33.19649734  747.9539498  104.3576931  98.71841289  21.04496524  250.0343272  -68.06249806  112.7294969  365.9124605  427.6352264  173.2358194  
122.5330238  352.390657  -134.7480988  333.0355614  384.7925981  671.6945049  287.4553114  460.5802138  447.0191541  254.6051275  875.3007102  79.10773968  381.1400426  455.7338809  -142.1450504  180.783338  215.568991  125.5318668  157.034026  -28.00765509  753.6863281  113.5685217  94.59852947  1.992242733  260.3609252  -73.16778072  95.90129751  361.8791012  436.5816157  178.2618566  
125.8267352  345.9707175  -138.6346791  337.1612137  385.3176719  673.7767012  290.1461989  469.4277666  444.5038203  247.3556126  874.8241758  82.41336527  382.8728044  465.9302291  -140.0132779  180.9308841  214.9380817  128.3873182  158.6119295  -23.31375694  747.7450244  111.4786431  92.50257686  7.563926666  254.0103609  -71.99868059  97.91104664  363.1949563  436.3740574  173.3030496  
124.2470254  342.6819194  -147.0997757  336.4627157  375.4783702  674.5714288  296.160677  462.9664743  452.7591109  254.406991  883.331256  84.90992961  377.3661983  459.9345164  -131.9430018  170.8344023  206.2737703  128.3233333  151.813064  -36.30979181  744.7506392  109.7064001  92.32948294  15.09646524  248.0922967  -65.63033377  100.3443465  364.113386  422.3423665  170.0930424  
119.2769513  334.3915325  -151.3080056  338.4361722  381.0145893  682.7065973  290.3303835  461.3830201  449.5196992  260.0333523  881.4218135  74.49633725  369.1619388  465.9193566  -141.2961342  161.2654624  192.9114741  123.4085559  169.0308234  -30.38307066  732.8796148  103.4966031  90.58065489  13.77676451  233.5024742  -63.80026648  109.5991596  380.5051416  426.2849447  177.7197873  
121.3176663  333.1260521  -151.2286854  332.3109732  378.9290143  685.0525073  288.8514594  468.0003007  443.1923226  251.4557321  879.6195668  80.52644708  369.4099912  471.3199692  -142.130113  156.5552601  192.7655799  128.4944718  162.969067  -33.35903976  739.147426  103.5497839  95.12901467  9.392044059  245.8181188  -52.02904931  100.2534945  377.0411369  424.4539871  166.93306  
134.1974719  344.8773696  -139.1891871  335.5988116  383.2388235  683.1271161  287.9063715  473.520996  448.7611661  246.3983271  876.5814798  82.87157929  371.6643634  476.9115509  -137.0137099  159.7795589  205.7699978  122.631794  151.0689576  -26.81193896  745.943362  109.5144281  92.92036231  9.36340226  254.0513228  -58.32471724  88.91780901  373.2391786  423.8466853  166.9003894  
135.2206968  340.7504132  -137.3872233  338.6023951  386.8505248  672.818175  284.3808674  470.6112109  441.2538313  251.2380533  865.4064083  76.71059868  368.3661678  466.5458057  -138.5494701  157.3112012  204.6458713  119.4294331  156.0364827  -39.0284137  741.690488  109.394909  92.23664231  16.22488743  247.2587386  -56.23644684  90.80675377  370.6295134  414.9034177  171.153055  
123.0813809  339.1100408  -146.9575054  328.5983612  377.5726372  678.8926838  283.5680824  468.944105  431.0904279  251.9815219  865.0562478  85.90450917  363.697514  447.5562559  -147.2795628  155.5431363  207.4597428  123.269466  145.742684  -46.00822079  750.31153  99.67591234  82.70072944  16.66828889  251.9555458  -54.57489446  83.92983793  367.5465151  412.4644323  176.1604255  
116.8239537  333.5696769  -150.4974788  331.9221282  383.7845478  685.3506387  286.5585807  477.5799869  431.2696358  244.5212426  862.1564664  84.00362305  372.8170043  466.7024904  -157.1658527  157.293256  207.969633  129.8164198  151.3091249  -37.45162127  748.7014907  83.56593975  83.14800416  8.324831535  246.7242698  -53.99617411  93.85367182  373.0729093  425.2069567  175.7800384  
122.342007  327.9886417  -154.1089689  324.5894242  376.2160553  677.199858  298.4674366  481.1023361  437.1763906  236.1354525  867.90172  92.70261299  376.0621549  472.1710077  -148.6947706  142.3316814  197.3093528  114.0295926  151.8156542  -48.98682791  749.9088949  81.05611201  87.50275955  15.15769634  234.9567515  -55.24421322  90.42201844  374.7108995  422.5396054  168.1364847  
120.9844191  339.2025672  -149.3654915  320.6986952  377.6972275  679.9078451  291.0416037  479.1118575  426.7076895  247.5702781  864.1973923  87.43784288  370.859596  463.4210372  -159.4359047  154.1008882  206.1230132  118.335545  147.1160904  -40.43640655  749.8280557  93.8441405  75.85084042  15.51137424  240.6683011  -55.08447597  78.7683798  368.4234594  424.797766  178.2459952  
121.2876209  352.0166148  -137.5498795  319.7951166  380.7753361  672.850612  288.6085569  478.0830792  424.4350584  248.3515698  863.4243701  87.79834164  375.2509707  460.501203  -165.2280578  150.1320279  221.5689184  116.0962625  143.4350891  -43.73067378  759.6620314  91.81356638  78.87326006  16.46999266  250.3445308  -65.30443944  82.60014408  363.9982516  425.7126501  179.2123399  
125.4822484  345.7389837  -140.1545451  314.6912116  375.5764921  673.1384266  297.6041859  479.4151107  427.9460431  243.1526688  873.52742  97.51469813  375.8207132  454.6334257  -152.6308744  147.9540707  210.6251613  114.5456639  137.2232557  -46.79144869  759.3223027  93.83044682  87.97436718  19.12685837  253.4934723  -65.98907413  90.31285325  359.273659  429.2312119  176.4523426  
126.6640973  347.8743757  -142.1987065  321.0950621  381.6769537  678.0215662  302.467118  487.3917616  439.2707261  240.8333118  882.5269048  99.9856535  379.1283257  465.8641199  -148.7835421  153.5292727  211.7406094  118.5660748  137.5933498  -38.59302892  753.0761503  99.53857937  86.89609319  15.11797364  250.0165407  -63.97666154  92.58037054  362.5863074  432.1857895  174.4498712  
127.1612194  351.0390071  -139.9818747  320.8307377  379.2445446  667.5953427  299.4252616  483.5585418  437.4695273  240.4212969  879.2465497  93.1781491  378.3920603  463.7787772  -150.0627625  160.7888235  211.1532244  117.4221286  137.5786079  -38.28014939  749.8761398  102.9006075  87.48927045  13.14401116  250.17174  -61.85128938  89.55204222  357.1110875  434.1654659  167.2235742  
128.1424238  349.6203888  -142.784235  319.0657642  384.5085528  674.4332964  303.5899404  490.5957813  441.0265087  240.8592242  886.4343096  101.5514889  374.2792374  463.4749852  -141.5874737  159.6097875  209.2633721  120.8096549  140.3263602  -31.59291028  747.5283291  107.0219405  86.65402794  16.38185047  260.0815067  -53.06297955  80.6391951  356.4116857  427.5779875  164.4278152  
131.6170677  342.6889235  -147.8216924  326.6729788  382.3534858  683.1903138  307.0867838  492.5375944  451.7168464  239.5074455  888.5259972  103.0448873  376.1173366  478.0576028  -142.8981632  159.4928942  195.6548819  120.5261428  147.1987324  -21.80441528  738.9230256  107.0174805  95.04626424  11.64655327  245.5956248  -57.04021586  97.13073537  369.2611905  432.4749649  165.3211058  
125.4043017  341.0870937  -149.3078592  332.1051101  380.411817  690.3839697  301.1867056  485.0233676  457.2158725  247.0546807  884.9696383  92.68243637  376.1852933  482.0153842  -138.1425299  167.2519448  205.0477499  115.5529804  160.5951336  -27.14035811  743.6063705  113.8131777  92.27431637  11.50077491  255.6865208  -54.6036587  98.23514214  374.1047396  427.6233507  158.8342883  
121.4144425  336.8418124  -148.6204889  344.2702592  377.2417512  685.8970216  283.4940176  466.2692543  459.0619285  261.8828057  876.9738257  74.84267601  368.5585831  464.0097461  -138.9341144  176.1009976  210.5064549  136.0950074  168.0164613  -21.12565549  740.2742515  119.5758724  86.99101082  10.67149523  252.5317641  -64.09424251  114.325426  368.2933624  423.1478906  178.4948496  
120.7419905  342.8272585  -144.9131099  343.8984137  378.4946217  679.3210137  287.6646806  462.485234  450.3896152  265.4203219  877.2610943  75.66448713  368.5092035  458.7418816  -144.3750683  169.2482466  210.777783  128.9190243  158.9353598  -32.76156693  747.8366545  112.2907274  85.55600094  13.63761868  241.9101794  -73.21549663  111.1508983  366.8453796  418.3227291  172.9566907  
118.0947843  346.6479346  -152.0080218  342.3369233  382.5375161  682.0806187  294.8632499  463.4304192  445.1205017  263.1163269  877.4840049  74.77121542  367.2493226  464.2946152  -141.5490559  167.9107442  202.7388105  122.3516788  161.5141163  -43.81463027  749.6030351  109.4499731  88.04975624  24.22810952  238.3961125  -68.4109834  105.508409  370.3288651  422.6219788  178.1431071  
120.1583843  344.3847026  -145.6682051  339.8744442  385.8733114  686.3348724  290.6773914  461.9560819  439.4729253  266.2402713  881.6622941  74.78294145  374.7960746  464.1671231  -137.9108844  175.3868333  201.7954886  130.4762221  157.3527323  -38.89104293  751.3865636  113.154457  88.08180189  24.19183821  247.3688706  -69.64739102  100.4103941  360.9126219  420.6784942  182.6435133  
118.1252314  342.1891938  -144.1669732  337.8802407  387.1684278  686.4704286  284.2190132  463.6262352  431.0889274  257.7474948  876.7650799  77.9016864  372.3466573  461.1478876  -143.2132071  165.8738359  205.5369377  127.183381  153.6864748  -37.2825455  750.5501871  111.0538099  82.95682978  22.34954916  249.8183376  -67.52224574  90.71516998  361.4398187  422.3595793  176.4802865  
121.144578  331.0540234  -147.3778666  335.3892667  379.2618865  677.9051096  295.8662572  472.0620648  431.2231571  246.6030658  884.9339372  84.22263412  377.7059908  466.5712618  -151.9998953  163.5528764  200.1648436  134.386911  160.6686945  -24.96362903  746.1685613  97.63825231  88.27634287  10.02174852  244.8644203  -69.82176382  113.9476003  369.1346672  424.442209  177.6825084  
123.516811  328.8415861  -151.3636121  327.0138326  373.4045405  672.0158274  304.7904435  475.1455297  445.5286626  243.2517725  886.5853225  93.09176772  380.0688333  473.7492261  -143.3926616  160.1547502  205.0963833  127.1020107  157.5003253  -26.56492126  746.7266395  97.73454427  92.72998322  4.00364627  244.3799155  -67.03057401  119.1811685  373.1210272  432.5184003  172.3555245  
124.4107834  336.346676  -148.9275394  328.2809597  379.0217502  673.6442763  304.8932609  481.8687236  448.8808999  244.2240928  879.928998  94.28191502  381.7206106  468.5756588  -142.6537294  168.8772901  207.6847547  121.9123751  155.1449043  -22.82587169  748.1635803  99.11245189  89.43338856  11.68889665  247.6034506  -59.23236585  100.7305987  367.8632433  435.4437723  168.9500627  
121.0890125  337.4793302  -153.2949459  336.2724333  383.9759179  688.6461636  299.1990907  489.8637808  437.1606325  244.3248456  873.6941261  93.73898981  376.5476515  469.5002769  -156.0340194  171.9145495  209.2627277  122.5310257  159.5407672  -17.12719013  738.536042  96.23823881  79.44620971  6.553795578  240.1744116  -50.1493624  84.69472958  374.3324509  425.3697739  177.6694939  
121.49015  335.7883555  -143.6242082  338.3574117  386.7218622  680.143846  291.2152876  476.8428804  429.7891013  244.6340312  863.2736763  92.15409304  371.9473436  466.2411189  -149.4353889  172.4431947  211.1920891  120.25578  159.9721747  -22.90970582  742.3117361  105.8505578  78.17124893  4.414371265  243.6276186  -56.33633743  94.47863611  374.5969595  426.3359715  179.8418579  
125.3534547  342.0110958  -134.6023325  329.8538067  383.9993923  671.7666085  287.3645612  470.8500229  420.628959  248.4102764  863.7860968  85.99625177  372.6497306  457.4463549  -156.4656552  165.0330008  215.6741015  121.2821683  149.8417597  -36.02994688  752.6172319  102.259947  79.38127017  9.901053049  249.2231069  -62.91106106  83.06208362  365.8010099  418.5630353  172.1962985  
124.3593303  340.2651199  -136.5606576  324.4385019  381.7758138  672.9181017  285.9624292  471.0898898  429.1163616  251.327263  866.5865549  79.45194105  374.6573988  451.975999  -159.805801  159.5234312  215.6832586  118.8587392  153.9688576  -39.93111364  747.1145323  94.81419822  85.15022286  19.3975678  247.4286361  -59.09474361  86.14092252  363.8976664  420.6748709  174.1911131  
127.0829542  340.7283525  -143.0754214  325.6124563  378.7972094  679.3820712  289.5248392  477.2931939  430.7800204  251.2823982  866.3221394  87.04882729  373.283438  455.5849744  -160.0435111  160.4832437  212.7358978  119.4266661  159.8145301  -31.96022681  741.9373506  97.98831094  84.76720807  17.02351861  248.814432  -53.50087227  90.5438255  368.3271861  424.6574235  178.5235764  
127.0950715  338.0503123  -148.1085725  337.0828057  385.997887  689.9946869  283.3661088  478.5183162  431.4919466  254.7043621  864.2964911  88.10893942  372.0071995  463.6867583  -153.8687502  164.0555077  210.28427  125.6599226  164.1206341  -33.78628607  740.1213591  103.0566718  85.02174798  10.70105179  249.1705661  -47.56598795  98.83190026  376.1073415  423.9798988  185.4114394  
122.5280895  332.6173449  -153.1409393  343.0148817  385.1219446  690.9592344  282.4445636  474.7120517  429.5116667  257.3223865  865.223778  90.75367365  365.0272631  472.4052219  -157.8924444  157.1757397  202.2337498  124.6669727  169.7209788  -27.99432133  738.0538912  100.4706378  83.28669155  0.3797981004  236.6763193  -49.95810613  105.8017846  388.248535  429.1000201  184.6692472  
127.135081  331.6890021  -154.1536971  337.1286567  385.1228402  684.0549072  283.4790144  474.9495261  427.6879052  256.1467941  865.8135651  91.53224536  366.7188298  468.6293498  -151.1232784  155.4076754  205.685365  126.809754  166.5460557  -37.23128377  741.096417  97.93373771  82.27493965  -1.215905019  241.4740878  -45.6205353  108.9577778  383.2300549  423.2788154  179.250228  
124.8582646  334.4354854  -149.0259756  335.3471035  393.7516825  684.3869546  281.8153424  471.5955116  430.1126609  251.9801102  859.8195192  84.85251053  365.6412648  462.6389878  -151.6410082  159.1715265  214.4054263  134.0760331  164.4585388  -35.79907081  734.8177818  99.7936487  80.1541581  -1.845035121  244.7853309  -45.53124418  101.1374046  378.7704862  423.1825592  181.9717835  
125.7106111  322.884664  -148.1179274  329.6565043  383.897117  676.7195582  284.2134806  476.59242  432.7576075  249.2046226  860.3129095  85.16265137  363.4785148  453.8350719  -147.3040881  155.6400512  199.6672079  126.0118495  171.8742819  -32.09497484  719.7785148  107.3732659  84.60205005  0.7106050219  238.2980346  -46.86695348  109.7463956  381.7637647  422.5110236  177.5397551  
128.170047  325.974691  -142.6153673  324.646537  390.8385572  667.9465578  283.6453005  468.3140908  433.8425636  245.4511851  859.2627151  94.64360992  374.0623668  448.387994  -140.3431624  157.624017  212.839313  135.8823845  161.1828672  -24.60926368  739.7995861  110.7516129  86.55241655  -4.673793641  242.5335272  -69.80772407  114.8681036  373.3908093  429.6042938  180.218981  
133.4399309  330.8447133  -138.5932187  323.6841954  390.3056461  679.9847071  301.5321274  485.049122  441.4284573  232.1827968  871.1659822  102.1336296  377.5346752  464.4220921  -136.3404759  156.7678642  213.1595738  119.9623395  147.2062848  -39.00845035  739.4391462  107.0106851  88.67230218  10.96682898  242.9483975  -67.34705213  103.9992105  367.9851189  425.7060608  168.0703483  
131.0841107  339.6730005  -147.6938779  328.1554492  374.1923824  679.0142933  307.0724889  484.2796358  450.0087558  248.625317  885.4525006  89.21722398  375.7919385  467.0588762  -133.8263571  169.9512728  207.0669511  125.409136  153.5002031  -41.67319028  745.4040495  115.5916576  86.73463167  20.5500684  249.2764313  -66.14389542  99.94379656  367.9569555  418.1468222  176.2850281  
120.283946  346.330166  -152.4048957  327.2228064  383.106588  685.4708271  292.5018473  463.9886984  454.7104051  257.5765373  883.7131219  82.7719601  376.0253692  470.8085208  -129.9869841  165.2896201  198.855929  130.448269  159.3730729  -33.22643749  758.5536055  111.8609119  95.52890016  13.13422588  257.1018354  -67.58399264  120.2980653  370.9555382  435.1224444  183.488619  
117.9116803  347.5345342  -145.7695628  339.8805189  383.1819414  695.9773962  292.1014632  478.5120031  445.2805455  254.4010926  876.1230991  75.35887675  373.0705718  476.0809652  -155.7452857  159.1419124  202.7415225  113.7860078  156.3293818  -45.52936849  748.7286425  93.19131084  87.16493673  16.92066705  246.6782598  -57.76660364  93.92323873  373.0384957  425.107478  174.2745094  
124.142952  346.713491  -149.854408  326.129215  386.6573768  691.6695831  286.3548381  477.1016837  440.645847  251.8752125  880.2826952  88.40382732  375.0632625  469.0344923  -149.8888793  161.8275057  197.2178982  127.7256551  149.2266885  -28.73061537  745.2471475  98.62007564  82.82391483  9.232578655  251.6637655  -43.52788634  84.64489076  367.5728873  429.6770829  173.1905013  
131.1936493  348.872179  -142.6117031  332.0548492  390.9248326  680.6335862  291.4225849  487.6606791  442.25262  247.5340904  875.3371298  91.04536211  371.1830238  463.6524711  -146.8274975  164.6278408  201.334455  115.9312749  145.7314643  -33.63587782  734.2024107  105.7507631  81.0429258  17.82560063  241.1338301  -49.95346095  78.75972022  364.3147537  425.3264517  165.6671135  
128.8906092  343.5069651  -141.492443  333.5106999  378.6999286  667.9210494  301.0663801  481.0863366  448.4798264  241.7625232  883.2497597  96.08165517  370.7918198  457.465921  -137.3197398  172.6012671  207.7072319  117.4621572  145.9310967  -36.44128828  740.6626547  113.3723332  86.19297683  9.161333918  254.5058512  -54.63823516  84.33544102  369.2213256  418.8120251  167.3776979  
115.0168318  342.2619708  -152.2274024  344.5649559  378.4729575  677.4840633  294.8122301  458.7599819  455.0494574  255.6579735  882.1822891  85.36194349  372.4690112  473.151365  -127.6253326  180.517336  219.0849455  132.8570465  163.0302835  -20.42220725  750.9305587  111.5137323  94.27586693  5.495059425  267.7331196  -59.82308703  101.0244304  373.9476498  424.0379912  175.7301276  
114.9214911  326.4351039  -163.7895354  343.7788802  369.2845825  680.6201624  290.3322017  451.261726  453.4476443  254.2317794  877.4103912  78.87510168  369.2798914  482.1257943  -133.2643237  161.059655  194.5609722  119.5103675  180.0634336  -37.33947648  745.0244364  95.60528827  97.28434426  4.51588774  244.0368723  -49.20082198  125.9204825  389.3001804  425.4717627  169.5690535  
131.7771022  330.8642024  -152.3753227  341.333693  373.3160046  677.9469486  291.7214987  464.676836  447.9487661  253.7382335  874.5395997  76.34653636  366.9011474  478.6206918  -146.003606  156.5501958  200.1614825  114.7507459  164.7319225  -47.48975009  744.6306532  98.40561571  79.62427781  14.93098356  231.2395486  -53.14269915  99.18847351  380.5994541  409.0666949  174.7292944  
133.1109938  335.3892941  -145.7460016  339.011991  375.1173793  674.1430385  294.3270816  459.1773331  459.0616479  251.1156325  870.75544  77.69125176  375.4971632  475.2771813  -131.2465791  171.5863869  207.2880388  109.5199629  161.7271737  -34.11919156  745.40489  112.4611002  87.55195894  17.1829233  237.217921  -66.04878813  102.7621492  377.2837154  425.2730682  173.9959874  
118.1612823  334.5204189  -148.1498847  339.932445  372.3546085  680.3517678  291.1677241  461.5075772  455.8331167  258.6056121  866.7388499  72.97240228  375.783811  466.3459169  -135.9563792  172.476887  213.0256036  120.2613127  162.6397066  -31.01705759  755.8231173  110.4518126  85.85385624  22.53716336  242.3352117  -76.83998524  105.4202  369.6046669  424.7175574  183.1977069  
115.6462328  335.4964482  -145.6389251  327.3792451  372.6375727  684.819686  295.0096268  461.5546889  435.4070683  252.4164407  871.6777822  77.78556667  379.8301248  469.292371  -149.6296698  154.715936  207.7056053  116.9845101  153.9750067  -43.75130595  769.0101445  96.414277  91.82511361  28.15221501  249.6448875  -67.5251745  102.508951  366.5995734  418.7783903  164.9389421  
111.6178537  341.0542535  -144.1079574  332.0305692  370.0965827  671.8019574  285.2292357  460.4363609  429.8649831  257.6674805  872.9943688  70.94752676  376.061333  445.5578755  -164.0357366  155.9771049  208.1904088  122.6455405  147.4090599  -55.6945909  763.646791  88.79087441  89.7007634  30.38264007  248.1009518  -67.94216059  97.35648821  354.1681485  410.628465  167.781268  
115.3169124  344.6087523  -143.2642908  329.2585924  362.1891097  669.172307  293.7998764  462.3597087  429.402319  256.6839234  877.6304849  75.62038849  376.0723325  448.40258  -161.7222298  163.9557331  214.5401863  121.8127304  142.3595243  -48.06039735  765.3603125  94.1021223  88.10678985  30.21969602  250.4371818  -68.02027802  87.98931705  353.2865666  413.8567812  165.1740445  
121.7661302  340.0610151  -141.3653847  330.0703498  366.6363375  657.2664811  298.1837271  465.8272819  432.3671659  245.1992055  883.6500384  74.68577188  382.9674722  458.9153325  -152.5040157  163.7121146  206.5690142  129.2585727  141.0248891  -44.03217035  764.2848441  91.03897018  92.77113317  29.19178398  253.202756  -62.64025403  83.12000725  351.1322494  418.0393023  162.6167743  
122.2002465  343.9698811  -138.5988693  326.8916  362.4823838  657.6714095  304.3310611  472.4805424  428.8351431  241.7031417  877.8749204  82.27432843  374.2511588  454.1795649  -156.9894199  157.8423946  213.3170533  116.2239067  137.0443062  -48.06784786  758.511256  97.73086207  87.57015527  26.44040177  246.5029856  -72.78582948  82.55333442  349.1034286  412.3476487  155.4300584  
121.3243982  341.7267002  -144.3467617  326.9127744  380.4810563  661.7914419  293.3809649  468.5975761  433.045685  248.83603  869.6083854  84.67614482  372.4023182  447.6332528  -155.9657447  161.7015767  212.6166173  117.705354  149.2172826  -46.69586799  743.091427  97.87976295  85.01272849  23.17919965  243.3220825  -56.26662052  88.77674474  359.6711172  425.1234893  162.5847035  
122.1798608  342.6633553  -147.7037767  321.4905611  374.1359084  673.5569621  296.3620359  476.602558  429.2446155  252.0464412  874.8653388  93.10907378  368.7276227  450.5019444  -159.2835831  152.3025315  206.7284961  120.7048454  147.6362852  -37.84194605  743.5136676  100.2107678  84.29504641  19.68857071  245.09556  -56.99984374  94.19214134  368.1168515  421.8189362  167.5083628  
121.9009785  338.8063592  -154.9443332  325.2699894  388.3297351  681.1010058  292.4927294  481.0320452  430.6355725  248.1549259  878.1961393  95.97791732  367.7769433  470.4690133  -148.681225  144.3978904  192.0279534  122.3822351  159.5174073  -33.28756574  734.1846768  98.13468993  91.26678182  12.75954531  242.0908063  -45.60217506  105.1418538  379.6203645  430.9734936  170.4042438  
127.5547744  333.6934649  -152.4369769  326.936139  380.9405435  687.2233585  300.2989753  489.2190298  428.5987375  244.6548893  877.5509484  99.59817886  360.2321245  472.6122441  -154.0259369  143.8369316  196.1007394  113.6853604  157.9631274  -31.10016957  730.6315259  97.65065826  83.41494441  7.459634598  237.2666958  -39.07458895  90.56426524  381.7510448  421.7640115  164.9552387  
133.2874614  352.6515141  -142.4060194  317.3064567  380.5760868  667.4573752  290.9482146  477.5461713  440.3530218  255.659099  876.6380543  90.75178569  364.7020366  456.6080361  -145.248543  160.084486  205.4945158  119.5556357  149.8078838  -42.56907629  732.6955813  112.6474578  83.79942927  8.951910855  249.7104331  -46.46841078  88.0127354  368.2077293  431.1652889  170.2916622  
133.4013811  358.9644976  -142.8005084  310.9271835  385.5210453  668.1278519  302.1742049  481.7377411  436.7259042  256.7596316  880.5583358  105.6111484  367.948236  458.662689  -129.2510168  161.3384069  214.2387809  125.4299427  148.2678874  -31.19897518  736.8971079  125.1082176  88.9440783  18.25051141  256.1309559  -54.61440941  87.58890695  363.9652902  431.9792936  168.1621091  
134.1991603  351.7817715  -146.3234395  317.7149021  388.8611517  667.3636372  302.9474286  480.5028908  438.1268307  255.6462552  887.3777509  101.9509366  372.7378868  468.767413  -128.9299954  162.6355664  209.5777827  130.3022844  153.5357617  -32.23305538  732.9069908  117.5752988  89.19884804  15.01293469  245.3816619  -57.33740689  101.9215292  365.6086709  431.3048302  171.1362337  
131.3173846  347.1414698  -145.6464375  325.4384773  382.508514  672.7045582  305.7193656  478.6866827  438.9313461  246.7737935  883.6994665  103.3143469  371.5703512  468.3429156  -132.7624701  160.7314956  210.636521  122.0197421  148.7732525  -41.09298474  737.0142962  112.7387037  90.43034226  7.239738986  247.3911951  -57.38000789  92.37343877  363.7041201  420.1987117  166.9420095  
123.9416854  342.83896  -150.9233251  323.5613373  378.3468484  678.0357141  297.001303  457.8931699  448.0446045  257.4246484  874.5118513  88.77944705  379.43445  465.1127831  -125.0256498  171.1748246  214.7525687  118.8582795  154.3785029  -32.89080098  745.208004  118.3228626  85.41011847  20.42369096  241.8776131  -65.43651289  101.8119564  367.3165965  424.7943095  175.7785174  
120.9031775  336.5177564  -148.685449  331.0041914  379.1534637  671.7517671  289.2624525  450.3091255  446.7527285  254.4281348  874.6238362  78.25786366  381.208532  461.5485719  -124.6924515  160.4567758  198.1300876  126.7703192  152.3583413  -42.90502428  754.6351518  111.1405572  96.06240282  24.69989677  241.4502881  -81.18421298  118.587177  364.6426596  420.2016544  175.7195449  
123.8740613  342.6526624  -139.0965312  326.2761509  387.9996405  685.564847  289.8198321  465.8649825  432.6911528  242.9413118  872.8402066  74.83751082  383.9265629  467.7854359  -148.3398376  160.9900895  205.9358291  122.2279211  139.1525669  -42.88641043  760.8985187  106.7591566  84.07773848  24.51893285  248.7700743  -73.07805093  92.58506224  355.5469229  416.7144126  162.2848866  
124.2993734  351.9045581  -134.6527171  329.9322128  385.0487987  681.3382071  284.2093142  471.6804675  432.2209721  249.7835878  866.3828715  65.99049162  373.2045819  457.413611  -160.6614681  155.2106644  213.5083649  112.9417599  134.4934586  -56.1949982  757.6449531  101.383543  78.11611398  30.96027524  246.0025785  -64.28054299  69.71397925  354.1791333  411.5894985  158.1316943  
129.0927243  352.4969942  -138.5693223  328.1753689  387.0375366  685.7552733  278.6983342  471.5517173  427.4714783  252.8307125  869.9341684  70.48784145  376.8701844  455.6734783  -158.9584983  159.1853141  209.9246475  124.8610907  142.4881634  -44.17138877  760.5245479  102.3542692  84.87369413  32.86195154  260.2976164  -54.59201218  75.1591222  355.5155226  418.2501579  165.0792625  
133.7897183  346.9759944  -135.4987607  330.5559512  391.3472622  687.064124  280.0179161  482.8887507  435.8937798  252.7261933  864.3734863  73.90027017  373.6568282  457.6345879  -156.5265836  158.6346847  214.9993779  123.3269369  150.3404769  -39.52542096  746.3683204  106.6015047  83.21925008  21.40905729  255.0741459  -64.10776587  84.55790546  362.1144817  418.5703789  175.9677801  
134.4780961  347.3324636  -135.3404548  331.7373387  381.1936457  673.8918898  284.4964456  475.3629084  442.3382474  258.2099567  867.8964697  66.83334011  367.710728  453.7579157  -155.1759715  163.4131344  217.0569728  126.7533143  151.4234425  -41.53370723  743.3797631  108.2739018  84.02824337  20.64507573  252.7111389  -66.98074654  90.32216149  365.6474949  416.9352988  175.7636093  
129.7770991  347.4809086  -143.4441476  323.8980994  378.0188596  678.6634911  298.7347965  485.620182  443.6714239  247.526877  878.3719846  94.38362384  377.0860998  458.8277964  -150.1176485  168.419624  209.403431  123.8418763  146.2657981  -26.20912728  741.8724971  101.8520327  81.86816051  10.38812384  247.1018737  -59.94718705  87.01782027  362.587559  423.7108171  171.3527177  
124.218489  340.2507296  -151.1284831  338.3113154  384.3798082  689.2545217  300.4919092  487.8493429  443.7600347  245.6953092  878.2075802  107.1681283  368.4238236  473.3439626  -142.3667422  166.5782346  203.3466401  131.4136245  159.9630691  -11.4845447  734.1618611  110.8426046  87.49285256  -5.418355021  248.5945886  -51.651832  103.9922363  368.4857924  423.3465476  169.266754  
124.4143739  334.3414098  -146.6835581  337.8117495  385.9311839  678.6294036  286.5766201  470.0004569  438.7270033  251.8035803  869.8278394  94.13332008  362.4011748  452.8778674  -140.1642785  164.1582937  204.0669349  124.5077405  164.1503964  -32.27759168  730.4528078  112.0787599  84.70421749  2.358878763  255.6774344  -47.05716966  96.12993847  366.8454881  418.9980513  169.2431751  
127.1786714  328.1075994  -147.7981312  334.6670835  383.2864393  671.7675271  292.1001216  471.81331  437.5418992  252.5569861  868.798017  95.27981822  364.0481595  450.1803993  -139.3981805  157.2031484  207.777828  126.1355692  167.2860498  -28.22954353  736.316516  110.422544  80.54485  10.02367024  245.5185352  -57.89176677  103.7843454  368.4121861  421.8228866  181.4269741  
124.6184176  328.60013  -149.4412201  333.1442548  378.2852718  677.0740159  296.2434447  469.0869874  449.9202827  241.8603962  865.0720743  87.37159288  371.5982586  472.8320006  -141.1801546  154.100472  212.5895435  108.6410861  162.8771136  -43.29167642  747.1241851  98.0834859  84.75986241  7.075940824  232.004719  -68.12677034  112.0708046  384.2352236  430.0765547  179.3751945  
114.7959135  333.1224382  -149.915139  328.1060755  368.5265936  671.7249654  279.0799424  447.8062456  445.9583873  250.4390292  864.4097791  76.12423181  369.4989554  458.2444448  -143.0546129  162.2208055  211.9370981  126.5754756  155.623522  -35.72392331  762.2585702  96.84765392  88.26360415  12.20877056  242.5608326  -81.09411738  115.0643683  371.9489615  431.8377259  188.354991  
114.7135692  337.2770702  -138.2167482  325.9385799  376.9399501  683.007677  287.9354436  464.453686  426.5049619  247.5180291  865.513179  71.7845698  371.1901106  464.6595307  -167.3835093  147.707  208.1144021  113.0128573  154.8721875  -44.34332174  762.4785214  87.98326568  85.83170072  22.25872774  242.6367252  -69.37421749  102.184302  368.5542455  419.9825134  172.6330082  
119.2158721  346.8760565  -139.7314921  313.8058914  379.2733037  681.6464462  283.1266179  464.8035599  415.1970062  250.4936106  874.6074147  80.90573378  373.5897253  458.2368025  -171.7115624  144.9909531  201.5264355  117.3424291  144.750388  -42.57657359  764.6588549  91.48350228  87.02632104  22.73992485  252.6467073  -62.2285915  92.3712075  364.8615913  426.7852054  172.5270738  
129.3386338  347.6627973  -137.0648611  326.2369087  382.4806498  694.14382  299.9561906  495.9259193  424.0116517  242.8635072  879.3219295  98.81776802  376.7354573  472.0634645  -173.0435114  147.6005611  203.5563406  117.3174649  142.8357353  -32.16532371  756.781206  94.83048618  85.64785238  12.06880298  248.427491  -57.4053559  85.43104453  367.6036209  423.9166175  169.1125019  
125.5357536  346.9652168  -145.2489399  332.2067942  383.0848048  689.8214755  288.6450011  476.5548313  431.5305682  249.7777966  880.6447204  89.01519872  378.2005554  471.6673657  -153.2365968  166.9571337  221.6790796  127.3390688  151.9273307  -29.8751676  756.0757956  110.0801759  89.84468503  2.579317353  265.0452689  -50.56897769  86.98543051  365.0259901  423.4172101  169.0792004  
115.4537337  335.8596169  -150.4049165  330.667315  385.6837692  689.4453837  283.1643509  456.3072702  428.902103  261.2103247  872.4609968  74.94797597  369.0172408  471.3552882  -156.3093257  168.3729102  207.9547171  124.0029133  170.1708565  -30.18602125  749.0719864  101.7952989  84.71356762  10.39144445  252.5250862  -42.43627608  99.82304026  375.0976935  430.1629422  168.9982081  
122.6920213  337.2334571  -141.3615557  328.5972426  375.328377  682.0334985  286.0434222  477.3555437  423.4159413  254.6733141  866.4599571  75.04018368  370.1706405  458.435024  -166.002418  161.6704682  207.2797257  118.7778888  154.9571899  -45.90379727  746.0076216  94.89444686  80.20074721  23.9323738  245.6514985  -53.82682373  83.85510829  363.8482707  425.1402305  173.0306798  
124.7313417  346.0405757  -142.0504684  326.2708421  383.0316184  685.1121635  295.8775131  478.3937181  426.6724214  247.9418464  870.0261143  85.86159436  372.7221781  466.2899041  -152.9868722  161.7756103  214.4386385  122.7873853  146.4078559  -39.49614268  755.9288201  111.4181294  78.92100404  20.52398406  247.5881097  -65.85781721  93.2097691  358.0234909  425.4899962  173.1633396  
129.8478782  345.5446238  -137.1889721  327.2472539  383.4574042  686.0999027  305.9468819  488.9912514  428.7925904  245.0591068  875.2535333  90.47852367  380.8212429  461.0842323  -155.4931971  160.9294063  219.9792274  124.900713  141.8527715  -45.19066088  758.2622065  102.6862769  82.98722103  24.22106953  252.0658292  -70.77477713  81.51347116  355.5854468  417.0747193  171.4053436  
126.9109222  345.9911994  -140.8079461  325.098732  381.8397601  683.4253739  306.0957651  486.4946461  429.4580802  248.8759642  876.1781429  97.13276049  380.7517929  459.8277398  -147.0544608  163.1033786  218.7022483  134.6797949  144.4633769  -32.48622423  765.0357232  108.1111925  84.31583174  18.91134952  261.0753289  -73.22294086  92.61905771  358.5859847  426.9554121  179.3562515  
121.7046794  345.780752  -142.4975403  332.1335219  389.4215548  694.1372777  300.8415065  490.6683113  444.4679335  249.0391527  879.441488  100.5575868  382.365426  463.1442774  -151.7530644  162.6205617  214.0882714  130.4510186  151.6496256  -24.94257085  754.3912051  96.27809025  86.85471777  12.5055607  260.364599  -64.19008048  89.0607064  361.8033986  428.280884  176.7878771  
126.817319  344.7935928  -146.8550941  336.5490486  385.7973969  694.3965035  306.3899426  498.3504486  450.7153338  247.5044504  884.4351754  105.02027  378.2515989  470.0107592  -147.0022949  164.1468248  202.7305483  121.1542239  152.6216028  -27.36629928  744.0665203  101.8551668  90.23333485  14.93581718  253.9640262  -56.04311787  89.90122418  371.5552682  423.8369041  167.8854075  
131.4460455  341.3117357  -151.984754  340.1509585  387.9079289  680.3217057  298.8181443  487.6451266  459.0849801  251.9248481  894.1545346  115.833625  375.0691602  465.4187171  -129.8050061  169.0889707  198.3624263  141.4123545  155.6025039  -5.474449074  746.7062315  111.5714284  95.52892975  -11.6784474  258.8704212  -57.04613034  105.8571699  376.069136  429.6336151  179.4412884  
132.2396372  333.2309652  -141.0516775  340.5960317  363.0834834  672.5766907  305.5176568  488.4959184  462.3232098  241.3527458  881.9781177  109.6187468  366.7693996  461.441322  -133.7403487  176.9134435  205.2933987  124.4931178  155.8093865  -20.94975065  746.9499046  114.0180712  87.39013387  -14.8174451  262.8832118  -63.72148112  106.0622737  374.1742729  420.7177483  166.9832869  
124.6421005  331.283737  -149.0926783  344.225707  365.6899606  666.6301245  290.3974983  472.5700943  456.0050408  239.3567429  875.6925288  89.19310113  366.6373218  468.9275845  -131.5812322  182.2998984  201.5057532  120.7044354  168.6710502  -32.58820047  736.1945252  111.0336344  86.44650091  -8.772313888  265.0962859  -43.96408172  92.69194367  375.5689705  423.9597368  165.4682643  
116.6973105  331.4658809  -149.7549913  341.4375684  363.9875864  669.4668115  269.4707006  447.0778535  444.910097  254.7696821  864.9716584  63.10296841  357.964194  470.3674811  -134.3042961  177.222632  210.4410709  127.3622903  179.0247131  -32.18875444  738.5084942  104.4670691  78.38131706  2.608222839  265.7543716  -42.01454496  88.63999117  370.3708093  427.3615369  179.9658084  
110.1689879  328.4585977  -150.3873867  341.2991937  372.1109784  665.2659215  258.3243894  435.7826625  438.0512077  263.0609605  868.2562669  45.70266281  347.1577431  458.0110083  -153.7969224  159.6341733  190.8252251  120.4401683  194.8497  -39.16198568  713.0144693  95.10632232  88.04155713  4.477655249  235.7715804  -54.81050266  113.2602161  382.4087983  438.6071092  186.9336141  
128.1941968  342.85748  -145.3184091  336.3619173  373.4013769  670.0502058  284.6709364  466.435518  438.1689969  243.7210678  868.1631707  81.54461627  349.6462315  454.9025895  -156.5772347  158.9746717  201.9245418  111.429487  155.9617362  -38.72402157  726.2304679  100.2522515  79.53100404  12.75891551  234.8849662  -61.72085071  86.36130179  372.5922154  432.0925323  169.6082223  
131.2123922  349.5855095  -152.6198813  340.3402244  402.8598242  672.5774657  289.5764339  480.3330257  445.3771776  246.8714043  872.6798296  101.3973655  362.1112575  466.363295  -133.3429309  165.447497  207.5828573  127.5531546  157.8812326  -21.70871811  723.4446592  112.3180927  81.61186839  -4.281685227  232.5684797  -57.85369674  95.28247137  380.1100678  440.6323624  178.9687969  
124.2712217  345.3763918  -149.5185415  351.3150405  413.1343065  676.7629092  286.3235882  471.1345242  451.1030014  253.9722609  872.6142705  93.46812678  355.1146282  456.8421699  -129.204756  166.6780213  207.8389875  127.9506018  160.8970721  -35.64280093  711.0361695  106.459265  83.36436873  8.000388621  229.4356781  -57.88000496  90.19209543  378.93919  429.2319151  186.2253705  
126.5286914  344.9707954  -147.2195248  341.665849  402.1427773  673.4018141  291.5597856  477.1369116  446.4007797  250.2483696  875.3870382  95.87843917  356.5810334  449.999796  -139.7691237  171.3774649  190.8635395  117.51968  157.4015032  -33.08166594  711.9978302  113.0304095  80.37219645  14.9207705  228.538833  -52.64538417  91.33824627  376.3789384  440.7698281  173.7424621  
128.6425506  343.503394  -150.5580871  340.5558789  392.9612697  670.0093185  298.6130166  479.2182666  453.3618032  250.3018441  886.4292186  106.3869181  367.0779935  463.6036745  -120.6963543  162.4757275  195.0028393  132.1495574  152.3793492  -30.15726575  733.3149694  114.4152635  95.69465117  -4.510337475  245.1077951  -51.99716338  102.84017  371.7152929  426.7242347  168.1612899  
117.7103926  338.7385771  -168.0072026  349.0081137  400.2703882  689.5881621  285.8291869  472.307413  455.2192357  257.7887756  882.9044927  96.06629093  364.0105252  470.642326  -126.2623171  172.6666824  183.0608841  131.9624054  177.8962013  -22.08834591  703.412371  107.036916  92.56358005  1.912770967  236.0339612  -35.59719416  109.5322447  387.1210888  431.7813568  174.8752793  
119.8948692  349.9375849  -156.8548869  343.9837307  396.4115361  675.8640607  283.665511  463.5534671  460.0136769  266.877634  873.4758505  90.57394172  369.4173549  461.2938815  -125.2187395  180.1082812  202.7798351  132.6707579  161.6367262  -25.90644239  732.3808822  117.671745  85.4274447  7.486166536  235.4667221  -61.53490351  118.0714197  372.9514245  429.4835734  180.3050293  
121.657745  329.737081  -157.5197042  343.7076259  396.2789115  685.2478178  303.9703644  474.6069684  458.6468621  252.7956465  876.1882464  97.86111617  375.5986117  470.6521469  -123.7618465  172.007368  207.0258106  131.1679569  168.3006084  -25.55328334  736.3110563  107.281574  91.13982331  7.150498774  236.029259  -54.36052288  115.7525386  379.0584197  422.7842396  174.9918275  
112.7368885  327.587215  -158.8624579  338.587133  383.3879421  686.2265428  297.2603481  461.2927343  451.5139118  263.7231614  867.2236116  77.83151447  371.7484678  468.1689739  -130.0557211  178.2261515  214.733475  116.7763907  176.8377366  -31.83254851  736.8039361  110.0074804  81.75378561  26.04464062  233.7483035  -52.36509596  103.202655  386.2060442  426.5974835  185.743244  
112.9136839  339.9211967  -148.6535484  324.1938  376.9996196  674.0950043  279.8410002  450.5415985  431.6021762  267.5143025  862.8612707  72.0475453  369.6725696  453.61687  -143.0968316  153.9253271  206.8565908  119.7788613  160.1178166  -42.98053112  752.9840432  102.362188  86.72306894  33.97456363  242.578675  -77.13990983  103.9370285  365.7046473  420.7685956  188.1305378  
121.6685327  342.6393394  -136.8887716  319.3015763  386.41096  680.8397823  287.3183141  473.6122836  416.9468081  248.0293507  861.0367084  71.17693803  380.1640006  462.9673521  -166.8411949  141.3328959  205.1410418  110.6515813  144.7833265  -57.43756822  756.0591842  93.31534498  86.4393104  38.45347531  246.5674319  -69.15495842  86.98138637  361.8703344  413.0992523  167.3848332  
123.2721366  341.8480468  -142.5896459  317.2508585  379.2361968  683.6247498  280.6735597  479.0877036  405.1475146  246.5171114  862.4112912  80.73495649  374.0467314  454.2200446  -168.947784  145.5855792  209.3818533  118.4670533  140.368915  -56.86504097  752.7212645  96.57217577  77.29963467  33.13208201  249.9881412  -56.28410716  70.63869978  353.8811203  411.4316635  174.9208758  
133.0606039  343.6082325  -132.4810727  320.4322016  378.9875369  678.2480378  286.6427592  484.1961348  418.6097321  241.0905178  860.3631564  87.62767084  373.2865662  448.8231484  -167.0733468  154.029453  211.7417297  117.1856014  131.2486966  -44.2375808  754.6977119  105.3542067  75.92671416  24.16864004  243.4117513  -75.58127643  88.9657685  359.4275773  422.583487  176.439814  
135.4100403  343.9138081  -136.5440363  326.2493457  391.4553188  691.1393717  296.7559285  497.3602208  439.3506155  245.0239134  874.8590823  94.56168529  379.3966432  457.3099007  -155.5567374  150.8015216  210.4784521  120.714076  140.9131682  -49.65327384  745.9497226  104.7874949  85.46007393  17.80731277  250.0326566  -56.85582569  79.46941818  359.0883567  406.0790035  170.1789168  
135.2423119  339.6429118  -149.6087256  334.324061  396.0273042  683.5098468  300.597742  485.2689603  449.2144976  249.5597457  884.3205164  108.8456541  384.6824087  469.9320454  -128.0003404  175.8100418  205.558141  137.2348227  153.4896644  -20.04708712  753.3918654  116.8599027  99.31886153  -6.173636142  264.9876123  -51.92233402  109.4784991  378.1576507  428.9290607  178.2205581  
123.0934053  332.2344688  -145.6728227  345.0941318  371.1996098  691.5168854  301.01213  485.5599952  452.3274774  250.8219937  873.1254323  96.53503739  366.9942629  478.0578103  -129.7678288  173.562219  207.2927575  116.1284249  167.0986227  -27.97010638  746.4486305  113.6359523  91.944254  -11.41216933  265.2263469  -45.17418295  98.96921086  382.6755506  420.7403935  168.6246445  
107.0887388  336.1493029  -157.9551503  350.8958022  370.2836955  690.7589225  269.8376016  466.7527712  432.7490368  265.2064657  869.5826173  71.17122738  357.9983179  461.5373582  -150.9126882  180.8773814  185.5206966  121.4447733  181.458127  -35.1508905  720.5278108  96.7318134  79.9672545  5.806535538  247.1216909  -37.78693868  95.05111231  375.4698238  428.121441  181.5419287  
114.8247797  352.4611026  -153.8626022  342.8957267  379.0428636  679.084481  273.0617479  461.4748276  438.0546613  260.838981  874.6631396  81.04794227  354.9901023  461.3018167  -147.5345729  164.7276494  195.1327805  130.4469641  158.1389097  -36.71755387  732.2907611  102.1801833  79.89754348  8.114860218  236.6435567  -59.85430467  99.94982479  359.5167682  430.3686494  174.3650952  
110.4780083  346.5081636  -146.4000004  346.5011685  388.593269  684.0527003  276.5108981  461.634088  437.584054  259.1495781  873.8894465  73.5752127  363.813209  460.244907  -154.1704765  158.5995856  194.8899689  122.1159217  162.0334477  -45.11277556  729.5412548  88.11124279  84.90988806  20.57705856  229.7471396  -61.04106023  90.88871509  362.4718443  425.8774653  179.1852002  
115.7203632  347.4158407  -144.4867755  334.6968131  375.2707182  683.9261453  277.2010641  468.4586531  429.0762086  263.3895502  870.9524753  69.47823582  362.9674724  448.8687511  -162.6742164  166.1262017  192.4352036  122.1348145  156.7653989  -48.15766673  739.6076459  93.44979901  80.07793653  32.0357938  244.9497342  -61.51596408  85.52237324  355.3974965  424.2892529  178.6510941  
122.2105725  344.8940031  -148.2547936  337.4364185  376.6435791  679.6811871  284.9936307  477.5144209  432.5288693  255.6901585  879.8830951  87.56872574  370.5123543  459.1331782  -151.7167659  156.2552352  197.3574828  136.9725737  148.1177869  -38.51173413  751.3007669  98.79155609  88.5303939  13.71935602  250.1042368  -67.38833568  101.1527113  358.9522757  417.0819726  177.3868929  
130.6934629  341.6533422  -142.1313106  329.7476031  376.0916126  683.3532399  288.0136611  481.0265637  452.6792506  241.183403  880.1869311  88.88814883  376.160232  472.2535139  -138.2567358  161.3809662  212.5898075  124.917921  148.1955706  -37.20519653  748.245199  102.7793612  93.07639551  5.80518796  263.7238313  -62.44560175  93.74913328  361.0225383  421.8344125  167.0970432  
138.9586569  336.8295573  -150.9608134  320.6815134  382.4800401  678.6001923  299.1269379  466.3131036  464.6306854  248.1066224  885.9882847  85.9487751  378.1653467  482.6588995  -123.1542774  157.6846465  194.5945745  124.5746864  159.2507934  -24.65295681  748.3591523  112.3583439  97.65492161  13.74902734  240.0010929  -66.47216538  121.6550132  377.9786108  438.4224964  167.3727444  
140.4703741  335.61619  -144.8113551  330.8112584  374.0157509  668.6941678  308.7344777  459.5414331  485.3706163  258.1634871  883.8260317  68.44827561  381.7206094  475.3208748  -113.3759103  174.8641127  220.0974629  119.4877858  167.4105347  -28.3001634  755.4488929  120.7696348  101.281304  22.44275687  245.6734875  -81.58012407  121.1549738  382.9524582  426.941879  176.5921857  
137.9514002  337.2607333  -140.6485843  315.0569699  359.7628962  663.0013231  304.6516706  465.5690698  468.1516906  252.2398076  866.9105035  62.69313608  377.2451664  465.3783795  -136.3310725  171.5771924  226.7854164  98.47137725  155.40816  -41.68292299  761.362749  116.9648042  84.87529135  37.79259771  243.5836531  -78.40177518  99.8381481  374.3062749  424.8627815  177.6456936  
127.6514049  339.8243521  -143.1700781  309.0854635  366.0999487  662.5447659  302.6111655  463.2592989  450.6988237  247.0360508  872.4112532  74.86868458  386.7403767  461.2271184  -139.9544315  156.6337304  221.1110477  116.6249766  141.8574202  -43.64388249  770.167954  106.1515651  92.29460584  37.29110015  249.8548796  -72.79692351  98.35202306  359.9802961  418.6074727  165.5590603  
120.5461814  332.0136084  -145.4798013  313.018055  374.4254981  683.6838941  303.458617  472.9192786  423.5862473  237.5214822  875.7999098  75.30025638  386.3719671  478.5182113  -161.0555144  144.6871154  208.3057276  109.144105  145.5008214  -41.75148168  762.6550754  93.92130058  87.62603413  33.35981889  234.2158043  -66.37450956  97.86548034  364.3844727  420.6647759  158.4545642  
117.4603953  340.4823999  -137.1960292  317.2260497  367.1155595  675.8053643  293.5525592  461.9579743  425.9726953  248.1709236  865.9983817  62.07391828  374.5730219  462.8326595  -163.4875288  152.2525455  222.4477177  107.9232393  141.7316031  -56.1395497  766.4473073  100.5317127  82.3991148  39.05735113  244.286094  -70.82643397  86.40423476  358.1593139  415.3779561  158.0926798  
120.8613893  340.6893976  -143.4374283  316.180466  361.587081  675.2544121  297.9565657  472.1846459  415.4824604  251.6058638  865.9490689  73.34810444  378.1569643  454.1320131  -168.3198434  155.5514371  220.3352064  120.0023555  133.6414517  -57.15495124  774.2887064  99.88086703  81.40643078  36.87336937  246.5607408  -69.54221591  83.0646664  353.7330871  404.6586702  170.1899844  
121.4070745  345.581574  -140.0533606  322.3587303  372.9167233  683.5707624  296.5743566  478.971562  413.0646035  248.0799392  865.6164508  77.01030707  383.2348297  460.7775748  -173.5952486  152.8870696  217.6104577  119.8389418  139.0239814  -61.54121242  773.339744  90.7358192  83.23151014  30.9517294  246.9733689  -61.72329369  84.8856609  352.6924756  407.8727306  164.6959308  
123.7748117  348.8433837  -146.1432781  323.4655038  374.9927068  684.7092005  298.9094384  475.3616154  413.2033029  249.6089626  870.6318688  88.73970742  384.7781621  462.9060675  -163.8959035  158.0999257  218.9480549  120.1002674  139.6450067  -54.76229192  778.2142102  98.34184801  85.51974915  25.16423843  248.4754908  -63.5866501  97.48979913  356.8539937  413.6329943  164.5661235  
121.8553068  355.3783891  -134.5331161  332.1191819  384.1894655  687.8537582  300.3658762  478.4419281  423.1932412  252.7434926  874.0315168  88.65601908  380.6270763  461.2663475  -158.4248744  169.6269592  219.8099126  117.0448135  139.9287574  -46.46390081  764.7214785  100.5263438  87.11483098  26.40508806  253.9357916  -65.17182572  89.9566353  355.244528  422.2250985  163.6771535  
128.350634  349.4315295  -145.4231544  331.0364837  370.5628897  680.256408  298.5408211  488.364379  434.6340128  252.325715  886.0752434  93.20706352  375.1034025  462.2348299  -150.8880328  165.313837  203.6630603  123.8327443  145.5869845  -39.07139667  746.3579195  101.718078  91.77067459  13.92024795  252.260142  -53.5770722  84.6295551  358.2699792  415.2350816  164.0423155  
133.929304  346.0170145  -148.2184064  334.2460481  372.7468409  672.4643325  298.7649055  479.4375511  454.2530429  253.1875432  896.9497524  108.8344092  372.4718188  464.9695026  -131.5105339  168.2492743  193.6046335  135.5981477  145.5459184  -15.81062474  742.5212164  116.8139285  94.81220391  -19.27345423  247.6087889  -62.44786056  110.0301243  370.5476247  426.0424659  169.6067731  
129.1051126  335.5389148  -149.3047289  346.7678799  386.8824456  693.2576153  304.0340622  493.4481635  455.611306  249.9426697  888.8597177  109.9459665  367.6093822  474.8114417  -132.7842664  168.3795103  203.2149021  131.2248924  167.7612261  -14.09453032  727.3066652  114.5311694  95.35546684  -14.5091019  259.0518976  -40.29022457  98.98670314  382.0861405  413.1139881  159.0694277  
122.8330693  330.7995771  -168.8135311  342.4621775  393.0367008  685.4549036  286.1872412  471.0079593  451.6919726  270.8144036  881.2301948  86.55227206  365.6057324  469.2152654  -128.5094774  182.6704595  193.5643222  140.4975355  192.981458  -12.69882438  710.9849041  114.5428274  86.6217275  -1.51099306  246.7105259  -19.12015745  109.6971783  386.3500497  427.3642604  171.4673652  
125.4480176  334.3777204  -154.9731894  348.7627827  386.6845164  672.4255216  288.9258446  464.9177542  449.6308513  262.7428773  885.9887825  83.05333477  362.6135499  463.0633918  -134.6566621  174.312477  181.2266762  140.3766333  174.349388  -27.03124964  721.5411955  112.249351  88.17048547  -3.084961156  234.8050487  -44.60337581  114.5425497  379.8822314  426.1850706  172.0429384  
123.4461697  338.4686429  -155.7383192  349.3962817  389.8676832  675.7613334  287.1714555  473.0565002  456.7354725  260.47554  882.1831112  82.32246307  360.7596476  463.0530346  -126.8898939  177.5553266  196.9156309  139.5120136  174.0790331  -32.45423432  712.8330523  112.8228858  90.63497246  0.4877285016  240.4763332  -38.70450398  101.1595205  374.3792356  418.8032418  170.3745321  
117.8405076  341.3853858  -159.3889093  336.7651012  391.9025677  678.5006199  281.3670491  471.9825013  444.6310826  265.1660712  882.5780256  80.31826746  355.8689087  453.9837351  -133.0330172  187.306838  208.9392419  147.0045473  182.5559256  -13.98534953  710.268175  118.3826465  79.44248834  7.463272533  252.2444779  -29.41375671  93.36823966  372.3679248  426.2715932  174.0647838  
120.2728806  336.2898593  -158.2723822  339.4304627  389.9949928  662.8177513  278.7911091  459.4509071  448.3275311  262.2594258  885.3087023  85.69100007  357.9521534  450.5740556  -123.5566293  173.4942108  185.9859568  143.2552719  177.5345217  -24.14848906  709.3022873  113.9643855  87.29573864  5.131941232  234.3784598  -49.06601047  113.6559407  374.9120965  428.75433  181.2790726  
123.4219989  331.2954823  -149.2387755  334.6176869  388.2526847  670.0674506  284.3901488  474.2990885  440.7641582  245.8914359  879.7770168  90.39271291  365.1965533  455.9587599  -135.5178222  163.0032962  189.3155922  131.6247462  164.323219  -31.3660608  714.766864  106.7569646  89.67760035  1.463421153  240.8022206  -49.42577358  100.0517923  370.000693  419.5458248  168.8629883  
124.4953118  325.2691029  -155.3706417  329.2600476  387.9702721  675.6844601  279.5778379  461.2783021  443.7269079  250.6869218  874.6280491  83.20181904  367.4931088  465.3125769  -130.8367081  161.7329851  202.1425247  123.8667214  176.2791104  -28.89973345  710.855958  108.3578125  86.33260996  4.487568999  239.6223986  -37.14089569  104.1792927  373.0511523  419.853652  166.7348581  
134.3541682  338.5527596  -143.1465153  333.7274861  392.9025557  666.6141881  282.4487409  454.4472698  457.3757628  255.4510907  866.1177315  78.89057071  369.3059948  465.5817831  -126.8314882  164.5421425  223.5226407  124.5415166  168.1547238  -33.93755666  737.8074074  123.8121028  81.92990507  7.372961775  242.138062  -74.01958923  115.6034753  378.9494629  428.8888139  188.5345423  
130.6566899  347.7243195  -137.5166833  321.3058364  381.3741875  662.9177716  288.0535621  455.2311202  462.7871346  254.3927211  853.97692  71.65699865  373.1897354  459.5238639  -131.0551182  166.3383  221.0256264  96.70942671  147.2200575  -49.22082398  748.6508833  118.2620119  76.07298024  34.14300455  237.1322867  -86.38905199  95.37090187  374.8479852  432.2319957  188.1955563  
127.4815582  347.8057734  -145.2398661  313.5671766  373.5849581  660.6641321  291.6040243  462.8001003  447.9656072  236.6200808  858.6769788  84.07257515  378.6745641  458.6309734  -142.0586414  145.9778343  214.5362295  104.9781435  128.4481763  -54.14867041  764.0397946  99.10370321  82.15015352  27.69026048  239.5960038  -86.50645645  94.98315134  368.7387669  428.047335  182.2352872  
121.7509556  348.0499897  -141.5620162  315.355166  384.2145167  676.4029493  288.2643937  478.0867621  412.2638974  232.2818957  853.4638505  92.56728425  381.1663392  460.7578368  -166.4577389  133.7673631  213.8716379  103.2587194  131.0695578  -61.98256707  762.2439882  89.39493119  82.88178407  27.37822201  243.6625038  -66.45776199  80.7089759  361.4595845  414.8763426  167.9758364  
119.9599141  338.063266  -143.4169435  318.7473952  379.4237129  679.1730628  290.7577268  487.1679291  405.8355643  234.0111972  856.6332626  94.54658348  376.1361765  455.9773469  -176.9754197  134.5662304  212.7841657  102.6697613  134.5203056  -57.46866053  752.9177103  85.66869437  80.27057033  30.96283234  235.9769768  -57.26736183  79.4101233  366.6585529  411.0439502  166.63599  
120.7530687  349.2594029  -140.5023502  319.4694806  383.5445725  677.5914454  289.2593904  481.8806518  416.5297553  247.8436019  860.2592711  85.04298332  378.1225493  455.0781703  -169.9776782  148.2016895  220.5116785  111.6591592  133.5541643  -48.06789556  758.7932513  99.62162832  81.31983989  25.44403901  245.8124561  -75.58125189  83.95572739  362.6226134  422.8116537  176.4847196  
122.8236511  351.0730265  -141.7431972  322.5401909  376.5883588  684.3745122  300.5717102  495.5101936  422.5307111  237.4435262  869.8002221  100.3161629  373.7029958  467.7955646  -168.7193393  155.1219765  226.7647525  111.6230069  132.9581627  -41.63679275  759.1293817  94.99966202  75.03017306  19.9158001  246.690885  -72.3744586  82.19528992  362.3480283  422.8342928  173.2018654  
115.4979263  362.5375128  -139.5210635  327.5477701  383.4586549  684.3186974  284.7017213  479.1942421  437.403583  258.3751277  870.5182041  74.30171358  371.6136787  460.5121293  -163.190613  170.1774703  231.974662  115.4947548  145.5211493  -38.40489659  750.0369434  109.4861014  77.27837968  24.15079977  258.3629121  -66.68649787  76.78190712  358.3317613  427.78772  168.950812  
117.0003945  340.2426308  -144.3228852  332.8402886  373.6618171  686.3095363  307.1694394  492.3329019  431.3691745  236.2883068  873.0959929  95.214188  369.7514877  468.5737128  -158.2349509  157.8376454  209.0593772  107.1676482  149.8105904  -36.06331607  747.1407245  91.03309337  82.58511997  28.64571605  245.7361173  -53.69522816  85.68954172  369.1930689  421.7056275  165.5136816  
131.828603  334.976432  -133.8607833  338.7917263  382.6731083  672.4881001  315.3760816  490.6108908  447.3564729  226.8489822  875.8633792  131.3661876  381.8705525  469.8268119  -123.6109208  158.3021603  198.370023  103.2359004  146.5405136  -15.50614685  751.5615357  83.23790307  85.64122579  9.659835063  257.4510027  -66.92543236  72.1385281  373.7487168  436.9773975  190.3588034  
124.9274713  347.8774834  -138.9934416  357.2929027  398.384343  686.9229603  265.1609032  454.5402701  476.8801544  274.5219746  867.9413651  41.2121365  368.4044439  473.3500979  -145.609319  200.2800537  225.8167381  138.7411289  189.5325615  -4.392001745  718.8774755  140.8830654  84.3258116  -18.06390028  253.93142  -68.11483972  94.91837104  379.9520862  455.3666185  177.7063341  
124.5631751  328.5703439  -148.9584235  344.5336945  374.0928857  681.5747036  308.042223  474.6616746  461.3705691  235.5080654  869.5244646  100.5864275  364.0354879  474.1051262  -135.1716079  179.5122127  207.0889747  116.5875726  163.5007562  -12.55782194  740.9665212  116.3989173  78.58463618  0.8456879885  231.991971  -71.60665063  109.9226874  382.5004346  442.4787815  182.6223645  
108.919428  345.9318182  -136.3285563  341.2473992  398.277158  688.5821716  275.6800502  454.0567513  448.8990402  261.3791326  856.7517976  76.97718592  374.8937511  446.5090481  -152.0866525  171.5444978  221.4345425  123.6183085  154.680621  -36.73719679  748.8214153  109.3343536  82.48796878  6.788630737  252.4981695  -77.91645482  90.31736336  364.0801449  431.3925756  177.7252895  
106.8693669  332.6931762  -142.4098873  342.9342469  373.1475175  688.5196833  278.0997466  461.5276377  430.4094866  259.9719994  860.8841069  75.47686653  359.0456023  441.4593899  -169.795693  161.0263076  204.0317414  129.0246876  158.6623982  -39.30039091  746.7155866  99.34931623  84.51702174  5.195009252  245.1982935  -67.98740014  101.9773875  369.3382002  417.9123317  171.4262175  
113.2915572  343.0580408  -138.8608576  351.3605744  392.709469  685.7938713  266.2389884  460.8002105  432.2102834  259.0637659  861.5613882  67.89014081  367.7671103  449.5109986  -165.6444457  166.1266165  213.8068535  136.1613233  157.6982276  -37.87561921  741.8246951  96.14217598  83.90608411  -0.5674439639  247.0272402  -70.53537584  89.03216895  369.7429441  421.0166658  185.7532031  
117.9608158  334.6684489  -146.1257619  329.2689432  377.8773287  684.7439601  282.0811529  462.191428  428.4001428  252.5419093  874.5614421  88.89081897  374.283735  458.6742734  -162.0083964  149.487253  200.9257531  129.0154215  149.7458173  -35.78868748  755.5736006  91.38364379  85.77868458  4.396044211  242.0838681  -68.08190877  99.95787815  365.8277638  420.6874304  175.29852  
112.6967255  348.1039336  -136.5816037  342.4870008  391.1311128  687.2646305  282.8628696  463.2533026  428.1109958  259.5651291  871.7955282  75.03060545  372.6254408  460.0384191  -161.1570834  163.9732257  209.1719064  128.0724168  153.8617246  -33.95419688  751.5192935  106.0546944  83.94546737  5.390536656  245.8737254  -75.40908573  97.93983709  362.0037337  425.0361802  169.7169178  
117.9955962  349.633809  -136.019955  329.898886  376.7382562  678.5990459  287.4099536  463.1247136  427.4638572  254.7411226  869.248672  69.63978155  370.9173574  450.8994609  -159.1848646  171.7930198  210.9328161  116.2616739  148.1389511  -47.86362088  751.8800628  109.1259883  81.53201448  24.73455379  251.9340963  -61.49452982  75.09819897  350.5753401  416.0980432  155.0372526  
126.0883357  343.8763868  -140.5287137  327.7386437  376.8595876  675.4310357  282.4615976  464.7475364  429.5968845  255.2512999  873.4771934  71.82055367  373.7333023  456.0372535  -161.9099851  167.7074345  207.3336492  132.3330955  150.404299  -34.35676253  749.6444413  106.1839496  77.52418025  16.34629065  236.7679224  -78.73312912  97.92321978  358.8285567  422.0394937  176.5884236  
131.1245545  340.2313036  -140.1785289  319.0245013  380.117917  678.7240278  293.0641751  481.2844188  441.4300102  239.3393182  877.0465683  87.40627194  371.8413705  465.5941004  -154.5504301  147.0671437  195.610269  109.1383749  149.9380766  -37.49814642  746.7645702  100.9752733  89.34316433  15.0866073  242.5994072  -71.37564448  100.2176243  371.5308456  431.6012946  171.1198447  
133.0796061  340.78292  -145.2178403  318.8927988  377.9348516  671.1216074  295.3706323  474.0120984  442.2512947  248.5724939  883.7796681  82.25760016  368.1870506  466.2410047  -151.6463692  151.1875921  189.5606371  115.5038142  154.1309724  -32.87309202  739.9656303  109.6484353  87.48711393  16.89836062  233.5414428  -70.4421284  106.7941013  371.7309743  433.3295852  170.7973969  
136.9556708  343.0384169  -146.0167  322.1822707  376.7466486  676.137209  295.6343046  484.210656  448.1777212  239.785657  879.8884795  82.98647207  378.7102691  475.8698385  -149.4469015  161.0516043  207.4209526  114.0045275  149.9494443  -40.5640461  741.3367072  104.387241  86.82837934  20.32305562  238.1588565  -57.46666694  94.02658272  367.0915927  423.0487279  169.331769  
130.1261292  355.3286928  -149.2229069  330.8879693  380.4251585  687.9219975  290.0264343  484.1512513  449.1990282  258.3348541  868.1967989  89.66433123  378.2883552  466.2791432  -149.8346057  171.0832974  216.7838905  120.6353891  151.820138  -30.16319145  752.7879322  112.5242771  81.06111524  23.83722919  246.9518282  -74.53325037  104.2716253  372.8564897  430.9294784  189.2239175  
120.109374  342.8005722  -147.1466281  333.4526277  376.3392307  687.0671289  294.6437463  482.9422581  434.1365398  254.5752823  874.9598666  89.49786006  376.1344993  463.4839796  -150.3124857  154.2714051  194.8402883  109.036737  156.5669994  -50.59864634  747.4114453  95.97055265  93.50581135  27.37094221  249.5469174  -51.37967098  97.95205656  372.1875109  417.8467625  168.4114387  
117.5778139  338.7655531  -160.9080352  340.1234205  377.5557911  685.623092  293.1029866  477.1782381  415.2640578  263.5122784  880.7766535  89.28167845  373.5586267  467.7028294  -152.6766431  156.9964383  195.0962306  132.6541127  162.6607413  -40.85931676  747.7693816  100.8462981  95.81520932  17.71177238  246.3096885  -34.8503523  97.8673486  368.9555295  401.9526058  165.7863465  
116.3336131  338.7015579  -147.9691339  349.4561317  382.636063  691.6740545  281.5136834  472.9285422  408.3202487  263.8846479  872.5193917  77.77682686  365.1237528  466.6928056  -165.5111857  166.3236595  200.2033885  124.9328498  171.3951223  -38.68694737  742.5741715  105.4910643  86.32112329  9.904739585  250.540856  -34.33951558  92.42643274  375.833788  407.0379191  162.1196522  
118.0489014  327.0534476  -160.9024976  345.7398635  381.8203332  672.008462  289.2625718  460.1645821  414.4859417  269.3598127  871.3916592  80.49870862  367.7431925  457.3634443  -144.702358  166.6844378  193.6676318  133.6939896  180.8822701  -39.65956333  740.0310165  108.3446064  91.71392982  20.47359871  248.0773008  -35.96937577  104.4096321  375.557233  407.1358531  168.0392105  
129.0842149  330.4730651  -134.5640564  323.6795075  374.1190076  655.1806558  293.5309891  467.5964897  418.6051853  250.5853244  875.3507806  88.75521635  380.5745344  440.515314  -148.2929344  169.8320993  217.5622187  143.8303428  147.0989835  -30.44813686  753.3759229  103.7449854  86.74914713  7.356659558  260.4212773  -55.08234368  89.402807  352.6022943  414.1068898  167.6155859  
138.0971653  332.4478027  -130.1212614  326.6629052  370.9484723  645.714059  291.2312215  461.3017223  435.7386534  256.1026336  873.5055035  79.88435681  365.8820523  442.0652989  -145.5539157  160.7392851  213.7190225  128.0166164  145.7021565  -44.93702357  746.0070391  106.4148298  81.49888505  12.39974204  252.5241053  -60.9237409  79.279127  358.2212369  407.6982995  171.518902  
136.6338924  332.1148446  -149.6887685  325.6966139  374.2990602  653.9528  305.7542202  472.0833925  447.3717047  241.5456697  870.5368159  93.58321816  378.7445242  461.7226169  -130.1810793  164.0188248  208.745643  124.8164341  149.3718339  -41.12120724  744.1763553  106.0295328  86.65107496  15.88012798  234.8244513  -66.1432968  110.7811089  370.8324648  424.1622096  182.6744332  
130.063638  340.3954595  -147.904229  317.5163476  384.9158584  665.5732152  302.5184644  473.0215641  449.8338215  240.3183761  874.1446489  94.86875369  386.54871  467.7799934  -130.2523369  159.5882057  206.1881767  113.7532172  146.2466174  -41.72804994  750.0335074  103.0206975  87.0788173  22.35093545  239.9256229  -65.22984097  97.38264475  363.7990503  434.1855287  173.0410149  
122.8913601  336.3559809  -155.7525792  322.6257113  386.7452026  683.5866944  306.6047984  481.9563999  440.1604723  240.7426777  874.0943372  98.53830177  377.4402688  481.7039129  -141.47986  146.2236579  192.9338125  103.6337937  153.4933708  -42.20534084  742.1078708  91.52648117  84.96333537  20.89490054  225.8817853  -56.87220839  99.90241313  381.7061065  429.0409843  168.2167912  
126.3798508  337.645316  -148.724174  332.5327257  393.9661747  691.4356123  286.259414  475.4845896  439.5000627  248.0604354  874.5110025  84.62196434  379.4243237  483.7331542  -141.7071283  145.9036382  198.7632697  124.9911361  163.9933437  -44.45815434  744.8770721  93.65133489  95.40941124  11.31291535  246.4476648  -54.99488509  95.62726749  369.5540744  422.7792035  173.4511977  
126.5935916  348.5159802  -135.8800949  337.3378107  377.940723  690.5057328  289.6157295  471.7287002  436.3308444  257.624932  874.0397495  59.22137538  366.6562418  476.7011785  -149.7924246  177.4951128  210.4085304  116.9689778  159.3998862  -34.97247241  746.4018375  110.4988225  76.25976706  16.57582721  247.5449675  -51.67788591  78.91326373  363.3020885  421.1119701  167.9480279  
120.0525504  346.9156375  -144.8050683  323.2470433  378.1700394  667.4812289  290.6006452  457.5937524  447.5683255  262.1686491  873.7043461  63.00081489  371.3220455  461.0050347  -137.6665139  158.7307138  206.2543434  117.2451655  155.7995346  -39.74557353  748.0302804  113.9122413  92.4747692  24.79895795  250.6271163  -70.63613347  104.2990879  365.513912  427.1114982  167.2336554  
119.7603909  339.2441653  -138.476648  313.79594  376.9124729  676.7923065  292.7569537  475.6680686  428.2185914  240.0416523  873.6636749  87.30197552  370.2343258  455.2632083  -154.2665651  148.4704603  205.7319463  110.5849878  144.7439905  -42.90922744  744.547849  96.02620369  89.19369006  24.78873109  250.8116485  -46.92726058  81.45454973  359.8387217  416.076088  158.0167318  
128.5206455  340.8598103  -157.0366303  320.6361009  377.0383983  663.1946909  293.1716177  457.4861022  454.3605962  260.7431416  877.3143381  83.74029063  378.7437841  460.1358525  -138.8465881  147.0572456  217.0062161  137.7226053  147.4242472  -45.81294431  761.9331007  110.9078281  92.08348528  21.26135499  246.1606826  -88.77380746  126.6209458  363.0445829  415.4224943  185.128037  
124.7464724  370.1722485  -142.8251911  317.5695216  385.0958111  681.5933989  283.6965752  461.085861  423.5603998  254.0023617  869.3144309  106.4913435  370.5752694  444.6323607  -175.0591645  175.6290358  253.3862943  146.2067129  134.4412179  -22.78558394  769.2390903  117.8942992  58.61658927  21.44175568  282.3736334  -70.30181164  79.35888807  339.1602397  416.4219123  192.1531904  
135.8027292  326.1049046  -140.2032999  351.1962257  371.4680168  680.3827421  292.3416431  491.3349683  460.8287843  238.3884961  881.6404868  69.63931751  364.5052018  476.474416  -137.8063155  190.6415154  189.9162153  114.2084635  174.234349  -21.05746383  711.5698638  110.3387378  88.31138194  -4.282651684  230.3346573  -43.26908423  104.6911522  385.5696593  437.5091891  174.056006  
130.8831589  340.3469875  -151.5734363  324.2730894  385.5356454  680.2491794  305.1316822  474.6564793  462.2955429  242.9571645  878.5327662  106.5730181  373.9373899  470.8395681  -121.3145244  165.6825569  222.4968585  127.7878361  148.9797187  -22.8476395  753.5782685  109.1148047  89.9020575  8.095408668  253.5700907  -72.7362862  101.3016776  373.8109815  436.9379864  186.4495106  
116.5057564  339.3511279  -146.4272671  326.3968474  379.3948986  686.2715985  293.8325664  485.6071247  435.005188  241.2199341  873.6536642  92.39758286  365.4005439  468.5763043  -155.2332827  159.7040838  201.3294884  106.6335995  156.5453632  -35.34930646  737.1323396  99.29167061  80.66801656  10.62532894  238.2765694  -54.5802654  96.52903593  377.0555837  436.9117182  167.5188429  
113.0212484  346.4369825  -147.3454404  339.9725438  385.4027916  685.683152  293.6526968  477.5920065  430.1756345  254.4588058  871.3438753  93.65072065  372.8372074  458.4119031  -148.6374376  163.1637919  210.7262143  128.0977149  149.6067861  -37.213722  749.6691098  100.4181539  90.70172594  12.67123173  251.0635017  -58.48867919  91.398024  366.5066799  425.8954057  171.3836717  
117.5389621  330.1825573  -147.9321614  350.8913267  384.2245108  693.3697695  283.0120008  476.8301335  438.9948371  254.6710968  867.0216104  85.33398592  365.3435447  456.6858413  -148.6874872  157.4080261  194.7182874  123.0237318  163.1888828  -41.07088497  740.1561062  93.58778939  93.9430583  3.954534168  245.2226549  -55.00624575  97.08945845  377.8246694  419.503943  165.5419823  
