195.0946338  324.4902964  25.97994962  153.4678006  298.5928753  713.2265777  112.3424392  379.5037794  436.9864201  165.9654872  817.2225575  57.6780842  349.9761105  388.7428166  -177.6873811  11.5929338  158.3280576  102.8736702  170.7976362  124.9691207  685.8654288  -5.275016848  29.40957628  -46.34185562  245.4013757  -68.08061357  29.59117454  215.6255252  431.6962237  102.2433313  
201.9294381  320.4356492  29.14843591  153.1937427  299.3601679  723.43801  107.185033  373.6148175  425.7356286  179.0102274  815.8306591  52.63941465  348.653607  378.1299767  -180.2276886  17.59556187  169.1882856  100.6822882  192.3375551  148.7453952  694.9537531  3.845683861  30.64753145  -17.72656035  249.1322964  -78.80125318  32.73791887  210.5784182  435.4170665  110.1372247  
210.6061269  316.9689092  27.720472  161.8926731  299.3913664  729.5014993  115.4711863  380.6649939  447.8217398  175.9302146  840.0110359  47.22412738  350.6387218  378.8303847  -164.3704937  39.82027832  175.6598422  110.1143704  186.4340559  132.7149446  687.4975104  6.432219962  29.16631679  -6.991755263  245.7025414  -100.8381991  54.28706483  197.785668  445.0902856  109.5583712  
196.1900067  334.7049362  29.33831687  153.2360723  287.0975305  741.5554741  88.55266439  370.4487609  421.4076041  180.5580357  831.5717147  49.10631403  331.0826755  367.4302607  -150.4793266  18.26371745  211.8677888  80.63038004  206.2837769  162.4198593  668.5700984  45.93314774  17.86394748  14.43470908  220.977654  -87.83323637  41.3866068  187.8988076  407.1145918  140.8436443  
195.0883491  331.6050921  29.42290552  161.3731708  299.3319968  733.4690455  92.32279263  374.5732263  424.5545644  184.948661  811.6928898  56.14177471  351.1941264  360.9336048  -167.5240826  11.50201129  174.2130114  94.16132083  206.3143896  156.5404618  678.2885344  18.86673508  26.44257759  5.80754603  231.5509505  -96.75795926  39.37504897  196.3574178  426.4887927  136.239638  
197.5708371  338.8270819  26.99339078  175.4277383  301.9046695  730.0877954  99.49487288  377.9524034  421.6265688  172.8675037  813.8662861  60.85533947  343.6123986  360.6682898  -170.2180261  -9.529581108  163.9370778  90.31808384  188.9487287  146.5504748  685.4842402  22.6382128  12.73479634  0.07849879176  222.7953215  -90.11025758  27.66776671  190.3105938  411.2655055  148.4395051  
197.9471386  346.2517656  28.82772898  180.3223908  307.1536243  733.4584768  90.96596224  382.6781094  445.445861  188.3581261  798.1192029  59.42590135  354.3329728  357.2866691  -170.5904697  5.639500564  162.0883126  89.72272301  198.9089575  159.1698881  692.5256324  13.51901892  25.86377115  7.969318335  243.1327771  -111.4288773  29.10152962  198.3475229  429.3151963  137.3762828  
194.8906604  336.8865585  37.45718277  182.8726891  295.7259031  731.6026281  100.3197654  376.9731461  426.6775524  170.4498482  805.3440032  66.94867133  348.9306367  358.8050815  -168.0101217  -16.57762549  167.6607083  83.4702117  190.3488046  155.3425474  669.2215992  27.25347212  32.00538777  9.72921159  221.787804  -94.33435801  24.24750113  187.6926873  410.2162167  145.1171811  
196.8613512  339.2879019  34.53374132  186.5402164  299.4183445  735.8553137  97.77386054  378.0763178  431.6724403  172.7826328  810.4123716  60.00516543  344.3978427  357.0700348  -164.0262017  -3.132564302  171.3792458  76.44749754  210.8158808  156.4496083  677.4179969  26.17970406  37.8365439  28.19617598  234.8254934  -108.2070353  20.71888908  187.8407797  409.6113989  142.9927056  
196.6407127  332.262288  30.2104258  183.3176823  294.4794718  730.7193277  88.94986555  385.8371504  443.4104483  182.0722264  805.3200213  63.83145614  344.5848616  352.7215466  -156.8580526  -0.2834239737  168.7996204  86.59021285  206.8742267  158.5521162  687.1224479  15.6261258  43.89056263  22.44048148  236.9287172  -100.8157519  31.61005879  195.7828512  411.3351992  136.2128343  
203.2499475  331.1643935  21.43932212  181.866163  289.3900571  742.0472412  85.45627509  408.3691524  478.046884  187.2844654  804.9598584  46.32735236  354.5267773  354.6010545  -150.8663619  42.14731286  167.7035367  83.38472605  198.7126244  168.2834602  687.8711632  4.77142259  30.59221548  22.20743574  237.5895383  -142.6424203  27.64059942  189.2170476  423.0855819  135.0668155  
199.1815006  318.3749163  24.74593243  172.1523055  292.1800576  738.4012644  88.45215089  406.5373986  479.5539974  199.7713815  807.7779537  55.12867969  347.5185006  367.4020843  -151.2873786  44.6364779  188.4334894  74.94349608  205.8310545  175.1227442  700.6291858  7.880124421  44.22811368  20.29862492  257.5265839  -117.858895  47.7400847  210.0374012  414.6231723  126.993732  
204.9512624  324.0149239  23.2842895  172.6528554  275.6810783  735.873369  83.60198732  405.4330856  473.9629556  184.6106714  812.8146625  52.66795767  339.5368483  357.9970923  -148.638718  50.90698243  180.2322342  65.01363932  187.2052161  163.8776617  676.5627647  15.71038843  25.40169724  26.63966652  235.3355577  -133.4904385  35.0706177  193.945394  409.6066387  127.9754165  
193.0048076  319.9587379  23.18852811  177.2228095  279.6363456  737.6134734  83.87606371  398.8763103  475.6378314  189.4355675  801.1226172  54.48322072  345.914417  355.1217554  -147.298238  51.19892464  185.9662861  83.75193855  203.6827117  165.6590583  670.5167786  11.76493822  38.74552831  20.04230434  248.0209756  -121.7888024  38.37974312  194.1694124  414.5526724  128.7897143  
198.2892202  311.0493537  29.43839912  172.3942172  286.6626397  721.7691237  93.42801502  388.6597362  447.5823281  181.0792834  810.5048106  52.25113959  345.2437008  345.7382853  -155.0741351  26.77270964  176.9130268  87.41096548  208.868491  157.8003084  669.6650011  22.70514439  32.96066007  14.96986427  241.6069656  -101.3812962  32.17510907  198.2411389  409.3942342  136.7856789  
195.816206  315.5038153  29.01718096  179.5075307  289.1949372  727.7225641  89.81644733  382.4828055  464.0968707  167.282767  793.7927006  56.60306428  354.1719188  346.5502814  -158.5726943  25.82209698  160.5157074  90.08592945  204.1802216  153.0322053  658.6880625  15.89466419  39.8891656  2.348759693  230.7425322  -123.8278787  33.06824591  195.8189461  436.2347582  124.6319115  
203.213029  320.3428931  31.67126631  180.6324893  297.0860416  719.706396  100.4343701  388.3938673  462.4369411  172.3869073  795.2602937  55.6724885  360.8885879  347.8546623  -165.7303382  21.22982567  143.8029858  97.34832162  179.3333489  150.7165429  668.7500511  8.508263623  36.82355787  -18.39992691  224.313237  -111.1806381  28.38325936  205.3440494  442.4268266  124.3740812  
200.5539249  321.0023453  29.94752854  181.2255086  298.429438  734.1485768  98.80440421  397.0715085  468.1577334  178.0162846  803.306466  57.29627471  357.2967635  354.105063  -169.6809467  19.37096133  157.4416207  96.68664987  183.0060191  160.5653479  681.6131096  13.00103281  16.03009394  -2.798964867  220.2364151  -114.9428767  21.59273307  191.6024678  428.6164673  132.0779475  
196.7952055  314.4237571  33.19561532  176.5337256  305.3616053  733.0342046  106.1435619  394.0264633  456.9784459  187.7849624  818.2052481  48.87723433  363.313274  369.0856977  -167.5925526  27.94356308  166.7287692  100.3280251  189.8645921  156.2487326  681.718436  13.34687715  33.70277634  -17.59338268  240.8270854  -96.80146281  44.11282038  197.7888049  440.3336352  134.2725544  
194.6431074  313.5349027  24.34067002  172.6730072  294.1646566  745.2240616  91.48015459  396.9814766  462.193168  172.9550546  816.492015  46.92562414  359.5013736  363.6971129  -166.7767998  30.38646764  170.1255439  94.2197887  187.4581868  160.8436696  674.449857  20.88888583  22.24510775  -4.749976768  221.94778  -111.563669  25.81262427  187.5350251  430.6669766  135.8459225  
194.98152  308.671543  23.42556808  170.5302142  285.9959841  741.1905111  96.7623515  408.728774  475.2839274  189.8759375  813.2040665  47.42691923  366.9081924  375.6811642  -167.4748704  37.11628343  163.2087567  96.0407251  184.7724504  164.7947133  687.3753099  6.04158113  40.7133761  0.697021506  234.3144994  -110.5850645  41.62405028  204.2959322  430.7785954  127.1986651  
189.2233362  315.8440506  26.22837635  153.2894822  299.7088701  739.4339807  110.1176967  399.8132665  466.1600223  185.0641564  822.3716719  53.25812155  367.0697451  390.4502416  -163.012877  34.8876902  192.7095452  101.3523697  193.3918422  158.0148402  692.4282747  17.03991569  37.36377795  -23.25208501  240.3589234  -93.73715658  46.4723961  213.3536736  438.7818581  119.8571261  
190.1631186  319.6223871  15.6948423  154.9348999  289.1039196  750.7955947  85.43240836  393.5471578  461.5793775  188.4296343  822.4211055  55.76135843  351.9563711  378.1380343  -151.1869515  35.27133437  206.3748501  85.84907355  198.7023817  170.4358201  684.972691  23.79200158  31.80834368  15.38412387  239.2657997  -104.9709762  51.24429436  196.3546444  413.7510402  129.6970841  
197.7886685  319.1081114  21.86788425  156.1849008  294.5151617  739.9302537  97.51464525  397.4952455  464.2814626  186.7033367  818.1133755  50.56270687  351.6761155  372.9519465  -158.4854104  38.4308408  188.5595777  93.36209462  194.7511821  159.5198556  693.5984924  8.23716852  25.17140923  -5.654652266  252.0105872  -102.3525437  48.57065557  206.7329871  430.6733489  119.1319908  
197.8641998  323.6177484  20.11268878  157.8984821  289.7930389  734.4213579  84.97555772  397.8441566  464.215773  183.9899485  819.4409844  52.40201873  348.5369812  369.5060732  -158.9044143  50.01949894  185.5202316  90.63538231  187.6742647  156.8841711  686.8200203  6.116088851  24.23562933  -15.52387975  239.9364161  -107.7993243  34.13278748  209.8327743  432.2874761  112.8160481  
195.1655237  326.9647985  26.73060442  167.6123742  288.7988516  727.6942324  98.70070072  390.020378  469.1528804  177.6032806  820.5171616  55.13595348  356.9175989  362.0975142  -152.0194137  40.44902128  187.570045  96.60891841  188.1444295  153.7791781  674.9071921  14.30836183  26.20453688  -15.31162922  224.8719164  -104.7718873  40.50316915  204.7444464  434.3730385  119.0278378  
201.4901331  316.4311364  28.39144432  166.8887108  296.8237009  714.6357076  100.0987938  384.9104668  443.8154878  176.8833993  822.150563  58.02615087  353.0208462  364.3203175  -160.5907493  36.42521774  177.0575917  102.3622121  198.8274354  147.6457512  678.0356063  14.54233263  38.45480833  -1.945318317  244.1689652  -88.53076561  31.50264732  200.397672  425.8938437  121.7716717  
200.8575307  323.0371921  35.63901132  170.3462818  295.7497892  717.6147756  100.028777  374.4551335  436.942534  164.0056147  814.5780461  62.29937083  351.7868096  369.0008037  -164.5983621  16.92093438  173.1602145  98.80914723  205.0814328  145.562775  669.4113824  8.558934607  44.4605991  -4.645281273  236.6679247  -90.04401086  36.89818474  203.1580435  425.4915708  116.5831416  
199.0719746  321.335422  29.62423377  171.1259814  293.524565  729.3023438  90.60967498  368.0385126  427.3271895  165.7513243  802.4161843  67.57311746  341.6434447  361.083643  -165.8037852  2.556597848  171.3478878  87.2758587  211.260728  145.1203131  666.715978  11.54729217  48.41152365  15.66220947  237.5810334  -96.77968699  39.43407817  197.3414574  407.6395705  125.2988294  
204.3457768  324.2140308  25.05180235  176.0988388  298.9851885  721.3011798  92.55503153  375.607442  432.2689029  164.3921683  800.2815057  61.2683005  346.125996  363.0213757  -161.5430178  5.511424717  161.4852917  91.90794376  203.7719249  140.1135266  681.5182301  6.237522358  36.64781033  -1.679506148  236.735292  -102.7777744  34.66542831  205.8631075  416.4804535  127.0820086  
200.2259777  324.0306947  34.15351922  174.9201508  304.6284494  732.0979928  95.80839371  375.2304095  440.1862716  170.1428007  797.2088545  65.66236859  357.0679171  370.2357772  -167.3836619  -3.281384406  164.8654416  99.00798732  200.9761367  145.2052472  681.3731098  -0.3036338294  50.18699212  -24.41108977  240.9670012  -87.55600044  31.86540189  214.1519942  428.118946  117.9820923  
201.786688  337.6119822  28.13927106  173.8867472  300.842128  725.3935126  97.45727692  376.7248871  437.3787095  176.7602289  800.5712511  65.54272564  345.3113151  369.8240427  -162.1353195  1.693494174  167.8595925  89.64573217  194.6278315  147.9086727  685.4588889  6.208020722  32.25232473  0.007055586051  238.9108667  -95.01471722  32.43237022  207.4781258  423.5203369  126.8871279  
200.1335547  339.6411479  27.9472772  170.6299392  298.7763388  728.9550478  91.47918889  377.6724145  430.8520202  185.9630005  800.9338035  65.38779419  344.1571299  362.3355335  -165.7335246  5.702668216  165.3420521  88.35918702  204.134188  152.7477306  691.1002118  3.294138134  32.67071835  11.43047197  246.2155714  -100.3136764  35.02585607  204.7624621  416.510914  133.2347788  
200.4331724  347.9669663  27.09182738  171.2888722  300.6840965  727.8644381  98.72984241  377.7516681  431.0723198  182.2288453  801.3693985  64.33578289  343.934689  367.2899907  -163.7146001  10.01885127  169.3993381  83.09091889  195.278457  154.320038  689.1534419  10.30720276  29.3310687  3.32486798  242.8254144  -101.245584  35.40237268  203.0879023  419.8110258  132.710755  
195.1636495  337.547521  27.74020494  168.4288476  299.2284392  739.3562313  95.04359339  375.3451313  433.5769254  182.0614052  809.3972573  61.01866679  338.8874987  373.5492244  -163.1413553  3.444110021  177.9026271  78.06588542  206.6590267  156.6473245  686.5253712  22.92921761  30.96468297  12.95235564  244.1312888  -105.0240711  38.12195927  201.533054  410.6433991  136.257513  
198.3344404  334.7554218  25.0887799  175.7095501  288.9737612  734.7985413  89.00842585  379.1329631  440.6059635  178.5437478  801.2317735  57.29328552  336.9457367  361.6534613  -163.1863769  16.35524958  166.5564551  84.94808489  195.4159127  149.6375013  678.0580039  14.15630756  39.22351152  18.73234774  236.1348268  -115.5606056  34.44623198  197.2284672  404.7649318  128.5714801  
201.7906155  333.6681462  25.52897965  166.7929382  292.2220381  732.8656297  88.65198582  380.1542832  440.4769149  176.5670599  799.616224  62.81699312  338.9563204  354.1768187  -159.8423712  21.06778153  169.1393886  80.34292931  194.200366  156.3696551  679.2768845  20.60897711  38.20001889  15.60806954  233.165684  -116.7359683  35.12320894  203.5736185  417.1209952  127.7070017  
197.0892661  329.5695235  38.08654376  176.2676766  299.1176338  735.7323765  99.78521153  375.7484855  452.0902364  177.2060194  810.0534485  64.41353639  357.0039172  356.3281273  -165.6355328  -1.681078554  163.9477485  93.64824353  192.5501365  152.3820273  665.0677802  20.5634017  34.73402861  0.6844715053  221.540995  -107.7369239  42.98004194  197.6302323  428.3049354  134.4112868  
203.93282  330.8100721  28.64746649  176.9668488  300.9427431  725.6163257  92.97821054  386.9730282  454.3411113  175.643169  806.9284517  56.88240364  355.3414023  352.6503047  -166.336504  18.69137382  151.422268  97.85586534  183.582354  155.1312102  686.9793761  7.367708121  24.19630206  -7.482211  220.656918  -116.4608924  24.18423506  202.5299717  428.4725112  126.4633065  
200.4350599  335.8872615  34.34369683  173.4963486  305.4055793  724.7978206  98.18019866  380.2176997  438.2344535  172.6622547  812.0393568  56.25532327  354.7706927  371.3982888  -166.6661477  11.36273163  174.1395413  99.60828351  198.7460429  154.7381998  685.7699434  15.19090807  42.86304761  -5.199242213  237.5379766  -95.0718746  27.46802938  199.3657778  428.8575877  127.1517967  
205.176579  334.9452155  29.34965701  169.3017923  281.8907314  729.1828844  89.48589309  383.6536282  422.5522859  173.4956632  812.0853886  62.18095082  334.4206483  371.9471335  -159.0450661  23.23495352  182.5149961  76.91708381  197.5753936  161.1342702  684.8474415  17.95711957  43.59030307  28.40814997  235.9198793  -100.9000611  31.47184613  194.3085389  401.8803681  133.0153093  
191.2781652  331.3522332  30.49886567  168.6256009  289.1332669  731.8551609  92.63697993  373.7716492  425.4123731  174.7296068  805.9956723  68.82662858  335.7355941  367.1741436  -151.4400174  17.0330854  198.8154156  84.49250463  224.7068288  160.0109854  672.8329004  26.07581444  49.27024476  19.28988375  249.6199512  -91.27120149  30.14104623  201.0558251  416.3995484  127.0338675  
193.3173109  329.5997171  38.64232963  174.6635876  286.5043009  742.999145  90.95601028  375.7914362  441.1443388  171.3948574  800.461132  68.2099379  350.8447808  362.1436452  -167.7956115  0.7402116735  177.4154084  89.07318029  212.0263643  153.0798171  667.0918953  10.72506994  49.98500429  5.886129347  236.0709556  -97.04927527  34.38729413  197.3061291  416.9032698  123.8164473  
196.8231545  328.7747697  35.55142114  172.7608406  288.2662947  730.7994322  99.40764686  383.7550735  449.4307171  171.9704125  804.5355999  62.37252168  351.7783804  358.1081441  -164.0799258  6.977067824  166.4427184  98.27413213  196.8939457  146.5266838  674.9292932  6.088425802  44.76550236  -0.4995097941  233.0316567  -92.87953256  33.48178487  201.580559  433.0476687  118.3417147  
193.9972232  332.1848337  35.59514243  175.2086757  292.861793  738.3296856  99.90538752  381.7777117  440.3388894  186.1632025  818.9193066  60.38900907  350.9940977  365.5378942  -166.6564754  -2.757495284  173.6234098  92.24100878  194.9651813  152.7715674  678.0779298  19.37184257  28.24180607  3.829644975  232.0345566  -90.48891901  33.79260607  190.7174933  423.6222516  135.8898742  
194.9740598  322.2574307  31.7222506  172.0844079  295.1709822  731.6767177  99.32878805  396.4751355  464.5941863  183.8106348  823.2732932  47.07764147  359.1734734  370.2233629  -169.604654  22.7909224  167.012354  99.30161349  185.1426355  150.2976995  681.4181623  8.208057002  22.02371769  -19.56037852  236.6193061  -102.8986662  33.80695937  195.7064474  436.5520165  123.9646247  
199.1409756  312.7409498  24.01035962  164.3604075  290.3097085  739.1976063  91.24580696  414.4925873  471.0772505  195.6192027  829.9225722  44.96774575  354.6626738  369.6998239  -164.565148  48.09071983  174.6724423  97.9157943  185.6091509  164.1295716  700.7526689  9.447224277  18.98365364  -4.264273889  241.547641  -107.6443803  37.70267495  199.5364827  419.947244  130.5807324  
200.1559917  323.4198852  15.10022739  160.9446295  295.3203721  721.8511478  102.8614178  414.079224  471.3726559  185.6576174  815.2513275  46.01717661  353.8541456  373.5233034  -159.910764  58.73241063  170.5021255  103.3594402  172.6261106  154.9438298  714.3317436  -3.20165028  8.686079644  -41.36599822  246.9140957  -96.46055524  29.86875084  216.7439552  447.3452649  120.2411183  
197.1151311  331.1487002  25.89960067  167.3377832  307.2922103  722.7913563  109.1200326  390.6421078  446.8181313  187.7541942  821.2044758  45.78196214  358.3021275  369.4537734  -163.3626369  12.12980639  174.6082779  91.32937164  198.4677318  149.0215833  698.312669  8.303066494  18.63473994  -6.759233865  251.5544825  -91.27843564  44.09688142  201.105067  428.7471924  134.797776  
202.8697981  340.7967453  26.27283011  177.536981  299.3400975  729.9639888  99.78985635  383.0078176  429.2835766  179.8189338  818.3728312  51.72442068  344.4569965  370.1331847  -160.9298633  0.9056470937  177.5548904  84.47149554  194.4811233  149.0776911  689.1802633  21.26306983  26.76626097  24.91910975  240.3387007  -98.51032043  36.61649632  185.2659207  410.8083081  143.6595968  
202.8003168  336.9925893  25.94132496  171.1649311  291.9447835  732.6541518  98.86918748  381.5297985  432.5256173  178.7099307  802.1905857  58.98868036  343.2083468  364.4749408  -161.5177515  5.220513151  174.179364  80.50502894  202.6880564  152.7595676  682.1346106  13.74958578  48.2241612  17.68616931  247.6035359  -100.1082721  30.01022853  193.244297  412.8300059  129.3161318  
193.6164463  334.9691863  38.24112472  177.5308992  292.0550629  738.6499446  101.0537469  368.5105402  441.1700576  173.7096118  806.9666901  59.66106343  357.1791219  358.3953478  -158.4440813  -8.504383357  175.5237616  83.23744354  209.9623581  152.4665441  657.4102556  21.21231778  43.21083376  16.4165812  227.4000259  -109.2279447  40.50734838  193.7796137  426.5118866  129.0932754  
199.7339993  330.8836659  34.21706604  179.7422435  296.7651651  727.4396593  101.6471851  382.3602897  452.091256  172.6773745  797.8304549  58.38409737  355.8844174  354.1785497  -163.9233723  0.1009514232  161.4247224  93.24795754  196.3691505  155.8542459  673.1435801  5.263827207  45.89061435  14.19964648  237.8869597  -114.7019631  34.94832824  191.555706  428.5393376  121.6072885  
205.1582505  336.7085354  32.54367756  172.8727413  296.5275147  718.882984  114.0916699  385.51004  443.095676  174.7797702  806.9716602  53.93969287  350.0131485  365.9535656  -162.2885501  22.54040345  166.6749378  103.8657733  194.1895084  156.3079688  694.2911441  5.388619489  35.09338255  4.408690059  243.629083  -106.5315254  23.80856208  205.7196866  438.9024549  119.6355593  
200.6767802  320.9891589  27.25578918  168.0157022  294.4376238  731.0818565  96.41331223  394.7242078  441.9074803  176.9143755  818.193239  50.7792488  350.377107  378.0215474  -159.6625865  44.9682669  178.851916  96.45883629  187.6720768  163.4422599  686.8672002  20.25393519  26.3231164  -7.915352443  237.4848624  -103.1185807  24.08497684  198.5772656  433.2083623  132.7532809  
199.7205564  319.2431647  19.2973079  160.8350101  296.4285473  728.2965864  91.04419943  394.9059702  448.405863  183.8621932  807.5296047  53.13430194  349.4892041  378.0380032  -162.5133798  50.43433808  173.0437734  103.4239472  188.7009993  158.2002941  700.2465734  3.684506875  25.39965997  -13.19465814  246.974839  -100.4262985  33.84619407  212.9636246  434.3464132  119.44618  
206.2029892  315.2449254  19.86301988  164.9803439  287.7160412  716.7638479  97.27049311  382.3670081  441.6679763  170.1673783  814.2112763  56.26121139  345.7990282  362.4146625  -160.474543  40.56877282  165.3197308  96.43527553  188.7233202  141.6844217  680.7188966  -1.862726737  40.76788438  1.730248402  246.1623631  -101.1389259  34.52027324  201.6884311  429.04162  104.8196267  
203.4226731  324.1594441  23.45240443  171.308151  284.5472673  713.3808764  94.91769822  383.3995766  437.6331094  171.5522623  807.0341066  57.75073952  346.083027  359.4805096  -164.5384441  23.8669939  160.6385759  96.80849174  191.7266671  147.7597813  686.1886611  0.2626960726  29.63028061  9.845631557  236.8066404  -106.2432716  33.98251343  198.5075493  421.7256061  119.3053273  
201.2361521  323.0392817  25.4405194  172.5696963  292.6483505  727.7513271  94.08648149  387.0036109  444.7411259  169.5357156  811.2095888  56.36449007  345.9399439  370.7009459  -168.1597928  22.25445602  168.50173  93.41347257  191.1569868  151.0744916  687.3104558  7.39118555  29.18818674  -9.37986679  232.6038603  -101.2738646  30.07721997  201.9518457  430.834344  121.048975  
200.246416  331.3348982  19.54840991  170.5619903  299.4787218  733.4091214  93.46347494  394.5746318  456.460095  193.0875995  819.6801848  48.04475343  347.9763071  370.081974  -164.1295772  30.87021637  173.4464578  85.66044179  186.793482  154.3237797  690.29077  8.895476831  27.83160281  7.192351565  246.7999496  -107.5226193  34.33399313  195.2367856  422.2906607  130.0658906  
197.950793  330.2979279  25.14136848  166.0062805  302.1152425  741.3289752  90.25866776  392.3130453  452.176096  197.2216624  814.8217138  52.30064159  355.3295078  362.5807932  -164.852827  15.66540496  167.007996  86.68867824  191.9096125  160.4496181  681.7482553  16.4955415  22.40856024  17.25126608  241.0548431  -107.181541  42.35353247  193.175697  421.9350892  143.0383876  
205.1577628  328.8669364  35.28216038  172.831639  289.084324  742.8643262  107.0577364  390.1370949  463.4252664  192.4948557  821.9222491  57.43605006  359.0449703  358.9077095  -165.3920336  13.86713063  163.1712734  94.48777127  193.981395  154.8290781  682.1851215  6.699988508  30.63387499  21.84601749  231.3729072  -109.392326  47.25570526  193.1659457  427.1571507  126.3178658  
196.5846492  321.469749  30.98757338  166.871736  290.144206  744.1836675  92.97769696  399.7669821  464.226703  181.263267  824.2170451  52.50014521  358.1066979  379.9652742  -165.0950989  27.41098457  183.681938  86.11389118  192.1620131  158.1598074  684.9564796  19.62544986  38.56994456  -9.843628588  233.1191463  -96.70551795  35.68126896  198.1932735  419.2586908  127.3657144  
206.5990266  317.9020419  23.44188996  162.7515599  274.5884226  746.917492  100.277517  405.3849732  480.243326  200.7787121  809.4566483  51.97654766  341.2569144  367.30068  -147.9655257  55.72136654  187.877119  77.03261214  181.749078  171.7891306  691.948489  6.863479404  19.08453233  1.023490242  234.0990166  -111.0475088  50.00940418  203.4592628  411.4854517  124.1338822  
210.4353581  324.4151824  31.62191393  155.8541358  294.8606821  749.7484912  99.5767063  403.7872792  479.4696585  210.8218231  822.7372434  35.86109953  356.6797777  373.2564639  -147.3130349  62.64233776  203.91773  105.1340064  214.7515913  180.8475441  707.4392577  16.60831679  23.53940849  10.40861559  252.5967876  -114.7502307  49.71608966  211.3091431  437.9459536  126.9495854  
203.1299309  331.4191058  28.70951972  155.9892339  296.0332399  745.886091  106.2731843  386.9149169  455.0646571  196.1020082  807.7946913  47.8633486  354.5475543  359.4017031  -151.6364405  21.74112173  186.0095337  89.14422812  199.0125512  168.6452485  676.8225373  26.12757954  13.39503675  5.693906614  234.0003128  -106.8171173  62.03904191  199.2590678  428.8479959  151.371526  
199.6179712  329.7457398  19.43159177  167.4760461  290.5812138  734.1354655  98.19049664  389.2581202  455.2888987  189.4204028  813.4723678  53.70435563  351.8831717  348.6758314  -161.0862317  23.44871472  163.5877693  96.44935022  185.1865041  153.3155947  680.2718483  16.58322524  17.13921949  21.41939357  226.38995  -112.604301  41.93013709  188.3773149  421.6674453  136.6236336  
194.2912702  336.5668221  14.23521276  166.5002483  297.5946912  733.7185995  91.01944076  375.9439659  422.6844448  183.9503388  816.1374673  56.8523567  340.531896  359.2790741  -158.1987669  15.61242699  180.2038915  79.23362338  194.5309783  155.7257942  681.8848341  32.18892734  14.4748671  37.55147307  239.3107719  -115.060019  37.01846312  183.4568018  406.6771263  144.992703  
197.4334687  320.101627  27.30357955  168.4842928  298.5451446  727.0042018  96.30592286  373.7686577  420.3415415  173.3587716  816.2392364  61.35336152  343.7843959  356.9617679  -168.6820055  7.883258712  168.6254447  77.06264205  193.7495207  147.3088039  662.6292263  26.06758186  24.53733633  12.17697234  234.8763432  -104.4331192  35.79069232  186.8428831  406.252625  140.5977012  
194.8537515  317.4291991  36.14690069  171.2925916  304.3297531  722.6906048  99.15160418  375.6014908  432.9327132  167.4811691  814.6973109  62.84517691  348.7904854  353.9796778  -167.9816843  8.762675099  163.7338826  92.72718879  194.9135216  148.2098633  661.4334152  30.32169539  20.50613598  -9.672163597  229.384586  -101.580703  24.78495859  194.8805421  431.5740641  131.26128  
197.211391  320.3709258  29.31971732  171.5265286  301.3766634  720.0333909  96.45820227  380.3145865  434.334406  168.6359333  819.4710799  57.15601656  344.5057937  359.4040232  -172.189342  10.81729661  157.368606  85.6571506  179.9020396  142.013858  672.5676638  20.73410389  21.10733063  -28.39263554  227.9472337  -95.95247674  27.24384223  199.7351238  429.1421781  125.760727  
195.9016241  333.7868205  26.71683517  168.4903812  304.136682  726.1945764  98.44759602  385.9215235  434.7073424  172.4499596  824.1114209  45.94750879  345.1851845  363.4416335  -167.4031353  9.94528916  169.5614875  81.99984811  182.6650678  146.3637506  686.0645905  27.97484957  9.566486797  -15.10051301  229.4227869  -96.48282684  27.3200003  191.5239861  427.4933641  138.8863343  
197.4962824  335.2822953  31.77580079  174.0067346  304.3921505  726.5777216  97.3786061  380.9885937  434.1392238  178.9983227  817.1144068  54.07297571  345.8015683  362.3133585  -168.5823273  7.89592213  171.8573142  90.06297471  189.739949  151.8425105  687.3500739  20.358028  32.05193797  -10.08988777  234.9280479  -87.62573786  28.32833027  195.9277681  428.0701433  128.5150223  
197.2939573  323.7889024  39.6458476  175.2211226  307.4486248  725.4045032  109.5578631  386.0132703  451.5348148  172.0136152  814.1684762  58.72888266  357.5396195  369.7275789  -171.170323  6.391735301  162.581655  98.75799556  184.8129636  150.9332189  673.272319  24.05761365  29.52744974  -21.15560906  233.1035902  -91.26106057  17.19740707  198.151246  438.6993179  124.4677156  
197.8949401  322.3801803  37.53118282  170.556253  295.8307773  729.0272269  108.300339  385.0238652  451.1249609  181.193941  806.8465472  63.22286071  352.6083526  365.9905013  -168.2564377  13.74453736  173.61829  99.31604779  193.8777438  158.5597326  679.3223577  18.74414183  43.3148197  1.681615389  233.3248044  -90.26038665  40.62821  200.6794732  432.3340832  126.8869949  
200.5237137  333.0209456  18.48726208  169.535672  286.4222792  729.4975255  82.08807575  387.2571865  439.9435515  172.5215885  800.5794026  59.80882393  340.1094869  351.4303346  -159.0569575  24.36492576  171.3789791  83.55888161  196.321335  159.4759268  671.2417794  27.1877431  33.15876747  28.60463951  229.0162365  -120.584332  21.41747686  186.1137814  406.1168708  139.0694538  
198.6929828  327.456993  35.04502162  176.0119396  290.8802734  721.3813019  92.01986936  376.9686237  449.9842972  173.1243154  798.6085177  65.23616187  356.3531055  351.9005189  -167.5452075  11.78312893  163.1505243  98.01463172  199.60053  156.5989619  667.9456814  6.326427912  41.04266859  4.650997466  224.2611087  -113.5964861  23.80046803  200.9970937  426.0588198  118.524254  
196.4818493  324.3644605  38.33030105  175.6946305  306.3656931  717.616674  110.7980981  376.1843346  442.4946682  176.4018724  820.6796968  55.5510856  363.8281058  367.822052  -165.2897006  5.459067598  170.5361326  101.0447074  194.4770455  148.5015814  668.1365625  22.05970238  26.58116853  -30.03917341  230.6959012  -87.26478404  27.37373858  204.6788047  437.4931488  127.869723  
190.2568898  318.6572777  30.65223893  171.8105303  300.8491391  733.4740411  97.30219767  392.4938069  467.6687133  183.6583072  814.1682846  52.4930078  359.0055868  374.32375  -167.8089647  26.61786221  171.5379776  105.8831555  189.488718  152.2379476  683.5603357  5.159119565  29.0412831  -31.73542962  235.9676133  -94.27558278  35.4530939  210.3962553  437.865476  116.8118442  
194.6754167  311.8865178  22.81026166  172.1847327  294.3200287  744.1773501  97.68052451  404.8511026  485.3588325  192.5602447  814.1082969  42.82905519  363.0432387  367.8698486  -170.4646629  41.33428303  159.8888435  101.8305122  182.9652153  151.4859999  694.7620809  -14.01768045  19.47032036  -39.81136756  241.3849031  -108.6167734  35.18397292  209.7251992  434.2995544  114.4355483  
191.0130994  319.7938727  29.36776508  167.3696586  304.4443423  733.2640345  101.6866319  396.0297568  462.2884141  188.4646855  819.607079  48.18249355  355.0222762  379.0620984  -168.6493307  33.54275773  177.6583409  108.717349  190.940319  155.6567742  700.5287763  8.043455847  19.46330083  -40.32728592  246.6141283  -78.00628361  26.42820627  213.2863395  434.3605555  124.8576698  
199.047289  320.8701767  23.74877677  164.9973413  294.5688778  738.2870459  98.06141839  395.7354532  454.4917324  186.0201328  815.0054658  46.76559468  350.5714276  376.7533693  -169.8383049  39.13241472  174.7000097  98.33703292  197.7135723  156.0139461  701.6417679  2.12612403  23.47786878  -12.31976578  249.0715091  -103.4016767  39.0544311  206.4859998  426.3662458  124.13678  
199.4857187  314.0824321  30.80523524  171.5843873  285.5544459  739.1242546  92.78279397  393.2638342  465.1025136  175.1604054  800.9573755  58.12083695  357.6635242  362.9203043  -162.0539264  30.37799413  168.9461027  93.17076319  195.2449515  155.5572751  676.5979775  6.681388856  36.2491044  1.211904414  234.791323  -116.6248192  44.46112538  203.2238409  425.8265708  126.3526811  
201.2248311  321.7666948  26.55418033  168.9469134  281.6549319  737.1762382  99.67085714  381.9825701  432.238254  169.8830873  802.1615553  59.98828266  342.1242195  357.6952161  -165.68499  2.813371426  166.1646668  88.78333036  200.0670256  151.1976631  686.9030411  17.06236845  23.13037965  16.77638671  224.9176571  -103.7712387  43.52069068  191.763429  412.5911422  138.6305344  
200.4500025  326.1756339  24.86979752  176.2615618  296.8888759  733.2870851  84.14052372  379.1190513  434.2883585  170.5069253  805.5175069  62.10957239  344.9416271  365.0096313  -168.0445663  10.00152659  167.8847697  79.1900152  201.8455724  147.1408705  682.5084065  19.21132612  39.59674122  16.55064956  241.6007409  -104.8369312  29.27901477  194.2853028  400.1246439  135.3386291  
195.101127  325.8356059  26.87983593  175.7258497  302.4748493  719.9495292  97.13863821  369.4068693  431.2461113  163.8140796  810.624131  61.31907269  345.603691  361.0665484  -155.4644149  3.504776023  179.2312055  80.47793564  206.5749546  144.9483141  672.4405177  17.38122799  38.43243915  10.81145687  241.3298941  -94.80978208  38.87761379  197.9808001  419.8232728  127.5494909  
195.917739  324.1756759  25.09188814  172.1657488  292.7176418  721.9475509  92.48140305  379.4052553  439.1453415  161.3499623  806.1231447  60.69495581  344.5897997  364.6940576  -160.1933019  26.47489016  172.7654419  82.36176225  190.5972192  147.1013316  674.268029  8.191987741  38.31957016  -8.657827361  237.3859464  -101.9475383  30.64118097  204.5697916  432.3772487  116.3649208  
195.8104065  329.8495361  23.84679166  171.1561906  291.6815774  729.3682687  96.92789265  374.3044185  433.9303145  165.2712597  811.5061852  55.12026435  338.5329577  355.7502873  -152.6490189  15.91268402  182.730871  74.79257594  203.6003049  153.1052443  669.9067523  23.50075307  32.05909097  20.58052575  233.9574106  -112.9897269  40.57584289  190.7625911  418.4682517  126.7670674  
200.5726039  329.2026593  16.11058072  170.6360032  288.5465612  739.2537164  79.47863396  377.5648861  429.198301  176.3578315  810.3867175  50.25452188  335.265592  350.4369389  -155.7720792  19.67653096  178.0202385  73.15891819  208.7395622  162.627478  669.3578803  29.63842323  30.6257768  59.60389677  234.6323974  -125.5540657  42.14532535  174.0211686  391.9412836  143.290322  
198.6084731  334.3310821  17.28981172  173.9724858  286.878228  728.1948175  85.50873388  375.8012056  425.2806101  162.1134933  807.8619957  60.93743084  333.3350423  350.1672359  -157.8292783  17.09535162  177.6707644  78.55414303  199.3732929  155.7975703  668.5030174  29.95644573  29.81445761  38.77193234  224.2804717  -121.7914886  32.22133283  182.4093364  397.577553  136.7036689  
202.2886809  330.6218941  25.360872  176.6188963  283.7273073  718.843129  90.6894289  375.6211807  434.5010424  162.2127039  806.5146391  58.81744137  338.8429822  351.6846675  -164.1631571  14.38229725  161.8358311  85.22644852  197.1719723  151.3971404  674.5483889  15.31886313  41.42894701  18.87870053  224.0289196  -117.0257748  31.85128732  193.4766759  406.6975775  124.3181034  
201.0582628  338.434918  18.7516362  169.8944198  293.3016711  714.7606237  93.00601321  378.0828789  433.7425165  170.0099954  806.8792071  57.2723805  336.3117402  351.2834345  -153.6922063  18.96458213  174.7829706  82.50653437  203.9906217  155.542817  683.107717  24.09904841  34.49978905  30.26283988  236.6721672  -114.0074937  24.31987146  196.5897036  414.5373093  127.6610457  
200.8632491  341.2012218  15.72816129  168.292624  285.5474156  720.5298359  82.51958239  378.897104  418.0790542  171.5087945  814.3170037  57.64563153  331.3647346  354.8465743  -156.9606715  25.04344936  175.5812891  79.20375892  204.709093  156.2045768  681.1459177  28.93657598  43.52528229  45.02490486  235.4247398  -112.5690505  27.76247378  187.765919  404.0583427  132.2689676  
201.1079065  341.3011198  17.16476718  168.2352589  288.7774529  721.968664  87.95727869  379.6931226  430.4281642  178.5605196  810.8524383  56.94596588  334.7476202  352.4898955  -154.602367  15.52179058  168.3668597  72.32487307  200.2506101  156.6783839  677.0853006  21.48591816  28.98258142  41.61214304  233.9693122  -117.5389064  35.02765021  188.5519025  406.0385439  139.3083643  
201.8512398  344.4047989  22.55621906  171.7268061  288.6539659  728.7070927  90.9297681  380.2459939  444.1126675  174.7746193  808.6079181  57.5025201  338.3940308  357.0940179  -155.9401335  21.691451  171.7995258  78.01547764  202.494538  155.3710643  681.2585569  12.94415375  45.96032953  32.28976598  237.5567924  -115.8253171  33.02130709  192.8204479  416.4178852  125.7644242  
202.3618708  326.5674093  25.81275501  174.210235  286.9266826  731.938103  92.78110659  388.8458158  458.5441368  178.3223794  808.9614656  61.38422492  343.5430904  360.5127744  -158.494999  32.93011236  174.3912007  90.37631301  194.5723912  155.258995  681.8163274  7.547001342  37.76679653  14.42159209  233.0633766  -108.8141201  22.8651651  192.9086563  419.3777865  118.4429618  
196.6188706  316.2415694  28.74912407  169.9470761  295.2067791  732.4773046  96.80507873  393.7482356  454.5397582  181.8282671  819.0831589  52.9343767  350.6898246  375.5164063  -162.1851346  31.52779454  175.686017  93.15954019  200.1470608  159.1191118  689.1408618  11.61683467  41.27640469  -1.9277905  248.9497802  -98.43984782  39.37356789  205.4880551  426.7123612  125.8578297  
193.9408204  314.9815721  32.9992697  171.5250018  294.3071255  728.637107  98.78393418  395.3069805  457.8576526  172.6817826  830.8419978  47.83903339  352.263659  372.2728328  -160.6862486  30.27634199  180.5060331  88.97517598  196.162311  149.5358168  673.117136  13.64029329  25.30413133  -22.24514725  243.0979097  -103.9494586  28.08298035  201.8711135  427.7842038  119.1213591  
195.1824888  310.3047501  30.31947326  175.712102  290.7501537  716.7362097  102.6454844  389.9146346  472.6658612  178.698399  819.8175816  46.748306  352.0091563  362.4368521  -161.6082169  36.06312796  168.0026612  94.95087061  195.103927  141.5944252  675.7616019  -13.61681126  38.05552749  -23.78666457  248.4633564  -102.3922477  45.45945064  204.8367536  431.4911317  105.9502712  
202.05805  315.7010663  29.40260415  179.0633899  300.8762044  711.5296532  113.7461874  396.1498174  479.4047593  177.9827935  815.0113201  45.75236281  352.5106054  357.9888493  -160.9769294  36.79712743  161.3355613  98.28319151  176.7071703  147.5600979  685.767911  -4.449360895  14.88269705  -37.15841991  238.7161628  -100.681902  20.74626549  209.8660931  439.8381648  115.2025518  
195.6016052  305.6125456  47.11692068  177.5099162  311.2885583  721.48881  110.7619112  387.938474  474.0981669  174.1164352  810.8744486  59.56247311  367.7648427  361.5335572  -171.3044499  13.88484918  159.4922399  104.2177622  185.8272774  148.8030225  671.7083708  9.771170779  32.88306986  -50.53459875  234.2931706  -87.25173862  35.38837218  217.0902587  455.9740816  119.3864806  
200.2955707  316.7198197  40.52842982  170.5500564  302.3209336  737.749502  108.1470796  387.9011124  454.2540834  172.2938856  809.6613563  60.18973083  364.7759269  357.0344261  -168.8866036  8.758368006  162.1492447  109.1902933  188.549808  152.9108622  677.5877007  16.48147223  27.39248852  -20.1886531  221.2380194  -99.40151531  31.11876177  204.0552349  445.4948781  130.6188199  
198.0829458  326.6555593  49.78067099  171.6583644  299.4804244  747.4313246  108.7259096  382.972441  442.5642568  189.6107197  820.5446262  67.1328178  364.0844576  368.7411956  -180.124723  -4.933804148  172.2249646  105.3735476  199.6215802  154.6737186  682.1064386  16.52663806  35.7972601  -9.208820047  225.0917279  -86.59203937  42.24749983  200.6125628  430.0828415  133.7163241  
202.7473969  333.2693902  27.30051083  162.5867023  290.625251  743.3010333  94.86587454  387.4032302  432.9970187  195.8018855  830.1192113  52.11245063  346.0679237  369.3105579  -169.606169  14.26573558  178.1991217  98.07151418  204.4812046  150.1232037  688.2592284  17.0687013  20.99452426  22.51959369  239.9283894  -95.31077143  43.14553958  185.5384362  412.5080592  135.7012369  
196.7323089  336.8370738  24.3403659  165.5019111  282.6647236  758.2210267  78.29623867  386.9055021  446.5235292  198.5345685  821.7418572  55.06991471  345.4739385  367.8018579  -162.3411331  25.70556546  191.934962  93.26405199  207.4368803  166.5923268  683.9856581  19.10312727  29.16983958  42.60670791  236.2387018  -105.8974802  43.05216032  183.1097904  408.0830222  134.3892485  
199.7575249  327.4429032  23.9886238  163.3909675  283.6509286  755.7353722  85.12239226  390.0016565  450.2217086  195.8573664  819.2632535  50.26736866  347.0989713  368.3033748  -167.9267493  32.91990789  175.8711329  85.18776177  201.3291732  152.7430776  679.214858  13.07690029  26.4910804  28.37321522  240.1200931  -106.2870322  44.11579342  186.9283745  406.1768885  134.2195728  
198.6275805  332.3042858  18.61242026  160.5030372  291.9163331  754.6262825  84.68812856  382.2869963  438.356478  195.3059549  817.5954404  52.48254431  341.7462568  369.6071632  -156.8294171  23.28523861  193.0559587  78.33448277  212.9242094  161.2399275  681.4326508  25.71827155  21.49124975  41.53238119  247.7260622  -108.4395961  50.99202768  183.5058684  402.2359002  144.3015233  
198.498561  326.0032221  8.5697413  160.2420012  287.4882266  739.9127132  83.47608257  387.0183386  440.534229  191.7235907  817.4192115  44.74390185  335.5617111  363.943845  -157.0624587  31.1260736  174.8524536  77.15913216  201.2178963  152.0292572  683.5958977  10.72835385  21.51822076  35.36186188  251.6023159  -111.3186823  50.62409059  186.3490084  401.9133296  136.717236  
199.9072172  339.5002445  13.50994172  167.8799365  292.6824519  734.7963108  84.10497885  379.6625347  427.0956051  181.2292404  818.597916  45.98673301  338.7173129  368.8185181  -155.5317444  22.88781723  184.5673607  75.59898269  202.4554763  149.380318  676.7498926  22.51364785  26.67061176  36.49808894  246.6355046  -107.7540837  45.03761344  180.8544825  404.1713867  142.107164  
195.7750782  335.2578128  21.13940504  172.1826097  294.2384526  738.9835424  81.3502418  380.3166678  436.0620011  180.3893512  821.0040942  53.01969432  342.8368553  364.8004586  -162.2627325  8.818779756  182.3135757  77.43374883  206.63042  150.4216191  674.8288153  22.35169051  30.20519914  23.75760059  235.5326192  -102.8910475  40.40034635  183.507614  403.3368321  142.2363239  
194.9954815  333.948403  34.20805303  167.4839388  300.6802603  744.2393402  87.52937185  385.6933445  441.7888888  185.1774307  827.9826867  51.48021073  354.3296007  369.4245815  -167.876623  17.25698216  177.9873618  92.87849308  196.9898938  153.356008  675.692645  23.13370034  23.99080627  -12.6799635  229.6354866  -88.58110174  32.49536111  196.5397619  426.6993842  135.7731567  
194.617732  331.0162238  46.25162323  172.7232496  313.562325  736.7010346  99.86416792  397.8794296  470.0528955  197.0727439  813.3909407  63.61620357  371.4662827  379.2040668  -178.7212585  28.0587394  162.8020506  112.195504  179.6349121  157.0606513  702.4997878  1.664379153  26.23208978  -74.72332348  231.5516852  -73.58662998  18.82860795  229.7610232  456.4512811  114.4414981  
202.5314491  331.0052865  41.50962724  169.4395186  308.0497406  734.1621976  102.2799459  391.0161622  457.482979  193.8706609  822.2024857  60.39603882  366.3123712  381.4957137  -171.5118362  20.4836219  172.0204586  96.20241564  180.8898427  151.1026028  693.8839847  16.69750093  22.93562345  -48.76807869  227.7996296  -77.15764833  33.16856015  221.0750343  439.6294848  128.5178049  
199.1379909  327.087845  37.40761286  170.3667805  299.2148127  738.1369437  92.39635124  391.4577439  462.0932866  194.7287098  813.9700248  60.12530359  364.2170384  369.8642221  -169.1188258  24.11739448  170.3773388  104.1133086  188.6336571  154.0848929  687.9526186  10.91312299  24.35550646  -27.5073278  233.0281601  -87.69757056  35.2301736  210.952584  433.2848894  126.3522855  
203.0553493  326.2577121  39.68128772  175.9971325  304.6208097  728.717228  106.0913557  393.7601381  472.8597629  196.3108462  812.1374413  61.14791527  367.5104382  370.8863566  -171.5982985  24.7453834  157.1867059  104.3962051  180.4823467  145.8999562  700.5212971  -8.674294566  21.94045665  -63.53583719  232.3085955  -80.29240544  25.14487108  228.6239513  441.8568645  116.6577027  
199.4553697  330.6378816  43.90463992  176.3956211  313.0236124  727.5556104  106.2885994  391.7274554  471.4529694  199.0066973  817.4560518  61.72503603  370.2334899  377.9561131  -171.2119986  19.93640387  165.6449642  106.3794748  180.6997727  151.5678146  698.9756115  1.908270308  22.95345756  -68.71220025  232.4310344  -72.092435  26.15439703  229.5845545  448.4171402  122.6036726  
199.5122318  333.3618474  33.10057688  169.4817358  298.7355252  742.6030928  112.6693828  393.4546333  471.2041972  196.3217504  809.2394151  56.58929234  359.7504623  375.0119962  -166.0465673  25.08607815  168.1319324  105.7218137  182.6995371  156.4741608  701.3978571  -0.554980633  17.63056571  -23.95551405  237.470906  -89.30558217  41.46808258  208.9820626  441.4114866  129.937788  
196.7057703  328.6148574  24.01880535  162.6142508  291.5708717  746.0253739  98.41803979  383.32207  449.3914272  191.6804438  807.6217448  53.80236593  351.2392065  359.4742939  -156.3731109  22.44229055  183.1174222  87.1920601  201.8210121  167.2952867  670.2941872  27.16359527  31.47142541  43.41763538  239.1665542  -113.9215663  45.08827534  184.4447947  417.6041963  141.9809974  
194.5528307  325.5777096  30.21362412  167.27837  295.2717106  726.8791938  104.9631625  370.7011465  431.2468195  165.1385586  797.4135771  66.16647834  349.2360011  354.3555548  -156.9497617  -1.466942868  176.8922487  90.5749403  198.6696014  154.3784958  662.5341426  31.22003826  38.25397934  15.06514901  226.3331316  -100.8304752  37.79712166  195.0824516  424.6989194  136.7410165  
200.0929993  325.2600847  30.83767248  167.5205278  299.7294306  727.4987541  111.7404137  366.8984883  409.5937899  170.183311  813.8397825  56.45858366  344.639317  363.0452862  -164.7030328  -13.63404907  173.1819878  81.92297017  198.6160245  150.5459944  663.9092189  34.27033938  23.95973451  18.89474506  232.3647856  -98.18300094  36.15862428  188.0928478  405.8229737  141.2324734  
218.0413532  324.6502364  39.73920453  168.0857455  303.2799471  717.5727072  132.0427188  393.8400586  450.4885582  189.7880543  824.0692831  46.3780928  350.6790881  359.9997952  -159.1070481  17.41505994  158.6934258  91.63925457  183.6190122  162.7219484  691.0122866  23.32971815  10.42091966  6.207737811  240.4701146  -104.7452499  22.5157917  202.4108375  433.6205814  124.6930459  
216.8284331  326.1470924  37.45567854  160.4789971  296.7268236  729.4804882  116.2824102  403.7964112  467.8289774  191.5311725  827.0144691  38.91789777  348.9422609  370.3201504  -144.020732  51.73776637  202.8779418  96.10614725  194.8795494  181.7635958  704.0695343  32.23531632  19.65601313  4.565906614  239.8418378  -111.085143  30.65527447  210.6620734  444.1251817  122.4559462  
191.9622807  313.318393  18.50046749  163.5288916  288.9602562  743.0112314  98.7243756  401.3757613  472.3593218  193.9976466  818.7622282  48.446489  352.5060635  358.2552575  -149.665353  45.73093833  189.308927  88.60720025  194.6171902  173.1354774  684.2585435  24.07332442  18.1437225  23.72611852  246.2161698  -122.0622556  43.51726059  195.5888153  424.2099628  132.0251052  
191.5746518  321.9415127  4.965715612  161.4156706  277.4333395  737.922516  91.33186109  402.1891217  453.8728842  194.3350718  820.6553871  45.57806376  337.7608837  353.3382048  -155.838708  42.04263704  181.5947974  78.4023152  188.844116  166.0547573  688.6280616  16.78775012  18.87274871  63.95130787  245.9325831  -123.2957192  43.34099843  173.5431727  395.1754867  137.6491047  
192.1308301  331.652095  1.450294058  167.3800839  284.2529854  742.2955485  83.14798507  394.7277637  437.3236198  185.3559201  827.7479994  48.74225554  328.5616375  360.538975  -152.6942349  27.24790481  191.8030377  68.57696276  200.7915183  163.048343  695.0712609  30.14657403  10.21877512  66.86541401  245.8819034  -124.7229361  37.26897233  168.7563434  386.2985959  148.9099648  
184.7965308  330.9910463  22.79450146  178.853769  294.1020723  738.3966948  88.12083084  380.6216707  438.8663799  186.7505198  815.510353  58.17422537  342.8277182  360.9325893  -166.2976813  -6.208724519  176.8803893  71.76300396  210.2386658  152.587999  676.8895751  22.68963505  28.22349901  42.48094734  252.1588725  -107.3812627  41.81061642  177.1285937  390.3545241  144.2552795  
191.5568486  319.202907  20.21121456  177.9650715  296.1170454  723.208358  90.50911698  385.9000079  436.8945841  173.9930331  808.5150566  59.68881114  342.4799467  364.9141972  -171.9351663  11.66200626  156.5567355  83.1058934  184.4886193  140.2247954  680.3098341  9.225592927  28.13100383  -3.33957029  249.9195174  -100.3211786  32.82419234  194.5126969  408.8262445  129.5026332  
195.841573  327.6282486  15.78212434  174.2303274  294.9016762  727.749449  90.65917037  383.0603176  435.3925123  168.2109444  804.073583  52.09316506  342.1362791  364.2837756  -163.8228367  23.17539152  166.4662553  80.78432428  188.5711636  144.3673941  679.3766583  10.14969938  25.63035353  8.171352747  246.6021954  -112.5362817  29.95901431  187.5683941  412.9134629  133.9515211  
197.838689  333.879378  20.72944456  175.3779695  291.7215937  727.3392383  82.41787627  378.8209173  434.8482171  169.6565469  802.9974247  58.18425496  339.2866056  351.2175157  -162.2445472  9.681930904  167.1679686  81.00843677  203.6903454  149.8227379  673.0912676  9.968719581  43.40089648  34.13770407  240.5223872  -119.6820229  34.01092473  182.0505931  407.5796238  128.7428289  
202.3726308  341.3821964  13.89291645  173.4302272  289.9205861  717.9589942  86.20425946  380.8070488  430.1844743  165.0545503  802.0414402  52.13430347  336.7407716  347.8491323  -154.8206284  25.18187692  165.0169707  80.48291308  193.572494  151.7168624  671.2923081  15.06754923  30.03743447  33.95634382  238.1510889  -130.5044526  25.177522  181.0513215  413.0660594  131.0081968  
196.4762559  335.3752841  28.58546856  178.0582637  291.0340737  717.0321154  90.05183563  376.6857542  436.0360435  163.2337036  796.9538867  63.57665082  343.8276746  347.062453  -160.01101  5.493533057  165.8411106  86.02604484  200.8136761  154.5007431  668.2801658  16.12337897  50.908184  22.27986144  233.585828  -113.8858838  27.81641508  189.0149175  421.8670844  129.3082309  
199.1695416  329.9250751  38.27780373  179.5292214  298.1518354  723.0496521  103.6697302  377.1997317  439.9734851  169.9828368  803.3229844  63.60338284  348.0117505  352.7355689  -171.3746224  -3.147619772  156.6619195  96.16650971  195.3512239  144.6335441  671.8951272  10.69403619  50.49942676  -6.447216158  228.7440412  -93.46045557  19.44129316  194.3954235  432.742455  124.1369664  
197.9705809  322.51413  37.755387  179.0456972  296.0040236  720.4600299  103.8354264  377.1275002  448.1858481  165.2758343  796.3202155  64.97121339  352.0732836  359.8741142  -163.563981  9.148125193  163.7406641  98.08210634  199.3131013  147.3571283  667.6883692  10.46293889  57.98738362  -4.559095786  233.5564854  -104.4952364  25.26635161  203.0107292  431.7439549  117.3954504  
198.6304284  330.3680358  31.66787283  167.1182597  291.2587536  737.3152701  95.97617602  376.0465538  425.8170146  169.2986778  812.2125715  58.38136097  344.6388057  363.8850391  -157.8718233  1.695820853  180.6253556  83.2792638  198.2705365  156.3606556  671.7500402  30.22962166  33.48095081  13.83149794  221.1493217  -104.9076932  37.64935273  191.8096958  420.7301588  140.0724184  
195.565661  324.7121152  26.26846021  170.0744365  293.1573388  740.4432423  92.23806134  378.0313318  441.5188712  178.7366365  803.4546921  62.50212733  344.0476448  358.4103034  -163.5133172  5.008202416  171.0305604  85.02292699  216.551338  154.4464652  677.6602785  12.98820862  39.19276772  14.3522931  236.7300004  -107.6506948  38.60413188  202.5469482  412.9690911  127.9077498  
197.7145107  328.4480331  32.19558985  170.8284575  292.4779793  733.9742383  101.1527462  380.9588942  442.6478618  170.755895  805.8379551  61.1897717  346.3802995  361.4590074  -162.9849538  10.91710892  173.032986  90.26879355  203.8502199  153.7878558  670.6307505  17.93134113  40.52099682  10.17385017  239.5294614  -100.7930781  28.65983893  197.521828  419.09751  125.0218637  
196.2695112  330.1565969  40.42442384  173.0122518  288.6859763  727.6950195  103.1836811  385.5315075  447.8986662  177.52844  804.8937906  61.82846059  352.5859921  361.3981072  -170.3270238  9.020126435  167.0826846  115.2823881  208.2905844  155.5280803  685.2598825  -1.043308944  43.10515797  -4.956069435  229.963973  -100.0991216  31.84164191  205.7997088  437.099775  118.0917778  
203.2538679  335.563356  29.90168136  166.7257927  284.3338438  730.8598384  102.7001688  383.6718394  436.2994555  181.6715118  811.1501935  62.97071851  339.7377982  362.7466952  -159.9972009  16.73892562  177.3374277  87.78793991  199.5302157  159.2301621  680.7929673  15.22619549  34.36373205  16.05062183  228.227127  -102.7612527  36.70698239  199.8052229  414.3660189  129.1736547  
197.6493769  329.0082501  32.50388174  171.7920575  294.1873339  739.5748205  94.52475288  379.0237731  441.7793415  180.7304939  815.0412822  58.67927643  350.8102066  355.5919516  -158.7777289  3.383092957  179.0993788  84.16334121  208.9775478  158.8328853  667.2840007  24.2306646  32.09461385  19.86995985  235.5373471  -107.6668065  39.52208001  188.8827314  415.3586941  136.5496562  
200.4785  326.6771212  40.2435807  177.9922408  302.1578095  726.7494036  104.1063456  386.9426009  451.1641925  181.3294599  808.0252813  58.13904789  357.3468358  357.1149395  -174.0306238  0.2228779023  151.7276831  98.73728151  192.8702427  148.8111007  685.0830896  1.65907061  25.82851137  -14.4121094  231.9195235  -98.27243946  37.1567287  202.9449254  433.7997801  130.6668661  
199.9878028  336.2296751  43.09533854  173.8904443  294.1593201  732.4691132  103.028202  393.1432639  442.4620471  180.1090409  817.5076992  57.78432705  348.898194  367.7726919  -168.6907576  6.23217568  171.4432456  85.34074263  175.4934251  163.3954292  681.7272008  23.08881541  17.44038952  -11.75882028  217.7351295  -99.12203037  24.56154708  197.1181541  422.5238302  142.6713254  
196.7530205  319.3738972  43.1597707  173.5829142  304.1681616  742.2472758  96.2132387  403.7768015  479.2834069  183.6470156  816.3917169  49.01183767  369.714254  373.3227987  -169.5831786  27.95655852  168.1641191  111.9212179  190.719281  164.9403316  684.9708405  10.80832953  38.23284808  -16.64712474  232.8491932  -101.1013586  33.10562105  205.6501317  450.9302377  124.6776356  
194.6661702  315.4893161  30.33395404  164.0349297  300.042533  737.4959932  95.13007069  402.7187084  482.5324487  185.9673943  806.2098341  48.56140878  362.9322298  380.4688054  -160.819029  52.65660129  178.1032691  108.9565192  194.8011843  165.3824694  705.5330492  1.782344892  38.00164073  -26.3863061  243.5751832  -99.9752526  41.8065289  222.6991526  454.050766  111.4366998  
199.5824591  307.3956594  26.71680175  162.383651  288.1818753  739.8687769  84.83796791  386.9311314  450.1680587  179.5628479  808.9150786  60.02759756  349.7842257  377.1395138  -156.9141775  40.47762342  180.9748913  83.70000278  195.0231299  153.4639775  681.8997512  15.17737019  39.56713067  -14.11184409  238.9893579  -95.02932359  50.05246901  217.0549822  421.3325073  128.1580422  
200.8662575  312.984698  19.93565552  167.8734938  287.2616246  736.7016297  67.78223732  380.9082095  450.0132292  164.1369493  802.1783794  59.86935077  338.5467091  354.6458418  -156.3049819  32.70369433  174.422432  77.19026859  194.3002649  155.5237088  674.2202624  20.120467  32.18815457  -5.817830026  216.8755186  -106.726462  30.35174767  206.2916014  406.7210326  130.0622565  
202.3413954  324.0165929  17.10726872  169.6640587  293.1940344  732.3845275  81.79500309  375.7816812  445.0910417  162.79754  802.0699467  56.51043776  341.6646857  361.4170847  -161.0714695  30.18209606  170.6940908  81.51388293  196.1663457  146.2229242  679.602706  14.73464357  32.33966007  -11.46229742  229.0816744  -111.2982714  31.43503825  205.1980468  417.4453302  118.216098  
196.7054988  323.6799185  26.03511388  172.6428622  294.6837733  731.7640654  86.94357493  374.6356484  440.8791479  165.8692686  803.3970464  58.03179393  351.5239855  360.650864  -169.2649953  20.41504326  166.0679562  90.87975915  209.581583  144.1708598  676.5367355  11.74179539  46.34694589  6.759117051  242.2204092  -106.6957207  33.88926062  196.9882573  424.6597523  119.0896224  
201.4703089  319.7953643  27.86768778  169.6183312  288.8709554  723.4797988  96.21492111  382.1492574  439.2051646  165.4063403  815.1516631  53.55162161  342.7951702  357.7321674  -163.0331752  22.70269292  170.4577932  88.35212178  197.3289794  148.4606099  671.7127639  16.84520202  36.12032671  8.584995578  233.4389431  -105.2608783  29.68289225  191.1342232  427.0414915  123.1277827  
193.9582601  323.3483679  37.63235072  168.0381802  297.9171394  730.7807159  98.38896905  382.8387127  442.2157693  173.7544379  819.242335  54.34882905  355.1343153  358.5790734  -163.2737354  7.792699624  179.6985833  93.66968895  195.9820043  160.3629971  668.9667686  28.99174157  34.46479959  2.786503639  229.3798938  -96.82844745  29.71739436  187.4012947  440.3927957  131.4353043  
194.234334  325.8912181  33.89583147  170.8111317  301.7539226  730.3520071  105.7672579  392.7389151  461.6442565  182.4361167  815.9224676  46.84660185  363.5172682  358.8883628  -172.3741264  13.40090623  161.6748149  102.0855955  185.6772104  154.4011816  680.5210094  13.24381819  27.71140274  -19.46192257  231.637708  -94.94823877  26.14385045  190.9331712  447.7994174  129.9486643  
197.2912915  327.0949364  32.07465299  169.9723501  306.5387264  723.026785  109.7202115  382.1976577  440.9017671  174.0245318  810.8496549  52.79269627  359.5896642  376.6063894  -164.2921281  20.13394336  176.8673778  103.1590937  185.384484  154.8400359  690.4106894  16.64065873  31.120981  -20.77790009  237.2464425  -82.68735835  32.45675066  205.2409213  448.3879058  127.6686267  
200.0393972  328.6628412  23.37405744  169.6489898  288.7035044  722.0467314  92.10782132  385.0106006  430.1523116  162.8171792  807.7536865  54.92981278  344.3511883  382.1316522  -163.3492123  35.50431334  174.5990022  89.05206797  183.5259124  147.615261  687.0442748  12.11408793  46.20412775  -8.064280985  243.0515208  -97.94051751  30.08862031  204.4834211  423.174265  122.5793418  
195.2570882  330.1891449  22.51055554  170.7962991  293.6672229  738.2903841  98.95081486  380.6144109  434.6536664  177.4002555  819.0116543  47.61850701  349.156324  382.6151861  -158.3106005  20.43014249  188.1925071  92.35515135  204.2225526  152.8646958  689.3104749  11.19121002  30.345251  -4.356569141  243.1690163  -92.05335704  46.77852861  197.6384551  426.3731459  130.1602825  
198.9314907  324.5838004  20.66211907  167.4197944  289.4921213  737.3039975  85.17344179  390.0826665  445.176728  181.592275  814.4572859  46.40255507  346.4643682  379.607098  -156.5083913  31.14126285  181.0769182  85.92466142  194.6927229  155.9204031  685.6589699  11.70034313  27.4482553  3.338281335  243.0801876  -104.0734447  43.52590571  201.3047422  415.168577  131.8744502  
197.3221063  339.1097863  22.15215085  163.5329656  294.8126944  738.0679971  87.81419208  384.3376441  429.5276557  186.1879268  815.3528654  50.26335868  343.6191638  376.3818466  -158.5416441  16.62133625  185.7732129  80.66680148  197.4874172  153.9221933  689.7464196  16.97018107  17.08471419  -3.430664007  239.9944326  -95.98601631  44.9773859  202.5184233  417.2913445  145.1573121  
197.8385158  324.0132166  28.86952263  165.1712969  295.0570705  721.9850008  105.4715076  398.7206264  462.8935417  192.5522792  813.7967184  57.3913959  351.8088904  365.804921  -170.13219  24.17252659  156.4649301  96.81695192  178.6091728  151.1356481  693.1534915  1.742760584  16.25853277  -36.39152147  240.5229504  -94.49994577  31.69324958  216.5275984  435.6230284  121.1719719  
198.7441527  327.368173  21.17312783  166.5323258  299.0883431  724.677559  97.76855915  399.5895641  457.2962042  183.9361963  816.39559  48.90345176  350.4982297  362.8139248  -164.9462187  32.77875801  168.330491  94.55730961  185.5357643  154.0785615  695.7768126  12.92498889  16.32280012  -11.0659591  236.914605  -102.9687491  30.22512095  202.0612161  428.2192024  130.0513726  
197.72399  325.7171323  29.43647146  172.8842865  292.8863981  722.7650637  91.71496733  385.002479  453.2885253  172.816969  816.8338341  55.53889757  353.2016756  367.0657846  -165.201949  20.17050716  169.7600612  89.60261857  189.4230336  146.5101398  675.8129623  13.21367849  38.75410503  -9.192434344  232.1470515  -97.57943239  32.51879195  201.8547274  428.4793174  120.8733645  
200.9738452  327.1285323  29.733248  174.0632773  296.1908709  721.0542383  96.4091418  385.6691161  451.0977368  175.9793225  827.9311735  48.7873745  353.6504112  358.7032771  -163.5418401  15.81315734  167.5777998  96.71067719  197.1920677  139.7249791  676.3878209  9.404957103  37.49439829  -4.307228969  235.2278257  -92.86642588  29.36163402  196.796511  428.6255999  123.1592705  
199.5495693  332.9769721  25.48784586  170.2049939  293.7707538  720.5318392  92.45524092  381.5905758  444.4323058  175.6946561  824.458983  51.26920538  351.2702286  367.3195979  -155.9302369  28.9076066  180.2608859  92.51838727  195.9014923  148.1124355  683.9825783  8.324727723  36.86859817  3.496471073  239.6359481  -102.0275922  37.62864925  198.2053834  429.6016113  119.6153949  
201.5430398  326.5210688  21.50602615  170.1651328  290.0075142  720.5040054  91.32807097  381.2918249  435.1781364  174.942018  818.9891605  54.46648869  340.7541688  372.9247225  -157.9389274  29.92998207  180.3179113  84.64025921  204.747579  144.6583105  681.4750292  7.3897659  42.33996804  17.69074064  250.586008  -96.2836006  33.3804158  196.7538775  402.8732599  123.5965343  
195.6983829  326.8167626  27.48352486  170.7065141  286.3478446  729.1938565  87.41296331  373.8702619  441.962689  177.8041271  807.0100087  61.19315178  341.2467487  371.2951417  -154.2659128  21.08061195  188.9869162  75.12304689  211.9249436  159.2581263  672.0869225  18.93282963  50.16947958  27.49899314  245.9468344  -106.0630461  36.571877  200.2867386  411.571345  123.0250073  
196.1396169  333.5034513  24.29697605  168.3372691  285.5054372  721.8412534  94.0595055  372.0694837  429.326697  175.3536449  805.5431776  64.1956497  334.7994685  359.0439178  -156.7628709  11.09626911  175.7858684  79.87119004  208.0253086  148.3999232  667.2200622  15.99680188  46.61557703  24.78444787  238.5570236  -100.5614016  39.48668255  196.8517985  405.5139399  126.3011768  
197.5830692  333.6069094  20.06527817  172.7740762  292.86473  723.6281789  95.78793314  376.3742167  439.4395909  174.5753699  799.5685754  62.07621511  341.6453637  357.0618635  -157.9635057  11.77601664  174.2281706  85.07487452  196.9748603  151.9883135  671.9164783  12.98811456  33.6471043  9.055385186  235.6130463  -105.417568  27.915253  193.2931486  415.6506089  126.3674348  
198.5646427  335.3417304  20.41612437  173.5804687  295.9355083  741.2205331  91.37547801  379.2963308  435.7246355  178.1537776  804.3629357  59.96871825  340.3413088  353.1033844  -160.9814644  -4.227698195  169.3456965  80.47006263  202.8912739  157.8338344  678.3761883  20.78149938  27.50459271  48.7742381  233.0162611  -119.3450753  38.44208951  181.0460936  400.8522303  142.7515126  
198.9770367  335.8676459  21.53825205  176.9524802  293.9769063  747.3144996  97.33355727  385.8782099  442.5612574  184.7328045  803.5692039  61.06825019  341.4509977  355.7723191  -162.4581327  2.353426708  168.4668677  83.23834917  193.7911721  160.5543416  682.0865183  17.58308464  21.86206682  42.48939885  233.4962228  -118.7645675  34.61304179  181.2027356  405.2163814  139.9093378  
191.1194804  324.8503371  40.35832907  176.9742103  306.5121129  753.0027758  102.7239289  390.0685033  468.3368631  188.3319003  812.2400203  62.1145986  366.044702  365.0035547  -174.8994975  -2.913325808  171.0942963  106.6485914  194.6892197  164.9069788  678.656517  22.71131682  34.56919515  -4.930244422  229.3263743  -98.55241057  33.81327817  193.7510569  438.3756953  129.0707901  
197.1607818  319.194417  34.22902596  166.3965744  308.4789565  735.2361075  106.155502  390.982114  454.5308086  184.4303983  818.8621749  57.66134694  358.8888052  380.6595541  -169.5447262  31.38932214  171.9434737  100.9950838  182.1297569  158.5564514  693.6094628  18.50586425  20.19347553  -32.57991187  234.6092426  -88.98181374  20.96193311  211.0163165  442.2429054  123.4198482  
192.8792923  316.2823025  37.96170908  165.3014004  300.5721585  728.3105908  106.7985387  383.8268697  445.9271925  180.2688396  820.1814098  60.30961694  361.3808509  371.6416448  -170.4959848  30.68706139  176.2408902  110.9182347  195.4746884  153.42605  682.9612134  8.013014184  26.37381134  -30.03036112  235.8289275  -84.92821678  24.67095995  210.5337382  439.2713298  111.0115483  
196.8537307  312.333864  28.32584306  167.5158343  300.3255214  729.8294542  101.0563928  383.6417851  445.2333284  170.0275631  815.5290383  56.48251223  359.1044285  377.0043914  -173.0367218  37.50676728  163.6998064  103.5416385  181.160971  138.1244859  677.8540777  0.5048072441  29.92455058  -40.93950068  240.9776431  -91.79289583  35.67380688  207.6223064  436.2107215  112.3553704  
199.4339039  317.5621487  24.24026481  168.9546606  300.2823626  728.7680493  101.67346  381.2615575  442.8303506  168.1380632  812.4823397  53.09335771  354.2299406  370.7921043  -162.2211382  38.28526638  175.7973364  98.19342352  188.3994502  147.1329077  686.9486492  9.567370706  16.62881773  -27.33017813  237.4453592  -102.310439  32.94678126  205.8171136  436.0071219  120.1501566  
202.4301689  321.1811909  30.05954114  170.7645567  298.4651125  730.3176075  97.2273842  385.8806166  446.1778726  173.447989  806.0515909  53.99232946  353.308659  359.9668462  -170.8019883  22.67990844  161.6321133  91.25652117  178.0880496  153.3176443  677.8738094  16.90682491  21.34026446  -10.47003996  231.1395595  -107.8072241  35.14072036  197.5633884  425.7998397  135.6055642  
201.6419029  322.2803417  36.22738837  172.6038892  301.0334953  730.967402  106.5310551  388.7056068  458.7922144  172.1893122  802.2836662  62.07114396  354.5619531  357.902699  -168.360896  22.65505322  163.930184  100.4334893  181.245577  160.6017434  681.5987833  19.32337461  16.48480292  -7.078251054  223.7800224  -111.9434724  30.04998907  199.6255501  437.6677148  129.4784273  
205.8926706  332.8042211  38.04087535  168.0272453  287.5918454  739.0125946  106.57195  389.3291701  445.023335  190.8305097  815.6548342  53.98768949  348.3942084  362.2104406  -169.0516288  21.38342465  170.3902661  91.60894118  183.3725095  162.6439682  680.5393254  19.14617184  23.53994799  17.88981619  225.3888374  -106.6957468  46.63693668  186.5893371  419.4252048  143.4279262  
202.9271949  338.1493044  31.97815415  172.6412728  293.4944317  743.5715677  107.1007753  391.056159  457.8625621  201.4125339  821.3879815  49.4115133  347.8454816  362.8205428  -163.0503598  25.15536718  180.4012465  86.92506466  189.2301366  163.1619388  679.3879261  24.23561236  13.92044016  18.49125184  231.6355637  -107.0043861  29.93138163  183.6640429  414.2377442  149.337339  
198.1818509  340.1834553  37.84081616  174.1451792  295.4139565  745.1688648  98.4731485  386.917415  450.6975526  200.409097  823.8996626  53.98565106  349.6715381  360.0996277  -164.4359786  21.46719781  188.1662128  97.87274619  206.2817858  169.6991293  684.2052084  23.83427801  36.73041904  43.21255181  241.0442852  -104.3327256  40.03150693  181.6526791  420.4353825  138.4979813  
200.1374546  332.1280392  40.16439672  172.0715129  301.0505375  737.7798001  107.7940633  386.271321  451.8607426  196.2825859  827.3508965  51.58501895  353.7107729  371.4882607  -168.4025385  18.45197251  183.3235703  94.61435228  198.3715865  161.3886506  678.8826397  26.83279373  26.56800893  9.227476687  242.7164366  -92.58213388  33.43627311  189.150587  423.1635395  136.035517  
197.7268551  316.3549307  34.85248284  170.3702526  297.4213982  739.0521154  105.9489262  386.6808322  461.0483745  193.4213931  806.9600569  57.53017913  359.0041018  360.3603845  -163.2095483  8.390953559  181.5765809  98.32958657  207.8996571  165.7510369  680.2447956  24.22345582  29.60811261  24.56183825  239.5196676  -103.782902  42.80464901  191.9905061  423.6027273  139.7884825  
194.6839456  323.8635939  30.70507341  166.3723644  297.0067937  739.035027  100.9191207  390.4201858  457.9762142  184.5178765  799.2653381  61.48382135  357.910989  360.4155132  -165.5508425  5.690467406  169.0409328  100.5800091  191.3062005  159.988026  680.7786485  18.96631295  26.57883228  0.5038810547  229.9690827  -99.76354033  36.50702188  200.6590841  433.3848267  137.5289203  
199.6880049  317.9291733  30.03750424  173.7176853  295.5022322  733.2609983  110.9873035  389.1066222  455.2419112  177.9390495  807.248385  59.38678691  354.5456066  348.1319535  -169.5685687  2.369965713  163.1378617  98.9803521  189.666441  151.9293016  679.5239706  20.59662616  17.39495164  4.296194098  225.224159  -107.5424697  36.2506284  188.9966574  422.9711096  137.4302096  
198.7262243  316.1586901  31.96731278  171.7688227  307.8559629  717.5471383  108.8226519  379.0304111  438.6185294  170.2951216  803.5283042  57.267539  356.4739302  349.4288565  -164.2738139  -2.285353885  166.6246753  106.0291802  195.6131127  151.6071451  678.6878551  24.18186865  27.67386061  -15.60991229  235.0276526  -91.64456793  24.49388521  203.1592781  436.0810161  130.1088312  
201.728198  318.3002579  35.76704399  172.5394615  299.4998777  715.8348105  102.0251725  382.1268618  430.5813914  164.2984343  804.3819851  64.01278135  351.8160986  360.133217  -171.3226893  5.000323218  163.8472779  103.8382944  198.6698282  148.8685474  682.6943712  19.96637091  42.00652311  -10.97755698  241.5936234  -92.29776675  15.43293976  205.3780531  433.5781632  125.949683  
196.8879331  314.1651077  32.19707767  167.4487247  295.5035879  726.1757934  93.17560013  382.1394483  440.2467027  169.2442204  805.4246672  60.42544868  347.8858346  361.6325471  -166.3085424  8.673059645  162.98795  84.46286348  192.3527701  152.1195939  673.6519589  23.99399201  34.62239887  -17.28383546  234.0518121  -104.9815589  30.2068442  209.1564064  437.8890336  126.0124539  
194.1938203  322.4309183  22.73882647  165.1682492  297.0894257  732.9291862  94.13478493  392.2837513  442.0079152  174.0265766  807.7349298  46.22773635  354.2455619  360.2776756  -162.0686989  14.43542918  170.1145949  86.7849958  194.5451991  154.1885298  679.5528132  22.28224612  31.14422169  -9.03204967  238.5319244  -110.3120684  35.9530232  201.2739335  433.1710328  138.4894061  
197.4047375  328.0738138  20.44177223  163.4237191  290.4675412  733.5769195  97.73996388  396.0049652  441.6409964  182.3932454  806.7733403  51.61827706  347.931556  365.5554586  -165.107728  23.73167718  168.2985964  83.27390389  186.6071574  160.6495225  690.1255301  15.84468775  23.8701277  4.909816434  240.4122398  -115.7908648  38.60984881  200.7747697  425.6688011  137.35061  
196.4354245  333.53756  20.34008613  160.4637233  286.0382853  733.9790564  92.6380416  397.038502  444.8166524  177.3168099  821.5785298  45.70064922  351.2976387  363.4981068  -154.2253555  25.03928438  175.151947  77.56893679  193.6101742  158.938804  685.0109928  18.16953805  28.09261683  16.67781827  234.6434261  -120.8356114  42.14842301  197.1785175  424.5959687  133.2604996  
192.558978  333.3542129  17.66708289  163.8945785  298.0515554  734.9988547  88.57091119  392.9363814  452.1345269  185.991325  819.7881694  46.64248753  353.6310365  368.1223785  -154.0564205  30.11135644  185.6180803  84.41705582  196.9358285  161.327394  684.3038121  19.69604529  23.50941384  9.38215082  241.7059709  -115.0849195  40.34344279  197.5423998  426.1474017  127.743837  
193.6924446  322.1850236  23.13672604  164.9602218  299.5448086  725.755316  87.1960275  388.4701033  449.0503701  178.3515506  825.5918247  54.37933872  350.383029  371.3350815  -162.0716189  20.92518442  175.8456407  84.5385786  191.8473675  147.3248561  677.2141003  10.838116  31.38632592  -3.031539667  242.2541752  -101.6582362  44.59849749  197.2324457  420.9317253  117.5970975  
198.0904047  326.5706198  12.59779743  161.2813465  287.1246261  729.3200581  82.69875533  398.0326739  450.9268652  178.0295885  822.2468761  44.38476035  348.3275479  365.9134116  -152.5828959  47.15711093  181.4599996  81.2841672  192.6132173  154.9242564  683.1106653  8.674110314  15.76201172  2.382530848  239.5642255  -117.3276458  36.22109959  194.4928799  417.5708434  120.7058099  
194.1142846  315.6077464  27.04746147  164.2012629  290.5233189  730.9530542  88.32959361  395.0564408  461.7060777  181.9885836  809.3664899  56.8711765  351.2888391  361.4605446  -161.6862587  35.00317391  179.0757006  85.48049184  195.2867656  162.7151071  682.088435  10.27976182  26.03994855  -6.810777348  233.9894501  -107.6775525  40.44623994  204.9893781  420.9050516  126.0872535  
199.3245161  318.9043046  28.17796078  165.1181495  293.5142432  724.4497704  96.8825841  378.123413  438.8009844  175.1413872  813.3616857  58.38464603  351.240053  362.6452087  -166.8648161  20.84236941  161.6151494  85.54100335  195.5808915  143.642227  671.2724827  7.629653438  31.23705209  -3.270864621  236.7731882  -94.56233033  44.74993431  200.3095769  417.5814666  128.1037187  
200.3042692  329.2149027  23.39097714  169.3939552  297.9206955  721.6275388  90.53093683  380.6281762  426.115347  167.5538555  819.1026559  58.85658991  342.9360724  370.8721604  -162.7238298  23.88659437  169.3136944  86.30804027  192.2251449  143.9361297  678.9864976  14.88821968  35.58392201  0.4078632403  238.8548469  -93.07856931  21.86848414  200.3950195  414.7165629  122.8105096  
199.4590474  328.8821689  18.84653155  162.9815862  290.1310756  727.5099275  81.36047603  379.2084101  415.6985276  169.0211349  820.3733872  62.44312067  333.5393303  369.80965  -158.8854095  26.46769823  181.971505  76.32244419  200.1268012  153.869559  682.3447604  23.07995845  33.56189199  29.1272815  234.6211864  -104.3185668  38.31891985  191.839036  400.8805868  132.2671282  
198.7056876  325.7132838  24.44282747  163.4979736  289.3180528  723.3869728  89.4056971  375.7829809  429.2223047  173.0275514  813.555446  52.30970068  342.559579  361.5138374  -160.7349233  25.61895213  172.6187659  87.67550792  205.0651623  147.0218581  676.3783993  5.064460575  32.72188744  -3.160537238  239.0883296  -95.73564742  34.6293809  202.0039971  418.241632  118.469086  
199.6306662  334.3032954  33.26530067  171.7653068  291.9150567  722.9139817  95.93845228  371.2434129  431.799231  166.1796249  821.2083549  56.94834623  339.5909973  362.5469608  -160.2912647  11.39251134  179.7097497  78.13139543  196.2518357  140.4856778  671.9162053  15.88817739  30.1912797  -8.064841769  228.6372665  -86.58569268  21.67268374  195.479696  417.3546585  122.3725644  
206.8001493  339.8687155  27.2337342  176.0380796  288.5220983  725.9745069  103.743606  374.6599446  436.6865335  176.014473  811.7013258  49.53925221  339.1614797  360.3904054  -160.6736317  14.21133355  177.4256088  89.01233589  199.9746719  146.4353003  691.1480466  6.585176424  28.91332133  12.18454676  234.0651545  -99.83066311  31.76165032  192.7717914  415.5497449  125.5679144  
201.5575097  340.4363222  28.24138496  176.6879287  291.961833  734.1752472  99.9738519  379.8063294  448.6674474  189.541391  807.9602769  49.92530168  347.9808089  369.0539481  -163.9450314  17.24653961  175.9458723  88.67020303  200.5073475  154.7969556  691.5101658  10.46052397  45.34258656  22.85203821  245.9366885  -101.50245  45.58591898  193.2722352  416.6495731  130.6398418  
203.8677461  333.1317104  29.39413976  178.6019158  291.1448688  740.1433055  101.9819555  386.3915405  455.7582577  190.8246059  808.2632846  50.73841292  343.9689605  362.4479178  -163.1542799  18.01085416  171.2910385  93.1566926  197.5607231  158.8332813  685.4452212  12.22726183  37.15731935  27.40380358  241.1677568  -109.1449527  38.96581999  190.1422558  416.2603431  134.0758466  
195.709936  320.4752645  34.70908909  180.6634572  305.0301768  752.3209353  98.56395248  390.9869662  470.1081468  190.453458  803.8162485  60.36339374  357.8436674  364.9472537  -165.5368563  16.19091857  173.2251479  102.5693237  198.3537331  166.0945638  678.8137658  21.783185  29.96617866  -5.894605695  234.5798006  -104.3442052  27.04859621  199.3739977  435.3434113  138.6048619  
192.0846677  312.3865847  43.6825282  180.1375398  305.7472525  741.0313615  110.0290568  400.9988309  484.6087571  189.4188008  804.8031205  70.10980758  368.6960034  368.8330121  -172.8664082  16.41497036  161.5390496  115.2667171  183.4256913  163.6319275  683.4876267  13.03348591  29.97498333  -30.78428499  230.7971474  -93.88839487  29.55492733  212.3808677  450.3187965  128.9376706  
