252.6147094  122.4456474  -45.4814168  324.9437721  359.7535611  660.2492856  323.7082835  587.969616  619.9549027  237.5805126  634.204945  111.8141869  452.5892529  377.6671631  -68.52236449  160.3228933  292.8791818  174.9777063  226.3575202  81.43146715  691.2363882  265.7225547  123.2684234  84.46693476  256.8345789  -47.47698202  71.25367859  354.0535696  378.3286587  287.3505927  
252.8929345  117.8997759  -41.39069666  324.0789441  376.967465  664.4255151  325.390004  587.5765844  614.9517872  254.7366039  627.705796  95.64276481  461.0271337  369.1622826  -92.67641002  169.2030833  287.060623  165.9919777  240.2373432  105.2043216  685.7981837  264.476488  117.4408437  73.64611188  304.2058761  -60.33459685  89.7223189  349.609479  374.896167  283.0417542  
255.4565288  116.1711041  -38.17456415  317.446141  360.9127304  657.4625157  319.8878395  579.3171665  604.3941349  239.5062896  620.2174996  112.8356089  450.4550332  360.2999016  -75.34211835  156.541701  294.2761852  166.475425  231.4316542  88.52222658  683.3249026  261.7194318  101.4431307  79.58299956  282.1598582  -55.65536205  82.71761955  349.858685  381.804026  294.1205786  
265.4328601  113.4487695  -38.11861391  318.4194032  345.6574525  650.949183  323.4971616  562.7113644  591.195364  236.1942897  617.0074107  117.5803762  443.1933247  352.7792685  -73.12089796  156.4051799  301.7283541  152.9251916  228.2442951  79.86633454  691.0512409  259.5625829  82.05928764  84.39077399  281.916655  -57.11204896  76.70031129  350.6409389  390.9127886  289.4821548  
256.7549293  114.9611138  -45.30370935  322.8632503  352.5697623  647.7446979  318.7302776  564.2646143  596.7940701  225.2003851  617.4697235  120.8822573  431.4378405  359.3603929  -67.85144528  153.004669  289.9303459  163.3996543  215.4896176  75.85122153  685.004326  270.1353112  95.77448849  84.41845019  275.8290054  -59.96581525  66.17280845  357.2001612  371.2795332  286.3873678  
253.7376791  122.7070724  -45.73004144  322.5152588  368.9313274  662.8898955  326.1634891  559.8138142  602.8629941  234.0869407  615.5813931  120.3425354  451.2096056  353.1512568  -92.0446359  154.50595  291.0772732  171.8131768  230.5349219  94.39853526  684.5156277  264.1030028  102.7816851  66.33958567  309.5617959  -58.52266739  79.91629891  346.7806397  380.6000322  283.6342302  
256.5360032  117.3931076  -42.63968938  321.6766255  355.7406144  658.6602803  324.1417841  557.8844013  599.4382869  230.3386821  618.6502072  129.5533883  446.0244616  352.8766321  -85.76966508  148.6862146  297.8255394  174.1950073  229.4925283  87.12912632  680.5031959  264.6027316  103.7167404  76.83141659  285.7949755  -49.5035016  73.85525618  346.8222654  391.6328416  284.4742483  
262.755734  108.8272892  -46.90232032  316.3355673  345.5130941  657.2512704  312.5068171  558.6953855  600.0819854  223.9218411  624.7968425  124.9908  438.6603774  352.7884366  -60.36492749  152.8231539  300.0842236  176.715109  214.2398539  68.43212594  684.019169  270.1000203  112.3517117  90.0996176  257.2045138  -59.38492937  65.6974322  354.4773102  377.4931112  280.2236156  
263.971032  110.8376463  -40.43732101  323.4902957  361.2111917  656.7410345  317.9796984  566.8448008  602.7201903  230.4264082  627.0432992  118.9088554  451.1175196  363.1508324  -72.12018481  150.6525052  290.6551565  177.8487509  224.0937318  81.99089472  684.187308  267.5893434  111.5445996  87.06056543  278.0372248  -49.93187667  69.16402036  353.0849399  381.6332199  277.9786262  
253.3579283  122.2579155  -38.8084616  315.7879705  354.5608242  657.9617341  327.6589536  569.2147657  603.7922189  230.1211878  618.7186064  124.9089748  447.6313536  354.9991987  -77.06149401  142.2733496  295.8349726  176.0925472  238.7662548  84.39608745  683.3461668  262.1405025  96.06339021  93.09256129  269.5418658  -52.72067513  67.23601634  353.2450365  384.7100108  293.5471811  
264.6743557  110.5228164  -32.17777413  322.1239964  352.3419491  642.5283011  324.5931852  564.3758054  600.7108099  226.2560669  620.5100621  124.3421142  448.2389515  355.544031  -68.77868297  143.9018049  293.1146834  163.8297025  224.0993786  92.36675292  681.4834833  273.5569433  101.0602696  88.34354304  268.081075  -59.717589  61.0991727  357.9985113  387.0774304  277.3703577  
271.572972  103.0426618  -30.50525009  322.9563919  360.7890877  645.6358503  313.3764471  563.650569  599.4417531  226.6362593  622.0860317  117.9912752  442.3969108  363.527619  -69.86863129  149.5740249  288.8368821  169.3674495  228.2527744  84.93087987  670.7935318  277.2173112  105.5469449  85.19783376  281.3416422  -48.74380761  71.34064003  358.9984084  391.2799152  281.4198458  
260.7127995  113.6283465  -26.75740567  325.6068592  366.8523438  651.758046  320.4918201  568.362006  603.2661712  221.5867804  621.233277  117.7418198  442.8915408  361.4609937  -86.32057296  160.4466895  275.7409644  179.3788332  229.1470879  93.95253639  663.5984908  275.0765441  112.3598439  69.24462968  292.6436247  -66.60451041  70.0572466  352.6228778  373.2982898  287.4634043  
254.7302316  113.5293309  -41.33730434  315.804862  349.8470446  653.5634471  310.7019558  559.4198681  593.9391123  210.0377107  628.1135548  130.4463056  433.4002398  356.1189538  -92.21016007  154.6457063  275.3981401  160.468458  211.6629652  85.42429945  671.4899485  268.9676534  102.3218002  61.7166188  275.8413719  -65.85298881  62.86593094  351.1528333  379.5927283  275.9143848  
253.1321621  107.3190149  -44.88725866  320.8595809  360.1313307  653.4528251  308.4760511  555.1765746  590.8671293  211.2693282  621.7568196  126.4638617  437.8076361  354.0074424  -89.91930658  156.381373  283.9124216  165.9795009  221.8053524  85.52022608  674.3705077  269.3529252  108.2446924  64.19022527  286.843223  -58.34307825  70.17475255  348.9860052  381.8885927  278.9051593  
255.3872175  115.2712646  -43.19007366  327.1692758  366.3150099  654.8350787  315.2880594  551.2747447  584.4302731  220.6279218  611.5333542  124.6446426  445.7451086  346.7527531  -72.87469791  133.1134975  290.6104182  177.0833742  227.6892499  73.59055804  691.3064387  256.0149891  91.18105345  87.48013124  295.9535075  -49.99193925  72.54523513  350.0660579  394.930739  286.614168  
257.5192921  122.6813665  -37.95286839  322.056205  349.0865173  651.7043571  314.4326381  551.1621882  589.6581161  215.5285493  617.2069561  133.5419721  436.5751237  350.5657165  -77.6628787  133.3310639  283.6460231  166.2007117  218.3286386  75.17072699  688.6141483  264.8231088  85.57825865  81.71335243  279.2205259  -61.05634369  56.86537814  358.889481  384.4423514  281.7947007  
259.4029443  110.3549133  -38.53780814  327.1946527  373.9300894  652.4123769  315.5925922  557.3639994  580.8904193  233.0767904  614.0000814  118.3231749  455.311457  352.1447175  -93.6471783  146.8666561  282.0277939  158.686089  234.3257552  96.69275186  674.4835963  265.1028196  93.07790076  81.70187268  306.0729388  -63.39804847  66.00785864  351.7460913  375.6247798  277.3042176  
256.6636557  116.5863229  -37.9967759  315.7843007  353.0427561  645.6216104  315.5049247  550.5283578  590.3931262  220.308847  613.260439  133.0329171  440.3019152  350.9648655  -86.60056344  143.1041458  299.6244576  159.215757  229.4060064  84.04787553  668.4681582  273.741526  87.25467218  76.57851762  270.1411327  -57.2176786  67.97277355  349.3382367  385.6590195  288.0792335  
262.2013049  106.3867725  -40.57539068  315.5625847  347.1876207  649.0191688  309.5253272  550.7995455  581.9404273  223.636381  627.1525541  128.1146771  449.6609481  347.6739339  -83.51489462  145.6093557  301.4559695  158.3330801  228.9209745  72.81606565  683.3441638  263.5864527  79.44943712  86.70731388  278.7754171  -61.03204898  69.56368478  349.4659389  393.2574884  285.9353316  
259.7286569  108.9164035  -38.55559924  319.3003621  354.4078265  651.2996704  311.9945649  564.5561296  590.9927373  228.5228555  624.6819501  122.967391  454.8067017  357.9016779  -90.42136111  148.4066507  294.3668261  152.5525805  230.7821927  93.31681607  684.2306998  267.253985  95.00801577  82.78713439  278.4039118  -66.67639673  71.1226964  352.803432  385.3398201  284.4909871  
260.2016404  114.9501481  -36.64954099  320.9451082  353.2975051  647.3333599  317.8690714  564.1539758  593.2828277  220.742488  625.1878728  128.2347609  441.0840594  353.6132748  -95.61821799  150.3398322  286.690409  155.3308391  222.3431013  93.65629749  679.1489066  273.2917869  93.5408972  75.62784413  286.0420628  -65.23980583  71.68722638  352.9245948  377.4789216  280.9490941  
256.9605623  120.3954492  -39.72675976  320.5483883  359.0425885  653.0575862  320.3361468  560.1885015  598.5585641  217.7042483  618.9906104  132.4261521  442.0758211  347.6376865  -93.76631998  143.9347371  291.4150465  162.4680673  223.6836826  87.62772459  683.5104439  272.1231853  97.03331922  66.2010741  293.8633537  -59.76823964  72.21422729  348.4283855  383.1203932  275.5442802  
259.3282528  116.5184135  -39.97372721  323.7910446  351.5395229  652.7142064  320.4184096  556.7892847  588.4080113  223.3785717  617.7054156  129.2675555  441.7909004  346.7681187  -80.85452327  141.4716529  299.045983  169.6665145  227.2650087  80.39645151  692.512344  264.2331138  89.50205035  89.59576746  277.7637924  -49.06166055  67.60416117  344.8436816  393.5652522  284.7919742  
259.3309928  108.8614602  -44.07235093  320.4341405  368.037712  651.3373974  321.3375005  543.5681574  593.5744027  220.1209021  615.5012351  129.9281994  443.5964324  340.8983478  -70.23199372  150.8224571  287.3479052  180.6851764  230.8664579  74.38940005  684.1511094  270.2812598  90.19657645  78.26351562  304.9800353  -50.49482376  72.20679812  347.9344533  393.4292523  273.7511641  
258.2320237  106.8317786  -40.22885463  328.2427078  373.0425711  650.5035244  323.5112076  553.629393  605.583959  215.6390383  621.3363937  125.1303845  444.2738233  352.7748002  -76.26333296  154.7492668  272.8315954  181.7009966  224.9154746  86.3885142  670.9327469  278.3861323  110.3105701  73.97414019  296.9121274  -59.42487468  61.68271322  352.2363903  374.7765626  267.9551291  
261.1660651  101.7592105  -44.27049271  319.645586  370.1395936  652.1199486  318.8406039  552.3369741  608.3668178  229.6367139  622.7921362  117.8298004  445.938976  353.3094829  -76.2943339  157.5958113  282.5429019  177.7635512  223.8968668  85.22071467  676.999551  279.3429438  108.5554603  80.90546277  296.4183542  -68.02488321  66.33635854  356.9670975  367.6878864  271.8929742  
259.1582529  111.7446525  -41.6104405  324.840462  363.7600276  657.0391639  315.0683851  568.5856265  614.3614226  225.7346216  623.2330825  118.5696918  441.0009335  364.3453055  -68.09373041  153.7565037  285.2127787  188.2853158  220.4345251  80.62628041  681.7419209  275.0529996  115.5987989  87.71462623  267.583957  -59.57306018  63.12121941  355.1827313  361.6826602  283.2223043  
254.0977925  116.549858  -41.68054619  322.4717378  367.106526  665.0568259  323.8785798  561.7517561  617.9033794  240.8574153  621.3947086  121.001939  447.4532555  359.3363808  -66.50786742  156.8656763  292.5054317  191.351792  232.4506517  81.22559261  686.0308497  269.4180867  113.8675014  81.3700454  286.6618184  -54.20202859  78.23226644  349.8332043  377.8411499  289.21222  
254.3899695  111.4661154  -44.81945351  322.6597574  362.0315333  657.3302392  320.228714  556.4715851  619.5622191  230.9747215  619.2219529  123.8169967  441.1572917  357.1232875  -53.49041978  147.0238312  288.9645194  190.5327219  227.6518996  70.38401523  686.2513877  273.081177  108.3351032  91.21057299  280.4728787  -46.15089771  63.36825864  357.5134014  374.5579667  281.8600911  
253.9945689  112.1371105  -46.99165554  321.3190971  362.1815291  658.1888037  322.0423262  566.6019242  613.7397388  231.6343178  620.4252359  116.9666693  443.8760966  366.8834024  -61.6748672  152.9113536  295.144588  178.9666098  221.0463574  80.37298982  679.4200857  273.7541833  113.7912967  82.2029588  273.6718878  -48.66872576  68.478209  353.5701623  374.4594074  284.809498  
251.5750138  111.7665559  -45.75005262  320.0970315  361.7428512  655.7177885  329.9572953  567.6556812  616.9881732  223.9518536  613.7608542  118.7219809  441.1888223  371.5955703  -55.3813149  152.8874875  284.6470128  184.4375344  210.7878706  86.21504451  668.6698535  272.0507698  112.2018977  75.62067952  267.4769621  -51.08066722  49.80344286  354.6837335  363.6070622  276.4928404  
254.0972145  108.7940625  -49.49838279  321.6554739  379.513893  658.6830388  330.5805452  564.6008736  618.4559015  234.9283446  614.0365228  110.7919313  448.85975  364.1064577  -89.7478896  164.0731144  275.7821381  177.5221236  224.2141795  99.80164843  668.5671672  276.315895  122.6187839  66.62793511  306.2461076  -55.31370709  68.56828246  356.7469635  368.7851297  269.73165  
260.8096053  105.3936578  -43.29276386  317.9867621  365.1760772  655.2954158  332.6027228  561.8919804  603.3845158  229.4874453  622.5373496  109.6091704  446.7802946  344.7110726  -94.85722481  160.4351947  278.925988  157.025823  225.2647513  103.8660738  670.4578192  271.1753362  102.9922975  61.9805137  318.5755726  -79.13884668  78.64598247  348.4638703  375.1537245  268.475184  
263.0003027  109.3615731  -38.35820376  325.9606964  357.0773777  654.9208582  326.3369559  571.7519954  592.1972863  223.0601436  626.1169014  116.6321607  448.3272033  346.3177995  -110.3927589  153.5289709  276.0736089  156.4798288  224.006777  99.16347307  675.0141223  259.7624922  106.3336985  63.79814758  301.4050529  -65.52078113  73.05892413  345.6099246  381.6104828  269.390016  
262.5623138  110.5904615  -36.707772  318.4588001  348.3881917  648.7550582  326.6683216  568.7833946  601.8558986  211.9146088  629.8782573  125.149213  432.5682667  354.7924554  -97.53412586  154.0016098  275.314634  167.5416296  213.4495005  92.13657661  667.7804832  272.5486047  107.026724  58.71280196  280.5214182  -62.90546116  61.78122744  348.3920589  380.0121847  269.0436709  
257.5980869  102.9377138  -39.19541443  328.2768612  368.9376026  654.2658607  319.8261838  567.6796324  604.5868262  225.0658255  618.4299713  121.1322959  450.0202455  355.985233  -81.30890824  153.2067135  283.7501305  180.378828  223.8627195  95.18669686  676.5279896  272.5009131  113.7978294  74.09529721  292.8607638  -53.9019083  72.43055232  348.1886076  375.2610117  275.2528707  
262.5743125  109.2896322  -48.05291522  324.2488412  371.9948994  661.6755021  324.9408362  558.2290448  611.0452242  233.7759462  615.990447  118.1606813  449.8503001  352.4420103  -68.06973512  160.347101  291.7536707  185.7768524  228.6850296  82.59934348  686.6249994  274.6150651  119.8404864  84.81845303  293.6950619  -51.26156345  69.40793163  352.3342331  374.9757559  275.8522172  
259.0999756  115.1975787  -38.49200324  325.5338467  368.4165793  658.3376479  321.3584863  565.1296828  603.2825161  226.9060456  615.3207857  115.1332291  444.9979246  355.1508207  -86.19447287  154.3849855  281.81185  170.0512373  227.1197623  91.30260716  679.6991493  273.9156631  112.5917877  69.50765235  300.943102  -62.52462839  71.99894982  350.9363922  368.7839431  278.2177174  
263.2980233  120.5208432  -35.75754555  322.8303288  354.5111009  652.5081797  314.0329751  559.8372286  596.6151464  229.618829  617.86204  127.5848766  446.4342757  350.8010117  -86.33860094  141.6890074  277.6793312  165.6593375  224.545325  83.66484993  690.7012619  258.408118  90.85428484  78.28825253  290.0497742  -60.77995312  71.45742289  352.9674535  383.7154276  282.3676956  
258.1584809  126.6272147  -34.03625818  328.9650932  354.9497866  662.9627985  311.5254623  574.9821331  590.0147914  235.9713053  626.7115651  121.4304721  448.572398  355.4116357  -93.27741496  147.2463322  283.5756223  158.8292814  235.2817765  88.10848531  699.3995584  252.920717  101.9953225  85.55328065  280.9868879  -59.8016228  75.19793127  353.7625687  387.1350878  291.9614454  
259.4104426  124.7033593  -29.63553663  332.5158002  354.7170337  654.7010023  316.7101891  576.6023923  601.8488265  226.6571975  618.9269053  131.5328793  444.7054611  362.8496286  -64.81820081  153.1707687  280.6446931  168.4272078  216.8023349  89.78306387  696.5240753  267.4241948  99.91747991  85.60552829  261.7773254  -59.26133248  59.19869056  361.8421755  379.1668765  290.1370877  
255.4164293  120.0055787  -33.25677572  327.6045909  362.679396  654.0032559  322.9174698  584.3099504  594.1462222  246.5619941  624.7645368  111.8096737  454.1356761  359.8752936  -66.1425467  160.5776985  302.5488408  156.7155716  244.1869711  98.1235109  695.3643679  264.3220214  99.29629485  87.65985436  291.4976755  -57.56500232  87.68627565  357.388521  392.7321383  292.409393  
261.9124195  111.2397316  -35.24141486  326.0045754  358.2968992  646.4244022  317.6178994  572.7861848  590.778928  235.5809363  613.8930171  117.4654124  452.2128683  363.2019974  -45.92474047  151.593907  306.4782828  160.8831442  228.9688401  84.37139101  694.1337375  261.2022832  92.05874642  102.0450423  266.3369722  -48.28814981  71.83129995  361.6868408  399.7747599  292.1487994  
267.7699052  118.7137008  -31.63277968  327.8182907  357.0133703  650.3474286  318.9703433  575.3856558  601.1644634  238.7521774  615.3027752  109.932974  450.527109  370.8274461  -61.22825677  144.393104  302.7655927  160.832865  228.2771333  86.1456272  682.5221133  265.5052613  99.45182799  97.23968617  266.1420881  -46.95030231  68.76492208  359.5642419  382.4554716  294.9419249  
261.2115252  118.1681852  -36.50904913  319.2047932  366.4369497  658.1970134  326.0021567  567.4784534  606.6930549  232.5473931  616.3281609  109.3820521  443.2433356  372.9102055  -65.03117676  157.7821879  292.2568878  177.2009727  228.6906597  84.70807234  676.3083693  272.421905  108.0614879  86.00532057  281.4572393  -47.13675755  68.35393709  358.0962254  379.2724227  286.9024641  
248.8289879  112.6878894  -44.76884607  312.7790748  355.2238311  661.7877097  328.6852193  565.097991  596.2515704  235.6638452  623.2247426  115.7593459  448.1986399  365.5330021  -88.82498531  159.4060871  301.9031345  162.2204512  233.0789148  90.33232382  681.2761271  260.6670909  99.26993843  82.25249743  281.7726767  -57.47014298  80.16870738  351.6402255  394.0715649  286.5511412  
250.0340484  114.7228203  -45.35627398  311.9906563  344.3579537  659.3922992  329.0791878  564.0031191  592.8324224  218.9612722  629.3306038  122.7536759  444.1475535  355.9936974  -88.97953973  157.1737392  300.4409535  158.9713336  228.8890246  84.65683048  683.0222365  260.4535379  93.069732  69.69682782  274.9435839  -56.0316252  76.93834511  343.0829527  400.9214072  284.8101773  
252.0103885  116.9773323  -46.00630577  318.9123381  363.1656089  655.8430083  324.2804715  560.9497271  598.789344  224.2395824  626.0204181  123.6561129  451.9307961  347.6096866  -88.15208947  151.4947272  294.9088021  170.1138254  237.535404  86.68840307  682.9232705  263.9167677  104.4870689  69.38023665  300.326699  -51.02321277  77.36100236  345.7086299  398.7469783  274.6004414  
256.0974741  115.6664245  -44.91561604  324.2535313  363.031486  659.3536121  314.4501362  566.1697634  607.5385937  224.7429874  624.3942603  121.0518787  455.1791954  352.0609014  -90.97417211  152.2270162  288.4741557  169.3255944  228.5825564  90.15605324  681.8561314  269.7324336  113.1785172  68.83559843  286.2064285  -53.75171766  71.49508476  345.5946163  377.0431321  274.619524  
258.3443572  119.4834803  -44.07868909  319.4828782  354.6145444  654.9626531  324.5103477  561.6878872  607.3980361  222.347142  623.6709094  127.07333  443.8904665  356.3594518  -91.04798105  157.1584712  289.7886362  168.513283  223.7882854  87.14430767  676.2728445  272.0491761  107.7107114  65.61825277  279.3339036  -64.87420432  72.32023807  346.2401984  383.7194791  279.0293927  
261.180547  107.6154972  -40.92033537  316.2169915  350.7978331  651.4478513  327.5793707  574.4941554  595.8710561  225.0656455  628.7047327  116.2835597  441.2890194  361.4410881  -97.55822715  159.5688739  293.0673412  155.8245534  223.473802  90.72865565  674.9672607  265.8448706  99.26410608  72.25186266  276.578629  -65.89772079  75.56267814  347.7949236  383.9461286  281.9469836  
259.1481293  109.191575  -46.06114152  313.7415685  354.837006  656.0089455  329.2315277  575.3392394  603.1337692  226.6417882  629.5269482  117.2969015  449.7266289  360.9952657  -76.87924075  158.3002897  303.7626871  170.5154424  236.2954093  85.64199628  687.0740473  266.6733971  106.5962783  89.07964053  263.3321349  -44.16524855  72.68515687  351.2326893  399.5753667  286.6220919  
256.7463696  109.5077367  -48.15228669  318.5226571  365.2003966  660.9149771  321.4625686  573.9914233  609.5056774  227.6340606  624.9673766  116.6702991  456.1716661  361.2965397  -66.56681967  155.4062469  302.5116581  183.103875  230.5908514  78.78918579  687.0805385  265.5424237  115.1529401  86.6164491  267.2108344  -40.42446607  74.13337794  350.2416866  389.1295966  284.7371441  
257.4554082  113.1103583  -51.21439921  320.386363  349.9145489  659.2702303  314.6518837  562.4276088  608.0665066  235.3771841  622.5745925  125.2890824  450.7802105  367.0162141  -64.17041869  156.0168935  307.0854938  171.0756208  215.6364389  75.97158177  688.5708884  271.4395522  111.2836299  87.31994976  261.5336581  -51.71984401  71.53290009  356.368655  380.6272065  286.8906426  
259.7919503  112.6528195  -46.82112635  321.6205076  353.6957543  654.2628031  313.7169175  562.0619373  599.9372171  231.4152424  626.6672474  117.6263101  456.9584022  365.1339713  -83.99047675  162.1697356  304.6831008  157.4151994  221.6651978  85.05987885  680.3138629  271.2539881  110.8077674  68.23623653  280.5390736  -63.94610066  81.07068909  350.4151995  383.4104769  286.8410377  
263.1807724  115.5320887  -45.74895494  317.6697417  345.6305877  652.8596107  310.4119784  565.1502679  596.9688276  230.3600475  632.2377019  117.4856968  453.1196909  366.7240464  -84.51369384  166.2363441  301.8100561  152.2116878  214.4531856  83.09637691  680.2752735  271.1582123  105.9721333  64.58104809  268.9854178  -68.89431974  74.64877067  348.1903017  382.9095447  284.6311356  
260.4807383  112.0198013  -44.5566637  318.9544515  356.4318788  654.8316745  311.3122715  564.1851232  592.5196407  239.2632225  629.4191274  110.9559365  454.1358702  366.7539145  -87.72368647  166.6482915  300.664642  156.4669934  223.6707856  82.34250921  684.2307038  268.4912316  104.3959284  72.83452268  283.9179926  -67.12675063  83.06661574  350.052986  384.0070529  288.5581616  
259.0887284  116.2553619  -42.42178184  321.3430195  358.4045089  656.7957352  316.5740498  568.8842854  591.1973838  238.9620792  623.6128913  110.5341154  457.3193147  363.9915403  -81.83140902  165.5601951  301.0683021  161.2113096  232.2460102  82.3946213  681.2551683  262.5927188  101.8342167  75.97520858  283.8284217  -61.50989714  83.87026348  349.7226345  386.5737026  294.8285548  
262.8536629  106.2039805  -40.05816307  319.4470723  352.7883656  647.9322233  327.4028372  563.9128314  591.5760788  232.5323482  626.0484545  120.0392199  442.0068799  357.6898103  -77.53464001  161.7058157  297.7861475  160.8244625  219.8840021  85.79508881  682.2205751  268.1450848  101.2296645  77.62930362  290.5267688  -70.89769101  76.65090499  358.3104005  385.0918741  284.6972815  
263.015646  112.19005  -43.84819536  314.6669897  341.7535584  653.8232262  322.7974382  574.2731218  582.6094943  233.660342  629.7886163  118.7667874  445.0376768  358.6627886  -78.24666367  149.1154461  305.6982672  157.3378029  233.1586964  79.92711138  690.8427055  247.7341901  96.55701322  94.01784592  260.8537359  -51.09772232  70.12239421  352.5870551  398.7665487  292.7828858  
256.0940538  115.354441  -41.83087649  324.5662043  352.8466032  658.132381  316.946114  578.9145397  600.4428196  240.9103286  624.3707384  115.1860605  456.5700013  367.8294349  -85.57088289  143.0661762  299.653701  156.3190125  228.8579875  92.37518051  699.5328641  252.5848384  104.2320322  98.23418374  260.1639327  -59.28628177  69.05833763  358.0186846  378.3005146  292.9466136  
258.0950677  112.6041234  -45.27132084  317.8912312  343.6303172  656.8312972  315.3776127  571.1354543  604.0307557  239.6753743  625.7036544  122.413957  447.244231  369.7515836  -73.05441538  155.9903815  294.6196915  160.6593077  220.0161785  83.14840443  700.839073  261.4522801  98.27546567  95.77737712  256.1565972  -55.27856066  71.10197465  361.5214413  384.6112174  292.5968698  
253.1172793  112.5605272  -39.24334895  323.3006707  363.4683952  654.7140719  309.7254955  567.7481409  593.060109  235.6972725  619.0073174  117.9446665  453.9496831  361.8649752  -74.31817105  161.816  292.9905755  169.9595625  233.5507051  86.36257583  680.4929062  261.4207519  103.3219532  85.2054514  285.4375053  -52.2821321  76.35587184  351.7869842  390.998574  293.8217383  
257.522628  118.7350409  -32.19573252  318.6230626  349.6190203  649.8913958  308.899674  560.9157079  587.2661559  222.2734855  621.7511463  130.6850719  445.6141832  360.6896969  -69.85824244  148.3115805  293.1865276  171.8315444  226.458357  73.79957892  680.4966501  259.1124793  91.33197917  88.9174106  261.3065305  -48.37082019  66.63037747  349.4503244  399.8275872  294.0918327  
258.5838611  120.8518345  -34.49962389  317.9540211  346.1710616  651.3044379  312.1953816  558.0992723  595.2846595  218.8782542  623.6960597  133.2035564  438.7569333  353.5759543  -73.25432672  138.940882  289.6344423  171.7220474  219.5326635  68.25880966  684.9444413  260.2018178  88.85968344  78.16540177  269.5493719  -54.35653215  66.20913304  349.1193568  398.8814358  283.6362479  
260.7473895  118.05563  -30.4829216  322.0361161  359.4523301  654.5858739  317.6792092  569.7750199  600.4339781  219.0330217  616.7250406  122.3519184  442.3146114  350.7147341  -70.42010686  137.7178235  282.157975  181.2860189  228.4060129  78.67332985  684.3066316  264.1494766  93.01548746  90.16890549  270.4326196  -51.3319584  59.62473595  352.3460379  386.2076714  288.8364134  
260.0281511  116.1463762  -28.88329407  315.4347531  352.2031279  651.5730765  304.3827875  570.3182276  593.0989212  212.775066  619.1279862  125.0765433  430.6870034  353.7959379  -61.14077164  130.7655713  279.8685205  174.0707009  218.2191849  69.94644578  686.1621239  264.2585515  84.14986106  90.40881965  260.8338959  -59.49659346  54.29651562  359.6546981  370.5064971  291.2490883  
263.5787702  112.9917489  -20.56523723  322.8770601  374.778397  646.3076448  312.4849841  565.7278433  588.4780469  219.9700113  615.8385267  121.0776238  444.1418545  339.6522905  -79.71828232  133.0697133  276.927868  179.4367612  242.2103938  84.49786313  679.3218229  268.0996781  89.96664724  90.68568672  298.7437947  -56.25665955  67.01553569  354.6012705  372.3647604  288.1929061  
265.0526398  120.7855212  -24.41086401  338.1475965  377.8031502  646.4699488  315.3278171  573.880103  601.8963533  216.7818079  618.1023571  132.8863507  439.0268991  339.0361884  -77.63662559  144.8137256  266.5778917  191.681091  235.3075629  86.21200517  677.9781932  273.4520557  114.6587908  90.10442228  284.7824969  -51.79423501  58.47450524  356.6018267  365.9207888  289.3265716  
257.4817247  116.6758472  -33.5850423  336.1281269  375.7825935  645.3264407  321.30644  558.6447918  610.3455956  214.998774  607.9386444  138.1966657  433.0449783  347.6633848  -61.89376991  147.3096058  267.5757748  201.5277488  220.2742229  79.45337679  669.993549  277.408374  106.2500225  83.9247878  286.5771705  -49.70842301  52.82181042  356.4796108  362.2603657  284.5006875  
255.6806143  113.0677364  -48.1701915  319.4477444  370.6235114  648.1673221  326.7088685  548.7361784  612.9123077  230.2524838  613.6551923  132.1628845  435.8195637  348.172887  -67.60995831  158.3271331  283.8861106  186.797365  230.4536357  79.93879159  676.7063705  277.7102291  111.5850055  79.02834561  294.2442736  -59.87145436  69.74871902  361.2904808  381.1068898  283.4381339  
254.8946887  108.734054  -51.34899163  315.3352912  364.6726457  652.5974238  313.5918467  541.0407816  608.9511135  235.097771  618.2124734  122.7988371  445.1566772  357.3721611  -75.12172621  154.0930381  289.970191  169.9902316  224.0160302  82.07983306  682.2917841  274.8645535  105.7382984  80.19674091  298.6133466  -70.60250575  73.19329163  363.4645819  375.5079956  280.3414875  
255.4450849  108.951027  -51.46247709  308.6881123  359.594753  657.5511879  315.5716153  552.5234545  596.8131551  234.8556166  622.8571071  116.5469458  444.0116734  359.1114756  -78.58014224  146.779967  297.7840689  164.0920122  226.0301869  85.15940753  684.0835362  265.4346947  103.4202148  78.48097866  294.8436543  -63.52490326  76.706989  353.0801301  387.631716  273.5721797  
251.8572221  113.7886228  -48.06571031  314.2258115  367.0277633  655.3616294  319.1600839  557.8424145  607.1162054  226.7744967  613.1667524  108.9051994  446.7478804  368.7618162  -81.49469049  137.3068688  283.6127411  163.8469849  222.2897532  91.67373077  676.6102427  268.692095  106.2985997  62.51003382  299.3218359  -68.11754761  67.98784046  349.7783686  374.4692926  267.8264608  
250.4852168  114.103492  -41.64198828  324.3426165  362.4974736  654.1221965  327.2754561  563.5650622  612.4575307  221.3909668  613.6711231  117.7207399  454.490948  372.4025534  -89.44659901  139.7215273  284.3581127  164.7105483  220.1149718  100.4767351  671.3541032  267.2518598  110.1403085  66.76384502  283.0497254  -60.78022808  64.12688677  353.9566453  379.7089968  267.143926  
249.5502358  108.5560212  -41.66117287  326.9403976  361.1406463  655.1428864  328.6558126  579.5221772  607.2489073  231.07685  622.8272874  111.014989  442.204556  373.5532614  -92.74065401  156.8142989  281.7837709  168.1493544  224.8903124  100.263851  668.2152985  266.9575394  122.120653  75.99491039  283.3488572  -49.23119652  70.63017819  352.6708948  384.9959221  274.4335393  
252.4705389  106.8973609  -44.47221602  315.0718573  355.3828092  655.8694163  327.4359901  565.0189156  604.5767788  224.0407299  620.2479046  123.242897  449.1859846  364.774525  -72.35474518  150.781537  299.7837707  181.9083493  227.5362208  82.76791647  676.9423332  270.0900438  109.7759497  88.03557733  267.522745  -47.53637613  71.88081346  356.2906389  389.0022034  286.2289196  
249.9578397  119.0877641  -45.92873781  317.737782  367.0627019  660.8303361  324.0202234  557.4909463  604.5703191  234.2513774  615.3429828  121.3375262  451.320121  350.7961622  -84.87894222  147.3518541  298.8161238  174.0040873  235.2307203  83.37499781  677.2919882  268.7021455  98.84369209  75.69548681  301.1039185  -54.29770408  77.63759545  348.6994114  388.5239727  285.940668  
260.3597216  108.6835343  -45.34172857  318.6012764  365.8466861  653.382167  328.4241098  563.8634237  601.333961  222.594615  619.5138358  119.1788063  441.4962458  351.7418734  -83.53831033  152.3858042  290.4437277  169.3332522  231.6046939  89.27900111  676.2762517  274.1166296  107.0995478  70.79944384  299.6065967  -66.52169215  74.93179957  354.5467627  382.3261026  272.5229733  
260.4209131  106.7674938  -45.61031773  311.7240869  357.1978916  662.8918869  329.8038562  574.1833608  594.4462521  223.3524853  626.1255449  114.4620923  450.3706056  357.7902855  -93.77848222  155.9199855  299.5577697  164.1669118  235.8545916  95.02484793  676.5632288  264.6564712  110.5824787  78.52263577  280.611444  -58.21756374  73.28078415  350.9824772  390.9043253  278.0570536  
258.2295055  104.7388136  -42.01557883  314.2680304  354.0916455  653.6625063  315.7278546  574.2723148  599.9682956  217.2991735  633.2419349  119.9240715  454.9419081  358.8716571  -87.91868371  157.2742634  293.3443967  165.9305087  230.1535778  91.95604624  675.7966684  272.3671923  111.6051863  71.54326497  276.2116286  -55.63288006  75.72672249  350.1937194  388.8429376  280.6060879  
253.2261723  110.695938  -45.62462865  320.7164004  364.9697977  661.3245907  305.9182107  568.4963458  605.3105717  226.8210703  625.0129647  122.7720915  452.773194  362.073356  -74.38519812  154.1461831  295.0405258  185.5804536  228.9218562  82.86964559  683.2814855  270.5732845  121.6742888  81.96007681  272.0333216  -46.06944254  77.99455805  349.8623471  387.3780228  288.2161984  
255.3271827  110.6373603  -42.49564691  329.0357578  369.5653601  662.1938698  298.1239237  565.7837737  605.2607386  232.0375732  623.1259524  123.8569919  450.929799  361.7105891  -74.29268958  160.6966415  294.2094936  182.8555574  225.0829139  77.84942891  686.52987  274.1729181  117.6258109  84.52838158  282.3998863  -54.05157863  84.14557263  352.3450628  364.3313404  293.0468489  
259.5307332  110.2589842  -36.19300788  323.7892623  356.9200604  654.5067705  301.1996839  558.5468634  599.1989606  233.2548926  621.6426253  133.0236378  440.7736861  359.3676818  -68.86577048  156.3223869  299.9996452  174.8751626  225.9389686  68.91190418  683.3611158  271.7221843  97.53019029  89.05839082  275.7887718  -51.4101666  80.11797907  357.1911436  371.062852  302.2746166  
265.9582024  115.724515  -31.20528975  326.4489438  365.6332921  652.074284  311.8714472  563.6357131  604.1293566  241.2769466  618.7778143  125.1315363  442.5768617  352.0278047  -68.29396645  158.1341804  296.9769769  172.84824  234.5247869  76.55551613  689.1292673  279.0826333  100.1677418  89.46761251  292.2379129  -60.79095493  82.01125948  359.9021326  375.9155257  301.7769  
266.0427931  118.0137207  -36.49228725  317.4850721  361.0490235  650.7234675  317.1377975  559.6695755  602.6584954  236.5256536  617.6609364  126.3859069  436.0568543  347.95332  -55.56409048  161.0697651  294.4648799  172.1419694  237.0010639  74.51196983  694.2633002  279.4898393  97.12603562  90.90258706  283.7636127  -60.52547423  75.97337316  362.5439481  388.3383353  298.6317036  
261.6010784  116.4823154  -44.31860386  318.6436201  364.0161445  653.7430437  312.5046567  561.0358068  610.345118  239.9620758  610.7621916  121.6113296  440.2194668  357.2203667  -48.81243661  156.2932807  294.8757088  170.5131098  229.8825215  75.08914249  696.073483  278.6148632  97.84162777  96.65638455  277.3202408  -58.43063312  67.19494675  369.9658121  374.6825265  301.8586694  
253.3851238  115.4374512  -49.78655155  312.1708192  353.2363134  651.0496908  313.6177608  548.1432797  598.8272  226.8859031  609.8738552  126.1849838  430.8881908  360.921062  -48.72693029  143.1555956  295.0606309  171.6855245  217.3329474  67.14152409  692.5868999  272.4800822  92.34475212  85.76256188  278.1018155  -53.06585532  69.77953511  364.7875333  393.9458394  289.3771644  
248.0657386  121.7078897  -52.37517448  315.4147257  362.5759264  651.8513654  310.2768161  545.8728041  599.435907  225.71258  616.1126728  117.4902466  441.5909448  357.0975649  -66.14495587  143.7216355  285.9289074  158.3318786  223.558204  78.20775842  686.2960546  270.006897  89.17492287  65.59352184  298.8771786  -70.47420743  73.30158044  358.3802455  392.8728236  282.8198385  
248.3878059  124.6868958  -47.22340005  318.0892141  360.5965217  650.5292693  307.8515533  546.5061284  602.314761  224.0295463  618.3797151  124.8022215  436.9278007  358.1220793  -70.95759626  142.0222976  275.4771033  162.0766506  219.8971843  77.25731645  685.0341625  276.029119  99.32661578  62.56734213  294.8724831  -71.42059887  67.69277769  359.300513  388.766191  278.9079935  
252.9727572  123.7658196  -38.46397094  328.3299867  369.3946167  650.6336532  315.7353295  555.6233629  606.0911  218.7779336  616.5253663  127.4051135  444.9307324  356.1028347  -73.18416452  138.5665022  272.2577316  173.1436249  223.667425  81.39978734  682.4364951  273.4805998  103.6915179  71.59980031  292.5490446  -75.18999543  62.69190238  360.5574767  379.5509778  279.681785  
257.493686  108.8614969  -36.11266452  324.5637914  364.958806  654.572558  307.6932838  560.1252123  597.6486261  228.0733542  632.5878981  132.1178589  436.4125501  345.7898735  -84.5135845  153.3745512  276.0920047  168.0158039  237.6737003  88.78600983  679.6007551  276.403482  109.8490543  83.35437005  294.707158  -75.59286103  79.75162634  361.6912804  377.3438437  284.4896487  
258.1434962  106.372502  -39.73067662  323.9946606  345.720697  655.6885149  318.3381688  569.8709337  594.3481249  226.3430985  623.2263158  143.425428  448.6217619  363.2893572  -67.0032337  138.9386444  292.0656968  162.8877025  228.2101467  92.83693171  689.8451156  262.2793556  92.41394614  100.5414993  243.6973539  -60.66537168  46.37207516  362.3364465  375.1351443  297.3538905  
247.1967877  112.0324574  -43.50325645  321.4270646  353.7314826  643.4460493  325.851377  563.490532  598.3273874  227.3034828  615.8091774  125.4791175  450.3488336  361.0135968  -82.72322711  146.8981193  284.1439773  157.9866403  223.1562555  97.34695853  677.6252689  255.2890043  88.63448012  72.16782249  286.6458815  -61.59034331  71.12458164  351.9426425  386.1746044  277.7643409  
246.6375582  99.88376488  -38.89178981  306.1456489  358.9379034  645.2979202  325.3643138  552.1934172  604.0844651  221.4906689  620.7560134  126.5309414  442.5350142  363.5785316  -59.93083753  147.1427668  282.1023677  178.6019914  223.2838241  81.90886988  668.5609347  267.7704127  90.5525931  83.24274414  283.7628284  -52.02465303  69.17717586  359.4691552  398.1451868  270.8662688  
258.3604037  110.2817143  -33.254956  326.8219431  359.9470818  644.7403113  324.1326103  560.8984633  597.403524  217.0915736  619.4215606  138.5887606  432.6683026  352.2258329  -72.45223517  146.0749936  283.4453757  179.1466257  215.0740739  82.642006  665.5083722  272.5047727  98.24738454  74.17637703  285.8873114  -57.62599316  63.43442597  350.0034904  372.9277632  273.233933  
269.5266439  113.4912673  -29.93184015  335.1238107  372.0683476  653.9736387  330.0928607  566.4446896  603.648166  236.9695823  616.1368663  120.8801784  445.2660468  347.5794155  -81.48909328  160.1782714  276.9422431  174.676187  230.8257342  94.57375289  672.3373129  273.5709538  106.0116106  76.38743479  297.2272288  -70.84230985  59.59774508  356.297628  361.503618  280.6165436  
278.2698772  114.8477627  -24.44880522  331.7459147  355.8338114  656.5738863  332.8909914  586.7609823  595.9070369  238.499563  628.838529  112.3012845  443.2733615  346.8396748  -95.37402357  160.2072335  295.6919663  157.9347301  234.2692741  98.70974276  690.5725975  267.8391594  108.515107  87.42230517  281.5590886  -67.36156554  79.56362289  346.978628  372.7077217  290.9718683  
271.8946709  120.8502479  -31.55377594  321.7491409  334.3239405  656.5921658  329.4392362  580.7048601  594.3641125  239.5001018  633.2271531  129.4137952  446.8154984  338.7417943  -85.42700713  155.6160982  299.6557549  151.758948  241.8365231  90.51392346  693.4449719  255.3796092  87.31805839  90.91224578  259.3598115  -54.11966397  77.99488458  343.8592423  403.2984077  297.6779017  
262.1842912  115.4868441  -32.72122521  318.7107707  340.5532402  654.30489  318.9390988  565.7496081  594.6273511  238.4012343  627.1232672  134.1049513  444.8563773  355.5001678  -72.73933196  151.5208602  305.3141361  158.4891589  230.8689591  86.60660499  689.8347226  263.2788287  84.58994151  102.1411924  258.1616342  -59.45589982  69.12457346  361.6614394  386.3695741  295.6457477  
254.5390364  113.4757353  -47.38063626  300.1799133  343.38958  656.3798926  311.6981776  553.9008192  595.4430135  237.1715587  624.1281108  125.6277856  451.8883105  365.3122113  -68.73517746  151.7403121  308.5242951  161.4185531  234.1844708  78.75367132  679.8613222  266.5981122  85.75708082  90.7546958  261.3050061  -61.68385742  77.08076762  356.4216312  395.9024882  291.9406506  
252.6669883  108.6379532  -48.07376137  313.7057042  358.0129216  658.5150892  311.5086938  557.398406  597.7311853  233.8197023  620.29877  118.1376137  457.686001  368.747324  -72.12911326  151.0023845  302.9320365  169.7366393  230.3423055  85.11135902  680.1444951  263.0893797  101.3388645  88.01195646  272.8615926  -61.78133558  73.84759848  354.3205984  381.1888401  284.5328583  
254.1649661  112.9783268  -51.67665498  316.4677176  366.7024634  667.0177751  323.436186  552.8765502  612.1560585  233.291344  617.54335  127.6751782  448.6317093  361.9037881  -71.72519005  155.1450459  292.5377767  185.6157385  228.4937473  81.37088644  682.1966562  265.3261713  108.2543414  82.20709955  283.5773378  -56.82422616  67.74845602  352.5199405  376.1517379  279.1595388  
256.2003122  122.1426799  -47.12080873  324.4917715  361.2047757  667.6876276  323.4401228  562.855036  616.95607  229.4850066  621.7485707  133.1244766  441.1675916  361.117118  -70.03345481  154.5444264  287.5326241  187.9931439  224.8080907  83.96677213  683.3072752  269.355896  124.8297295  83.67108859  265.9619077  -55.25436673  58.64212521  354.7800398  373.0108511  278.6614331  
260.6827468  129.762004  -46.32415356  330.1364163  364.944779  666.1226758  317.5303663  579.6256271  614.0925426  236.9248985  627.659897  124.2450177  446.7178288  352.1379361  -79.95604514  158.5513395  289.507325  179.3227299  231.747614  87.32787667  693.1980351  265.3075961  130.0500946  84.97587002  267.1786068  -53.05693348  69.35350729  351.3434607  370.5342182  287.8269564  
270.5366618  122.1818527  -29.52010452  327.429806  349.9728063  654.9903063  320.1294566  589.6219123  591.0370115  242.8027173  634.977601  122.8754883  445.3136897  344.424227  -84.87385031  157.6596252  296.3555483  160.1968049  239.4102641  87.94623437  696.8514835  261.1372929  111.5776719  85.13972691  274.3367169  -51.64113232  79.09911287  347.3765076  387.5872294  295.382869  
266.3384347  113.8641735  -36.73183086  319.6333951  345.5848401  651.3408207  321.4993414  585.3529926  589.1463425  237.8826711  623.4047213  123.1168784  453.3043599  351.4203386  -74.12748592  152.6228884  296.4363322  143.7027838  245.0276492  94.03114228  686.011309  259.5371065  84.21389326  86.2868835  258.0762659  -50.81705624  67.42793256  356.2153963  391.4270369  292.3773995  
256.5947878  107.2803205  -44.00090773  306.2019323  349.8147562  663.2465212  329.9618783  574.3615128  598.0640749  229.7094203  615.909048  115.1670338  456.3372199  381.7008914  -61.80112779  158.0534184  300.4627184  166.9135727  223.2756501  88.85636017  683.3343788  260.517873  100.0794281  83.49501863  254.736274  -48.8409041  61.32054991  362.3235378  395.3852564  283.0362869  
250.342455  106.060861  -49.26001741  307.6860159  354.2397226  667.1329876  326.1389637  562.9783206  591.2802626  233.8510848  620.2360408  110.7314423  457.8551808  376.574856  -85.00646985  161.5346345  299.4645899  164.2446605  224.7936561  96.25360894  667.0927321  261.3057843  111.1555541  67.59433452  290.1963621  -52.77459502  79.16134789  348.4175423  407.2813844  271.996503  
253.2511869  121.5624827  -38.21214574  317.2096321  353.9768586  662.6017668  327.1518654  554.8859023  583.6953853  226.6235435  622.8934917  115.4301515  462.3847301  355.42217  -92.26097509  157.7151533  297.743646  164.0381032  224.1430821  95.03858341  668.4699958  256.2496877  102.3419688  63.34148938  294.5654158  -64.36200472  64.70761516  337.963984  404.7864607  273.3681617  
259.806936  122.1280761  -35.33109561  324.5099427  354.3619081  657.363502  309.5868152  566.8479378  592.2862818  224.5707331  628.4971525  123.7561492  454.2147066  349.9503124  -88.50651837  148.0616596  293.3327862  159.7952214  230.061631  85.1518275  681.8252671  263.6845146  100.2643386  74.00804942  278.6979901  -62.35997571  73.6349125  342.5258864  389.9648329  286.955739  
263.4311575  120.6620122  -34.62684938  329.9784942  366.8588791  659.4812914  316.893582  566.1486277  604.993603  219.6451704  617.5784452  121.2273782  444.3928434  343.9302148  -78.0724643  148.2611466  277.3257428  188.5641503  226.5061014  79.22115672  678.2079522  260.5868223  110.7553277  75.00497416  277.5417038  -50.25967169  59.66646483  339.4959668  372.6657274  284.5390911  
261.6428608  125.5852946  -36.39351534  332.0887306  367.4794339  660.3894155  319.2977  586.4893135  613.7313983  222.4967373  621.6256199  110.6902097  442.9522386  355.4056708  -83.56731963  145.8021752  274.1724727  187.6946175  220.3880013  82.90076005  682.9896443  262.7585276  127.3284863  76.21923247  278.3600076  -38.61212264  64.53466568  338.0599061  367.1249937  288.5064429  
261.9666736  122.6965793  -46.35368841  334.966308  357.1484316  656.8371594  316.1037782  591.558042  612.4052228  233.2025074  628.0134436  112.7025926  448.168413  358.1798959  -87.56213817  158.3127415  281.8251225  170.1110237  224.2240043  82.86675156  688.4934676  266.2055817  121.8795495  79.01921658  266.7864633  -38.9339864  74.00978454  344.9441657  373.9508579  294.7635096  
259.8065278  120.8389394  -52.0942086  325.2351546  348.1987568  655.5061807  316.7339624  583.9768266  610.9035977  239.1109627  629.6078525  112.3252553  449.0978175  349.5795884  -84.78635678  162.2175444  292.7866377  159.2094659  233.9858426  82.33698003  695.8612015  266.6915923  109.4684619  84.07506428  265.6039653  -37.94076101  78.49424353  346.1696756  378.7372111  296.4887626  
253.8652998  123.4535634  -46.85361356  323.3469837  352.9775211  653.787133  322.3641669  569.7782727  604.5358354  226.5088632  628.5943448  115.5849286  437.7528307  351.208511  -80.4171221  159.2196488  287.0705559  163.0345924  229.9440923  78.42141359  682.1539484  266.3380237  105.3174781  74.7633892  275.0878396  -49.49842498  66.65811627  343.8813384  371.4093018  290.0866252  
257.2373525  115.0710653  -48.70713815  319.0973482  347.8135061  645.6501532  329.6813141  569.0656313  597.1847602  232.294649  629.9864115  113.1431014  436.4868616  356.0294606  -89.65291102  153.5553025  304.2947891  157.1067521  231.5020733  82.54555098  684.6836941  264.7999214  98.90531435  86.99642476  278.3850486  -49.54502819  75.64298202  345.2632512  378.4123052  283.519161  
254.9617801  114.4928041  -56.76442607  316.6850412  358.394662  650.9703281  328.0319146  555.9847858  614.3403914  239.2977346  614.6414201  106.2404719  450.0268312  375.0233621  -68.51877747  163.2103984  301.1555193  160.6641412  216.898902  84.28231177  687.3497116  275.6046785  111.957294  70.26050242  275.4429876  -52.99360154  69.53859173  355.8342342  382.4627662  271.9612947  
253.0355135  107.42903  -49.87136674  310.4738146  369.9599847  655.6333598  325.6274102  545.4389515  609.7821779  241.091146  621.5884311  97.65066045  456.290584  378.9649921  -91.98446361  172.2085096  287.1728908  163.9247777  220.8718569  88.95524967  666.5902753  281.05554  113.0619284  48.00494123  322.6948465  -71.54045111  92.50048435  352.9525146  384.8864874  261.7996174  
258.0260616  103.0875708  -46.43079578  304.7579754  352.1862501  659.8273237  329.8377774  542.2297987  597.6866389  229.9453963  624.1963289  98.38619979  454.7223456  367.4174945  -95.03058595  160.760127  293.4358286  165.7976929  217.5023025  81.09583408  668.8883497  263.8893257  98.71757065  59.04573477  317.0324927  -75.69286642  88.57070968  340.3596457  398.4541936  264.0132518  
262.7827501  115.0639041  -32.73725457  324.5452739  350.9084576  662.8037381  324.5149894  563.6269171  596.4376673  220.7834954  630.9089368  113.2908677  452.0265021  358.5604835  -117.457904  155.1124558  293.0753872  155.3590206  218.6785551  95.45265311  675.4436852  267.2574535  112.0363766  54.69009964  298.6260805  -67.35125387  78.5804203  336.9356829  385.3551524  266.9703031  
262.9670326  119.8869306  -37.60754067  332.694787  352.6409821  661.6971207  321.4680942  579.7247285  591.8421472  233.2411126  624.9267162  112.8142277  461.4914638  360.6185333  -101.5047081  149.4465754  300.5414829  157.9925234  225.8531542  92.34572589  689.667239  257.4070084  107.1293377  82.88852924  271.53462  -53.63214119  73.89248942  337.2856367  386.5354669  288.876657  
261.6109997  125.1559697  -35.97417513  319.3645799  346.0948315  654.4341655  322.1598003  570.0401183  587.7194786  234.6007709  620.0355156  117.3833017  450.5461027  357.7707056  -71.38012577  148.3987826  301.6913888  167.0965349  228.7334156  78.6563075  705.0387275  255.3647859  83.72531516  104.2893024  261.1028517  -47.44932711  64.65528995  352.9159346  392.3980121  298.3668419  
265.4987833  126.9047044  -35.2280392  307.8627649  335.9707146  647.3902787  319.1680456  557.2122472  583.1115649  226.0927423  621.1651143  116.9689347  447.7251812  344.5964959  -85.5649231  146.3662531  299.3072368  161.0354192  226.1652686  74.53936984  696.8493883  248.2092556  66.00169001  85.52502446  275.8874625  -44.90329511  69.91597099  343.0259715  410.3954904  289.3169707  
260.8073009  116.1399954  -32.884856  319.1315216  350.3908575  644.6035152  304.7278652  562.3587753  588.3967336  224.0005775  615.6342453  119.4383211  444.222083  354.9417698  -78.40861279  146.7046011  295.7142538  166.4712971  223.8498228  75.14078194  683.1680997  260.2889192  77.54378821  89.53918573  268.3076558  -43.59986839  69.92974675  352.380034  393.6437543  295.7180878  
257.3173257  117.027547  -37.33143069  322.8100279  367.8880245  643.2186385  313.4647813  544.6101514  588.5008136  223.4330321  608.5285126  115.5668473  433.5717616  349.3250558  -71.74936448  149.6523466  283.308049  172.8358865  217.9792202  66.64048172  673.9170356  264.0651275  71.87429489  76.68221771  301.2893205  -59.79124083  66.12245752  351.510535  373.1031968  292.7457806  
259.7145951  115.6937897  -37.37622943  332.5611663  371.9526635  651.5690421  309.1851876  561.289254  599.3910541  231.5699616  613.3567461  121.5564629  442.3356646  355.1814796  -70.25335146  145.6530494  284.3393526  173.4442075  224.3383709  77.38216443  685.1095767  268.7854899  87.28093176  93.47046829  282.9619424  -55.84492507  66.61189632  355.3109438  365.3880583  291.3857387  
257.1756748  115.1548978  -41.31444619  332.1560695  372.4744962  655.0743554  310.0066957  562.411739  592.9709107  243.637052  611.7622679  115.1392812  451.9445532  349.1075611  -68.47032793  148.1293713  295.1932996  171.7357788  241.1808373  84.87073668  685.8628798  263.4813787  86.87211995  93.98661569  295.2438173  -51.97225081  72.09017505  352.689352  367.149299  298.5623982  
255.6701747  118.4353832  -49.43668338  324.6156149  359.1153403  655.7093762  307.2699357  554.8613015  599.2978197  238.1128742  620.1571455  128.2412441  441.9969718  347.3993729  -57.27188966  152.0595109  296.9725081  176.6794429  231.6790749  76.55019422  691.3124935  266.1472148  100.5642613  98.83081315  278.793213  -52.07432041  71.43434143  358.8650198  372.1751985  292.6446449  
252.4428176  125.3089593  -51.44051723  325.6719509  361.3937129  653.681207  318.8899068  553.4565518  610.3787317  239.7162508  618.426435  133.3110053  441.4513642  353.1168293  -61.60165432  152.7541869  293.0117362  178.2376487  226.9979612  78.79600285  687.7004861  269.5819527  104.1968875  84.45379778  285.9371671  -52.31969563  67.75762811  361.0224512  373.4711284  292.8794001  
254.1591121  128.0078918  -42.42090064  334.867572  361.6240122  651.3907128  323.5356526  554.5379717  608.0578367  230.1689716  622.7095568  132.4026848  437.7814051  347.5838143  -72.70529708  151.5746327  277.9412941  173.0868496  221.7969605  85.42199871  690.625596  275.279451  106.8597262  73.45993781  295.3614408  -62.59577016  69.31576034  358.47156  374.8937331  284.6286402  
256.9674846  111.3859672  -27.87868597  332.6364386  368.105846  649.5197578  326.4605565  569.7669937  598.5451154  229.8232624  622.7108577  120.1115474  447.828274  347.3952667  -85.87212763  144.1815213  276.0855119  163.9544658  229.8599657  103.4690339  678.0214245  271.4479748  96.38153955  68.05402807  314.9832571  -67.74858665  83.01126997  351.2525647  379.5564901  281.1272933  
264.9060587  102.828064  -25.01971944  328.252589  365.0307171  652.6603316  324.3480623  585.6157603  598.0636205  228.3069954  626.7672419  115.1103795  447.430516  352.9915202  -88.69317947  152.0969352  279.9233276  158.357354  231.342966  103.0442663  685.0775157  275.0997947  105.1887659  78.24495179  299.9052606  -67.74403696  85.56822877  357.0407865  372.619277  281.7328108  
259.3464061  114.944568  -26.53759047  327.4287055  358.1627832  652.9784909  327.7966574  590.4561668  599.6699667  237.8784022  625.0929875  118.4985599  457.3257485  356.2636682  -74.54142268  139.7646039  288.7339919  155.3038922  233.8345902  106.5044284  694.2932728  269.7746203  93.35118159  99.59864354  270.4116688  -58.91735282  67.39191181  362.5097705  373.658013  289.0443607  
253.9568394  103.2013952  -34.59365489  317.2690684  365.4475477  652.1473683  326.8209638  576.769656  596.8260153  237.7244407  619.1911358  105.5376746  447.5092984  367.2554545  -69.85976113  154.9652633  290.5600033  164.2363876  233.413628  95.32413399  672.7116163  270.7062107  93.55249022  92.11378263  294.5493739  -61.80542352  78.9566726  359.9340373  372.4890489  287.5623249  
264.4154837  109.3407059  -40.39004887  315.8568041  340.3602104  662.7322596  334.1959566  572.835186  575.7660573  229.5270462  626.9159586  108.8999727  452.6620058  371.5473147  -91.83203302  156.485491  299.4295255  152.1351177  218.750344  91.74477773  678.707939  245.5065285  89.800717  71.62261092  279.5791899  -55.06820137  65.85591224  342.1025495  401.9019531  273.0746498  
259.3022481  111.0560649  -43.52089161  318.8077209  347.8669819  666.7955655  326.2703543  581.4627054  591.3702433  234.9194271  621.3938255  114.7553997  454.380497  376.1807459  -81.04821988  159.0826788  296.9817094  171.3397343  233.1521746  91.33464575  683.4792191  247.703115  110.6429571  93.27429523  250.185681  -27.19320961  66.41988336  343.4434668  400.816532  280.7917188  
256.0866752  113.7361303  -34.70743355  327.9645777  363.4944805  656.2375216  318.1556429  574.4955427  599.3332912  223.1019704  628.7478656  125.4686387  449.4207423  363.3630247  -85.77016034  146.7941797  285.1479699  184.9125662  229.604397  88.94515029  680.2918129  261.6702264  126.4008345  78.81803173  283.3798303  -38.70426399  75.05736884  351.6799914  397.8171025  275.6871646  
253.1513824  120.4047549  -31.01717938  343.4335812  381.3838075  653.4860181  309.8766813  575.3944058  603.2290553  222.1859445  628.8916526  135.3579821  452.0934847  356.9061816  -86.82740717  146.5386831  275.8130909  188.1554362  235.010896  99.4638972  678.3315125  278.0442835  142.6164439  81.06202394  284.3740203  -54.31701494  74.51130782  352.0701276  379.1141344  276.631318  
255.0708208  118.3510704  -37.40928026  350.7099408  377.0265219  658.8903549  314.2470296  578.4889347  607.3811154  239.6128122  619.2327651  123.2366761  448.5028195  349.7254038  -81.86090066  158.817652  279.6061655  182.0000549  242.7994451  91.00198141  686.345851  270.5729051  120.9533275  92.20582086  289.3626561  -45.15215339  73.95068339  351.9531517  360.0929715  296.1033972  
253.6474418  123.2137498  -44.66026765  337.2180629  358.3771162  655.696975  324.3799886  563.0045261  600.7065792  222.857254  606.3769004  124.686203  440.8230574  350.4528768  -63.26837288  164.5565437  277.973968  183.8849326  225.7062951  79.0037708  677.3508207  260.5039699  112.2471094  77.58828861  270.8642157  -38.36437336  58.0487001  346.1727954  378.1628163  287.1104637  
251.1565132  127.4866486  -44.18700416  332.4388043  370.7628282  650.0583296  329.8540368  552.4101926  622.6708954  211.9749525  605.8672795  118.7895979  431.1773875  355.62773  -63.76944132  163.8019968  270.3334819  182.5914447  216.0371266  84.73262986  666.6572379  285.173043  125.251105  61.36780597  285.3897258  -61.82862571  57.62949527  354.944101  369.1558739  272.3737508  
255.6227779  116.1508409  -42.7203998  336.5366042  360.8868242  650.0436764  322.9784428  560.4913934  594.0710432  214.4006226  614.064892  117.7467214  450.1253873  358.4074777  -84.0700817  153.4403986  288.0423928  161.5940718  222.001935  90.42348768  671.6826136  262.157509  104.6499857  66.20145079  284.1384428  -58.92710748  59.61633788  352.258363  380.1916528  283.8042621  
258.1727956  103.5000994  -46.96133972  316.3650253  346.5183356  647.8078183  323.0846407  556.5861514  594.8237771  235.3740265  617.0431366  117.5741364  451.0504281  366.172143  -80.79844504  158.7961045  306.3818801  149.2147002  224.5623355  91.21029586  676.1666374  268.958799  87.68682674  80.87801329  274.7730412  -65.78837932  81.14163889  351.2965432  376.8998519  288.7803919  
268.6276996  104.050738  -41.18724146  308.2051433  348.1050801  654.6651084  323.9648785  547.111306  589.9821607  232.1670093  623.3322791  115.0556031  437.5843474  347.4924198  -96.46127967  164.5284536  296.7740823  150.0964238  220.3723455  90.34489225  673.4917074  267.8144311  83.5073857  57.49117483  312.7298708  -78.85042823  85.36431271  347.5440313  389.0990001  263.4681996  
269.7386895  94.5483056  -40.49247411  298.1444964  343.3102114  658.3164219  319.6384287  564.1093457  583.3700774  226.6509536  626.1256031  117.6065049  437.3644355  351.9558667  -84.18005311  145.6872497  305.0997607  149.9510425  218.7373427  83.27881765  689.6090941  260.47048  75.70838276  85.44826932  282.4981425  -63.9186636  69.47148632  351.9586801  389.5969475  272.8562139  
261.0444615  91.39519313  -39.19048809  300.3407985  358.8618061  654.5383549  326.0939358  580.0767307  609.5957396  228.0437095  616.9146897  104.6603527  444.3951813  361.6379775  -72.07418619  151.086859  303.5227402  166.3685636  236.0374742  87.60457597  687.0948463  277.7429064  96.78204193  98.2156137  274.879339  -52.80847367  83.89923287  355.0476116  377.4684204  287.8956963  
256.7698307  106.0631893  -46.2453716  311.5224131  368.8811476  660.2703361  322.6418031  571.6976382  618.3974971  232.089984  618.57935  114.1417799  440.9266751  372.5994013  -70.62411757  152.5452961  287.719124  187.6616275  223.7086488  77.441577  692.5517375  268.0288426  112.1646497  96.83213318  275.2565177  -44.81537395  75.46974964  357.255766  378.2594505  280.3444141  
261.8057962  115.5495763  -40.94575518  327.6329746  377.4884782  658.1288047  322.6003134  590.1671015  622.9229057  229.2475851  629.3606749  109.6283708  436.3033277  368.8179443  -84.02246065  163.250106  280.4413642  178.9467654  226.0041591  91.46802864  686.3141705  286.0993025  149.0165977  75.70939167  281.1582337  -54.57523866  87.5365549  346.9645447  364.1163092  276.6749255  
264.2244058  120.7491372  -33.78043465  331.9877149  374.3447911  649.7356075  320.8570018  578.4250542  615.3352238  233.2397154  628.1020133  114.9654877  437.2011385  357.0253994  -81.85922408  151.8574565  273.9162781  170.2296401  223.0462197  92.74184686  686.4286833  279.3213542  125.2178941  70.50299058  293.4095041  -63.36673322  74.70190563  352.4660099  369.4979993  270.1858515  
264.9426242  114.777846  -33.12331786  316.5639793  341.0364163  652.1703873  315.2247514  580.9172281  579.7087336  240.789838  636.9056416  118.7647851  433.4463048  356.6548688  -77.78378049  145.5571888  305.9870655  165.5929535  228.4412847  78.8862485  697.2179379  248.4147688  92.15914287  110.1978203  251.5527136  -50.12702659  68.53340694  349.9737214  386.4634204  292.9128005  
269.5748925  122.7152937  -30.40460968  318.4154218  336.1735864  655.2976718  315.3325385  583.3389288  582.9010495  231.8537667  640.3997815  125.8255579  438.9357202  351.1792832  -96.19886654  146.2555017  294.921868  147.2882408  231.3182291  92.35366049  691.7659964  252.2957027  99.16370863  90.0364513  254.5385682  -51.92490379  69.13578025  345.6035588  390.4944687  280.9670907  
263.3821857  115.3963396  -35.24434329  319.0065484  349.605445  649.5131675  304.1673135  584.990333  591.3987497  236.2378137  631.5618808  121.8251922  446.8244466  363.9213767  -76.72053786  143.0583044  300.7459469  164.6629938  218.3229015  79.68467926  694.8637922  258.9406543  100.761144  94.23805947  260.2462127  -37.96203688  73.16685041  353.2589649  380.5132417  288.9320345  
256.4327759  123.0969413  -41.60584526  317.6153892  360.4341862  652.1651193  299.7463873  573.5961814  619.8426405  239.2675964  625.4122509  125.7136968  440.5416729  360.5473184  -67.77121142  143.4334763  293.2524403  176.7893232  233.861604  70.54347325  694.3927879  272.2684546  105.7319219  99.87460504  271.8882448  -38.23788703  81.92742962  362.573378  368.368096  295.8340199  
253.7199097  121.8854408  -54.35193898  321.5715282  355.1416766  650.0047234  312.530005  558.1640279  607.8879374  235.9682857  613.9209793  127.8588043  438.8891793  360.0817402  -64.16576987  154.5659608  297.9615911  171.5227465  221.8859453  72.90830606  685.8433589  267.9672469  106.5366099  90.16841626  271.2572701  -40.26322652  68.74998172  360.2283551  386.4669227  289.7971484  
254.2614049  121.60513  -48.61013227  313.6740381  358.660242  652.104719  322.0081579  546.0296063  600.0718783  221.4235399  613.898132  122.385871  434.9011895  350.8727136  -68.75334729  146.6023166  298.211702  171.107177  230.7116691  63.3659636  682.4280553  264.5028174  91.10288442  86.00535678  281.1638387  -48.05403171  62.0893877  359.2571896  386.6784633  291.273418  
255.9685479  105.5550875  -38.45177871  317.6962536  346.6197722  653.2773723  326.3253088  556.0913989  584.4673651  212.5347532  608.8615589  114.9143478  435.8440799  356.1117101  -84.39733926  145.9314696  291.6297363  153.9061463  217.4098213  83.25856947  668.6691607  256.1093485  83.42671954  84.55549439  268.5606529  -51.90068436  45.28283475  346.0136913  377.6172461  282.7839457  
256.0906431  109.3531469  -37.18322408  323.6290921  359.7968087  655.0451393  324.4003859  551.6381612  595.9066874  208.8954184  610.8742815  115.5032854  440.4464583  356.661864  -93.04804317  144.3609346  278.8864405  164.2009732  212.1732349  80.38187007  673.3226312  257.0034201  97.64143671  80.05182665  280.5777213  -58.05855677  46.73619491  352.0720303  380.9750296  278.9576231  
258.7784476  110.2143803  -36.32798791  329.6519646  354.9290315  660.1269108  323.6520171  558.5265528  596.4859765  206.8447358  612.9066099  132.6378888  462.3854199  366.0333182  -95.44697387  138.9042685  290.7639919  177.7114901  218.9911387  85.5957063  678.8395394  255.6330149  103.9678131  87.07994151  254.7824253  -34.4410935  38.96117711  344.9024608  387.3665705  282.8916763  
252.8827144  99.97521703  -47.84752004  314.2533238  361.7709489  662.4258112  318.8312508  550.7278096  611.9887359  226.7159162  609.1800689  123.4191322  459.8350314  383.4338355  -53.85649752  146.8094641  303.0419531  188.2265091  217.8883348  79.37020139  677.1185236  273.9299108  102.8726389  99.83349406  256.9469366  -46.74947385  59.47744067  360.8610984  373.5035608  286.277964  
249.3112609  107.978809  -53.92009088  307.7573849  369.144305  665.2725206  321.5773706  544.6869428  621.5652502  234.7945444  619.5923202  109.7236577  464.3232154  389.1517072  -69.31324284  162.2762602  300.2034662  184.599292  216.059418  85.44978159  673.5587585  284.5537757  128.2865104  71.59418125  288.5642519  -63.23016431  80.14834179  358.8865884  389.6497627  269.6127395  
253.6659536  109.7553462  -51.21308102  303.814854  366.4642099  669.121152  315.3947417  548.8235882  616.2925393  235.0615463  630.7138195  110.1232518  467.1637621  379.7438434  -101.1705179  160.4470157  298.9892881  169.3961755  218.4651524  95.86432129  671.6565744  280.5655321  125.3383689  51.87390662  315.4142091  -76.878481  92.39024164  348.0947571  392.3836118  260.4269869  
257.3238242  106.7654777  -40.93768169  308.3117519  355.9059325  660.003849  322.3607746  558.3238319  595.3374322  222.6807274  632.3112119  101.3816399  459.2056358  366.1192287  -119.222056  155.8634578  299.7572316  153.5431051  215.2461511  103.7103193  661.7880301  272.4821509  115.3511784  37.88397134  322.7831987  -86.97830735  97.65988081  333.5725077  404.1086077  256.3982184  
260.37377  105.2097717  -40.48733419  309.7164962  347.2499524  658.7541973  309.8340635  572.3726592  594.3256807  227.2826359  640.2240383  115.7538068  460.4595766  360.8269585  -129.9806722  150.8745292  306.2603502  138.6006062  220.0401899  105.3814135  679.5816917  270.173177  116.891342  51.37225897  302.02095  -83.28090741  102.5121404  336.9668619  396.3317871  264.5983109  
260.7986831  105.2379081  -41.58531969  312.8007036  357.198567  649.880469  304.4915051  566.9776349  591.79388  230.9059153  636.7510147  119.4394638  446.9793414  354.4839334  -91.53732232  152.3258073  309.7034326  160.4915193  227.7688483  84.72045548  688.1989993  271.7711589  102.7556944  79.22831971  292.3911856  -67.8940058  95.19861693  343.2064748  382.7988349  281.8705185  
265.2598172  109.4609958  -40.29797906  324.614255  360.4202724  650.4153777  296.7212947  566.7468646  592.3600617  231.4667036  634.0853065  123.0866555  440.1925895  349.8308237  -92.85248277  151.8727982  295.6249622  155.0449334  228.0417758  80.88575867  685.5776081  270.0664843  91.58413419  74.55089141  298.525929  -67.09317685  96.01859542  342.2934684  367.9010071  281.3001649  
267.7452911  114.3756842  -40.30815935  326.4534214  358.1019246  658.6565029  303.3436064  574.5444087  593.2217137  243.189215  627.0642272  114.6563624  453.397614  355.6469921  -90.29779697  150.4899633  298.1122437  154.5768712  226.5536327  84.82465379  686.4353907  263.4635553  84.62220254  72.31186211  299.9519258  -56.70585639  93.56392729  338.9651974  368.8667521  288.5983654  
268.5577323  117.1934195  -37.95819683  325.1210087  357.7286787  655.3627103  313.2002917  584.2770615  605.5006227  236.3192997  618.2996916  121.2388721  445.1511888  352.6868004  -76.38309926  153.8101016  291.2766123  169.6386469  220.8214528  86.55322404  689.3986115  272.5605941  111.470744  76.62229284  286.5926415  -48.04045937  81.92925213  353.9827479  378.2113094  288.0374051  
267.4325369  121.2850835  -42.26000374  317.0639675  356.0030325  652.689119  312.5362004  581.6323324  614.3560925  239.1644873  623.409776  124.196678  448.5443326  358.0348519  -66.78111407  152.5466529  292.2383688  170.9352504  229.895858  82.2200125  699.6683225  279.217366  106.1967761  88.54963522  271.1736605  -45.41345824  74.6960412  371.0177848  381.4546346  298.5931773  
268.2071095  120.3310004  -31.86840265  318.818602  348.2268296  648.8968322  323.4886596  578.7546269  606.5850593  231.4729427  622.6357402  125.1182327  446.9814989  359.9553726  -70.30234376  143.2933964  294.6287106  171.5514108  224.5942903  77.18182868  694.0824156  266.4181766  99.35682309  90.23681081  266.6620285  -51.61779653  66.86681625  366.4148649  384.0700357  292.709651  
261.4757876  122.9975719  -42.53318018  330.0818377  363.484697  656.3268175  334.7719093  566.6193208  616.9379936  235.1224498  607.6012022  126.8408951  454.5532219  373.8941062  -45.59169997  138.3670844  276.7359548  195.4823852  218.9281055  78.62442476  684.0103213  260.6611673  107.5045043  96.49300502  249.2638781  -30.09282253  40.57037925  361.8626518  389.4787017  290.6999356  
262.1613224  101.381345  -36.30937026  318.4655973  377.1741034  640.6567554  316.5234459  548.9465218  623.4341997  241.926839  613.0859282  118.68688  445.6418067  374.5274771  -36.79345165  161.6873328  279.904838  192.5523289  226.7411623  80.0903855  669.1279797  292.4802284  110.5222553  90.99839659  291.9978282  -51.68088156  77.63365492  377.186396  379.5910726  280.9484563  
252.9962133  99.98102167  -36.9910743  315.2132275  376.3314844  646.5093978  315.4727293  540.6586934  596.8462886  223.6470795  609.4938162  123.157224  437.0567123  360.4516613  -55.48816603  152.7100261  279.7522151  191.0948032  217.0153805  77.87474576  657.0418708  277.523013  96.54801229  72.63542763  315.8772543  -58.93434062  69.57015377  356.7683257  378.8207753  264.1077946  
248.0678817  116.2778692  -45.05473105  326.0151415  369.4291737  652.1610296  321.2631277  551.4800829  604.2611197  214.2920005  615.9056073  132.1626993  441.782565  349.8039576  -71.37680897  145.8587867  280.8321702  179.1736118  224.7270994  79.81615293  681.6244719  274.1064434  108.112375  73.35977114  291.235565  -64.71215438  66.05589177  350.9908884  381.5985116  278.0165146  
254.5694358  122.7004125  -43.24738667  333.9815035  360.838895  657.3339797  324.1789191  565.2280421  599.7426399  225.8595854  627.7371555  132.5622372  443.5359426  340.8592102  -84.05497296  152.170439  286.4848555  168.6108171  234.6932221  85.32319325  700.0076608  268.9376935  109.551917  78.10183358  284.4628015  -63.31783301  72.21471461  350.5613388  379.7753873  289.4589374  
252.5023182  128.1437191  -40.23140246  339.4803926  352.684086  651.6715087  335.6017111  573.4946203  592.4150421  229.9931654  632.6541084  128.5416551  451.6639426  339.6360571  -89.19358322  155.3622081  296.1357797  157.2455205  240.9415004  85.07580043  702.6254892  259.7041975  96.6873599  70.32718369  284.8886376  -59.56479223  80.66613075  342.2342049  390.8846791  295.9197791  
255.9322726  128.0568942  -40.28675035  336.2203306  341.8894637  652.2372219  334.3101911  582.9428436  589.2128292  235.1243323  632.3304886  127.8958311  435.9550114  351.4963328  -88.17180901  158.5480934  294.783514  159.4969583  228.6524379  86.88378648  702.1928145  252.0198189  100.2515236  88.99851889  260.8060117  -53.59544916  69.0301336  346.775697  391.0851043  291.4903451  
256.2478465  126.3760759  -37.93032109  327.9595655  343.7011087  650.2590625  332.2962057  588.1838517  586.6717046  236.7198666  626.5728392  119.7217659  439.1141347  355.4588467  -74.09889749  156.4563367  303.6996301  165.8464977  233.4961351  82.87402645  696.1848691  251.8942014  107.0038889  97.70126911  253.7202959  -38.90194411  72.7632442  347.3999605  400.9976654  301.5072583  
255.2221071  130.8765343  -40.17955035  333.8801126  351.4998444  649.1183649  331.5344786  574.7636004  584.1808131  229.9005257  616.6933527  119.6190328  442.9207875  360.9203043  -64.03692208  157.5711516  282.0372653  166.0872064  218.8805615  88.88812936  683.640574  250.7417468  101.9763687  76.48157069  269.3989756  -47.01456022  58.55538703  350.8679164  398.8300225  288.9989547  
254.1334548  123.8746583  -45.30065884  317.8392014  358.37039  652.9365385  322.2757769  554.3438204  590.3043683  226.0572683  618.3317154  116.9264938  433.3245579  371.1248181  -65.96146378  155.1870794  283.1064766  170.6831872  214.0872825  83.4702907  673.8013987  256.7889996  102.6181619  75.08837203  280.9738426  -52.09292389  65.03565804  353.0095181  402.1410203  279.4146411  
248.6849829  118.885306  -36.66791233  331.0569102  372.7887735  649.4316293  309.5880664  554.154333  592.6057318  214.6280059  619.6170149  120.5599258  442.2978155  364.9320075  -86.85049601  138.2744349  287.407448  179.3562456  224.7581877  76.52173831  668.2430856  263.839378  117.941114  76.12340118  293.7114135  -53.42317583  70.72445728  347.8629663  391.1585495  280.840042  
247.6089498  111.8566522  -31.91536614  343.7781463  369.7792279  646.9359517  302.7585401  560.9570186  594.5229642  208.1938274  615.9921094  124.1717276  441.4949448  354.703897  -93.23758101  135.9118498  284.8390895  163.5621777  221.0916394  85.74929864  666.5713861  275.9343011  110.4436443  63.85807508  300.2722237  -58.42438525  77.2145015  348.5902091  369.7792839  277.7455734  
251.8704158  104.9126609  -37.82327199  340.6356738  361.6558274  641.2142148  309.1661351  555.333667  590.8858514  223.8912795  614.1928702  125.8965006  445.4661782  349.7286494  -81.33470402  132.0271131  286.1033089  151.8241395  221.8056293  89.41480654  675.2047631  268.9941219  90.91671803  76.68080631  302.3180019  -45.72764208  69.26116664  355.5639473  375.079953  270.5317812  
255.0311906  114.9337117  -40.35935603  330.5769541  365.7191331  653.6475043  321.0071394  541.9550448  605.4334036  231.0809563  610.6713447  127.3674874  436.9930709  349.4613167  -85.13525004  139.7807318  280.849072  166.984792  218.5538069  77.75922143  677.1898183  267.1608876  81.83551902  76.69262511  306.6336233  -53.88199896  63.53350322  351.6183871  365.912598  275.2619595  
266.1861045  122.6695043  -35.22959019  329.10799  360.5476062  659.0510326  330.5527616  557.5301075  607.3798348  227.2675754  625.6109279  122.3030264  435.2587146  348.4328398  -87.82244739  162.7130788  284.1144732  172.9656114  230.0395411  73.06721871  676.1482934  271.0956942  103.3865632  80.02865284  277.526467  -70.05904351  59.83125615  358.5067318  370.319927  291.7975187  
268.8214867  109.4392292  -35.31541992  329.9452493  356.923563  662.8540381  330.3597387  579.4753467  605.6298952  232.9809907  622.5352872  108.5165835  445.1099282  358.0863401  -87.70394309  174.3760808  294.4515673  172.4193291  228.7991849  97.02996145  678.3558751  276.0921814  129.2796008  91.39083346  257.7567626  -69.02128046  68.87313591  348.3842348  360.1666943  292.3902882  
256.7871762  120.6825461  -41.00928145  328.6759966  368.5848909  665.9251885  330.6093847  565.481337  622.0296356  231.0739119  619.6294341  118.1366476  459.2839632  359.6298782  -85.06833689  160.609543  278.1255445  177.9207662  229.8651257  97.17787846  684.961889  276.8746682  124.4039387  73.25199699  282.0366701  -63.34295628  69.51690759  347.7856801  385.1696041  276.8696345  
258.5831222  116.3288735  -42.28462799  301.9656073  342.0819432  656.4331965  323.8285327  541.2963635  605.4662564  229.6132854  626.2928252  135.564871  449.0959066  353.9592441  -78.32736051  158.7439587  299.2277132  170.8449006  229.8493098  79.22060046  681.6330014  270.0589166  90.63011356  80.1432474  267.740276  -62.39491628  66.52382353  356.4557427  400.9427014  278.8040409  
266.6747139  99.89058854  -44.00959337  301.7612457  356.4739515  659.2760922  324.3229377  566.0409521  595.2142924  227.508225  615.8622812  109.7944332  450.3913622  350.3429774  -85.86950815  156.0962459  294.3824642  163.8328483  235.9061197  99.35915676  680.9991638  256.5437078  90.23215977  77.96905004  282.3811584  -57.88989867  66.67307034  345.1833763  387.2422319  276.2300914  
268.6216495  103.3221978  -46.86184773  300.0373795  350.0493866  655.7051009  323.1363605  571.3356786  598.353181  233.5791443  618.895975  113.0485893  446.2873313  354.4975431  -72.01104265  161.3912252  311.5959918  152.1070461  230.6784576  95.86291052  687.1546584  267.377508  89.20532783  92.34521534  260.541986  -67.96760434  62.05927175  356.1874422  375.6596562  286.5586325  
271.989287  102.7481415  -33.92829708  305.4072638  336.5346578  657.185546  327.5098638  584.6659899  575.6103677  235.9884217  621.6771394  109.362718  445.1106588  358.5872724  -80.04624007  160.690543  315.2127948  152.4228583  225.8766515  95.38509685  684.4249222  249.511008  84.53058303  93.74148428  258.2054524  -52.47764272  66.09662223  341.6727177  390.0329107  286.4342115  
268.6876456  112.3547027  -45.06540637  309.8844815  342.9995726  660.5593453  322.4835165  567.637352  591.006833  235.1644126  625.8237285  119.8359264  442.9262677  355.3998068  -80.2268249  160.2684245  300.7090075  158.5688345  227.8283867  87.30270371  685.7125841  257.7441125  94.65128617  82.95366101  272.4057049  -58.32843429  66.18037016  343.6733441  390.2607011  284.1784296  
261.0338903  115.9588916  -38.71988394  332.8154815  352.4841255  657.314065  317.1579333  564.3588934  586.8993249  218.6848931  626.5385285  130.481512  446.1591829  352.9311505  -82.03294513  150.7155378  294.1764785  181.8383333  221.3548519  81.9664376  681.5171388  262.3216066  112.1084134  85.8692438  273.2627147  -49.44755311  62.05944072  339.0934011  386.6252314  280.6436854  
261.1723802  111.737427  -36.57403423  333.2414778  365.2013329  654.031548  308.1391256  561.4034001  602.9146962  223.2478529  621.5867934  126.2809496  447.4409525  360.9053594  -68.10039569  149.8907526  282.3527853  177.4336342  222.5018145  85.03051267  684.9984918  276.9654219  113.0310504  88.85706863  277.5622608  -60.36583214  70.52203603  355.506416  373.6800443  291.585651  
249.5828691  114.6787296  -39.38560537  326.72975  362.3432226  653.5557946  310.3723249  563.1479418  595.0676692  231.7244281  618.0219054  120.2893321  442.3159528  367.7005829  -69.13393115  151.4822366  288.2382472  171.6228461  226.534865  79.14426912  683.3095276  268.5619549  96.83738345  93.81174017  282.5420606  -57.32808468  75.28615252  356.9881804  376.6455512  294.4106819  
250.1236529  123.4538977  -45.36089396  317.0715968  368.0537262  655.018308  306.6027926  560.4219863  602.1924655  226.386611  626.686061  120.9231088  443.7566046  354.2330711  -80.85188559  149.3558926  281.5493648  176.1308463  228.9234438  70.76646177  682.3085462  265.6917975  98.98191883  69.28824431  300.7289375  -57.11680394  85.24029981  352.9369391  374.3985171  287.581085  
248.1048908  121.7448852  -41.00350057  322.2970484  366.6075889  658.6446725  316.0392405  573.2181683  612.4857648  226.3763468  626.5659174  116.5635845  446.719297  358.0514324  -95.65323236  148.5732326  284.0078713  166.9920139  231.9252145  85.96943043  673.7054641  273.4817878  110.8314195  59.68863705  301.1053164  -56.47704021  84.05977181  352.4687947  374.2605946  282.0283398  
252.9284262  120.5366119  -42.84748389  319.086836  359.75053  651.5860147  321.9987571  577.2830373  610.6459136  224.4801185  622.9550355  120.975026  450.2485904  364.9241206  -80.40777791  136.7645964  287.4586412  168.6955581  220.1837671  82.61526261  682.9171995  267.7684285  107.1874088  64.1437662  285.2012577  -51.59843679  76.7420801  355.9785208  386.5535962  279.1750066  
259.0906373  104.7104902  -40.7484703  311.5865397  370.5838707  642.7719163  318.0590345  557.4328655  611.9139883  246.4758711  615.3393269  116.4110527  452.7550436  365.3030163  -60.03383966  146.8253362  292.7568662  171.123983  229.4285934  85.96502024  687.36841  278.3014602  100.1351968  88.20531907  299.335856  -53.55233044  83.65910303  367.5745374  386.3803203  277.964515  
