137.4859535  204.0073661  -106.2907457  254.7189459  345.3110253  556.4838454  123.5958518  271.0920492  139.0848206  120.6643563  688.0198232  257.0203708  336.1827615  349.0459669  -213.8099951  48.91472277  356.2663937  94.25438294  145.4423684  -207.980698  660.2242138  17.1019822  -14.19864769  -33.20047999  250.4599012  -89.14372242  -18.07382586  284.2123994  446.4332459  69.44938344  
135.1230789  203.637567  -92.1626081  248.2758984  363.4586708  540.3926153  117.935798  273.1086584  136.8432872  123.6679661  674.9136038  256.2357621  328.8340171  353.3137052  -221.1054033  31.14559928  363.6030002  79.35458704  143.7351973  -205.9696222  656.0436415  8.145217357  -28.24650194  -7.589341393  237.8446067  -90.44060995  -5.511618743  276.6692815  407.8147156  85.29758771  
139.3392322  207.197233  -110.8817031  245.4475218  384.4884875  564.2065291  97.38084923  275.5095893  154.3788236  96.80948591  681.7554009  259.6520493  334.107798  351.1020053  -207.6570182  46.10064163  370.6354018  83.67920267  123.4655049  -207.4751757  681.5795417  -1.106741472  -31.00376017  -2.310338847  240.0247099  -81.53568172  -19.65115481  277.8317263  414.7101251  103.5495144  
112.622789  183.6817322  -81.49379683  275.1483218  361.8697891  520.6325728  99.31718329  271.9533711  158.3751652  120.4409907  623.4423285  225.0725211  333.8136408  401.0794824  -219.2226122  17.78910855  332.9839501  9.40330945  73.3437075  -217.6860824  634.4140317  13.76217132  -5.89558432  7.738418616  226.8591585  -98.19829136  -45.83234713  227.0016701  399.2725197  126.4633939  
144.8409812  190.0172603  -86.85404698  241.6685586  351.1353868  506.9281633  119.7372501  290.2258193  133.5365615  115.6474052  687.4782705  253.2599453  338.2371841  346.7755477  -216.7803045  39.51135149  373.6756253  66.78515188  112.3554134  -230.6065415  676.9095399  0.07459530529  -17.68286504  -9.993779793  219.8800555  -145.5700195  -30.58279551  268.3092143  408.575654  108.1218177  
158.6875069  206.6418037  -92.57884117  251.0574384  379.4396557  552.5435685  131.6056174  291.024117  151.3933108  134.7402354  690.9710132  226.3930388  344.6015252  386.5063293  -212.1136537  22.85416497  378.8037372  40.35968171  114.5093934  -219.2516778  670.5770131  -27.25808351  3.191538856  -12.62329379  239.9126419  -100.0957093  -71.51310513  291.4606856  449.5131244  111.6474369  
167.1175819  201.6190628  -76.28981898  248.1841447  313.5941111  525.7306295  143.8574593  278.6435895  153.6274776  144.8578478  697.0538469  238.0241943  333.7399706  382.9831878  -220.0055297  41.76185482  352.4184789  68.22838966  147.4170716  -193.6990629  642.7576233  -9.469385818  -9.029411604  -39.15729166  250.3309518  -126.0384591  -38.77789098  275.2120186  462.5741348  93.71565525  
153.0522015  198.8366706  -88.12355441  252.5592957  360.7864056  528.7941448  118.7166061  266.0747099  153.2625626  120.262843  688.2082384  255.2413135  329.3363296  371.884136  -225.6974424  36.67025872  358.3304526  78.72287233  130.1045059  -203.2415379  651.9784761  16.6075757  -15.60971156  -13.7844553  254.0191804  -101.7448823  -14.75374168  264.277349  443.6416163  98.35263018  
141.9782443  204.3895989  -100.0765164  238.5833128  350.9838787  560.2291573  113.4403578  268.5710142  150.7545554  98.01514583  688.0327998  270.3583022  323.3083662  350.4859242  -206.0998774  60.37176213  353.4672768  109.5904679  150.9346484  -201.7533152  656.0919288  27.90836187  -44.78495624  -5.593815309  239.0478293  -65.40803896  -0.3796334287  269.1079784  411.2983251  79.8085597  
146.3942673  200.4988958  -106.5259338  237.1260312  343.644275  568.6751287  109.8431731  267.1073747  143.4712267  108.4646797  691.5728485  267.3553684  329.6497888  349.5023219  -209.9323231  57.60095414  353.968181  99.38745283  130.7218895  -220.4500804  659.2461134  13.17260935  -32.59361612  -15.37840216  254.5157614  -80.02263819  -19.82358168  266.7976128  449.061176  102.5067958  
140.7229923  195.5629356  -97.88988637  241.6489583  333.1051266  536.5925153  122.7322721  282.9679936  144.2546308  108.4234913  690.5768027  249.4887687  336.5913145  366.2000505  -225.4842947  49.62611264  357.4150106  84.4398294  146.4901745  -203.345133  657.0240319  23.89930782  -28.00453014  -26.67589148  245.6729176  -102.1827832  -18.20993931  267.3027807  419.2423434  87.33928716  
146.2973134  190.8570926  -102.8514614  244.3867729  351.770163  542.4270029  114.2180782  282.1667311  160.4594991  102.6810207  701.9144946  254.9380622  335.603374  351.9593543  -224.6894377  49.30109627  373.0106797  114.8403456  161.3881282  -193.7489532  683.4683702  27.52191245  -40.95537103  -22.31108463  253.4096263  -85.36222667  4.845032262  272.5086233  423.103103  83.8166318  
143.92269  177.4842161  -87.95924684  249.577856  331.1775079  530.6865627  119.2421195  276.6179609  151.6918593  108.5004614  692.1427  251.0801939  323.0627206  350.2173283  -222.8480841  40.91546836  377.3359691  103.7262556  156.7926772  -197.673659  673.0330232  17.37083748  -37.04314253  -38.52374093  240.2373566  -104.9320445  -4.108244628  271.7635073  424.9073561  76.74069369  
147.3484387  183.8167926  -95.70858174  249.6441778  339.1519357  543.3601212  107.786667  269.6153633  152.86889  109.2910051  697.625668  250.6932367  326.597642  356.7253351  -221.414456  49.4561343  374.0935178  103.8967826  136.4482248  -201.2608476  683.3883897  24.6902883  -36.0482424  -35.51798642  244.4297782  -91.97144856  -8.150142057  274.1653127  428.6485441  101.5918992  
150.5573722  176.1237596  -91.34968675  241.071232  343.7983113  539.8006107  114.3747433  271.256782  132.9769415  122.9785391  689.7759298  242.1105468  328.0603413  355.0623676  -221.9872308  34.54680045  372.5255887  99.78236482  141.6643181  -212.7586372  677.3153498  6.306286111  -27.43850732  -34.24857396  246.4334446  -96.88169537  -0.5605101402  274.4296449  442.2863606  96.47085436  
145.5301756  186.9510011  -99.70158911  243.8734363  342.9812002  543.5575866  106.5410249  280.8370826  155.1613774  116.9890704  699.5114615  249.910476  326.9583751  359.3235259  -227.7511583  34.51740799  382.9822368  103.1331587  134.0436601  -189.5899934  685.4853083  16.29683005  -44.86254169  -33.90391725  240.4265685  -101.4746161  -3.316909384  272.9264166  408.1265852  92.87303804  
150.3800158  191.2807826  -101.6290208  249.6118066  360.1098899  540.1567427  110.6544327  285.3624555  142.1285366  114.0555608  693.1488991  240.6425016  345.88647  366.6187015  -226.99504  26.21840572  390.1027485  84.68537578  144.3804574  -204.526744  690.7018684  4.067379351  -38.27188155  -36.37655808  249.031793  -91.81404003  -17.71909595  259.7372314  423.3230982  105.022189  
159.3228807  187.3407934  -92.50070807  234.9316699  327.4976736  558.2207175  100.0200088  275.5617516  170.314829  118.4263824  707.4065122  255.1023088  330.7668368  340.7918863  -218.5723554  47.0401739  394.6924222  124.8539181  133.944538  -208.6438023  702.9299031  25.48759599  -47.3361778  -39.22238667  225.888979  -87.39484188  3.795721  275.5846765  423.6824523  116.3299567  
169.2677284  198.2140614  -92.36976721  268.7339942  364.0811149  519.8463657  130.1062821  294.2300379  154.3320167  152.1755339  694.8903209  230.4602972  345.5747664  371.5362668  -224.6640999  12.58930891  385.0821877  48.60475811  133.4560956  -205.6309633  674.9557576  -49.85039788  -15.63836399  -20.59726767  231.596927  -139.0294538  -65.13122344  297.4284989  438.0101951  96.50362952  
168.5334149  166.5087289  -82.39948004  260.9211013  370.8353443  518.6178756  108.803525  279.0849929  182.3516831  139.3270741  683.004497  232.3108723  324.8819139  371.4236731  -235.5639483  19.32385694  407.8438466  78.79514609  114.4241095  -186.2950819  706.0840279  11.96309089  -16.14392781  -21.75441141  257.3437411  -92.05444485  -21.67470147  276.3239372  452.2033687  150.7349709  
164.6492402  190.0078883  -84.34718488  222.1038295  329.371758  541.4462336  82.13546419  285.2061914  189.3073769  79.01726648  710.2900743  262.9941923  326.1613571  322.5576845  -225.9721766  57.19373374  397.2843481  150.629583  128.8630591  -229.4619434  712.6418066  51.20100125  -71.17164975  -5.727369693  211.5288452  -71.47117913  23.84086045  267.6933429  387.2864883  144.9810031  
157.1365511  208.0883642  -98.6058701  250.1456517  355.9032896  555.7957804  98.70144537  276.3693238  169.7567005  65.82622588  689.1052517  267.1876982  316.8686272  361.312969  -199.5484642  64.22080981  339.5376872  110.7811891  165.4769129  -236.6802447  639.1635588  -3.502806171  -45.78265821  47.6370395  245.7124756  -82.97814275  -16.73755893  242.4923987  443.4586117  96.86364916  
142.8158628  190.5094295  -94.78684794  227.1632989  280.7930445  552.4016828  85.06230962  277.4424141  169.4153541  54.03051927  702.6217876  271.4174688  303.7804767  303.7310193  -203.8595079  90.57948297  341.4680941  166.8084414  157.0232617  -241.9717832  674.8010813  58.01093945  -49.38300172  -22.4109739  223.7226712  -82.23631134  52.75827693  244.4685627  429.3868118  103.0378223  
144.8673767  189.4156784  -113.1084128  234.019451  338.2953503  565.2653601  110.1768735  282.0140367  159.3044099  46.60265224  689.1959728  249.3843986  324.0467089  351.5043421  -198.2600641  76.6980108  339.7802813  101.6339351  154.83366  -198.4872736  660.923274  17.66981029  -43.79503003  5.664545337  238.884348  -45.39565227  2.893028949  267.5410799  426.0545637  110.5718314  
142.2516745  186.8364137  -101.5394399  229.7455984  327.2198463  557.1922342  126.3141337  262.8121076  154.4483936  104.0851007  682.526874  244.2727416  331.3186439  387.4336556  -226.6060422  60.05944769  355.8381577  67.22761864  119.0993477  -181.9812181  641.8610965  26.21192807  -17.4869245  -34.30237915  262.9728167  -70.85774724  -34.39762967  274.7352882  457.1847799  125.2733975  
131.3635518  196.5510051  -110.0163886  246.9675878  313.8532468  553.9434648  129.6169845  269.916057  164.889473  100.5774666  685.9215808  242.4334357  327.9563309  368.0487135  -213.6569313  71.00525643  343.3689631  107.482027  154.3300596  -181.731063  650.7954071  46.72263335  -42.59709154  -25.54786025  258.4377455  -71.97249844  4.597668516  270.460069  419.6219235  95.22629367  
128.0446353  182.5426875  -110.0469198  266.4330191  335.6072704  542.8001691  123.5303648  271.9899584  152.7119842  112.8522469  668.59166  239.474781  321.9160033  368.8436215  -217.3526791  54.0366075  352.8466746  84.32853888  136.7520865  -206.2965657  660.5247114  33.67803174  -21.01195369  -22.99164236  269.2310602  -85.93832438  -14.31631979  262.6247774  446.5810241  95.26749225  
118.9916352  182.3375468  -109.3065809  242.7443026  361.0601422  550.8179767  98.15589788  271.3147695  155.6863392  50.31964156  644.282269  233.5238789  331.9657877  349.4595771  -187.2057705  60.38956954  323.8981453  85.31644293  137.5068926  -196.2014333  676.0292731  24.03647272  -61.72841384  13.46935982  249.2847149  -33.01194381  46.93199099  252.0341929  373.9996845  126.6038889  
159.2085636  220.0919897  -96.23289126  238.3222674  388.15855  552.8838137  131.7085916  269.6608845  96.53001866  152.4919137  694.5285385  256.8847391  354.5158144  403.8312021  -194.2976149  24.67464954  341.5651615  26.28572303  140.0248387  -211.7426677  643.5793842  -51.79943185  -7.956884062  0.1051020456  258.567899  -79.87333827  -81.90425098  268.5093313  474.918606  92.58604513  
135.3054635  200.9461076  -84.75358428  258.2658551  302.5346971  555.8065688  135.7373213  289.5518058  143.3792043  165.1334636  667.1975561  247.5912918  311.5507727  391.6910348  -215.2363944  37.99394256  318.3451532  73.29490291  181.9654067  -164.9085239  625.9798388  25.42916365  -6.984027856  -46.90614852  265.2687935  -120.0550119  -2.441825733  274.2715645  456.6532516  37.80209293  
112.3272432  211.5651829  -110.9795688  239.8428059  392.5845596  567.6016025  77.62601917  267.5874677  151.4238386  48.03828287  657.7487145  279.8993446  358.4220832  328.5788338  -192.9101457  70.16108431  344.9940198  118.6339077  163.8440367  -174.0817232  673.0663978  64.17244223  -85.70975387  30.07117184  227.1020499  -53.4966521  66.52378508  265.0230023  312.5145359  91.91666989  
166.7999225  212.5019326  -99.85147693  224.3921227  391.6619124  555.9125995  100.6653077  270.6398527  103.9089252  83.99659625  690.7393557  259.4210723  332.3506282  366.9164051  -176.4614547  58.59829554  330.2700442  75.68931919  169.1196394  -225.5668167  668.7992714  -37.10268882  -60.5343733  31.79675122  258.9045491  -59.01448826  -30.42986362  257.5992208  462.9461525  130.210261  
146.4175823  197.9146801  -105.6356472  231.3761244  350.1218921  574.2879133  89.596147  278.821098  135.2243532  60.495042  678.2896761  269.524932  290.5798824  351.6731883  -186.7210472  65.07276199  331.5485103  127.6359249  184.2025754  -207.2765109  652.5905628  18.54030594  -74.7741384  26.94069731  246.8671036  -53.70098348  58.33412844  239.9714399  427.3277113  104.931433  
149.8952272  205.5617071  -108.0452876  236.5616574  359.5063975  560.0883045  87.30755485  265.2487621  128.6844074  100.0087481  693.8068818  286.430553  314.0696691  342.2796471  -204.5195818  50.22455654  342.1377734  101.5999703  152.358846  -198.8045717  668.0486948  20.19144491  -53.32779331  -17.70462174  256.6510675  -46.48272499  3.543502442  265.8738599  445.2313423  84.39863169  
138.7110497  198.0912629  -102.8226276  252.1925185  327.0942937  568.0956528  108.4606776  270.9351428  149.6958595  112.9739905  677.7250152  277.1259941  302.0608908  379.7912096  -208.3122924  67.69716375  346.1616668  111.0892731  151.6690452  -211.220608  641.6147193  29.26026539  -24.45981365  -10.35381619  269.704749  -78.82781142  5.200698953  247.4088845  473.4224241  97.65297837  
137.7912851  203.4517114  -106.682757  251.4965777  354.7121327  554.2035724  108.3086363  266.7600437  155.2303091  101.3319677  683.5715431  269.3679445  339.6867302  370.372785  -222.5904327  64.36613898  375.2201903  103.149059  150.4133562  -183.4615018  670.1341242  39.01391502  -40.19831746  -11.86834746  250.3029658  -74.4312861  1.094138231  261.122245  430.355663  99.86195944  
139.1291913  208.1768324  -112.2575544  248.9344398  329.8786082  573.6666669  109.4601734  272.2444902  148.977661  92.12557665  701.262553  262.48724  331.862654  372.3191213  -217.3522341  69.00506361  354.709549  120.217556  166.0237863  -195.0018533  667.7521781  29.37088868  -53.86348657  -5.570796536  241.4446933  -79.42388526  24.14179231  253.0334364  417.9701261  88.3383281  
143.3732534  204.5637694  -108.8219806  246.3209242  347.5839117  565.2924735  127.0198049  264.6543937  127.0166364  116.0241103  683.9270942  250.3543343  339.8667193  366.6561138  -205.4552849  68.2456742  356.3867935  90.14230523  157.5645065  -214.5158367  668.3175384  -8.466985564  -27.03013852  -5.55363859  258.6374821  -82.0652376  -3.419430682  268.835704  458.8036974  107.367442  
143.5767495  197.1656116  -101.1546545  257.62859  336.6182717  542.3652153  142.660247  271.5917835  124.3952375  126.8956042  684.6784231  232.8657423  350.2953889  387.0145836  -226.7290599  49.76730546  371.0311187  59.26386555  133.2409948  -191.6495294  660.1163442  -19.35670552  -20.89534112  -28.2663539  257.0314221  -109.148992  -33.0793942  272.6821193  444.3669916  122.6863444  
138.9722766  166.2152341  -93.40671761  266.9004435  332.2128357  514.1517405  139.8948805  281.9207801  165.3012986  137.9618559  689.2858364  226.0826679  344.9437909  359.0668027  -239.8541979  37.26862964  386.4530529  96.27209675  145.8932119  -177.3512548  691.3345514  29.16279769  -20.65298671  -46.13448256  255.2513875  -112.6296125  -3.674544704  286.2225781  432.8737339  89.61024146  
144.184725  177.2373206  -104.6595421  247.4679607  301.3962454  565.0681477  112.7278098  276.7500012  161.6627036  85.07314849  693.3250944  242.9247146  319.8186483  332.6490862  -210.7795231  70.66011411  364.2372444  142.1778518  162.9423593  -199.0869055  684.0931171  25.8202675  -72.825618  -25.17241977  228.0305608  -82.15456304  43.9728673  263.4703307  403.5224006  81.53106821  
155.0443263  196.5415182  -111.579505  243.3487964  343.4739938  571.2654476  102.8358081  260.6336453  144.6697802  77.49569162  693.1876412  246.3278918  327.8564479  325.4292213  -190.026599  70.01959962  353.0722521  118.6773291  148.8817913  -221.5009101  685.3393157  -12.10391479  -72.74141324  -7.831752163  239.8811034  -54.76119536  10.27481299  271.8742035  422.9955578  115.1553141  
147.9470625  195.6328506  -98.68894839  246.1813287  349.6660263  533.7972716  121.8549703  278.2324328  111.0005122  115.4832595  687.5947476  223.4892074  330.6275539  362.6066031  -206.2470356  27.53670879  347.5413321  66.40426628  124.2201579  -223.5692946  657.369099  -36.02039227  -23.88240902  -23.71097938  242.0986685  -99.63637189  -17.77377317  263.9598258  427.3731876  105.1283949  
153.7044276  190.0437758  -90.38769866  263.9867362  321.543827  525.0302256  138.1074626  273.9610069  122.2926239  125.4899529  692.401045  225.6539081  335.7640697  345.2559747  -204.5631471  34.90934487  342.5207293  72.19270873  143.4135203  -234.202302  659.1286376  -26.41490416  -23.99577036  -39.69913811  253.2618446  -100.3018919  -37.57844444  275.3787787  469.6698844  80.96650659  
147.2684208  194.1751128  -107.2657432  245.5684666  327.5121936  550.7537333  122.1209779  286.5993499  147.1439592  97.88836107  705.944623  250.4128268  326.0093655  338.1497183  -216.2491928  42.22270848  368.7789499  126.9978506  166.2233003  -213.9970851  677.301851  -0.6615269289  -48.89079471  -32.63465008  244.9113623  -96.56629049  18.83788609  263.7871947  435.9903744  79.02493455  
154.3981304  184.8495738  -92.71801115  268.7418497  356.5490946  541.4757501  130.7548963  274.7588854  130.0033785  144.3928077  683.795536  238.1127848  331.133982  358.3968811  -197.991892  25.81660332  344.5316014  67.52893401  149.2036366  -225.3217675  664.5232611  -27.16159948  -20.45762558  -18.17360767  267.0007003  -87.4388775  -42.71940534  276.3003268  478.4417248  78.78018779  
151.1904634  188.9709449  -98.51319807  251.6611413  344.9166416  541.6774065  125.8026401  289.1764625  158.9895991  116.4417076  696.4963684  254.4591046  317.9360749  369.8891458  -214.4914091  36.39043337  377.1240757  100.3554884  132.8541099  -222.6955904  668.3999065  -17.43812544  -32.15347174  -6.256480342  247.8767012  -110.4965528  -15.88313684  253.7813398  438.4352467  113.8655055  
156.379519  194.5015451  -89.24542857  272.5046396  379.7292268  525.5598506  141.3786307  264.4556561  122.5122055  157.1692873  674.1024615  215.8726769  332.4103824  379.9549644  -193.6925143  15.26327208  343.3742179  25.53836646  131.9661766  -224.3671943  650.1627251  -62.55253694  -15.72421702  -1.947589582  277.7802656  -90.45076012  -84.38621085  290.3461698  484.2556705  110.1612806  
149.2846672  173.2346253  -91.84321062  240.3509964  323.1472036  541.4868086  98.15075819  289.6946885  188.3357616  84.61880699  709.8549913  282.2739137  295.8560493  342.6746664  -227.2977387  45.08569147  399.7075004  171.2987977  139.0744616  -236.9419255  679.3547378  36.34710081  -39.97007395  -19.77641135  234.9213233  -107.1695448  43.11141077  237.6486896  428.6556076  117.3829836  
149.739694  229.5909747  -36.02281641  237.5084331  441.7208754  524.2476278  197.8831154  215.6755363  105.907209  159.820921  664.9545859  114.3355624  353.6612295  442.7005602  -160.9470671  -11.23962289  288.0893542  -65.50604276  51.30119871  -279.1016773  542.5265387  -12.1570183  49.43007342  37.89112589  300.145893  -43.4216616  -101.3244402  355.3289341  447.7815049  203.9709646  
142.6238428  215.5022272  -72.4696108  260.0350309  400.2311299  536.5660961  163.6416912  284.6860682  150.8983058  136.2170182  635.9503149  158.2259532  383.4583015  391.2199848  -203.7909178  15.92628842  338.9875181  -85.693333  70.20452942  -196.497731  641.5207886  -74.20207023  84.52339068  -36.05444272  231.1111085  -138.1176826  -182.327622  333.6435185  474.9651688  63.90709122  
146.740643  205.3174018  -90.80299765  225.4873443  338.6503831  563.3929111  88.94710843  293.3714707  197.0448742  62.4471212  719.3401889  305.158861  350.1273051  357.8089029  -250.8168839  64.06856597  396.0217029  130.9775096  128.3169597  -166.6299536  660.4812349  62.61277856  -18.27240815  -34.32849076  184.6607034  -145.3097893  10.99733075  267.9299417  334.3436876  32.90398757  
138.7626966  232.1795312  -94.48483353  225.5055032  354.7301015  550.8852814  106.7200883  271.3250913  151.7850493  109.2180151  697.6681706  250.606639  346.1858261  359.7628619  -222.1853478  46.38897847  338.9504127  66.76098898  136.8084636  -186.3394912  641.8443366  34.51169736  -13.27098738  -26.31035563  212.0331505  -124.5251157  -22.45037247  284.0970744  388.5301605  48.3564765  
145.877377  210.2781747  -103.7369873  240.5415333  331.5114554  558.2080572  103.5639416  286.0142784  164.3356874  79.79567557  718.1018889  283.9386524  351.2134842  369.3879088  -234.571841  54.86769273  362.4622594  105.411408  116.7731999  -205.0282499  655.2787036  42.97553249  -19.598541  -24.10927181  208.70362  -140.2961603  -17.95539159  261.4935036  390.7330238  52.21802512  
137.8165385  226.6199549  -93.44823014  243.0123231  359.5018148  558.2950684  112.8309125  257.6182512  154.7356185  124.4507911  691.2106896  275.8613639  354.9220512  356.7978592  -214.0725938  51.08365526  327.6478998  82.81261295  147.069613  -179.3494032  630.3653945  53.07707598  -18.36579328  -17.71469811  238.2588475  -88.92432366  -16.87211082  280.7488097  406.9131848  47.85426241  
140.9238795  205.9478673  -97.11591286  245.1326518  364.6176315  544.3836161  92.38643424  275.2239129  167.8816099  93.51246534  696.0326902  294.5149433  330.9584709  339.2657541  -228.9643885  48.13776336  357.823383  95.14583197  117.72316  -195.7232723  652.0342116  53.69986468  -14.7908531  -14.78023672  216.7771441  -104.0084554  -16.34610631  268.1844437  393.0907857  52.54602279  
136.0691007  214.7266475  -98.23291642  240.1512094  351.8482078  547.4321267  111.4578394  269.5640386  160.0419557  102.3301947  687.669693  283.466021  340.5196668  343.552  -223.7448757  54.02330193  344.6877818  87.76054121  131.4899348  -197.1343841  636.3019617  46.02133534  -22.7823148  -6.025638428  234.2724972  -93.54112138  -32.65608628  274.3893904  406.3906881  66.14369663  
121.3726773  205.9598451  -106.1427812  239.571708  364.1968597  546.8513135  93.73445757  271.626479  149.4247185  100.0692713  680.3825761  293.4434142  331.7552061  348.6070972  -229.7599934  54.81407828  359.5927413  95.97801491  133.5986795  -197.7072039  652.3516389  55.4448686  -19.77704018  -6.789605007  227.6690052  -91.53594758  -13.15645565  266.8171302  401.2682939  73.27474906  
126.3741083  213.8487115  -104.8079087  249.2381645  360.2597551  550.9286388  109.8654957  270.9016996  131.0167978  110.6980887  680.9446591  278.6527771  342.7182935  363.2347594  -221.9265069  52.35862805  333.2159001  66.78559912  125.7309533  -218.9735463  631.2041241  43.74886387  -2.566954335  -6.32827542  237.7605609  -99.96684249  -41.45709979  255.2395434  440.5563125  70.07120102  
129.1186304  208.1553989  -103.7610128  248.6129057  359.910611  550.5809704  99.41072671  275.4959929  157.1438237  112.5140371  678.9480439  302.2516876  342.1632196  357.340378  -227.6143547  53.89964202  365.9564974  77.95222683  124.394458  -198.5626276  661.9739395  45.54742413  -12.67198078  -8.531795158  225.8095351  -96.35391663  -30.98771496  258.5318787  411.683404  79.51834447  
124.1239881  218.6254977  -98.15624366  249.7758332  363.2279576  540.1361768  138.2976332  266.9652425  129.4258275  126.203929  672.1661801  266.5649409  350.9362707  401.0408398  -225.6178616  45.94915251  341.6496675  25.75476547  104.9349032  -201.8918513  619.7289614  21.92446154  9.846778307  2.695175163  239.7218245  -117.4544507  -67.91614825  256.4656164  427.0134762  96.28304197  
127.2194405  207.8554019  -96.75800435  249.4918408  396.728378  521.4829415  97.59198964  269.5717197  152.9682504  112.8272028  664.9787286  278.12712  337.4001674  356.2570543  -236.4100917  37.69896396  380.7094865  54.85784767  118.5760509  -194.0032702  667.6804647  31.36055328  -10.47969061  -8.058102114  231.898068  -97.3033517  -50.13771941  272.3419849  396.0109921  87.93628968  
123.7335268  212.0651693  -105.5465122  242.8823166  335.9206428  554.1242654  134.2105592  264.2864124  120.2908108  117.1203988  681.4592701  264.1648436  350.1492216  378.6681051  -215.257992  58.92377954  328.1771398  64.73173543  138.1332986  -208.828745  623.8365051  31.45493716  -5.384200543  -15.40483961  242.80153  -108.6784375  -34.51606326  242.5471117  453.5300749  74.44058355  
138.6987391  210.2563508  -97.25183817  249.9559038  405.5412131  526.4418133  65.2715654  271.4701207  162.9240629  92.91587619  672.1539821  277.6778454  367.4767615  355.7386045  -234.8653402  46.98645479  407.9602925  56.32233355  137.2857122  -154.5975713  719.0078864  42.77801425  -43.79963294  -36.40705771  219.2630734  -55.2884373  -41.42211777  317.6256473  335.0947221  87.70256914  
136.9993039  184.123543  -72.35900238  253.024814  310.5103503  483.9106443  65.09392124  224.6998677  195.2578037  121.0460469  645.4497555  287.5684859  374.902357  272.8413498  -233.6722988  73.28987112  418.317431  130.1707933  189.7242222  -156.3467549  741.6747861  103.3928537  -116.071406  -85.16621834  227.2149635  32.43394587  10.02694064  348.5261574  295.7231021  92.25479098  
146.8852541  185.8835978  -93.48402498  238.0349919  289.4708039  533.5544026  152.1649672  286.8508483  138.8787274  158.6329955  699.4197132  241.4579182  337.0117819  354.5433686  -236.3796302  35.81736894  366.9249805  106.6024873  120.9262938  -224.6860457  649.6539261  15.60469118  -16.75738553  -39.21795525  235.4842892  -157.2619627  -1.27072392  255.1458962  464.0287493  109.6995113  
159.7125673  183.2639871  -88.12729976  236.0017722  345.9440854  517.8259005  95.55346853  294.4688995  196.2755574  126.2681885  703.8580031  246.9879655  334.6978686  327.9922559  -241.193764  28.57666208  416.1711326  115.3964397  123.1339307  -218.8173462  724.5185467  32.8496575  -31.54652378  -46.65342422  218.7661239  -112.5198473  -5.919896125  287.4354936  413.168836  112.1431175  
161.5061514  187.169263  -85.11040755  233.8991047  309.3538226  533.7873572  122.7116248  289.727784  156.6577174  119.0591012  711.1026478  245.2957185  320.8215979  349.9278224  -230.8421501  35.39683312  389.1311926  106.2343515  110.9033587  -233.2312721  687.5370039  4.225956384  -12.06658305  -46.55619397  218.9665239  -137.9193321  -13.88166011  267.1276592  442.0270218  112.5001609  
154.6346581  193.9030786  -87.49246986  231.2163299  372.1754181  530.5601776  90.24410088  282.3285247  173.3027851  113.3668753  697.1347128  246.8361465  325.6030667  347.5202851  -245.0337227  29.13074661  419.4741907  91.86909721  119.7483808  -191.49413  709.4697226  26.70247566  -35.1269521  -38.09297372  218.7853757  -99.07326441  -5.254829933  287.8138026  386.7307146  116.6174756  
143.4296007  184.5128535  -97.76366605  233.8783717  325.2045654  545.6977649  102.4283947  283.996605  149.7335705  116.147351  702.0717561  246.7761564  319.9112795  331.2181915  -235.686362  39.38340072  399.3746249  131.5433862  140.5816351  -218.8979241  699.9049819  25.19369147  -37.37189518  -44.35755255  218.8261265  -114.9772073  29.55539693  266.2760725  420.5398903  89.0909163  
148.2232241  198.0119289  -98.79986392  235.7305384  350.0726584  548.0778022  90.44860376  287.6932946  161.31624  100.9696273  703.9365926  255.3321803  330.5667576  330.8875721  -230.4476089  40.75802992  407.31884  113.6923133  138.4498994  -212.9131298  715.3434678  26.50050975  -44.51605425  -46.4096105  209.3221172  -94.5628834  10.2140887  274.303979  393.835433  84.49877463  
144.2602306  193.5835593  -98.68272693  236.2755082  341.0339627  553.7847959  102.7021378  289.7556541  157.0499975  117.704952  697.4679821  249.638474  326.8856338  349.0698389  -234.3167852  36.32881308  401.247325  110.5724083  145.3158992  -203.7997662  699.9167479  14.53618988  -33.52888409  -40.27611195  222.811975  -118.2690695  11.1837104  261.2865428  418.5019912  90.00571214  
145.4193117  196.5459916  -91.2802322  239.8879503  344.6357627  547.9585315  92.69366282  286.550689  156.1886668  115.8628479  702.1147053  247.5648799  332.9460233  337.2804149  -232.2976705  38.07322132  389.0828927  108.7130955  141.2248392  -201.5718064  709.4815039  31.83799307  -38.11925365  -48.04303546  219.8972004  -105.7412167  13.9897075  280.6618544  391.5341464  80.63057195  
146.6835245  195.8717291  -95.81478928  247.50144  340.9955708  534.5857277  113.1104889  282.5495331  149.2499468  127.5421238  693.712472  239.5500064  329.057005  349.6052515  -237.7189726  29.00273927  395.74526  101.810524  134.8807546  -206.8080249  693.5090504  3.169782663  -34.08536103  -41.88741892  232.5004051  -125.4789891  1.935763108  274.0029075  413.7493807  101.4935018  
148.6631898  198.733991  -96.57146375  240.1898899  355.2724018  537.1998865  96.16462618  286.8181821  179.1279419  118.8040623  696.8082484  250.8703383  336.0547982  337.0208762  -235.741784  34.55432564  404.5551278  105.4527752  140.7524477  -208.2075843  717.0999045  28.85075403  -40.92795316  -37.52563376  220.141234  -98.61895081  4.317991585  276.1078332  397.533798  100.5187368  
154.334319  195.9837016  -92.61993437  253.1979436  336.2487341  527.026437  119.804684  287.0673744  149.0861898  138.1155981  701.6651223  241.106522  324.1475978  360.8622223  -239.3479267  21.89391467  395.9123532  89.30415933  128.6174884  -212.712107  690.3150302  -11.53140568  -36.43371474  -40.10772185  241.3419755  -134.7793989  -11.49221286  266.3902792  430.5146485  105.0508842  
150.337529  187.090216  -90.35652491  256.3149841  357.8727594  530.1739965  123.948429  282.8868653  159.6664474  145.9006173  687.4200098  233.3951534  330.9639614  371.5635544  -217.5976903  9.727233479  375.9660888  64.58608636  122.2253199  -211.7194966  681.46381  -31.35300208  -9.8805802  -34.04915878  242.9713175  -111.8238201  -25.51997242  272.3907298  425.3490567  94.02122302  
160.602176  185.3823043  -85.18078347  263.2020974  345.2688552  525.0222526  127.8116029  273.0610344  144.911573  133.1479919  686.2052208  246.829936  336.8735384  372.3832758  -216.1784796  32.85708796  361.3439732  78.13813575  136.7850644  -191.9946047  660.4370415  -23.43449887  -41.57705882  -5.461713765  260.7871546  -101.8552351  -24.51893793  270.2826385  422.5140075  115.5078866  
157.5387467  184.6791214  -79.22337592  260.8260814  353.6777076  518.6358252  131.942936  263.6056995  131.470721  143.6432596  677.4543128  226.8802569  323.0091036  376.4043643  -217.5088508  24.59364496  356.2764587  56.10506777  98.82794879  -225.886452  657.7755536  -10.54800629  -2.282067431  -23.24007867  260.3176151  -109.9731273  -41.6803903  282.5780579  461.3856569  120.1565807  
156.2820843  213.7120737  -92.15368274  232.7212196  355.5149629  566.3530257  112.6115768  274.6319715  179.1315067  95.88387388  700.553266  261.0839389  336.1260167  357.1380764  -206.9866522  55.72800991  362.2161429  105.2911475  145.7523508  -190.1324916  660.2178423  15.64039536  -34.53973481  -7.091746135  227.4782167  -86.53750386  -7.178738509  280.3478404  403.8902543  85.38590486  
148.8871769  203.1867238  -96.42676512  254.9676415  356.5223598  539.5109336  122.9521429  279.1170681  151.5462777  108.9472758  693.4035437  248.0950876  331.8798975  358.8551572  -216.3912689  36.14942604  367.8119527  80.10667297  141.9831312  -180.1750088  661.4172643  7.694661535  -34.19320642  -30.1815944  243.2365294  -107.3016049  -12.90679833  277.7860868  413.8891012  84.38005207  
123.8054105  179.6334155  -104.090545  252.2976912  317.6024502  576.546294  119.0591187  253.3306271  140.2975486  102.0550019  662.0994581  258.8600285  329.5105804  353.4218301  -184.7907305  64.70829806  327.3818907  98.25023388  125.6169667  -213.9420283  646.8489405  28.65169088  -42.98271149  -19.70794724  253.4764881  -73.25596899  3.352729346  248.5988788  431.8350585  97.17747588  
145.7418295  220.1736942  -102.7682755  258.0452247  367.1846198  576.746343  151.5314028  286.3172031  123.8011791  122.062364  694.0144617  232.8099662  357.5291994  390.2446199  -193.2632077  34.71911194  329.9494244  38.19575767  161.1355143  -185.4529637  626.3568215  -23.7129834  -12.91813244  -12.20675457  255.5951104  -67.84499369  -50.69373329  297.1674529  423.6465486  41.23452869  
134.3690297  206.1903403  -105.6005436  241.2393514  352.621412  535.0399465  139.1749146  291.6421836  137.535216  130.5092833  687.3021061  234.0571244  350.1936068  385.8092148  -209.9107261  34.21343683  347.7049852  52.83209554  140.7210328  -199.7565067  641.3180947  -22.17452157  -19.79385308  -7.066987654  242.8075248  -130.3904167  -42.6731813  274.8646544  412.3752242  97.33526989  
141.3537421  193.9671054  -98.83824352  242.81804  343.3925801  530.024759  129.9547904  281.6062378  147.142746  121.2042648  688.3637008  243.4838842  324.3560852  371.0169468  -209.7010076  36.16630206  348.4797321  70.67018528  143.0496335  -208.6882779  651.4726671  -13.27715836  -30.87739295  -17.90699084  252.7566033  -121.1677919  -32.82394019  270.1242825  428.791379  83.28570774  
143.5254575  195.3497059  -105.8080413  243.0127359  349.7618223  529.3557034  128.2350849  276.2062117  138.7894515  125.8427691  679.7018643  238.2099441  317.8345335  365.4201816  -208.9073721  36.2675976  345.9709378  68.21366851  127.8056149  -223.2416637  652.6072923  -16.49921298  -17.49417054  -11.55261108  256.0536872  -106.1993791  -35.6592343  265.8831541  449.7136604  115.1632104  
157.8647891  218.527042  -106.5997176  236.4151592  346.7945471  555.2134085  134.7786221  263.0630287  116.3384355  121.0275603  687.1321016  264.5404877  343.9753908  351.9188971  -189.8188793  56.75869793  338.7016018  71.36246127  139.9115176  -215.67623  634.75841  -32.32917109  -39.89947738  -11.56980666  256.9791528  -70.45744865  -49.96807477  287.7798728  433.2091353  91.79895842  
164.016501  194.4489617  -96.35708184  239.9648219  321.9434881  545.2846811  107.3556554  274.1314025  188.8384858  115.731005  697.7512067  293.3914548  304.7436167  325.9674177  -199.5126396  51.97937408  346.9056032  123.2467316  140.3347082  -197.3292801  650.5105896  8.33546451  -52.25878466  5.251537122  230.9679286  -84.27749317  -11.39853191  270.0557809  407.4584586  104.1973783  
166.6219287  193.0423581  -91.66553081  257.0919152  356.7413531  507.7018216  94.61985565  263.3160268  110.192014  170.7961134  694.8097769  282.4665891  317.7250902  336.2465906  -206.3383856  2.068584605  329.3154286  75.95138532  103.1449094  -221.0694575  620.304392  -9.973338317  5.526868057  -21.51959923  256.0697457  -105.4510433  -56.06465492  290.02158  433.4135361  64.96643418  
156.2070136  177.7264983  -92.12691332  254.3464406  360.3076566  526.8872832  116.7760356  283.5065658  187.2605874  135.1969393  685.7989542  276.3115304  316.2413027  331.8887675  -211.3007758  18.59268542  377.1065333  99.15010887  125.3445734  -198.4069  686.8410069  15.68181619  -3.560601426  -37.38514463  265.8283869  -89.75651605  -23.47146353  284.4696626  461.0041471  93.44933334  
137.7587386  181.8579809  -87.77713029  236.9027177  334.2152921  526.9577131  114.2763064  268.5652548  159.6579895  110.3427008  680.4796167  252.0568465  314.3223705  329.3473251  -221.2657649  33.67216269  372.4815266  121.9083652  142.1557533  -201.7920117  680.733652  32.73889664  -28.81119989  -46.90832851  254.8051819  -75.19256751  15.84718556  286.6532779  426.7919454  96.91887957  
144.0097152  179.2232628  -97.43838288  239.6032176  334.9588735  542.3510651  101.8106461  280.2382115  152.0679065  91.30029751  692.3642581  260.1829844  314.7653006  343.3793783  -224.0335626  38.3779816  385.6433664  113.47262  145.1351632  -212.6119059  697.7575265  12.95560232  -36.22530717  -44.30627927  239.6746761  -92.28332861  5.313533442  264.1874707  429.4799379  80.27774152  
142.6730491  196.3917943  -95.68307383  236.8724157  346.8467766  532.7787216  120.228722  270.8667558  118.506736  123.559851  686.292698  232.8418894  342.0146811  359.6908283  -216.7935084  42.26910841  365.9575198  69.05539025  138.0382313  -193.9658123  681.1986698  -6.385842106  -30.64183773  -35.9545862  235.7711535  -98.92268072  -9.18884809  291.0139859  410.709625  111.3541175  
157.597928  213.8121514  -97.7619799  234.9387005  313.6912751  540.0167857  132.1197713  267.5581133  152.922107  97.14819044  696.9734298  266.6100781  330.6297775  332.9634802  -214.2785959  63.26579428  396.5642477  97.41785083  109.7465819  -232.36524  666.9068271  -11.83107819  -34.40818455  -33.32405009  196.1385875  -128.2301253  -46.67538588  275.3480388  422.8587484  123.2212616  
161.1874023  205.4304459  -74.47602822  236.1941149  391.7055498  528.6727838  90.93160587  273.1388042  196.6908182  106.7845737  694.5234941  273.6232674  347.6437257  344.940881  -238.1015515  28.47255538  419.668877  88.63884028  122.4920422  -198.8621553  694.9685236  35.26677971  -25.73202987  -23.57710736  220.8530499  -91.34826488  -26.60766339  277.2171134  393.7237135  121.3726609  
141.9025048  190.4038578  -91.66959037  236.9871351  346.2713501  526.6354449  93.10463568  270.4298851  181.3815544  91.26468651  692.5634144  253.1205119  344.4617368  350.4396994  -244.6642687  35.78292635  389.9150898  107.533528  106.5757146  -209.5653047  673.5566411  68.16953437  -33.04583132  -23.73988553  214.0742936  -113.097272  -2.319387037  271.9116661  377.7346071  105.2811704  
137.8374428  196.9739688  -102.5527647  229.2465289  331.7572341  558.5110802  81.06880118  285.0138909  204.4520378  60.78415702  715.8775871  279.8990438  341.5514704  324.7093413  -222.5950003  62.87229399  387.1826387  172.954762  162.5135005  -237.0807661  704.7488547  76.17460403  -58.13347605  -3.449786914  207.4838255  -93.85049893  37.61696751  256.8285841  379.3811124  77.70300467  
148.1827341  194.2557721  -96.80282764  234.3177375  338.5000777  535.8473266  96.82731311  283.826867  156.3639546  73.45800527  692.6569826  263.8469049  335.0635429  348.3906834  -255.6216555  50.73613767  392.3095744  112.7202119  121.7959441  -208.8325418  679.4430053  49.18989078  -43.40022722  -25.7207368  220.0787191  -89.43378858  -0.9336374404  257.2020593  403.1942591  111.8841519  
136.8946748  201.8390438  -92.00139868  225.6679779  317.9580857  579.9826811  120.6193388  256.4494898  122.1894266  106.6708724  695.7596342  258.3076887  347.7392987  344.6786666  -211.0458285  77.50038017  351.0096227  107.4802162  128.3818169  -240.5456472  643.3535492  67.20136316  -21.04296724  -22.37938982  220.7363995  -73.87319914  -6.129390758  289.234371  433.4878438  86.58166461  
142.9892361  209.9215381  -100.1337036  243.5548872  344.2244393  560.0620781  96.26489337  281.8924546  156.7401848  52.95893245  712.3471532  288.1013796  354.4638812  380.7388895  -231.7472338  74.180809  374.1823192  105.9041249  137.2546811  -208.5468488  680.78505  53.8360858  -54.51611261  7.942689386  201.143898  -87.99044216  -5.557134167  248.8302184  364.3338598  73.6534453  
141.2680803  205.9323252  -101.6566019  236.0662867  358.0777155  553.5602144  100.5500787  268.1943437  130.7098428  103.6370163  686.3593311  260.8857118  339.8996051  385.5765079  -235.146819  46.42873585  368.7664371  64.84107431  109.120021  -207.2345418  666.2705014  22.98150987  -18.63264564  -21.39677001  239.0706203  -95.48068598  -27.04007131  260.1614929  422.9171563  107.9814911  
124.6132807  201.6130201  -105.0540549  244.5614691  351.0650431  539.2147793  88.46816108  270.0564049  150.1323378  102.7350828  690.0210357  269.9765291  344.5850045  357.9070652  -244.3329573  54.26250305  379.2832047  92.06613818  124.6256543  -204.578589  691.4028756  61.48751588  -15.81758032  -32.71208776  223.7484031  -96.6246108  3.397632494  258.7113953  397.2797149  81.99717734  
141.4617967  201.5475229  -101.4136611  243.6777537  368.0216438  544.9292858  105.3306672  271.219401  145.0079709  119.364621  681.273876  259.9709508  328.8838916  390.2633628  -238.2548422  43.1621916  388.3495661  54.26034302  98.09949443  -225.9200135  675.9882269  12.46658672  -3.729270346  -9.792054514  237.046231  -98.37462042  -47.05577656  251.312452  443.0182801  128.0186186  
123.7179578  205.4237946  -101.8905141  245.3712147  348.5194622  541.3546787  91.17550162  272.4724152  159.5785736  98.17611526  696.5813099  276.1536704  359.1230327  363.4842734  -247.9465347  52.0670057  384.9362742  102.5593912  124.0576788  -204.6816154  690.7862874  67.96271038  -21.72212013  -36.66614887  207.4945005  -123.1633056  -3.578446491  255.5625228  374.5691647  68.90364005  
152.623254  196.8279882  -85.73831545  231.4484516  364.116128  550.668062  108.8584974  292.3288052  166.4697127  139.5421642  688.4771101  225.8459783  340.6682374  373.4040031  -242.4083504  31.1810534  404.6727871  70.48381572  113.1906765  -208.8739861  701.4206361  11.94279702  8.885232694  -44.70433723  239.7675984  -90.6795762  -18.40625773  276.3823686  445.6318356  124.3406798  
162.4176217  126.8669578  -65.10524598  290.953556  455.0215202  456.0006361  147.0642773  292.6970955  99.06728659  231.6378679  596.9386033  129.859929  278.3701951  388.9691837  -197.5110365  -67.13462152  363.1318439  -101.169465  61.10665263  -215.1833691  665.274406  -166.5490012  132.1208115  -60.09454618  310.7863198  -161.370676  -148.035825  316.1150733  591.173358  127.2648943  
142.2791166  194.10693  -103.9364629  239.43692  354.3930284  549.0031348  109.9801003  272.7658043  119.6406005  99.59561822  685.8921916  244.090549  343.8316216  394.1209463  -185.653864  39.5250491  312.9276006  72.12320507  172.7252339  -189.8888394  652.3940028  -32.97899477  -67.96592263  21.4591836  242.402818  -109.1279255  3.538791323  244.2798618  407.29745  87.76995207  
174.7586861  220.0112785  -75.49931226  225.5155935  270.377566  552.2385731  165.6115915  292.5146278  121.1657452  140.9586676  691.7512535  209.3581765  302.4012678  412.4103465  -197.8652725  50.85755069  298.1141261  62.79962489  187.3947202  -194.1601035  609.6583179  -30.22981049  -2.453838938  -77.04719314  315.0375361  -84.78385496  -32.52209557  259.7913643  562.0818383  92.13594496  
135.9765543  168.5436373  -96.6982382  268.4810126  317.6216177  523.6083045  115.5094392  283.2223756  196.0136332  121.4097759  669.4850397  268.3568333  308.1281867  352.3172762  -240.1046427  53.2206191  387.4659559  146.1113712  149.7822472  -196.5571847  689.6087043  39.51127865  -59.19675911  1.598617549  261.1237292  -100.150057  37.15128948  242.8618037  434.8336127  123.1267969  
145.1814362  176.288245  -91.32456445  271.0337764  389.0238216  525.7087091  134.3568172  280.2960772  157.2278191  154.0331081  680.6037948  228.4427138  319.9165291  363.2387377  -213.1651859  4.661948286  370.4257921  54.81488194  124.0107172  -195.5749116  681.9680093  -5.733752331  -20.21179477  -10.64833931  273.0795343  -76.16379509  -34.27002245  282.1701815  450.8288158  119.0603087  
145.3601206  149.674293  -90.59567973  257.4130416  344.226174  526.6549751  116.0410603  279.6877222  144.2720196  121.8125956  682.4326587  238.7038252  323.438543  364.2399107  -216.3816225  24.78500936  370.8667749  89.2113518  102.2679901  -232.4915929  682.450013  17.48183744  -32.92383434  -0.949846193  242.674926  -111.8295226  -18.93350288  266.248664  427.7010109  142.4479982  
166.4126334  185.7609959  -89.39237467  233.7724686  322.8555517  544.9572239  117.5777977  283.3962451  135.0908215  125.5226868  699.0960194  235.4204209  328.9626892  364.15728  -218.7461181  49.8016399  369.6406168  87.21503904  143.9670326  -215.9436203  670.1816248  -11.95578929  -30.47481101  -31.28868547  252.6742917  -100.5668798  -15.02505426  272.9484919  471.3619547  137.0030318  
159.2281723  193.4732952  -85.26793011  229.6210336  312.0652862  548.9540006  105.9629248  272.6627575  146.8153609  137.5698064  703.7757744  248.5745368  325.284394  367.8312431  -224.5053225  48.67117152  352.5350296  111.6616737  162.1648457  -193.91481  661.1220206  18.94112758  -39.68148289  -38.40469312  253.0355881  -102.6099572  -1.579647403  282.5597806  458.7656314  88.75700512  
148.3908939  198.5907964  -106.650817  250.4179202  293.2747872  570.4106282  115.9838268  282.8008087  179.7370333  112.4185073  716.6203982  258.1836325  327.0281499  352.8062832  -230.8275155  66.34737608  387.2381303  149.2056948  170.0277671  -195.4979682  698.4008486  25.96568231  -67.86557514  -37.14869064  232.7532272  -102.4521367  18.23356762  270.2145866  420.0533483  84.4007689  
140.2885979  191.2767963  -100.3466902  257.1716949  361.7349937  546.2661465  103.9994403  288.8063316  183.7742369  114.8685089  694.8381406  247.9272994  347.2594574  376.8678209  -236.14734  38.12361492  393.7435364  94.947448  152.6935307  -168.0037878  702.8125192  21.42423759  -39.30602131  -27.02969311  230.972278  -99.3788371  -5.712080068  272.6947898  384.2811127  88.64833158  
144.5252976  186.3206836  -91.53739272  262.8497719  348.7219806  540.5514074  117.4907455  273.6171405  169.9111476  115.4867952  687.5422393  246.6326942  335.7720844  363.6782251  -235.4464544  47.44959233  390.1784506  100.3407219  138.2583269  -183.3795526  679.8601364  23.37343308  -39.59019189  -30.15524565  253.1113181  -98.09044408  -17.63272985  275.1867916  412.5982477  104.9255789  
137.7362179  160.6564664  -90.75470296  258.5494642  344.0965861  521.0513232  96.9915126  267.4723088  188.1850234  114.4175409  678.6475824  269.686141  319.0067604  322.8768358  -226.6802635  30.02624589  382.762361  131.1602505  127.5922239  -199.49405  684.7185668  48.61667453  -48.23961542  -28.17897827  243.2913217  -91.39760818  4.422908168  264.3222318  408.2475054  90.27429591  
170.9539565  195.8187912  -106.7036152  246.6371566  317.5762181  569.3486071  113.815225  274.2643355  184.1952334  92.55873784  714.3133668  272.283859  335.0342641  326.1426784  -200.6261952  77.91581293  362.623978  148.0903497  181.996663  -208.1912583  683.579992  15.7564139  -71.6800216  -17.5964613  252.8802706  -62.57716626  4.815952923  266.9571907  457.6788299  101.4540921  
156.9398642  187.3267115  -86.75787832  262.9047296  394.4936441  518.3106367  125.150023  285.5851267  168.1697504  108.4368721  671.3848534  233.4781891  339.163077  369.9141536  -221.8632471  23.00231343  376.3864585  65.01009824  153.6816848  -160.057271  663.3517288  -9.281315546  -55.87642788  8.368606952  249.9095824  -86.85732554  -11.0434947  283.128254  377.2800498  110.707747  
147.2878292  169.0274054  -89.38493524  246.2698287  383.5954604  520.00939  90.29631518  259.3196245  167.5441502  63.94896202  640.3085215  259.4198751  342.726817  347.0649939  -181.1812414  46.34496437  379.0871272  82.50041542  107.2504578  -184.9430899  681.1965224  -0.3436616484  -74.50981326  21.17189969  248.933977  -52.08135802  1.504695996  257.1747024  366.4006704  164.2662525  
190.1996896  204.3254818  -91.64568918  213.6708428  368.8068926  542.1998044  138.4529652  306.3354412  91.90736098  130.7950602  719.8651572  213.7523972  341.7119578  367.9306702  -175.4021933  34.19616371  317.5910198  56.38962807  176.5502536  -226.0535628  636.5625351  -80.71062415  -25.38039728  25.20667141  259.9754565  -78.11382494  -21.06555299  291.1012519  486.5454215  115.3937197  
159.4569546  208.9292542  -108.9586011  243.9536165  347.2779921  542.3203949  124.3424494  282.9744542  133.1906854  79.07689142  692.013097  247.9252615  319.2486543  371.9995994  -200.3328112  66.1680926  344.3900334  93.32777689  179.2927262  -208.6542124  652.1410211  -9.569926545  -83.0691534  39.3313782  249.8049694  -28.60766749  -2.760211159  245.2860449  422.8500291  136.7874135  
140.2039209  221.33595  -89.72247549  209.3105001  321.5137074  602.4784992  131.9961904  241.2944801  69.14583946  123.9178674  674.0542399  251.9541766  332.1633163  361.0357267  -170.218184  75.24816223  270.1591004  97.65727923  196.8055017  -194.7849854  569.7447575  42.56243954  -37.63088745  -20.19870996  298.0963954  -19.91032118  29.02668603  306.3824047  462.4368717  67.86962252  
134.7602325  196.5428883  -111.1903462  236.8436186  331.0122573  568.3960213  100.8427443  274.3609614  144.3515464  87.50611449  659.1068872  257.7497156  276.3542403  345.1869075  -212.1950995  41.97936148  341.5430779  102.9901138  138.0791209  -215.4370425  642.5774607  -12.11524126  -29.60802559  -15.61096875  267.3482391  -66.71828429  4.931518397  255.6023398  465.3216408  86.3007834  
122.6224937  186.3806303  -102.7200176  259.3771184  325.0957633  563.3566013  94.56919426  260.8530102  170.2202235  81.56811447  687.3643219  286.7378878  317.5823175  333.2439069  -204.0129882  70.25130986  346.2630705  143.0036341  145.3479487  -217.8309774  672.1436752  93.68134772  -51.03023159  -17.74687782  245.321405  -43.86883443  16.36078715  261.7581464  407.1376118  72.9132732  
139.7624364  175.6896875  -88.49883431  244.2245326  309.6004257  563.5783805  83.28505775  270.1525983  174.6352101  105.5929308  705.9407785  300.8304409  292.5991805  311.2485429  -192.625234  69.68454071  353.9500365  172.8217467  127.7825209  -237.7483237  666.9926669  88.5943758  -24.6338148  -12.56423491  245.128763  -87.05209758  36.66976041  263.9534988  455.3813576  94.8168742  
126.0701553  216.5667997  -109.5990132  278.3647372  373.5260195  553.4341215  117.8997518  270.4427149  137.1870857  106.3005568  648.9318254  247.9784902  328.1979442  379.3658678  -208.7513598  43.07757291  344.6435784  37.39119872  114.6438384  -219.2368281  649.1096432  -6.075580662  -2.559700371  4.795577556  259.5822213  -99.7064241  -51.1048208  244.0677564  468.7409443  105.3281079  
142.9540624  214.6479842  -88.63112408  257.5764947  359.5546772  543.8193827  127.7188828  263.9381743  130.7708628  103.3161576  681.5598428  247.0663584  353.9899148  402.469381  -215.4681808  49.74448428  340.7834719  45.95168948  128.2449971  -186.9863247  632.9958004  10.50167291  -19.20833981  -10.43161412  257.1019674  -93.87118188  -42.71084281  259.2523203  425.4056138  105.3621965  
140.7837861  205.7951181  -104.1605772  255.4638795  349.5660064  537.3495961  107.9722007  274.8010087  162.680926  78.13174222  685.5476879  262.671066  332.3183325  364.8049255  -224.444176  55.82475745  368.9068281  87.33647947  136.2184971  -193.0874719  663.6874353  32.4841347  -44.88698942  -10.43282881  234.6504347  -92.57414794  -26.19668414  250.4904652  403.3351852  90.82597348  
132.0137971  197.1248748  -100.8951385  247.6039703  347.0440591  548.6515367  108.7574383  269.1882565  159.5969142  79.35296577  687.4201321  254.8546539  333.1641165  357.408138  -214.2969298  64.14850816  355.8232134  104.8980572  148.8982194  -217.9401311  664.8821922  38.45671982  -32.42269836  -8.207868477  238.0585733  -79.8637773  4.071112492  253.9068401  417.5781447  90.28701126  
139.5612955  204.0090674  -96.91807642  266.0222373  376.7494186  537.6389942  97.91380497  279.3180768  133.6302472  74.73191384  672.6723493  236.0066454  328.883481  334.6127659  -212.9913933  44.90829747  365.252666  62.73318838  112.4685098  -231.1115851  676.2827791  -9.751997246  -22.00199547  -4.57723232  217.3943812  -96.53579845  -31.15252396  267.8699095  399.2588192  87.7280816  
140.5417372  189.2744811  -88.36085293  256.0226113  377.3681615  539.1588938  106.2636632  272.1263004  147.2647983  99.66786804  672.3807187  241.6280269  326.3187148  349.0125452  -215.8768375  34.34768032  362.379287  72.35354057  127.4789664  -210.3335631  660.2718205  7.825502739  -25.67952251  -0.2766163857  236.603247  -86.12400892  -12.4312997  263.0844256  409.466081  99.59919188  
134.5967047  191.9580571  -98.00220455  250.3207506  345.4737557  545.0230831  107.2970891  272.2739788  136.1418259  88.89514689  685.9821857  248.287263  338.5501763  347.5340749  -214.5926005  49.98296546  359.3490212  94.35596821  134.9547574  -217.5532186  667.9831897  22.69066963  -38.86567552  -19.04807591  231.9222369  -88.64473211  -2.827637571  262.2797103  409.0081697  85.14747333  
132.5522212  193.234848  -100.2331071  244.0413236  338.6144408  549.5652226  120.4205381  278.7176524  145.6732672  100.610236  696.459848  239.393214  336.1791586  358.3949355  -228.2037581  48.78399837  369.4406723  92.85406702  135.196606  -223.0957407  677.8895757  33.89483248  -28.51350778  -29.25992279  231.2527821  -94.93334233  -2.068577489  263.4523562  419.9503747  91.46500957  
137.7787706  195.9551931  -100.4938654  251.7021797  336.8709667  559.2908167  125.7616127  286.5768289  167.1046865  108.6539997  705.9450141  248.1550592  346.3447648  357.2670733  -225.9227799  57.18717059  374.2372797  98.93022402  137.3112071  -212.2494892  684.0946944  39.66516085  -22.48660446  -32.16918292  222.7313234  -102.2780907  -7.608352077  274.5455055  412.3222682  71.05390733  
145.5488457  200.0978285  -100.7293608  250.6110562  339.8903198  554.7719991  136.0837561  288.4114025  160.0927564  118.9537137  696.9741837  231.4187132  345.1513146  382.1267816  -222.3670991  49.00426318  373.7363666  66.6764595  130.0792824  -209.7283348  676.6715303  -2.647889115  -13.12910046  -35.9178891  234.3873724  -119.5084395  -33.86327708  267.852218  442.6656393  97.29935674  
140.5250113  192.942372  -96.68785865  261.3323332  362.9979422  545.3736182  131.2738368  281.4087376  178.1268504  132.8214383  676.2450764  240.1052901  342.5812752  386.8448807  -226.5740331  33.59303853  379.1680682  65.70786124  124.914723  -205.8655657  665.4851556  7.05290163  -7.616975195  -12.57370713  242.7105071  -113.9434742  -41.43581129  267.4666747  438.321423  99.4712265  
139.7828753  187.0913001  -97.10907861  254.7839052  378.0408857  537.0246545  128.406422  274.6522022  166.7901994  145.317358  671.9546948  238.2681552  335.789196  398.2125773  -230.5237477  22.66541903  377.8573638  52.45409673  121.5184796  -205.8099633  666.7628865  -2.115531906  -1.730563343  -6.3013156  257.5699853  -107.965595  -39.0043458  261.3034764  451.7712322  115.1925937  
144.2083257  185.4838581  -95.29614463  252.717584  340.3119613  537.4874448  119.7463818  282.9135638  167.4379857  125.9967892  688.7219201  240.3855545  324.8528683  373.1753357  -231.2389197  32.48469951  380.730119  76.09503188  122.7257772  -211.5388239  681.0816514  8.834088354  -9.344386242  -33.83203509  235.6947642  -124.128243  -28.04395941  265.8287866  450.0572575  96.19835892  
142.2547455  185.3979095  -91.56521375  254.2838559  366.7461701  528.9004262  131.1296664  277.181718  161.6286255  131.7297854  684.094107  233.4939526  334.0210228  397.6332357  -238.135392  25.7228892  377.9684069  59.60325934  114.3385277  -212.7169739  664.127892  4.967307938  -4.966071563  -5.244663891  239.7434729  -118.7579075  -36.16197556  267.8730301  430.290121  108.9986357  
147.7323809  187.1326566  -91.9374  260.5334077  344.3699118  525.6611827  122.5866601  283.0775417  163.690068  135.644906  697.8935915  252.3666278  334.2099422  380.9327516  -235.345783  30.76929703  379.8656769  82.57346102  136.2503821  -200.5417456  675.9711119  15.3608218  -14.89487527  -33.77759838  245.1893689  -129.1362093  -24.00767929  264.5109791  442.1850663  86.39765276  
148.1107501  186.2244928  -92.04552953  248.5767  339.4450017  529.1242516  117.9575293  287.6520536  185.4845863  119.1825868  713.6843004  254.4056908  338.1564502  373.0543496  -237.3710367  31.15472117  380.0783163  102.1589623  126.0647259  -196.971204  675.8635829  30.24986044  -28.64372522  -31.31981045  234.5904279  -143.0773521  -17.14001285  268.6423949  409.4626424  80.02764383  
150.0389429  183.6303206  -95.25191245  250.3872385  333.9680793  533.0156182  117.5117787  283.2102323  181.3600351  117.4033644  712.3709429  263.4380097  343.2404965  362.5103161  -230.3126188  45.57672887  379.4396209  117.6728641  141.9454737  -208.5866142  675.8602352  39.85959456  -27.40106038  -30.78149023  232.3993634  -127.4465667  -17.69966688  270.070301  425.9150285  72.61283496  
146.4843243  189.8620131  -89.85858463  251.4935078  332.9014492  526.1479319  124.542199  286.6868291  169.8406214  121.5225417  708.5365177  255.7194318  335.4357343  373.5390595  -240.6101466  37.59290069  381.7666254  97.23125079  140.2155462  -194.6391478  675.7805307  33.04601832  -8.669185827  -47.34536956  234.9019979  -140.6059616  -19.25497741  273.0952538  427.8902988  64.77929406  
149.6120312  201.2801782  -92.29957415  247.9905072  353.1941208  535.5788606  128.1308751  278.669283  161.3307855  115.5547364  709.6328075  258.0165223  358.809458  380.4530529  -235.8553545  47.01093252  384.1839479  84.30806915  136.4579154  -194.3249136  675.4960542  29.79856542  -15.35728309  -34.91157709  226.0038822  -114.2155163  -33.70792092  274.3399573  407.8138043  78.45329302  
150.0316644  198.8166274  -94.62528891  247.3256847  347.8600874  540.1561759  119.8055842  278.5519664  162.793358  114.4644199  703.4403383  256.0359964  342.249742  366.2880582  -236.622157  42.59699351  387.3378198  93.94686424  134.2361858  -192.2058972  680.8519138  34.31017894  -16.09225072  -46.40309576  228.3995776  -115.6870308  -20.45186423  271.397079  415.9018791  74.62599482  
147.9501718  199.1077236  -93.71987661  245.8619964  341.5706326  556.1203477  116.1817917  270.484223  158.4624402  113.4264687  696.3373029  258.5704261  350.7832873  375.0109565  -229.2667221  52.68166547  369.8422395  101.0830727  142.2042273  -207.3386081  667.6402627  36.57772326  -21.55136128  -24.29629992  228.3938576  -98.3992384  -10.73905527  261.9859392  418.0470012  82.81824649  
143.5119277  209.4140696  -97.68099702  246.7504844  366.6244179  548.4597984  111.6333483  285.6987648  171.0288945  110.729019  686.4083643  245.5755034  362.1193459  371.1830336  -234.1123022  47.78548879  376.8660967  80.71414729  129.6141901  -203.5693821  670.5736774  26.4538488  -11.85207558  -9.132546549  219.8956102  -106.2937249  -25.28486143  270.0619121  410.0978028  95.10031848  
158.5326877  209.6273794  -93.89785735  243.5205803  343.2920786  558.4765835  122.8094727  274.3389139  162.7447431  118.879612  693.2805001  264.9949928  363.7533239  353.2298112  -221.1199594  53.81157132  367.1424612  89.86126849  133.7592858  -204.1894469  642.9812303  25.53329841  -19.52780749  -23.92062032  232.1555151  -96.3962472  -43.72446513  290.4552696  429.2026532  86.08761257  
153.7878093  201.2018733  -87.77879425  242.8000751  339.5437696  522.1364722  107.941049  279.2624392  190.7870843  132.6350718  679.6284023  268.5442874  333.5290062  356.6808841  -258.9679066  36.78628602  386.6806432  83.6897491  111.4746209  -189.4780261  666.638341  30.9925865  -1.966261692  -45.6471745  241.6063964  -129.7162252  -30.43970071  273.840614  435.7262626  98.14809288  
145.2983065  212.9031387  -95.8515712  224.75861  346.1979292  552.5135822  83.04280366  263.537682  163.824591  66.94573179  695.1515943  279.4432385  362.2318299  319.2005889  -219.8346916  72.30850748  358.2379832  112.1699885  129.1746896  -224.4849604  676.063438  65.70289974  -47.96687506  -18.97963017  213.6596504  -58.31765459  -2.974768021  270.7342187  370.5933648  79.39626365  
151.1498036  189.4821031  -100.1790812  242.2445376  373.4383085  532.3689864  111.5741038  246.2291515  133.975587  83.15361532  668.2923281  292.7797395  330.6694845  365.8858043  -201.5979308  66.39700179  346.7630494  86.04388103  118.1144327  -229.4700886  632.6547231  14.42088812  -33.53426408  23.27352711  274.5231023  -75.72971247  -39.17510342  237.9639479  470.1058755  158.4328521  
127.2420972  184.126403  -98.18760931  237.778452  320.9172061  545.1842706  87.90482614  277.3659717  186.9559752  86.31509862  690.3155814  293.7360479  319.2151627  331.400782  -231.7542929  55.85104802  358.1431379  139.1917919  137.750652  -213.2970657  657.7979835  93.7579467  -22.64262912  -22.82441587  219.838782  -117.2668593  25.5659833  256.8144244  396.7293858  62.56309362  
131.2959021  196.8149615  -109.321798  242.7479045  341.9080159  553.2381144  86.5625133  273.0334269  188.8492486  79.79494016  693.6164366  290.4977305  308.4581415  312.6406468  -231.8084066  50.75438127  375.8120418  141.1342195  145.7141482  -197.8315268  676.9071899  67.43435001  -40.33942158  -36.42131823  233.5317355  -86.69317768  13.6496252  265.9039509  399.7551731  46.66626439  
129.8972013  195.735956  -94.48356081  258.868309  296.5227992  540.4837146  99.0246107  290.6059174  182.1923004  107.026989  693.4496943  276.5257792  323.8516436  342.2102352  -233.4526367  43.8002562  360.435621  105.8593944  122.7667986  -205.2651249  673.6750014  65.94133426  -14.7610128  -58.63941723  213.2181156  -123.7698402  1.92604124  269.370365  393.8075938  59.86199739  
130.3125547  196.4697577  -102.5872151  264.7861806  372.2450574  545.3577442  111.2099429  263.1752992  155.3767173  120.9956695  670.4554971  244.2046391  324.9045847  371.9372688  -223.3278173  48.22091801  358.1682281  55.20898878  123.0859168  -186.9506462  668.3576187  4.851707662  -9.459556994  -26.18625006  257.8076462  -89.55716404  -30.04771626  280.4028336  425.4920228  94.39280602  
120.7081581  182.8394635  -94.39441844  248.3681889  316.2520295  557.6689031  83.38771792  293.3998415  223.7054914  92.64440145  676.0294156  262.3426604  310.9986389  323.7465304  -228.0243999  54.10638271  367.7202228  127.7122489  121.1002157  -213.489242  697.8861419  73.85351784  -16.25031766  -31.15673201  206.4548013  -116.6174255  29.34870131  256.7418675  376.1367242  66.80891823  
118.0297038  194.0167905  -94.95866656  248.3570248  397.8965492  529.0812159  110.0810785  265.8044369  130.6744606  87.95268815  637.9360839  202.208237  313.43411  359.2321398  -203.2178687  27.16073599  361.0653629  26.78170101  101.9913087  -215.814237  673.8676058  -29.28438737  -4.39064355  -0.7432761135  225.366569  -82.89958923  -30.33513873  280.5900071  388.322284  115.6560582  
167.6355381  264.6712297  -73.71062369  238.2791509  458.0579007  549.064601  100.2943289  283.5703559  97.2621065  210.2540332  690.6589405  208.2769686  393.898521  348.5917651  -186.1415862  -44.45532031  383.66361  -4.036814048  145.7472186  -166.5938321  667.4657539  -70.39592265  2.871077159  -69.88399129  223.8702751  -55.83410921  -77.80434912  429.9508543  355.1831746  55.99156437  
164.6159161  173.5578712  -79.52257293  235.1624782  334.0982675  540.0945826  149.014688  299.8044028  84.53382494  197.0701394  678.1101076  202.0352777  308.4789775  370.2442774  -151.0113685  36.60617777  351.0577541  55.73478392  145.7414998  -268.1691166  665.6853582  -72.5928113  -2.130180757  28.95807375  255.1774465  -117.3814308  -23.59425135  254.1914275  558.7429799  194.5829777  
157.1470144  167.69475  -102.3307224  235.1042353  342.8853283  540.8827212  139.3869862  254.934327  93.25065546  140.741898  654.4530237  215.969136  274.137943  398.0765302  -188.0242206  37.28115063  338.5435034  44.70530197  103.7126534  -255.5891467  650.0303278  -106.6352045  -44.00711577  51.08764405  296.9821769  -72.6605945  -33.2288743  223.0992993  533.9185291  210.2611722  
156.6669027  189.6321413  -96.85179211  260.7407523  384.171533  530.3042161  126.2244082  282.1808137  93.75928254  136.7601653  677.9266838  231.5966302  308.8497699  380.4200983  -189.1608793  13.50864296  358.3454583  51.1019656  141.4400933  -221.2168935  669.3959136  -79.99951921  -35.74743706  23.72332817  263.9807078  -76.76403305  -26.47030487  255.7160158  468.9238991  123.7782117  
158.9407178  164.3982265  -95.23010179  239.8747578  331.345609  546.8119377  125.4897774  263.6195903  107.4579524  138.5567917  679.0398381  241.9618126  281.5533137  388.9775356  -187.7571703  30.10478388  334.8387479  87.69212774  124.3343624  -261.4933946  652.3795155  -70.28170955  -42.14509109  26.02127143  284.6650511  -75.16361787  -17.1945007  230.9741067  518.6040482  165.9427582  
151.2807065  195.9521563  -98.66692488  261.2204843  386.9613105  530.8121482  134.293412  283.9831778  73.87278001  116.2144403  675.9702009  222.701044  304.7448221  380.8855763  -186.2489829  24.48326094  339.1160832  56.43784838  167.0738531  -228.8364465  648.9949969  -90.38266846  -55.30350475  36.93886486  271.5553084  -66.09058272  -28.85398847  265.7133313  446.0805848  120.3622954  
176.5340603  202.8538405  -95.10720966  244.3729914  372.6482647  565.480094  141.1448813  264.0722961  52.92411244  94.45024669  660.9832968  221.176382  305.4035896  424.5004569  -153.7575242  35.88718017  287.0732989  16.87407213  147.8041682  -214.247567  600.3707532  -138.3682706  -83.45849856  67.2456856  295.2777388  -8.34680737  -62.8023257  238.4803116  488.4930017  178.8818204  
177.6274749  194.5087321  -79.43115383  240.7635389  362.7538561  549.3160757  124.501153  286.186647  115.4648042  121.8386174  682.0046658  234.9217179  326.1661097  374.9389843  -166.0761989  32.16453043  323.0468197  58.74129412  157.8995809  -224.9398397  633.4541352  -87.66972245  -28.78199478  36.1053425  261.3702654  -75.04606803  -47.8915102  248.9599939  494.3525185  112.0011469  
162.2121003  198.7836806  -99.22766918  230.2627125  368.0499782  539.0757045  146.5425919  256.6227574  72.86160828  107.0764531  687.2562338  238.584564  340.582583  378.050759  -173.8647044  48.31857717  333.3463971  48.13314584  149.4106858  -210.7289947  639.3897111  -85.3109732  -48.20782926  23.34882531  281.9355673  -51.39570919  -36.36493272  263.2362077  470.849038  140.8092479  
155.7400255  199.0538352  -101.769187  236.4535945  341.7483179  558.321126  92.81421805  265.0522034  143.1021998  81.8123955  704.285404  280.8516687  321.6607155  356.1477258  -194.206262  58.50840221  343.4484439  123.1768072  157.7015597  -217.4085381  665.4954624  -13.08129904  -77.05472428  29.42018518  245.4697751  -70.8824771  7.999049064  229.5224441  432.2145714  109.9834732  
149.5157964  195.8849304  -109.12065  244.7455426  344.0963641  543.3888011  105.3066384  258.1298045  99.6379585  89.31864417  699.0131052  254.0167862  317.2469823  364.3771942  -202.9742644  60.56685914  336.4964036  97.57172607  169.1632879  -209.5550011  658.7188836  -36.62806868  -68.3713896  10.12872199  267.8014805  -60.46170095  7.344924754  247.0783369  437.2065855  106.3996381  
147.988704  195.7439121  -106.1694032  234.7749789  332.3324007  562.81596  109.2275349  266.2551035  121.7460786  91.20523932  703.113977  277.7631252  340.6296369  365.8760126  -203.0436663  71.68470431  360.8942497  124.0964371  167.4042784  -209.7383735  672.3983011  0.180665039  -76.02443858  22.3424596  245.9742036  -70.25232481  4.558138447  242.2031909  436.4391839  124.2121533  
131.0404058  178.9105463  -89.17130472  230.2082862  375.2850165  528.3611427  117.4158724  242.1878915  153.5924625  135.0590631  651.5156813  242.9352304  327.7598431  332.3881619  -209.8235508  28.56716543  342.3855366  44.51551997  95.46191206  -191.9319824  643.4905176  19.74161807  -1.483148905  -52.22806584  280.2863143  -90.08527811  -25.28367724  280.2592117  461.9556101  135.4516619  
140.2701897  187.0342276  -90.31123764  241.504463  322.0605887  534.6560169  106.2832847  290.4510993  188.3806953  114.9505363  677.3754553  243.9778115  302.5487819  329.6632302  -221.8105609  39.56313926  357.6598251  91.35802514  119.5955055  -224.8819312  656.5532387  40.47901558  4.894536064  -50.83899621  233.6712156  -108.5344733  -11.06058936  279.1615543  441.8278011  74.23855783  
135.0658237  189.5468333  -98.17201596  260.6159762  388.0217872  519.78308  116.5647825  279.8723366  170.4427912  122.2795057  675.8137936  260.0678093  345.802337  367.0541557  -239.0234641  29.66177977  392.0488972  71.97112282  105.0559431  -198.6301329  674.4649739  48.02105123  -10.56048541  -10.11712614  244.2603162  -108.9553471  -31.08166386  266.6464685  416.1602696  114.9307301  
144.3910099  192.276233  -92.97815956  254.2880142  339.369996  536.2757158  103.7719122  284.4596288  167.2948224  122.1751244  686.8375332  260.8280532  330.1460296  346.8911741  -230.9464752  39.43165939  361.5973121  83.37761592  120.8404662  -208.7183637  670.9371368  45.71691143  -16.1552601  -37.72186295  240.5335539  -104.0075079  -24.83229153  268.0788336  427.5396476  87.40347505  
135.7735215  192.6001165  -92.21378809  262.2145501  362.4603637  529.0584106  104.5667583  290.7515411  169.0522359  106.9425327  675.85067  254.9257864  335.6546051  347.571914  -240.0428604  38.55724238  382.7813359  86.67667272  126.4373715  -209.9721249  684.4996532  45.81121896  -23.3591798  -10.19107005  232.8073051  -104.3649972  -21.61671175  269.7687933  401.3049131  95.72531819  
142.5535961  192.0674852  -92.75698675  258.944874  367.2875096  529.2652037  108.5467191  287.713772  170.6278152  105.3801337  680.98775  246.3445155  332.0914914  345.9070955  -232.8193759  39.46750752  384.2901636  72.67271601  115.1854891  -211.8620406  677.2891109  24.95170086  -12.43131932  -14.58193587  227.5417538  -112.4591823  -37.38412678  280.0422644  409.4304457  98.07266113  
140.7999215  191.4145285  -95.93537384  255.1696287  369.991585  525.3419479  112.1934437  281.7993766  136.7363671  111.3140848  676.3083648  236.1455964  346.8649862  361.003525  -232.2132339  38.51854954  386.0928131  63.18470584  120.4448634  -206.4021496  682.9234498  19.83728305  -17.4338825  -21.39110652  234.668492  -106.27977  -30.86591427  279.4297578  414.5987371  109.7067013  
142.4449584  193.8476992  -92.37736578  244.3332125  353.7682466  531.5770843  105.3613087  284.339797  153.5634625  112.8803188  685.077054  237.3042363  341.5713503  356.5366241  -236.0637805  39.87223701  378.5452023  74.19552239  131.2604707  -208.9539448  676.7584305  24.73062062  -14.55339857  -39.08004365  240.2917611  -110.7142385  -17.79887422  273.5491152  412.3657116  92.53873358  
144.428256  201.473633  -102.0613605  251.3126469  358.2927679  538.2217127  115.5568885  287.1692258  145.1563861  108.1509667  689.1280518  237.7142059  351.222156  369.277079  -240.0805695  34.89997387  391.0145388  63.62492013  123.971642  -199.5187314  684.2392553  10.11229018  -32.17372034  -25.54123013  232.9038976  -112.7372353  -31.44441796  271.1002142  402.9241266  102.7098068  
143.1539394  201.0103973  -93.4380716  256.1809806  373.4850199  535.5540766  112.8280926  280.6711307  150.3359074  122.571366  670.8517426  241.7404104  348.4332244  363.9228225  -236.3131717  30.85417294  375.4642417  55.90753082  125.3750545  -200.3084696  667.5905375  11.12994619  -17.75416371  -15.41638676  238.5873135  -101.7849223  -31.40359601  277.882963  408.2612171  104.727544  
142.443436  195.2446165  -93.80819446  268.3451054  372.0843151  530.2897324  125.7203487  283.5416141  146.1344457  136.3130636  669.8581698  248.8927579  351.2230494  366.4987291  -234.5853775  25.80362774  377.3376977  42.39473147  120.6825307  -180.9672433  674.2496678  9.921792378  -18.44939923  -25.60905688  248.1219829  -101.2269735  -40.05921165  283.5803175  408.9160432  114.8925853  
145.6805938  185.08316  -90.21580689  260.5352715  347.2511798  530.2869797  115.0120049  286.3888855  150.5476238  145.0999656  672.1694236  250.0615731  329.1624799  346.2598875  -227.4611695  22.74984975  372.1725979  54.21282254  103.3807638  -200.2636027  675.293018  16.59189419  -4.341697772  -41.94640142  243.5066218  -105.8501348  -34.90555882  287.0985548  439.1358955  109.6424574  
142.7890172  187.7730569  -90.07954108  257.444398  363.1095746  533.7298369  128.1350993  284.0301353  140.417529  149.0856019  669.118006  241.6154001  336.7919533  374.9830856  -235.0519682  24.45519963  375.360441  47.92351508  108.7266168  -200.7892034  670.8668954  4.555328172  -9.843416708  -19.55051339  245.3876896  -106.9275739  -42.80239383  279.3221811  433.0991638  115.5710514  
146.378136  191.4869592  -94.01949642  261.8839211  366.1475966  527.1404901  122.0046856  285.0910257  157.323233  150.862633  673.987  243.5932565  337.7300865  359.5121523  -241.2462973  22.08337807  392.5996189  46.24660853  101.2954315  -193.1717358  681.9193392  9.860389672  -0.3008590856  -34.86921645  233.9450596  -118.8361738  -41.82791409  287.3975252  429.7594393  113.3548307  
146.4552123  194.3171694  -97.45169483  261.8529988  347.4912776  527.9709509  127.886167  284.4859801  147.4101303  159.1448104  675.7525343  244.9656017  341.6256214  368.2300421  -235.2014441  25.36041314  380.3652157  58.42669418  113.1504947  -194.9116543  672.6705105  4.106964862  -13.13965249  -30.04483381  233.9882811  -113.3424073  -39.6579769  282.378249  433.3523884  113.899756  
141.571854  199.2917265  -93.37882937  250.3314333  349.8442177  531.6523499  115.7439462  283.1975292  157.380339  133.8610056  668.5095722  242.9657783  336.8062215  350.8685506  -236.548851  31.00481232  378.2379185  62.36634582  122.755651  -195.3995504  667.4983311  11.45251536  -21.56754154  -24.23446956  222.3411373  -101.0502746  -27.82008603  285.6791788  417.1674273  107.7920366  
148.5050622  203.7235291  -94.78444933  249.5915419  378.8015575  543.1308302  119.4240264  277.823239  160.3092561  142.9211448  681.9371985  258.7473853  334.0632713  355.3795139  -216.4014633  28.4603476  371.7511173  76.96153766  126.1431753  -196.9596238  666.594062  10.24250005  -10.73789904  -5.325235294  229.3210743  -88.90610513  -23.05236089  281.5666274  430.0609502  100.991853  
152.1277156  197.4286149  -85.8132469  250.2045231  344.0500984  541.194657  114.2146213  277.0922123  153.8590235  136.2955937  681.612899  263.9974257  318.951179  357.0075958  -202.2103887  31.38345084  339.692145  86.13644115  128.8232824  -193.9615248  647.3197726  13.04923511  -11.34685795  -15.99042665  241.3341995  -100.1569188  -13.8076954  292.1445064  429.6825695  84.89364349  
151.3889237  183.6968136  -93.07315369  282.6713211  336.0629412  518.4925018  123.7084407  278.7012637  180.5433044  122.8709265  689.8253101  264.7788404  329.8166171  340.4514862  -221.6990476  41.87433175  383.6790587  86.42349221  104.8980029  -182.79679  679.3125107  44.33220415  -18.33601676  -52.60565001  253.7731482  -108.1842123  -38.08757716  296.2330295  431.0850771  102.1167621  
140.6341388  189.607197  -98.2377996  245.1365414  337.4349734  557.79672  106.4742506  280.1081526  199.3999196  93.87187909  693.5464721  255.503925  333.3060474  357.0190207  -216.581381  60.62861107  375.1502809  131.1151702  141.441468  -212.799117  673.2633905  76.48279838  -22.61460684  -25.77862822  235.9867345  -93.73320185  16.90868502  271.242899  413.813718  96.84705599  
132.7879089  199.339629  -100.6743464  245.4859431  354.3636733  548.960175  113.9532779  282.2833769  161.7317698  90.44316401  692.0125927  240.5550219  338.8205879  363.3199712  -219.7474052  47.54116568  379.5221575  98.42940939  143.3386502  -195.7968647  669.7664643  35.61988402  -29.64243801  -29.20453491  228.6457354  -113.7061645  -5.198185618  281.1160625  397.8192952  84.96717598  
133.6026577  186.7345125  -108.2867141  226.1944579  323.9856603  568.2498801  89.06739257  279.5150574  191.68346  87.22134105  691.957004  257.4897937  314.3868111  321.3551258  -220.5078664  63.26996546  372.7115954  149.3475212  150.3788859  -218.1759033  687.0219897  68.04866303  -34.57997053  -40.42477218  228.5539847  -81.56404083  42.16112631  267.6335715  412.6357759  82.46967151  
138.8928332  175.4421034  -96.1070391  246.351843  358.9412043  536.2162376  122.4226347  289.4657642  141.5269671  111.9361496  683.9492313  230.7454357  331.3054671  367.4145557  -219.9196801  32.27092253  381.4112377  77.21357871  137.538396  -202.5525776  683.1646094  23.77899697  -11.69299885  -45.41948162  262.668586  -100.9598677  -14.43077643  276.2184543  450.0272475  107.1492826  
132.899739  215.6889086  -105.5434882  212.6607922  282.6257736  585.2728373  78.44002147  295.4282393  244.4442106  51.01893637  726.3084466  274.2075502  329.1333551  328.9741674  -223.391119  87.60201738  368.0368354  189.3679687  167.8778549  -231.1134693  688.2357891  112.4763753  -63.67484049  -22.46041524  167.8445906  -98.08547724  62.88910018  261.7095994  346.2471648  55.66910268  
124.8301757  205.8394465  -80.16751705  237.11614  297.1892736  527.6731744  85.97115494  275.3104151  200.0681481  122.6330721  699.3375095  267.9136467  312.9311649  345.0390083  -237.8226304  51.74149735  353.1032889  130.9155514  153.8975242  -200.10599  674.9711662  78.29657201  -13.45104107  -72.15056003  217.2066383  -122.5375938  -0.4829163066  284.4219886  398.9094007  16.8463354  
174.9322143  217.6006482  -88.55136429  249.757135  379.4827248  544.4719155  144.0462715  277.2804149  63.59642713  138.2711811  693.2897812  216.4331521  342.3257336  420.4955076  -202.066519  18.47899624  336.5860183  6.010372683  165.9697215  -212.630637  638.4159507  -119.0870923  -17.00311774  -7.56196815  283.8546125  -85.70318619  -79.70472626  272.3465617  499.5386721  82.88632764  
161.7498629  193.3257162  -93.29782355  249.639845  356.1051335  548.7618541  131.6737529  271.23592  158.953818  88.66667991  694.2901346  251.9953952  344.9971842  391.4900037  -208.3700217  58.33990988  367.8259745  74.24565911  129.6696707  -218.3590318  662.9522633  -27.50864736  -36.75499544  26.27967518  239.3924536  -100.1962892  -42.9346893  243.153707  424.8176566  125.6222229  
154.9198816  192.0881956  -94.67161672  245.3967628  361.5883027  533.7103329  130.8777099  255.0159131  117.1791139  113.2118921  687.3815896  240.660618  333.163461  375.3828726  -197.1399124  41.51994395  342.8114821  67.29541291  132.4952  -217.6098754  647.9625521  -43.64342607  -39.71507888  10.90549695  269.7285682  -80.8076779  -34.31727505  257.934548  451.6902561  124.8784899  
148.7865803  195.0718979  -103.1052325  241.8903798  369.6599273  543.6156524  104.1845449  255.6881814  111.2921311  91.90546991  675.5554124  256.339377  320.9789209  353.321287  -198.5540903  48.20845097  347.3284609  94.10256647  148.3421391  -222.4918926  652.2448549  -30.90386468  -57.28584517  22.07299446  261.8723954  -49.84900561  -0.5669450097  236.8453244  447.2471637  124.867387  
146.1778553  182.3665473  -95.23349504  248.1095975  365.3503021  548.5247652  119.9424219  260.9022559  78.95587312  114.7544086  670.2813559  260.5764035  323.3688483  362.3892132  -189.3545141  38.34823398  336.1329333  62.97772239  128.0686418  -218.7853325  645.4327929  -34.29405662  -45.90541753  19.47334528  268.506483  -67.86541392  -24.03380067  243.9076807  452.6950894  126.3927733  
