265.7204063  196.4147136  -102.2717024  537.5689627  288.5321493  793.6529635  427.3343121  478.7593143  558.3439181  328.8566464  639.8390322  56.40072294  368.1774504  314.7222259  36.95098599  227.9384771  197.5055816  149.9298388  90.2955007  87.05935496  677.2057881  169.3514207  -5.442546256  52.2999896  328.2042861  -46.63719997  -3.403823279  292.1920418  254.2741033  253.4963623  
261.1744305  195.3062776  -95.1704758  537.5480127  273.9274716  799.0003177  412.9675856  477.7829583  553.0666017  318.3554245  632.155069  64.55493873  336.9935332  280.4076567  19.26293056  203.7917927  214.7442859  152.7700543  98.7344855  76.15258696  680.2329109  160.4708877  -13.88239075  51.60921607  323.7647725  -35.05025883  5.989892645  287.8225127  251.0681211  259.5848905  
263.2311968  196.1385603  -88.15817829  530.8945983  262.9588452  794.6112966  412.8875262  484.353745  549.5042237  296.5475625  626.0585398  67.42644592  322.6867244  269.9573849  11.10262135  187.8444158  220.4229361  139.6526726  98.45840795  74.29923186  683.2773022  160.0745009  -11.57260358  38.61048326  312.317934  -18.84646274  9.193142382  300.6206241  262.974863  254.8092588  
260.5974865  200.7156085  -78.80873345  525.3484436  279.6923876  794.4816465  416.8807311  477.1518278  541.0679119  287.4243105  624.5850172  66.54103419  328.2792034  283.2188592  -3.463498026  172.0553422  216.4158953  117.7177971  103.1284794  70.4385748  698.6023864  173.1800695  3.422563835  29.00176789  308.617248  14.93652733  0.5351194112  335.9819107  282.1300478  249.1804628  
259.7316976  198.2716396  -75.85765839  523.6439906  287.4988759  795.871846  410.2603881  477.7942843  540.9206844  288.5085406  624.8746891  69.96004672  331.7152661  289.4466844  3.356145397  172.4722769  211.5475509  118.2338685  103.4152175  67.93867402  698.7294503  178.6938991  1.688840998  27.74725586  311.5648252  11.12585353  -1.310470686  332.2084756  279.1223209  248.5177983  
262.2176379  205.5847063  -75.54805995  518.6842611  290.0543719  808.4410312  410.5799782  489.3594461  548.041772  285.5927035  627.2095811  62.6679319  336.6522223  289.54287  3.871798077  171.7622184  231.57867  121.3900923  106.7923478  63.66803975  707.5384715  184.6087452  -3.434945784  23.62069246  312.7766535  22.20493698  10.62367421  333.5300854  279.5039783  245.550177  
262.4685179  202.2159043  -74.21328804  517.4047295  296.5307274  801.7794935  413.8486425  487.5147535  553.9400408  284.1165068  623.8343113  62.28789754  344.8693277  300.094074  8.767302492  170.1621695  224.6993589  114.2639569  105.2600744  68.22653387  709.4942662  193.0760786  0.3123279498  20.32872541  305.5311149  22.4069475  4.546084483  340.6159563  288.655987  240.3942534  
259.2926491  209.5208426  -75.04029713  527.7262326  294.2250942  795.7985985  410.3573348  480.5913885  545.7334845  295.3024322  621.9016701  73.79283562  341.5401489  293.6104568  3.846239904  168.3409906  215.460087  116.2252545  105.2895003  70.85829304  706.5024803  186.8557395  3.533694537  21.19208982  303.6735788  19.52937326  -0.5689667807  341.9734048  288.2632544  245.255716  
260.4556929  200.3169737  -68.23013081  526.7918032  291.5280519  792.6627261  411.7721224  480.6033513  533.1721006  290.0037478  621.8577117  65.2476888  340.5815565  289.3647543  -4.101661124  167.9470796  210.9065518  114.8280468  107.8831569  68.1767657  707.1822384  188.2880236  4.316140602  20.97668088  304.2508703  22.04201285  -7.5347198  345.8868476  289.3803424  249.9003699  
259.3752271  196.9457022  -63.63593273  527.3980894  284.0939803  792.4869162  414.0751502  476.3720707  534.1222475  287.6866234  622.4671586  66.80855019  331.8599031  286.3625414  -4.717498502  172.1172304  218.009204  114.6690536  111.94854  63.84035122  701.8740001  178.4687568  -0.2327853606  25.621375  307.0225924  18.62179853  -0.9844521684  334.1492318  279.8168277  251.8506178  
261.6634924  187.0508009  -70.34477222  520.822919  280.2996531  796.3405451  412.7866021  476.9296913  541.6291183  294.6323555  625.1421891  63.13663459  334.5037906  286.0154962  1.23505412  178.0486173  218.579433  126.793654  114.0495445  62.45471824  696.5750485  177.7315688  -1.207078405  39.28117388  308.0671528  -5.883029164  -2.87388399  316.0698269  273.8220339  255.4050399  
262.2376844  194.5954317  -73.07170827  530.3418324  275.231863  795.6466023  420.8940926  476.0259052  543.9525177  289.2374935  624.7220309  66.96835068  329.4102053  282.2741808  7.34292241  171.7064194  209.4515219  118.8870681  101.1953521  68.19603232  700.6735379  173.0096617  -2.91778151  32.24067169  302.1624059  -1.565409446  4.240501649  328.4669446  275.3646611  248.5324013  
263.133312  201.9283039  -72.22756586  530.7607686  284.5742568  798.500346  419.9471402  480.6010754  542.3265448  285.26348  620.6066891  66.77024272  338.4743932  282.2611059  -1.149188197  172.0915083  211.9463465  117.4624862  106.3338954  68.66522396  706.6866829  185.963827  1.388409461  25.06240634  303.8548475  3.157979093  -4.659026958  335.5685884  285.9091376  245.8294497  
262.2118242  200.0592998  -75.51050095  534.3493062  284.332767  797.7734288  418.8413195  475.8438884  547.5769375  290.305567  622.3048153  68.80166754  331.440231  288.7690274  2.447260265  173.8117415  212.7897404  114.8287147  99.92735873  66.15032749  707.5436527  183.6980481  2.888378176  19.3503924  308.9733522  2.69216371  -0.6611966424  333.0180583  277.9507373  247.4926223  
262.9809875  197.9038616  -75.80939471  531.3451689  279.1028966  794.8591782  414.6793091  476.6831784  550.7158489  295.9775433  624.3308474  70.89104919  331.2749132  285.9316387  7.570338755  178.6319108  219.6375267  122.6805445  102.1270896  63.04092834  700.9866787  177.9695569  -0.4498677266  28.97855643  314.2998578  6.806639665  9.236628207  323.8636778  271.2065832  250.3292499  
261.2143714  202.15082  -69.52771876  532.2718257  278.1439284  788.4629049  413.1234382  475.9171136  549.9456724  292.2562949  620.4265448  74.27962761  323.4860895  279.7868374  4.518958596  176.0198278  232.0729679  122.3385086  113.9207939  60.42531113  699.9850635  171.1780086  5.294947483  32.57101032  320.6824511  26.26673937  7.016061342  328.9981988  276.3064992  252.7686378  
262.5888839  197.5801778  -65.03816265  525.9596086  275.7990221  792.0064026  417.9282582  477.6558638  550.2001412  291.9606322  625.6776711  70.36268142  326.1772935  278.5845637  5.829446124  179.9208923  240.4900043  125.9740547  120.8297379  59.46560277  695.1628958  174.4961648  0.69318266  38.16388596  323.8737704  21.73749873  5.912341876  326.5923389  273.3645633  256.8985869  
260.4141898  194.4065345  -70.21663406  523.1379421  280.8444818  791.9230663  419.460979  480.228734  559.2103575  288.3912864  627.8228546  68.3348854  337.2260525  291.6704858  19.20709307  191.3160814  237.366658  120.9919504  115.512203  63.33560396  697.9348559  180.4305558  -0.6070850365  41.89102357  320.9590486  10.03541437  5.918885498  323.81463  272.6285135  253.4645633  
263.8379806  207.7257766  -73.98025558  530.2502652  282.6363259  794.7977842  419.1653202  479.2657846  554.2989054  292.7383045  628.7329048  71.02311722  336.4717465  290.902331  10.71258182  185.7031307  229.4700842  131.7005216  111.0165889  67.54176551  697.8981585  173.4882975  -4.213701697  37.12418586  314.7209764  10.67102187  3.591941302  323.887969  270.0036544  246.7706568  
265.8035549  207.1527934  -78.27756608  532.0363865  282.188689  800.8928947  409.9455765  482.7172064  548.8209868  298.0619392  626.6688739  59.59570731  344.2659067  292.7569451  10.21896523  179.9167894  211.5911139  126.3463441  104.0253458  71.90520033  702.1480569  180.7445017  -7.893392746  35.58735077  305.2021266  6.020216822  6.06018964  327.9579964  270.9081165  251.7471593  
262.2504358  206.6421351  -81.77825104  525.4784826  277.3452369  801.4749894  409.5518505  487.6773698  546.0511483  295.4101771  628.70005  58.49959016  343.4820747  287.2632864  5.808064796  180.1760441  224.7506809  132.044182  109.1301276  73.94826838  686.5015682  174.9366073  -4.847436767  42.46342572  308.9864759  -1.331436966  -1.761880753  316.9035877  276.4350414  257.7150633  
263.9646737  200.5970317  -71.40866614  522.8879064  271.3661871  799.590754  413.9483441  494.8893873  544.2898449  286.6124173  636.7719751  64.56752267  338.372639  284.6188895  9.900363879  192.7473895  242.8690883  134.8002458  115.5463565  64.34608867  684.2119079  173.4756517  -9.308324366  43.50773032  319.5116753  5.752345852  -4.010575067  308.9089872  270.700102  254.4571273  
264.0257763  198.4275959  -74.86379477  527.4697744  273.2309233  798.1652255  416.798721  485.8422604  545.8325454  297.4131501  631.1497287  63.07695678  330.4533351  283.7506886  10.01394201  185.3019362  228.4332178  127.1055195  107.051199  69.94196091  694.7928035  173.5857543  -5.285324995  36.90566491  309.3148904  6.944293015  6.401519862  326.3614357  264.8587351  251.0588154  
263.9487271  206.8660864  -74.52921181  519.6405859  285.5439112  795.3357433  422.1818582  483.2446201  547.1591406  290.5778868  631.9692135  64.12791212  334.9294271  287.8518721  9.664427193  179.7405729  227.3979095  117.0924163  101.5917018  73.70170257  707.9446255  180.6152848  -1.603888336  22.72203528  303.9351963  19.05971358  7.712571474  345.6779153  275.6748006  237.2787057  
264.5397031  207.7061645  -80.14927263  521.5793908  293.7546378  802.5651045  416.0027716  483.5768986  548.6901236  306.8028395  628.8598495  71.35478132  348.128031  307.8267106  16.8066599  181.1201367  209.17434  113.0006112  91.76142668  79.19034357  703.4722847  187.2675265  6.73687168  14.0771009  300.5143772  5.817068793  -3.581084986  341.7951236  283.3025974  240.5997867  
267.1848119  205.8854073  -82.3143528  519.1331481  287.8359059  802.0888855  419.9176978  495.3586767  556.5651226  299.4221066  629.6269793  67.20945802  343.5917107  301.3960383  21.74673047  188.9954344  219.7696886  118.372307  93.81668656  82.90381706  700.7625104  183.8534684  2.448058298  20.63713646  307.4366692  -1.937720368  -1.673021576  336.8636933  276.7419024  242.2177495  
263.4631749  204.0641502  -78.46244349  519.4663957  290.8993345  803.9220985  418.0360278  488.9499555  542.6591264  293.2230157  630.0893804  69.69295964  343.7902605  288.140576  11.50536816  187.4747121  228.5433365  123.607205  101.1414683  75.29030557  694.3895179  182.8126394  2.356268973  23.82167133  315.0594818  7.166043993  -2.54903573  332.0347013  283.6845724  246.2519714  
267.5024856  198.2723569  -78.84744527  519.041311  293.3773165  800.6173224  420.9989912  488.7679212  541.2851513  302.2691282  631.3258484  68.05240291  349.0243569  295.3704904  18.31176587  191.5088065  209.291298  125.1253756  97.80957825  78.05791019  693.8926046  183.9045022  2.109694727  24.90727233  310.0911985  -3.996141312  -9.539629333  325.8980559  282.0444976  250.3132751  
265.2091405  199.210941  -74.51178339  522.3363042  290.3078302  800.892628  415.2445203  486.4904624  544.4969371  298.5014576  630.5506557  72.50734772  343.5638649  292.0238131  17.14280302  190.644295  212.7400444  119.0100951  104.4005368  78.1085145  694.6451131  180.3616947  1.629270572  26.17366678  305.4704319  3.896031109  -4.662306953  331.0924296  285.1134199  249.1000183  
263.2272333  197.0150765  -75.99402478  521.3369075  289.8724114  801.9494304  412.4561599  491.5703277  543.7633991  294.3372576  622.5232273  62.30752318  346.8974053  291.152059  12.1027128  185.5752219  212.7047289  117.3153438  104.6480263  77.33069926  697.5855615  184.5841719  4.426396329  26.66812261  302.057299  5.329186577  -9.689983828  336.08506  286.3761606  249.5036469  
262.4607977  191.0252183  -74.63289234  529.2744827  286.1936821  802.1743916  414.7875931  487.8098011  542.7284997  286.4830855  625.0561687  63.51577335  343.0713692  281.0767309  8.014222061  185.8715815  223.5067991  119.787116  109.2570574  73.04308937  697.5646817  182.3820199  -0.5757838618  27.97454458  311.4170821  -1.533433149  -6.889978289  324.1425105  286.86221  255.7106983  
265.3420398  196.6804125  -75.42822321  526.5714207  288.2241426  805.0340222  418.3969332  493.394769  548.454789  286.5131404  626.7871666  61.8925734  349.3385976  302.6170725  11.32085364  195.5151381  220.0429378  114.3554102  104.805734  80.70146369  697.4117328  187.7893329  4.383988418  25.25731251  314.0632245  -4.449113017  -16.19257141  326.7729172  281.7367446  247.7858056  
262.9023729  195.6849516  -84.134056  529.713195  283.1954693  801.034722  415.6469611  480.1097777  549.2504598  299.5159371  626.7957816  61.70260208  345.4064384  295.2041696  1.753539695  188.4515999  210.5971198  123.307848  111.0955079  68.96779552  698.7851907  182.5492242  -0.8810332304  26.48705924  309.3557576  -8.753311648  -5.151308611  320.907165  277.0026193  249.1084516  
260.8185518  184.8139616  -84.92973189  525.6233037  277.2406281  801.9930998  411.6818301  477.0392921  548.2262668  299.937921  630.8982845  62.04368906  339.552152  284.4647736  11.47469688  193.7370283  216.8476039  131.0538587  111.7942381  67.31315684  688.9641255  176.2950003  -5.032257339  41.47783495  315.5565984  -19.47943764  -1.968924309  307.6200226  267.1271742  258.724131  
258.9969058  192.7748039  -75.01117819  526.1993097  288.6964851  801.6071678  413.5408108  470.4773203  533.526971  291.283987  626.0410604  70.4299529  341.1382582  282.9376342  -2.822934291  174.9462696  207.6629924  127.4061589  109.9160321  64.46831092  695.8794538  176.9619468  0.903875302  31.72031393  310.282724  -1.029035386  -5.367389385  323.3601658  284.6660995  252.002587  
258.7248143  200.9514607  -79.81496094  529.8308785  291.2727336  806.6786445  420.0119263  474.3080681  534.6813773  280.9766421  621.0754139  68.60250072  336.5071958  284.1920448  -2.535311629  167.6048857  209.0987138  119.460043  105.7450828  69.38193116  702.4364703  180.7185854  7.52301914  20.62159626  309.4927995  1.710791295  -9.397592209  338.1944513  290.5055594  246.93315  
261.5359814  203.3574574  -83.03968433  538.225145  286.1228252  798.9523378  411.7007342  468.93378  524.4317981  287.378515  625.4570925  76.65821048  336.0799169  285.1143032  -6.341234659  168.3390672  196.4018981  127.3849833  102.3133367  66.42916665  697.8570066  173.6597046  4.534447869  26.18832392  309.3785451  -2.871532791  -10.26059407  330.8810075  288.4796447  248.6749628  
259.1564036  207.8546152  -78.86914804  539.0217639  279.6038067  796.4162937  403.2979218  471.4828848  531.9957398  281.8144474  622.9099848  80.30855363  330.2825703  285.3461535  2.873866839  172.8805624  206.528121  119.5347872  100.0992123  65.40770435  698.9354568  173.8167063  0.2289752518  32.28207645  310.3305939  16.84442962  -2.103130569  332.1432593  288.6734217  249.5462308  
260.3700122  202.9069145  -85.29011217  539.2248515  276.0006766  791.1241502  407.5631146  472.5951036  539.8451509  300.5647119  631.2635879  75.97948806  334.5555787  287.8366957  7.144573913  189.4801623  207.8525543  131.9436246  103.1063379  68.41285849  691.2873612  167.0823038  -1.209370584  38.42129606  316.8802345  1.564139051  1.923364556  314.5382249  276.1654465  249.8567793  
264.3605012  208.3838879  -81.22383319  530.2216809  282.3157239  790.31539  409.5895439  473.2146797  545.0503787  299.7715687  631.7490473  80.51901325  326.8965329  283.4471644  10.26847539  184.8148974  214.3391707  125.8495342  100.4274963  74.18726053  694.4040675  167.0565904  0.1757500066  27.35178962  315.9688224  9.928446885  7.780334599  324.5125058  273.5821227  247.5955878  
261.5528768  215.1284444  -76.61456508  527.1317431  277.8517589  788.7163276  407.3753067  473.4972398  539.7088591  299.1834145  640.1272954  76.78858074  318.4125102  285.6535469  6.652524582  184.8483216  228.6864908  128.40668  111.1773896  71.86401813  691.7647813  164.8076542  -0.9167717963  39.51963225  319.6725228  24.22702415  9.39155521  324.1503437  266.9962354  252.7725677  
260.7488613  215.9705275  -68.49535927  526.4584484  297.0940758  799.0395972  401.0152543  476.3839011  544.9022695  300.1764548  632.5186725  75.79287751  330.9541444  289.1405712  3.614145819  173.8350141  220.0818881  115.8067918  112.0633219  75.74032246  708.7920041  178.9714328  -1.853533475  29.66795908  310.135748  29.39962769  9.545820837  338.0748998  271.9827026  248.9693757  
262.171962  211.5058473  -68.29279456  519.7477419  289.5841352  788.5490953  407.8249584  485.8999935  553.6477337  300.0613997  631.2906483  71.92197938  333.9586042  294.9658308  14.12911341  174.9588212  217.6842598  111.9683451  106.1318281  71.24049103  707.1600242  183.8106494  1.374684507  27.52000609  302.2194486  25.02453748  9.237366519  342.958344  274.4466573  242.6234378  
262.5386688  211.8012779  -69.69791594  521.9890604  290.7415234  792.2169608  415.1813268  477.6258082  542.2233744  306.2034107  630.5852056  72.92632494  339.4441609  290.5456175  8.173909085  174.945056  215.317672  121.5737148  106.6077552  68.13150074  697.9508654  178.5316529  3.689648933  25.65049818  305.7033273  11.07633402  -0.3704565341  337.4429772  280.0266463  245.4205985  
262.9413273  216.8510674  -71.66830043  528.0482434  286.8224693  786.2157372  422.9243478  475.3817962  544.9210547  307.876544  635.5133501  71.26402406  329.3594377  289.3165601  7.3997011  172.9817284  209.3472709  120.5533897  98.55168806  78.09104818  705.1328934  169.1640647  6.872034372  20.10208943  304.9936316  6.771079918  2.546599788  341.346371  272.7967266  241.1351007  
260.592247  216.5169294  -72.38885326  523.4644087  288.3971059  787.5617202  418.7341625  474.6620464  543.0280142  301.4616171  635.7819722  72.52475662  334.3206634  290.8818464  7.233671949  177.1657292  220.8378189  120.5324788  106.3240269  74.54014622  703.0164229  171.1838307  7.392827347  31.90159748  309.8498567  17.67096223  0.3320965572  344.3166082  274.5387951  245.312162  
259.5757596  207.5798074  -74.43903647  525.691969  292.4912947  782.4363455  425.2966409  472.3946066  541.509869  305.9832574  629.1858116  70.29955426  336.1160982  293.6916786  0.004761017369  168.5374518  208.6504869  124.0056002  101.6917609  75.42041098  702.8800596  179.4495146  12.24587315  24.82807405  307.5993903  11.29942207  -3.605236242  346.4034759  280.1003617  247.8015843  
262.4194345  207.4408453  -76.18373276  520.9828201  290.3093814  795.9357541  419.1157056  478.6682742  530.8977364  293.3458982  624.6565751  72.96372333  337.5690181  289.8397041  -2.642707885  174.6522587  222.3703855  123.7952735  111.5367323  69.35471883  689.8532984  178.478216  8.893913735  25.63277384  314.7184163  15.85682354  -10.50319267  332.5377651  284.9521916  255.7607925  
263.6151433  200.1233406  -82.05496231  518.6470684  287.6896377  795.5875043  420.1457782  484.8665207  535.1376039  288.7992197  629.0890606  67.4952906  340.5369518  293.8039748  3.598185025  180.7606624  213.8079826  122.1412108  101.3051103  72.8532737  691.5179111  176.7171873  2.269420461  27.79878534  310.0434981  2.643563923  -6.879641928  326.3615956  281.9958289  252.5588262  
262.9857788  190.3728312  -80.10621633  520.0185139  294.6498989  796.4323934  417.1734228  484.0141484  554.0964848  302.3944621  626.5681838  58.57187265  348.529285  306.7142318  16.41348331  185.0843736  202.5851365  117.1641027  95.6857264  78.11931495  702.53465  180.1059351  -6.478154029  26.27982044  312.0494223  2.097569622  6.144826543  327.6517954  271.3243074  250.8064112  
264.6869828  189.8102304  -83.65476847  518.1971076  286.2676378  800.9916073  414.0741058  494.1665285  568.755037  299.052142  620.7572044  50.58165689  347.5593386  296.7421837  20.87467963  188.2738993  213.5216286  123.9930246  99.12609067  79.12442518  705.035201  176.785213  -9.428917595  29.35011863  310.5669125  -9.736898537  10.01195257  317.3200017  271.0842302  245.8189652  
261.1451984  186.891168  -77.99692286  526.4481996  271.6823321  800.6127925  410.354507  491.7812098  557.9986376  290.6385414  620.3279037  55.55922555  334.9690686  274.7044131  13.22327897  183.5560877  230.2346334  128.8273889  107.1858526  71.90633338  700.0292793  173.103086  -9.509054082  35.02724697  310.8988129  -10.89167087  6.456586617  312.8202247  272.3379683  255.1997829  
262.8425196  196.0665511  -75.75865643  530.2071259  275.8108405  798.3097051  410.8329165  485.073851  544.7868297  285.5111036  622.4596134  57.89239147  329.7879352  268.8096972  1.438515147  173.1973453  230.7632516  120.7957234  111.8029074  66.0666986  705.2722553  175.0250402  -5.167184616  32.62588922  306.7857556  0.1698289296  4.12810118  327.8076862  277.1075863  256.8415766  
259.2966411  197.9414395  -66.394407  531.4305278  284.5606248  797.2725586  410.1386055  480.8184105  535.6959796  282.5889349  622.454251  63.34368546  340.7380276  279.2919617  -1.021422346  178.4968646  233.336632  113.5122181  113.6070255  66.84935678  706.5594809  189.3195654  1.079810903  29.39119454  307.4626416  21.28150554  -0.7430018247  337.4051684  287.8280509  251.2635758  
258.6301086  198.8663787  -63.33247829  532.7232312  284.2288709  803.3049786  413.9377224  478.8917045  536.8711747  283.505698  623.225492  65.89681929  340.7675239  284.0031051  -2.94295122  177.2268706  233.7011397  112.5814478  113.9545435  69.80508462  708.099593  192.7965563  5.735880055  31.34123565  307.1615767  22.72593909  -7.835438428  340.1199058  291.2164353  252.8485909  
258.1237095  194.7633011  -62.68773302  533.360728  282.4762607  802.5727812  416.0707341  478.3967656  539.3821674  288.0829415  620.0235127  68.57163951  344.0267951  290.9409496  0.985695477  175.4039336  216.2644807  109.2398631  108.4641967  70.60338592  706.0683051  192.7873726  5.96854496  30.96678276  305.2599811  13.93648124  -8.090384779  336.5991118  290.5237387  252.203862  
260.7641624  197.6782326  -68.50190961  530.039118  285.0206948  805.3407567  416.9402334  484.4864149  543.2387779  277.7355055  619.0760723  64.35726234  340.8038774  293.5413492  4.403678252  176.3175686  219.9391822  112.5146873  103.6159438  72.15676375  708.8533211  185.3476471  0.2636098689  27.85546152  310.0324105  16.52243333  -5.667754922  335.3784725  286.3337017  245.9827717  
263.9127278  195.6051477  -80.24289813  528.3285822  294.192235  809.6550355  409.9022291  484.6107838  545.3934733  296.8180201  616.8503591  62.43037667  355.4971639  310.2769717  6.747239769  174.0316027  191.9055184  106.7204747  96.45566773  74.39871723  705.720363  193.8890777  2.998673636  19.69322535  298.4082458  0.6859300624  -12.35905633  334.018014  292.6365299  248.5305581  
261.706198  194.135932  -84.66713755  527.7310048  293.1115934  809.4055777  414.4823119  490.9033998  560.2072911  298.9401978  617.0922836  61.60714845  354.8113056  303.5200224  15.91338111  184.7404328  213.7208041  121.2570109  110.6545348  70.30772311  702.4350556  192.8702237  1.642615094  30.97610377  311.3174274  -2.849879058  -4.141562651  327.145056  278.5230196  249.3070978  
263.373204  189.2831347  -85.4647114  528.3623109  293.392882  806.1280717  417.1266826  488.0705393  564.6594338  303.7112383  614.4370291  59.53973206  352.7530266  297.3570728  11.80371855  171.1374542  200.9292697  120.7774414  101.6583494  69.41845964  706.3854082  199.3460664  -3.670769698  22.5787287  298.1873311  -13.44173165  4.734971004  332.4492034  277.4586167  248.5291229  
261.4307952  193.1367504  -81.72104964  526.679293  283.7868719  800.4307926  418.7080666  484.8794619  553.2346086  296.0339134  621.8187618  61.30965944  345.3458555  289.4259409  5.229538999  179.6843661  217.6618271  123.0599723  107.2374964  68.80188356  698.9795599  191.9126001  -4.327691174  28.82652721  307.0342472  -4.143115671  -1.431571699  326.5363272  278.1447869  256.2439707  
262.5387157  196.8481246  -79.26577691  526.8676108  279.5672763  806.4437032  416.4308942  479.9901677  537.6866685  298.4965644  628.3717679  63.90278454  342.4335075  285.5275056  -0.06625160178  183.6870209  218.8452968  126.5783428  104.3925065  64.91334062  690.3917319  184.0753745  -2.45809915  30.87810406  312.8269438  -5.777488325  -7.721690264  319.3697446  276.1194925  258.8785781  
261.8464945  192.2476057  -79.36275844  533.5543325  277.4816031  796.0724043  419.2930157  471.0708511  531.5767649  311.2924929  634.0203657  60.87081246  337.114636  282.8344533  -1.701833324  185.6238501  207.9449516  133.5828419  100.1467111  66.85879312  682.639083  171.341342  -6.645488518  35.17746402  316.6561446  -23.3569923  -4.395993076  305.7916465  263.0746422  258.3874647  
263.6298808  199.7773855  -80.88491197  536.4404843  277.768062  794.4974257  418.0841141  473.8719706  542.0159889  307.7987409  636.3230045  56.23321121  340.5766392  289.0107116  4.003786633  191.2715942  209.2886091  134.3448492  98.94213978  73.97205204  689.6438177  166.7838975  -7.115949721  40.04213846  314.595094  -13.27052723  3.680640269  311.1689113  259.8073493  251.1974937  
264.9010876  207.8142897  -84.54392061  536.0801668  274.9471508  802.5617678  415.5402486  485.1459758  546.118645  297.4518761  634.7620813  55.45273934  336.2479397  288.9285583  8.624241557  193.0702461  212.6152517  132.2233361  99.53622263  79.95473772  688.6369237  161.9821214  -4.986242844  38.99910857  316.2811175  -18.56434665  -4.216973911  310.42754  265.6552437  250.2237876  
265.9211382  207.565019  -88.86749361  533.3683069  269.3108188  800.8724016  425.4015238  488.928604  554.5618302  296.2619019  633.4185548  58.95887544  335.6654829  289.9552164  16.80060948  199.3988095  213.6979379  133.7004588  98.83247032  77.54233836  683.8435564  157.6589794  -4.325080704  39.66960577  319.3251324  -22.24476592  -0.5859020019  306.6154175  263.0677955  248.5705155  
270.4812473  204.2114825  -93.96537234  537.0116651  263.6541821  793.3991676  428.9671391  490.7055608  553.5304386  305.8479781  634.6422789  66.99637604  323.632019  281.5284758  18.25648466  193.8729329  197.235938  139.7240624  86.53204713  74.0765565  685.299478  156.3128009  -6.249703293  25.07918506  315.8417887  -39.63392124  -2.146849829  300.417771  253.2376414  247.0927567  
265.590239  202.3759106  -86.88198397  537.729995  273.7077556  788.0603791  424.8588373  478.7068763  545.9729791  313.5213823  628.9827034  71.06729886  324.9623316  275.5554336  4.575934654  179.7875372  206.5098371  146.4867838  99.02188644  65.20262526  685.6482373  165.2478946  -0.6378531682  28.29209732  316.7655652  -21.50544738  6.106757457  307.5734224  259.672344  250.2401839  
267.4734535  203.0962204  -83.47637536  534.0092241  280.6005491  787.4222253  419.906937  473.8255308  541.1501409  303.6924685  627.7120721  75.09539133  323.5900803  282.1546282  4.683872889  175.1512802  200.0035062  134.8850207  101.5404453  61.43895083  688.7490069  170.1344838  4.974838651  28.35962793  316.8156529  -2.077326576  -0.8059397088  318.541258  270.0086028  251.58583  
263.3918273  203.8695215  -77.33899779  533.328083  283.8026891  787.8779573  422.6605301  474.994507  543.9196401  294.9538456  622.5909071  78.94508908  326.373702  283.6453418  3.347773694  171.2594918  214.9422523  132.1250518  105.1040594  59.63027991  697.264011  172.8355032  6.415695856  27.78875676  318.1868957  10.49188572  3.136279306  328.6922478  276.8762457  247.3433582  
261.7851058  203.8438546  -72.18239269  531.7019917  285.7223688  790.638532  421.7241529  471.3801137  543.0658352  296.8658488  628.5355292  77.8593911  329.263676  285.2001152  7.084305008  181.6863316  228.3134804  137.3361599  112.8060185  59.75607308  695.6281658  172.9250332  2.013030317  40.07163858  321.7417933  20.03676508  5.817285882  326.258362  270.0467484  252.4163901  
265.1504616  196.640901  -72.49192159  527.3875726  280.5407094  789.8720025  426.3723472  478.928808  549.1863277  297.2918108  633.0494873  73.74103962  334.4061585  288.1913774  11.82155555  189.7150033  222.6004763  138.791081  107.133401  66.40123883  692.6081257  168.8796745  -2.03384647  43.0129668  319.9426997  3.583291862  4.358757685  315.9872856  264.0685623  250.6588238  
262.9536748  191.6246685  -82.55588275  528.2743614  280.2008328  785.6967323  420.5931291  470.3240897  549.6907891  303.0616412  626.1970625  70.26302228  330.0593552  286.3540302  12.38880464  180.5190372  210.3785375  134.0603882  99.36799338  67.73484056  697.6251531  166.6733188  -4.185773076  34.43011282  311.7253913  -5.995825051  11.22357875  320.2397007  266.2756561  252.2078684  
261.0864677  199.9013237  -78.44145802  525.2232429  282.3342538  789.8779056  417.8065537  476.1804271  538.180963  299.4353912  621.2918773  72.10146606  333.4595567  283.816905  0.5330221063  173.8926343  217.6150024  134.9900403  107.0549595  60.50801436  693.4605488  168.6974316  3.681374803  33.8889942  310.2729  11.13717011  2.307908055  326.1554728  275.9066296  251.7943656  
259.9290737  197.2241099  -78.2497586  528.5230143  285.4521294  799.0354747  417.7895048  482.4320977  544.2425645  287.8175509  619.4093526  66.08236003  327.8030551  283.7094231  8.431410235  175.0005404  222.78857  124.4572979  104.6712667  67.6110608  706.4628889  172.2344903  0.9893105244  26.7963358  311.6511968  11.13392702  4.491143758  332.2247055  272.4520042  245.9935585  
260.1823737  203.9215155  -75.45229143  523.9912347  295.4436785  806.6210233  407.7854074  483.5785279  555.8884964  292.2880063  615.9733634  67.75142997  336.1835347  293.8283232  7.93809985  165.4580793  217.7528379  113.1823732  102.6374446  70.32202008  713.5555452  187.0874328  0.4156240378  17.7994262  301.6635244  22.27410828  6.57573933  345.5176472  283.1574539  240.011461  
262.1334668  207.5944004  -74.19213626  521.8499259  296.375685  801.9239032  409.9534333  484.2578155  555.6110861  292.2321876  617.2439164  67.0453021  341.0870141  293.0885919  5.738649275  169.2297453  220.7004194  116.5525323  102.757518  70.60959247  712.3014451  188.0602782  4.302280323  16.45484996  301.5972222  25.11687612  4.510949897  341.9883482  288.0152566  237.870423  
260.3108993  204.0369839  -71.16086819  521.3128345  287.402981  797.9118541  411.6981574  483.0708668  550.1786243  290.9550021  627.0732031  65.03427391  340.7429296  293.1467464  5.206679326  178.2068369  233.9830325  121.8182357  109.7365052  67.32861548  698.5340966  184.4301162  -0.9029614882  34.86531194  312.8243797  16.89612841  -1.467144474  331.1565358  279.1020976  249.2536307  
260.4626556  189.9543357  -69.41368793  517.7429271  281.8497228  802.9003929  421.5612625  484.8128766  562.9609405  294.3507855  627.8800871  60.91813015  339.0957523  290.2493759  12.44144736  181.3618829  231.7848515  121.2828809  108.0886625  70.98488683  700.316017  182.906099  -2.637018157  32.48327746  318.8775124  0.6497530489  -0.453320512  327.4160625  280.593015  254.2335816  
259.5339661  190.456437  -73.35287579  514.739806  286.5752743  801.7281484  413.5088235  482.1512801  562.8161756  298.6177743  621.5403843  63.76635271  337.4417316  287.7489046  12.0033575  177.7191705  225.2887377  119.6423772  106.1862617  74.61659308  702.5250706  179.7137214  -2.508682087  27.70710277  316.5310232  3.630517421  5.86064733  325.9239032  276.4149839  255.5212423  
261.4118186  200.2410303  -73.52275293  520.7095855  284.3143934  802.5699166  410.5496434  485.6836826  546.6308974  292.2161154  624.4793456  54.12926313  339.5477748  290.1432687  3.887866198  173.2177294  222.0903314  118.5450726  106.9040506  70.86964803  707.1860302  184.9627801  -5.679983206  26.22725102  304.2086457  9.959008697  4.522124999  336.1192477  277.966083  248.5708086  
263.598717  201.0503418  -72.18228404  517.7539924  274.5321427  804.4229174  408.5435671  490.0299486  550.9698423  278.3112483  622.9147055  58.22140594  331.6139947  280.969321  5.638444542  169.1305447  233.9042317  117.5428425  103.9903484  73.06738334  704.8498123  178.6071226  -6.381590134  27.69911824  301.8162866  13.44704106  7.746282307  329.7549723  280.5716219  245.7521468  
262.7819298  192.801006  -68.1134463  520.1029174  287.8241476  798.9968126  412.0208381  485.4634502  543.5569442  285.4367617  619.7768134  63.11068092  344.6979561  297.0999918  5.061739727  168.7272859  214.0157361  109.515581  102.615929  67.58956391  702.4414765  197.8469987  5.060961708  20.69093596  297.8059569  14.32510663  -8.208132116  338.8658035  290.97173  245.5283618  
258.3768866  192.2853953  -68.92369998  526.4016403  281.6466981  794.340456  415.6218158  475.9517868  542.4192073  282.0652056  620.3733396  72.16892539  338.6892572  290.4619583  -2.294689484  172.664022  229.2425255  115.1172442  111.1216019  59.01868676  702.768128  192.035644  4.733771282  28.65895944  311.1288983  23.21924348  -8.793160076  336.2781468  295.2820854  249.9309083  
258.0460137  191.2846681  -71.41554862  528.4843722  282.8142858  790.0694975  411.6654773  470.3893801  536.7152987  287.3529686  624.9171896  68.67410046  339.195591  287.9780637  -3.692932613  177.1733193  220.8711275  115.2629366  107.2240231  58.42700672  704.4641662  185.2102352  -1.611467149  32.04916933  317.126362  19.77745621  -1.084946014  333.5408001  287.7518267  254.1686063  
261.0146279  200.6153675  -72.20189133  522.1029983  282.6511705  792.7014206  405.5128708  475.710746  529.3158804  282.9848454  627.1414643  63.26395874  328.2107606  275.2694846  -9.291674245  176.2168956  227.4587704  116.6189358  108.9385112  62.27285117  696.4338043  173.7713495  -1.562972438  31.27414033  317.735848  30.03108404  3.277114019  330.3667458  283.7686932  255.2216224  
260.8805736  198.3361061  -72.71864024  528.8332865  282.9481232  792.3228313  410.6999146  477.0909329  527.9223898  291.9984304  631.1655313  61.02114656  341.613001  288.317439  0.4700693932  188.2265666  218.8503499  118.8547146  109.1371477  65.40060186  697.8628938  175.3261841  -0.1651713195  33.99495241  310.5992476  20.04352459  -4.569147713  332.3111068  279.2036039  250.764567  
261.4507724  199.3082488  -76.53893688  530.7350092  283.2338872  796.7560875  416.3520015  481.5717999  542.3116337  289.7936821  628.5045186  63.7310033  339.271088  288.1931164  10.65661475  191.196508  216.0956987  113.4072889  106.7340243  73.93853173  702.6081567  177.3714839  2.596544451  32.4219814  309.9148806  9.781206465  -2.942343019  333.9737943  276.7314843  247.0938182  
264.6330881  201.907287  -76.14374945  528.7693208  297.3313675  802.5972602  413.7524426  483.2833664  556.6757973  302.618687  626.1353037  72.94348767  350.1647908  301.0331001  20.69263952  190.0326044  214.0099868  115.8760098  101.9373522  73.37135859  702.4766394  197.4609891  4.130829903  22.49924101  305.2221013  7.874543324  -0.2732254567  336.5290544  279.4168526  243.3232991  
261.7036535  209.8889068  -76.87026805  524.0852267  293.4329636  797.5415548  416.0814268  484.5928468  554.8395198  294.4515182  628.1202363  78.10226312  343.4111201  300.2615665  18.17359922  197.8264229  229.9936452  122.136516  105.617123  75.66194772  696.0252886  182.1709414  1.310454385  38.07784006  311.5287697  18.06574201  4.895079375  328.294689  276.1036898  246.6918056  
263.3004319  201.4850208  -78.86548591  521.8765147  285.6988509  803.116477  411.9795713  486.6166819  550.4989803  302.2378792  636.232233  72.89640961  339.5927414  292.0177407  16.72509279  203.1632583  235.1249544  133.9123506  115.5960784  77.32916627  687.3185729  175.0678571  -5.777267099  47.27800476  323.8429575  3.183737853  4.031673386  308.8173572  264.0525949  259.2894346  
266.1027624  207.7290387  -84.05883675  523.7796506  282.872765  799.5253449  413.5005207  491.4107104  557.0513486  299.5890086  632.8265029  67.15294269  344.3453715  299.3863574  18.20960611  205.6577121  222.1130593  129.7845076  105.8655254  80.906165  691.8299287  169.1191837  -1.966843486  43.54511364  319.2758964  -2.021269173  -2.885564232  310.4715932  276.3179318  253.6596051  
263.5357002  207.4803738  -94.75656535  527.4238998  269.8786092  801.876409  405.9592667  485.3580125  549.911881  307.7774274  634.5893912  60.04536719  340.7998877  287.9456573  16.61831163  198.6237109  212.1566146  137.3890105  95.10624309  83.38946373  681.9556637  155.0162073  -5.442614915  43.66736114  315.3795278  -25.18314027  -1.084157717  299.7576149  269.4760706  252.5766944  
259.3900025  214.0083243  -90.52526568  530.0053017  276.8819972  799.8352939  409.2973062  482.157714  546.4438345  301.5686768  633.957369  55.69925694  342.4073522  287.6165548  9.699136167  191.6928807  215.2088659  134.5696876  99.68943301  81.91406846  686.6470955  162.0684096  -3.56713671  39.71496124  318.0120093  -11.34602566  0.763043043  313.8355164  273.5094249  247.5005177  
262.0755738  206.2351549  -85.18645577  533.1227133  273.9130798  799.4748959  416.4842294  482.0176582  553.980314  300.2464806  628.9111735  54.96241749  343.2617604  293.947429  12.27172992  182.3437554  213.1173975  126.1702016  99.07635106  77.08316808  698.7165855  173.0795964  -1.445919752  29.66205169  308.7421351  -5.323188169  1.274474454  329.1474128  271.4757281  244.070859  
262.2335221  193.1838441  -80.46293814  535.1419949  279.0242493  798.2820416  421.103032  478.6376969  552.9897331  301.6394602  623.3985849  65.82878125  343.407632  291.3312318  13.57644786  177.1306996  212.3678683  131.162504  101.2853375  70.68511925  698.0493607  178.3383614  -3.540048579  30.5232299  304.8201142  -18.90588389  -2.6331328  318.4404852  269.7453889  249.4594323  
260.9455596  189.7442121  -84.39212632  531.9048171  275.6744312  794.491339  420.9460442  471.793475  542.0462541  297.6349857  628.7599817  63.74410113  336.9835503  287.7979528  4.917128466  174.274194  211.5012475  136.9910141  100.4510454  67.31443057  693.3280318  175.2230555  -3.567187829  28.70439033  302.1016116  -22.74008421  -0.9789089494  318.4974451  270.8308007  248.4839774  
259.5915134  186.9052935  -74.80421604  532.263725  279.81733  797.9875211  412.4846002  466.8424625  530.8694676  289.7407291  627.5476254  65.89655194  334.1809055  287.0330593  2.997958207  169.0570324  208.2920236  124.5789059  101.4289178  65.18190556  702.5295632  180.340056  -4.816942246  32.38851331  302.1829235  -11.69531361  0.7566549167  321.1067188  274.2637436  256.9310052  
261.7465114  188.9234135  -72.32984408  526.8951949  280.548568  800.0345603  404.8469429  472.2493641  526.990058  281.8496207  625.7381598  60.84462128  331.1038428  285.2949882  1.371719913  175.5452973  213.4040825  123.0889268  106.3816563  63.82758931  701.8451878  175.777582  -2.23132663  39.08752316  306.8227329  6.443829547  0.02090465855  316.8243371  277.4493811  251.6405231  
260.2969883  194.5384204  -67.87405686  532.3517653  280.0908365  801.9831727  410.1090346  477.0030448  535.9010409  279.0957685  622.634707  67.20545408  329.0823955  281.8548041  -3.13711099  171.8117235  217.1818614  118.8008859  107.1301754  62.81297237  705.1727175  181.744843  -3.897342373  31.15401369  310.6334622  10.10756213  -2.97356993  322.7038146  282.9442295  248.6392492  
261.0674157  194.9034535  -72.39975195  534.2579955  283.403283  796.5390059  420.7757734  478.1005057  530.7811615  283.4747259  622.8546238  72.3544474  334.1468908  280.0853283  -2.471387342  170.0123084  207.3835223  124.2518104  102.1323413  63.50767727  700.1077514  183.5015206  2.284529987  17.83036106  309.8631998  5.845396245  -9.556170603  329.9894483  287.6845966  245.8215855  
258.3133055  198.7084184  -78.63876989  542.1050662  286.3676516  792.8174115  421.3913379  469.7083744  531.5826333  288.7437681  623.6002602  72.25777055  335.6000201  283.8870896  -3.945893216  170.7627273  194.6793078  124.9482504  103.5618866  60.00208678  696.8127721  176.3919098  0.3179429006  27.53113332  316.7410986  3.471128135  -2.580164966  330.5154762  285.101172  251.230158  
259.3662417  200.4567395  -73.98820409  537.1024657  286.7145766  798.2971622  412.2915904  473.7915515  545.8156998  290.9619212  621.0128846  74.56577972  333.718245  281.6413894  6.535604262  173.2196909  218.1725651  130.6539783  111.7406563  61.69514181  698.9350137  178.4880725  -0.473036432  36.51896161  325.2968967  14.92425793  5.071007029  328.1668153  278.4153738  256.8752498  
259.6797355  200.3617883  -73.94601349  533.2458084  282.4491171  794.682733  418.5695048  479.3372997  551.9988224  298.3064385  625.2871687  69.1488799  333.4433088  287.6223621  16.8191701  188.4922351  220.8798327  124.6632688  107.5119173  69.26315145  698.4483979  173.3930551  2.745909164  38.55873617  324.2542789  13.10314843  5.596485326  326.2795001  272.8873919  253.0639998  
261.562855  198.0568378  -78.92974373  521.6587716  273.3295509  789.7529068  415.6658642  487.7086185  567.3988277  292.372822  629.14708  68.821773  330.7093307  293.1198858  26.61173214  204.1819877  239.6307019  136.6270478  104.6722618  66.71396005  689.7887246  167.0188293  -11.42746576  51.67058838  331.8574941  21.90126726  16.03605515  310.6272545  261.3702741  250.5154281  
261.1141227  196.8234675  -79.96841761  525.7268841  271.3210282  790.8529438  419.9330869  481.3477413  558.1618931  303.7207687  632.7757711  65.63912075  335.7412114  283.420426  14.54278604  196.1829159  229.001985  139.7757659  109.5435947  66.64828568  680.9736814  169.2393923  -11.71801216  47.6949129  325.9996163  -5.962921789  9.379901514  303.2726213  264.0213071  261.5339108  
260.2783492  206.9222206  -78.59249412  525.0087677  277.6776882  789.589058  425.662039  481.3463823  551.4503782  307.1622924  630.5459995  70.31079044  331.5083012  283.6297903  8.324613472  184.767226  227.0502877  134.9142009  110.8282503  67.61446709  685.5046984  170.9547917  -1.720930833  39.83529986  317.8209225  -1.775047146  0.1519722603  322.8134555  269.572102  255.7502185  
263.1776528  208.064987  -74.64840918  523.6395281  278.0239098  792.0336672  423.0654544  485.1140899  542.1085362  295.7987262  634.0512093  64.29104666  325.7620164  284.010042  6.542388638  178.7544632  232.1345622  129.2984513  102.9391469  70.50547523  693.9601689  167.6406953  -3.857123566  29.04871327  315.3098063  10.4781577  2.566563894  334.7228953  267.9078069  250.5626034  
261.3844758  200.5363208  -73.91999153  519.8396034  286.8622298  804.3925475  416.0255561  495.8235935  554.2953188  291.2775668  624.3180745  59.37083904  334.7754663  289.2776669  15.6990114  172.879575  226.6894292  111.7288701  105.233724  76.34128017  709.6983351  188.8229179  -6.183098404  16.22596301  300.8801726  16.93366506  8.856813965  346.9825817  272.5056753  243.6287865  
264.3844941  196.0580457  -67.45526793  524.6991307  298.931093  802.9991034  415.9324801  494.938543  553.1537724  295.547766  621.5294352  64.8888989  347.7064194  304.5821572  19.53652453  171.8208131  207.0678843  104.6342373  100.6522996  80.41436604  714.7528331  203.2889395  3.265399023  9.004387776  298.4030736  18.68805468  -1.767462419  353.8443201  285.9401725  240.7077723  
264.3121987  195.6458234  -71.47016057  529.5722789  295.0607324  802.9713308  416.9050802  485.5648482  547.5103055  293.7453553  618.5531467  74.07558362  346.1781219  296.047516  8.970087241  171.6552013  205.4102953  110.3203654  103.8261034  74.15236142  704.52497  201.7525002  4.513903668  11.68879874  296.7583441  11.71267778  -3.479932029  341.8346766  293.5945671  246.9899512  
267.4025707  196.4040217  -72.80377505  531.0840692  292.0933371  792.9378863  417.9145752  483.2483313  543.4103918  292.4632262  625.1920989  73.76201633  339.5369758  291.3942979  8.541836235  174.704058  208.6664891  120.6524428  106.3470261  70.17958422  701.3852568  193.6672229  1.97334516  26.81362279  304.5035449  3.28273981  -7.686053618  335.8393027  286.525472  249.5716686  
263.6911572  190.6868873  -77.90303162  529.6447718  289.5669551  796.4617727  419.470825  478.8120202  538.9850936  291.2864448  622.9012944  68.31344206  346.0415683  292.6343999  7.975401917  180.2328673  202.9617943  124.3709135  99.07590076  69.20174029  700.4475478  188.2035236  -4.266185424  26.05671825  305.865837  -3.788335041  -1.581125715  323.771137  282.3971906  251.016513  
262.4018298  193.7319551  -83.64085932  529.3604353  290.0842905  794.0901306  413.697943  473.9276896  540.7803624  298.9697912  624.4076552  67.36682052  338.9767266  287.2190354  8.423226207  181.1484856  203.9943026  128.8249757  100.6888723  68.46144472  700.3449398  176.2357741  -2.849887886  31.41074874  310.9646902  -4.799805697  1.572213098  322.3459274  277.9738711  250.426413  
261.1639076  200.4960255  -85.49946802  530.766391  284.8622966  795.1254525  422.6591756  472.2499042  547.5810858  300.7776279  630.8640987  62.48798977  337.0874021  287.9106443  8.833337877  189.0149949  209.5228756  131.2683384  97.4560561  70.43994773  699.0189185  165.9041943  -4.851916718  29.01047318  315.2594932  -6.252611232  7.8079555  318.3925836  275.1406956  239.4975674  
258.8609718  211.6082499  -83.92122393  528.7613181  289.0965217  792.9753809  420.8419115  475.1866754  550.788305  303.5982244  628.8981825  68.27291288  346.4192382  300.3000891  11.12404005  188.8677797  202.7562434  126.8182471  95.11116578  71.09300672  694.1822901  175.8979843  0.3522452266  25.44233537  312.0090372  1.695606138  -0.02944295733  327.9053241  278.2934626  238.8878556  
259.1974766  210.3380687  -87.69025646  533.6749496  283.127417  787.2562902  426.2445393  469.2035314  549.8605617  308.6880668  634.5190451  67.73713872  342.1101616  295.6437279  10.09542889  191.27376  213.7655318  140.2383792  99.67815847  70.11340891  692.9917059  165.9648967  -3.753361057  35.97919841  315.9703232  -6.935504779  7.153675833  318.4791644  263.6840703  243.2958375  
258.2185241  198.8271839  -86.8501788  529.6048453  278.595007  791.524142  415.9488579  470.7232823  543.5018496  310.3780266  632.7443043  61.32127119  337.5254363  286.0763732  7.851151248  186.3984274  214.6617895  141.5604517  102.3130133  66.26143029  694.1931224  168.6914762  -5.173118859  38.02737209  317.6657965  -6.966100579  6.397851009  314.7918111  263.2700583  248.1662127  
263.1562256  195.7294486  -76.87960262  519.454297  281.3348154  798.4600409  408.3903962  479.711076  539.1996279  292.3567189  627.3879585  55.30520398  334.8186045  277.716378  0.4603447626  181.4436096  226.3012979  133.3482537  113.3759891  64.15512568  697.2468643  168.3914541  -5.031636334  36.69587599  324.4742063  8.83898745  0.5538663188  315.9397552  273.6404244  252.0102706  
262.3553715  192.3541174  -79.17023755  520.9256728  284.2427874  798.8712272  409.6275041  483.7896762  538.6970077  298.1699872  628.2474457  54.30690448  339.1532561  273.5864916  -1.662634706  184.009357  219.3954971  130.9927889  114.0147763  61.48424935  689.2911296  170.6381296  -2.735982556  36.26130935  318.6921996  -3.263725226  -1.641328812  314.1763022  271.2027376  255.3934652  
265.5966339  190.7178777  -81.18382469  520.8787088  279.0124813  799.47257  414.5087211  485.4586235  550.346021  298.2475271  628.7521609  57.09215685  328.7235815  273.1997941  9.69381153  193.2395864  220.472458  133.8934024  109.3380732  66.07931656  684.2802471  158.0598407  -6.719532784  42.55377203  321.0307115  -13.85955669  0.2595093019  304.1449307  265.1106842  254.5643896  
262.8711302  204.3989181  -83.56506731  523.1362837  270.1825007  800.8417768  414.2856614  486.9918838  555.5222133  292.2043343  629.6010369  66.56420108  324.1909336  273.4440223  13.65010352  195.5826694  238.5781616  132.9916422  107.0308  70.73653903  684.2160609  155.3824822  -10.22563309  41.24161086  321.3266122  -3.022729801  9.925390969  307.8160925  259.6777744  251.2799553  
261.3366676  205.7519018  -77.174137  525.9104769  269.7656264  793.6940588  412.1290961  484.131462  554.0869578  294.5454124  620.3046659  70.74655209  329.2084125  290.3954599  11.89302723  189.4823574  226.5241747  124.2817082  101.59288  71.01183813  689.3870182  167.7865676  -1.098901462  34.0731939  309.4113996  11.0968319  -0.491724921  317.8726145  270.0522263  249.8491537  
263.637765  202.0092377  -71.6451228  525.0554459  269.3408872  791.0215333  407.3845105  483.4860186  553.8356621  285.0411936  619.9184289  79.36999533  313.593739  273.3935107  1.760416136  177.9492518  243.986153  131.3319065  114.2966503  62.52632301  688.3831427  164.3730867  -3.781368673  42.85475299  317.1373156  14.11034477  11.27120013  309.753827  260.6998397  256.245584  
259.4804458  193.1847959  -65.1836965  526.5424744  281.1648986  791.3858491  411.3432056  480.4744876  550.6129376  291.2558306  615.85625  75.63747575  319.1257553  274.2974394  -0.02845988075  166.4743385  235.3793818  123.5871341  119.5324724  58.62610331  703.2566913  177.0448611  6.434668701  36.985354  310.467107  24.88683656  10.78354576  326.3138944  268.677294  255.5309704  
258.9912762  193.6426167  -66.61848982  528.0705223  292.9774363  793.0850073  415.8660301  478.5627351  550.9298147  287.6197889  617.1222238  74.12933174  339.4453778  295.7776256  5.358669796  172.1450557  226.8571947  111.5669826  110.8453424  64.02213655  711.2615408  193.2241261  11.12089074  28.11281642  305.5019776  30.48381701  4.696801162  341.1927458  284.153761  246.1527308  
259.4272031  200.0903727  -74.06651289  530.1459248  284.0838085  795.9036484  418.4310123  479.6340777  549.7029804  289.907197  622.0451593  69.29999748  341.7724938  287.7398119  6.847279625  181.4160016  230.2943555  123.5858037  105.2760981  68.99571096  700.1116209  185.4878047  7.956104427  34.78346763  310.1639097  10.7542541  -2.966463827  331.1596205  287.4733687  246.0053436  
259.9386557  199.1262046  -79.6390314  530.4071038  277.8814229  803.4078355  412.2047735  480.6789047  537.6605148  291.4349594  627.868419  69.46136702  341.3103979  286.1827773  4.774254652  188.5980382  227.892892  130.382856  103.8529983  68.5570767  697.8282839  181.8725705  -0.7771634638  32.57009511  315.3308945  3.338139059  -2.048602963  317.2946598  283.3428339  247.2415494  
256.404975  215.5496606  -84.34026237  526.6441909  273.9226229  793.8601533  407.9772925  477.2366039  532.0201944  285.3080843  633.8482028  66.20873419  339.4845243  290.9452093  4.883870441  189.9506032  228.4773242  128.968496  106.5389689  64.09877795  693.8115908  169.3938698  -5.22389307  38.51960243  314.6079396  20.89161204  3.717941923  324.0553706  278.138797  242.4427613  
260.8563263  207.4974212  -83.76017576  532.5446725  281.3114915  794.0404287  407.3623669  470.2347302  526.503636  295.430962  638.909692  65.37152781  351.5969738  301.7644505  4.526413263  192.8979905  205.657167  122.0976091  103.6563468  71.26883753  691.1784694  175.6414301  -0.2077996135  41.74186275  315.452262  9.267453412  -6.712032681  320.3762566  278.4131211  253.8471674  
277.08888  204.9221549  -72.53809449  536.4532249  285.837124  803.9826792  417.8857164  484.9215721  550.0086122  308.6955875  631.1685861  56.97957188  346.4108557  307.458633  7.368588096  176.7189534  185.1495303  117.5153027  90.19288325  84.71305141  699.3007168  173.8791931  -0.3421077594  24.1991129  299.0077318  -11.94490652  3.935184558  330.0111808  272.1062996  249.0533966  
282.4366291  195.6693655  -74.01919418  526.6135004  285.0329647  812.3680187  420.0970022  498.5908319  575.2002471  307.9403127  630.6941416  50.34623342  337.9086985  285.5367063  14.81016796  177.0457513  218.1748962  134.3908695  99.88844365  91.4864111  700.7054756  180.8490231  -7.713077739  26.33298373  304.907181  -20.6145674  17.16498949  321.494165  259.5775052  251.7936383  
266.241375  186.354595  -87.2908566  522.3567026  285.2858154  797.0375101  412.7974162  485.4111586  565.2470944  315.1808862  620.87784  57.77591316  339.9647685  283.2330833  12.31199414  162.5924113  201.142219  117.6476348  89.57481371  83.6113062  702.5394046  196.1360308  -0.942384682  19.44680465  289.5742121  -18.19244258  14.13832013  335.6189817  272.8424596  251.7211256  
258.2542265  199.1502681  -75.8931855  513.2196169  291.7082216  798.5066603  407.2045844  485.6036057  559.0555901  289.1654744  619.4057116  63.19035914  338.0144256  288.5044756  6.387424709  160.8361434  224.4784183  106.3350584  103.7775702  73.05642872  707.2747957  196.4559277  -0.2219732436  25.24669613  306.657734  22.36440677  8.241272611  348.6734907  283.6422768  251.5506482  
258.8268501  198.8691412  -77.47890652  518.4675065  286.049152  795.2364559  414.3680206  485.6000293  552.5265623  288.2064858  620.020814  68.89749831  326.9044043  282.614749  0.9047091715  167.6341428  229.1879382  106.2584697  103.1834965  69.36456257  707.9818278  191.9703733  -1.453694674  17.53386526  307.2192009  16.01810224  3.772096662  343.9885062  282.3232324  251.715956  
259.6917188  205.0967145  -63.41872417  516.3681377  288.9469424  799.2932926  409.1267982  488.4979211  558.4114077  288.1206124  622.4421572  66.49644734  327.2591057  281.1630804  -4.224169747  157.4207809  241.8045143  103.4691737  112.9262954  69.36742979  712.8993637  196.9629031  -2.965078781  16.12484185  304.7263489  27.76768034  9.612509833  352.7786009  281.6670291  248.6440187  
261.9464623  207.1825451  -58.42362423  522.1296508  292.3118308  797.2338751  408.958753  488.9904372  554.032061  292.7037453  625.0674342  73.71585106  334.659702  297.4489876  0.7897148933  162.9174153  225.9739666  92.51680715  107.9772252  72.69671434  712.6268268  206.6356035  1.006086799  12.56875546  297.1117448  35.62335575  2.439618506  358.8023682  286.1070641  251.510105  
258.7992331  203.8694732  -62.02684909  523.6515958  288.9861156  803.0154112  415.2786232  482.5475898  548.6132719  289.7736845  621.3791707  79.50905902  334.0991885  293.5534007  1.931302502  166.5630923  231.7485912  102.4915415  113.3499355  68.60534755  704.2019732  198.7391448  4.932090181  20.24660815  304.5077592  25.7444969  -2.33928294  347.9841317  286.9378954  255.6316046  
260.790848  206.8444754  -66.79890394  527.1141207  292.2096327  806.0440702  410.9951747  480.2237534  531.9120668  287.1363876  616.8425107  77.75225496  337.1265519  287.0917233  -6.428779169  163.2747297  215.3200911  107.398991  110.1608676  65.60020979  706.7159048  193.8116436  5.505363795  14.87684424  302.2896638  18.96999784  -8.829597985  343.736681  293.8572623  251.6948679  
260.7996209  209.6567905  -72.60467231  527.9316338  295.2327582  802.7974114  410.419819  474.8927336  527.0238359  283.9845918  617.4865525  74.41621301  341.0081056  292.3344991  -9.142481938  166.4027206  205.6467307  111.7489904  103.2516227  66.71205468  700.494022  186.7115321  7.831484577  15.77981394  302.9131497  13.05874658  -15.65127626  333.6451856  301.4496274  248.2558409  
260.0858701  213.7014665  -76.58675206  530.6583542  289.4118082  799.8879752  411.0009679  475.9882447  536.5963912  286.0567764  627.8992018  70.65807044  342.4752468  300.2778088  -0.5555716475  182.6265185  213.913017  110.973645  105.8344049  71.58704394  700.7852275  179.4895025  5.035813484  25.47973388  315.0452841  14.37646702  -12.39245945  333.349989  291.3593941  248.0597766  
261.073016  206.6096293  -78.80509837  530.351128  288.2215338  805.8847916  412.4873755  477.7600445  542.8494586  290.8967007  625.6379494  64.83872008  342.2885322  300.4154876  1.35241511  183.8996586  210.639429  118.9258063  104.9241579  74.5498201  700.8804646  171.7379893  1.042090592  28.45926695  312.2760048  3.076638528  -11.20846531  325.4581704  280.0568908  248.3752985  
262.5962942  203.905202  -80.74758693  531.5032265  290.4707923  802.9337581  413.9911051  479.826833  546.6623582  288.6225083  621.2598521  62.97242099  344.0789372  302.1733993  8.376180391  177.2615717  207.9679892  119.662883  101.1656432  70.86393832  704.7319161  176.7466927  1.288708614  25.68920742  306.7052394  5.564343639  -8.014360584  329.2480454  283.4564609  244.0794279  
263.5770317  204.0154637  -82.36907964  529.7330504  286.5539169  806.0863973  415.8651767  477.9883941  551.6314196  287.5362013  621.8627052  66.43919699  342.8668567  298.1039036  9.626700651  182.6221484  215.9839094  122.5110585  100.5405909  68.90966213  700.0504943  174.9679534  -2.767807418  28.91318791  310.888243  1.279786801  -0.7895137623  323.4640542  280.9368938  245.0610738  
263.5704103  201.3778655  -87.61347835  533.5027573  284.7698534  800.6901063  421.7707309  478.9697439  547.6751003  296.1694666  629.590821  64.01175905  341.72633  291.5251331  8.734626567  193.891979  217.0192827  136.2185136  108.1216752  67.30772685  690.8901268  168.5085346  -4.361321151  34.12949905  321.7833007  -19.22810713  -3.879754254  307.4127277  275.8494467  252.1040997  
263.1439393  193.3197182  -90.61006627  532.6559993  289.2353173  798.1612054  427.9713338  479.7046677  558.7141792  306.3638878  623.5757764  63.3658346  339.3642137  286.1526889  9.905579397  184.4561208  207.146865  139.3390196  101.1967472  69.48644795  694.2315526  170.2362386  -2.933010164  27.35005578  318.3712693  -29.13412579  2.083379218  311.8341094  270.0018518  249.8036397  
263.1082141  203.7449909  -91.13705154  530.2765851  287.2054899  794.4287808  418.7890564  482.0199931  561.8902478  306.8755544  620.2318394  65.71056297  341.5996365  293.4688046  18.91460519  183.0757532  203.8662978  129.1172238  98.53576814  68.67063505  698.8840747  171.7928024  -1.744128634  26.68562619  312.7301091  -11.84216433  7.511760801  320.8721461  272.2105743  247.2759973  
260.5983424  199.5274462  -83.54093678  527.0808679  287.1285272  793.9744197  420.6029675  483.459264  559.3840634  304.4024758  621.9023401  61.70234617  340.9488051  292.8869245  15.9314934  184.8751188  211.9491732  127.6630259  101.761474  70.78118301  701.7101097  176.8514104  0.06082425291  32.80660353  315.5542891  0.266762344  6.753572008  323.1362091  273.1922103  248.0624991  
262.5166995  194.8500607  -81.90808302  529.7683343  283.479899  797.3652259  413.8523961  482.1840123  554.6695409  302.2863985  625.0486926  63.65312426  343.1229409  301.2999538  16.01429695  191.9991684  210.5610679  127.0276668  104.5331618  74.01990101  694.4349944  177.1682204  -1.389220904  44.89489548  310.7110922  -6.563601424  -2.256299315  317.1095249  269.7015677  253.9948961  
261.9201246  191.9158545  -77.46118975  528.7541689  278.5944207  804.5824146  411.9320706  481.05719  548.4284388  293.0252689  626.0212442  66.696836  341.2738041  288.4131185  12.21746812  185.7814227  220.5644352  133.5160722  106.7620759  69.54043296  693.7927165  174.8777437  -7.118307868  41.47555424  311.8785929  -12.10169265  1.351175215  309.833915  269.5879796  253.1228445  
265.6416736  195.1660184  -78.55732492  530.3252292  274.1791768  801.4357947  411.5798414  481.8286989  543.1720136  288.9210846  628.1849143  63.75221233  335.5688226  282.1562678  10.35272211  185.7303007  214.749151  134.5765343  108.1457956  68.97105938  691.6275727  164.7672284  -8.738692788  42.40844627  308.9445153  -19.20008974  -5.605984977  303.644945  274.2391498  256.4086942  
262.9169181  199.7999671  -75.63980687  530.7099892  274.7504279  801.4774466  421.1758954  481.814403  545.4713356  288.5033118  627.7628258  64.59392325  332.0611096  280.6942573  2.774217826  182.781022  219.7198578  129.2904601  107.3956208  66.99571871  694.4390979  168.3241874  -6.645170009  36.66233563  313.3741086  -8.468807206  -2.930141184  317.0418401  274.1751654  253.2020089  
265.419558  205.4607005  -82.17299853  532.2644493  277.3616016  797.7519414  414.8780006  482.8539143  545.3670163  299.8235095  628.8434228  73.141524  334.6812786  288.3794846  7.274300048  184.3568002  201.1888026  126.1986748  95.55084035  74.98939828  686.7641241  168.9107118  -2.576994296  27.08882761  311.5908524  -10.95280148  -9.719995484  314.2300391  278.5270858  253.2357937  
260.7378902  202.4180064  -80.3926713  532.104779  278.0909993  801.5223704  414.576674  484.1839937  537.5983595  294.0367166  628.9657869  68.74725768  334.3985863  278.9857958  4.5172649  184.9474148  225.8820192  134.5708538  107.1438155  70.92296108  688.5140434  167.6287764  -3.12691435  32.51059116  322.0573395  -1.820711952  -0.3362168005  312.5184413  272.7535882  253.9242136  
264.0817183  192.8387567  -81.66226067  540.5061972  282.6442638  795.8272338  414.5747875  481.1766637  533.6109556  296.8471273  626.3160494  66.08270533  337.4298159  273.200646  2.591757263  176.1918409  207.8512745  132.7327533  103.1024647  70.47252687  692.2920852  174.7127578  -2.022643924  32.60469486  310.8002139  -8.573052325  -0.7610435356  315.9836093  274.0959886  255.1385651  
263.9143667  195.4913746  -76.91773384  534.0253261  284.1397937  795.7516476  410.9290254  480.7278446  547.038407  300.7072196  620.0108107  64.36675894  342.071167  277.2777723  6.066753136  175.4891823  208.9781838  125.1259053  106.1821002  65.8901751  700.4546252  177.9590114  0.8891840047  32.25171628  306.045865  -5.636097127  3.177781321  323.1889755  279.3208328  252.9617177  
262.0367683  198.2062765  -77.18013003  533.7737179  280.4942526  796.9672547  414.2606266  479.3829469  547.9200326  297.4804816  626.0289684  67.77002506  338.9421507  283.7180134  5.838916964  174.5427632  213.9126236  118.636416  104.8882555  70.38843153  696.3075409  179.7662864  2.682131414  28.76127451  305.6729323  -6.866275456  -1.593412453  327.8560122  275.6042721  252.3340567  
261.573241  195.4290139  -80.87644749  533.9547073  274.725125  799.2837571  421.1967143  482.3869473  555.4649451  296.7565139  627.7823909  69.82037383  331.4974318  280.1628897  7.127778717  186.1816991  225.8576532  133.6842556  107.7624677  63.62702719  695.9168682  174.2176958  -4.882428975  36.28204401  315.9920305  -7.240306529  3.473333482  316.1931489  267.7488852  253.1821436  
259.0477625  195.056187  -84.0423768  530.1444059  286.4151464  797.9761488  418.8569815  479.4411894  552.5099364  306.2249939  625.3923803  67.9472567  334.8810351  280.7162016  12.6945659  183.2028868  212.279206  133.3625865  98.80937184  73.50442318  701.0177356  181.5016127  -4.90567145  28.25066669  307.7960946  -5.965732141  6.959965386  324.6830025  270.2120973  248.8893305  
261.1813116  197.525449  -85.104405  521.0131329  288.3320914  793.7771985  415.284761  480.2298511  554.8562883  306.7460875  628.6741109  63.67624986  335.3587225  282.0061151  14.38907083  185.8457185  213.3763741  125.3691853  101.9435416  71.79825882  705.0883982  173.7799783  -3.391761401  23.78620094  311.1785623  11.44941507  17.59969069  327.0959791  272.6601218  241.9466174  
261.968943  203.4915751  -80.93402703  516.7009938  287.6304798  789.6276909  423.6835185  481.0266942  557.7983335  294.8825339  628.2080248  70.07897668  335.1715588  297.1080319  19.88489261  186.5843422  216.9335336  119.4572229  93.67121406  73.3776324  700.1387473  177.1103768  3.579074658  21.57381739  311.1500799  27.97695637  11.00397696  340.1733263  278.6777475  237.886797  
260.1150122  202.5123647  -79.38290811  517.5394442  286.9677331  785.8718388  420.13534  479.8697376  553.8345005  303.6603304  627.5171049  75.04480285  333.6403219  294.9170796  15.28444365  183.6170042  220.198144  122.987104  101.8880106  70.68609234  691.6122159  177.0749886  8.251393167  25.31495533  317.4192025  28.28021194  7.296036589  336.973459  275.288335  247.5354821  
263.1679101  201.442358  -76.16754135  520.3069045  284.7214021  788.1393212  418.7503373  477.3803552  534.2428108  299.6523335  633.5968089  72.62964204  335.3638579  293.0919612  13.55885433  190.9460693  222.2303666  131.2843751  103.1082719  75.44381601  685.7848577  171.4064447  4.586121148  35.68613992  318.2237152  13.70787242  -2.74883192  325.5984283  273.333506  250.9656355  
261.5672962  200.7859602  -74.11744268  523.0830404  279.4989896  795.2825825  411.2108057  476.2340076  530.7660786  295.8218548  632.8978514  65.5190662  332.7164262  288.9161125  7.18243902  189.3051238  225.7659299  131.4593305  109.3819824  70.27973464  690.4076876  162.5784274  -0.4456131623  42.02803729  317.1914142  5.547674072  -5.185115961  319.4052391  268.5312268  256.7907182  
262.3318624  198.30222  -77.09878826  523.5859884  274.9510402  799.1138463  413.9133593  479.5837908  541.4103403  291.4939863  633.417645  63.46179653  332.1017625  285.4456824  13.28344161  189.7380442  231.9324522  137.6306296  111.5454683  68.47189515  689.0208439  160.2934113  -4.702097088  50.49168994  314.9073023  -7.980775186  -1.583639835  310.3653283  266.8818963  254.3713281  
264.3776919  194.9642295  -74.25187798  527.3551112  276.3720235  799.494001  418.0780347  481.0981172  538.5953675  288.0346013  630.3940177  61.88961284  335.5788998  287.8849308  12.66287751  182.6203553  219.8206841  129.7066273  101.7922003  74.21367436  699.318486  169.1128133  -6.671374845  34.84479162  308.8556876  -8.201883322  -0.7155670717  322.72927  271.2786067  247.096537  
264.8305205  202.8205837  -67.96581804  528.7742391  279.4229966  803.0997697  411.2309534  482.729067  543.8937519  277.7713038  626.3456645  66.13809093  339.1123845  296.7225934  15.99886503  179.2610473  221.4040162  120.6097278  99.39808819  71.44537144  704.1624996  181.1279535  -8.697869432  35.03366241  304.7425664  9.811640246  1.145150087  329.0868438  275.8162795  246.6887291  
265.0913856  198.602641  -74.18476151  530.0662586  279.1019413  796.6400311  412.8262019  479.6211621  539.226857  287.4774436  628.5183166  65.39281727  342.5566789  296.6988709  8.476417013  184.1546099  220.1546918  127.5242786  107.0615974  62.54482074  695.9118029  185.9221556  -0.856339453  37.36624508  311.3244347  10.98744584  -0.8782630406  325.0814081  279.0930687  252.9247158  
262.7710268  197.9111535  -76.19156947  531.7802338  278.2949469  798.7143515  412.9389898  483.3733184  547.0239041  286.7584697  625.3714554  69.79279635  336.3553454  284.1510191  12.93286382  189.1061518  231.6252939  128.6756086  111.4314487  59.0993944  697.7249447  183.8543199  -3.476816043  37.23325796  316.9373249  6.695413452  3.40105364  320.0039777  278.1003408  253.3289012  
261.2870538  198.6774339  -75.14544294  527.8950479  279.889128  793.0383849  415.7125089  484.5821481  554.1162508  287.9699285  627.7202004  67.03086792  334.3608018  287.4680753  12.95528973  190.9257857  232.8400365  122.7247605  111.3247999  68.62087635  697.9925504  182.5177664  -2.79783217  41.03336241  318.7546632  15.92021183  7.647106026  326.4859508  274.5858677  252.0272573  
262.7428442  197.5648739  -77.01653394  528.2701196  281.7653858  783.130193  416.9365112  480.8916275  554.8949677  298.4396482  630.0034981  64.72294226  338.3765219  293.8433343  14.26548826  188.79122  219.8654377  119.7106035  111.3494447  67.52562238  695.9552198  183.1220084  -0.3677923542  34.29706255  313.7740757  12.17017917  5.249670806  328.747571  274.5254591  249.8147288  
264.8541387  211.4999834  -81.35797994  527.8285881  278.3100171  785.1768068  415.7349054  488.9830521  562.2410925  301.6995401  630.0644304  67.46110088  341.0139781  298.769006  19.26339397  198.9337433  223.9645407  124.8638863  102.3492672  73.02484312  690.3560042  174.9032232  -6.652109527  36.34905673  321.2946378  3.769894377  6.568994652  317.5224746  269.147117  247.7837475  
264.9938608  210.6502096  -83.99610964  532.2176745  278.9572601  783.8099419  421.6069413  481.828509  559.4423291  311.2410221  633.1873435  72.09305016  340.4685385  296.0694836  18.62772371  202.3970792  223.225702  138.7507216  102.0572691  70.94503378  686.3645532  168.1354992  -6.195722557  38.38624568  327.5050797  1.299936034  -1.208686644  314.2475727  260.6113644  251.6436023  
264.3600606  206.1201137  -88.26298267  529.6099988  276.4910639  794.5131133  420.6849773  489.1745465  558.7195828  309.5261682  625.6721706  68.07053693  334.4411517  283.4295878  20.23099355  196.8234502  227.5415813  137.0823539  98.26799432  73.9725081  689.2628925  167.699892  -8.756258081  35.41276211  319.1121305  -8.513267329  5.21475038  314.5932855  256.5808119  251.5224157  
261.0555644  202.4685602  -86.16980645  528.4772356  284.9891321  794.4798063  422.542212  481.3484563  546.680421  308.1206303  627.4026621  66.44015802  336.2837829  280.2845582  5.81662534  186.8032363  222.0370456  132.247548  100.5891373  74.09759347  695.4975667  175.0661561  -0.1824413401  28.05388906  312.4208177  -7.054712343  2.265144294  324.3999509  266.2795265  248.7056272  
260.8785919  206.2618995  -81.26264788  525.4760935  285.0556776  800.0146462  417.3228697  484.2893924  547.0139002  292.6329481  626.1863131  67.48712714  331.2474161  283.9417195  4.800239975  182.0865855  228.2481013  124.2858796  104.2939485  76.08685742  699.0379992  175.5317343  1.339617726  33.63155351  313.5789524  3.138483157  3.218330601  327.1471324  268.2047032  249.5385803  
262.4009052  198.3983385  -74.5183219  529.3655069  291.0030208  800.3967411  413.9977343  478.8450653  543.972392  299.0260777  625.461867  64.98835062  340.3478641  292.8780298  1.239453569  173.1333942  211.1206788  124.321861  107.6546901  69.50114823  703.6414029  183.7104207  4.025565748  31.977188  306.3946967  -0.4683853258  -6.595224192  328.0785782  276.3170087  251.7138516  
261.5932417  203.7042586  -80.18560147  527.5156129  291.5029575  801.5859281  411.1555092  477.970066  550.2929251  302.5912205  624.315946  63.80759761  334.0122976  288.4009965  3.145508654  175.432931  208.2923259  122.7551683  102.1437435  75.89251653  704.9541598  174.3651902  -1.29940378  25.87842027  308.2579025  5.835304363  8.518802158  324.794792  277.2205534  245.8422704  
262.5682289  201.8001166  -74.06530583  522.4141864  279.8859978  802.9902956  405.2835842  487.4578394  551.8165099  299.8794907  626.8157511  66.25300614  328.081228  276.9239232  11.74895687  184.3382457  224.1114786  123.1574238  106.1454329  75.18591533  698.756625  170.4615356  -7.62392618  34.75552093  314.1478519  5.592117311  10.74687464  318.0271717  267.2486563  249.9156502  
260.6241757  200.1000958  -66.01528505  528.6295  284.5192012  798.962129  409.8824414  482.0585786  547.8349227  294.2638112  621.2107543  67.3777667  333.3538522  280.6085636  4.924386089  172.6789931  224.5631061  121.2029426  117.1422192  64.81927932  702.6716188  183.0476721  -2.298138132  33.95171151  305.5762038  15.17749546  4.427308251  329.0515775  276.7669919  251.0940883  
262.6702334  197.3402308  -66.11641851  531.5383435  279.8379573  793.382435  416.3135743  482.7330857  546.3025533  286.2607539  625.0322985  67.71352268  330.922517  284.3540247  3.262188838  173.2678271  221.3578801  118.0444047  111.0543504  63.49258266  700.8260563  181.8883036  -1.54175322  34.44370896  307.4276555  11.43022653  -2.458998985  330.3678664  275.8954425  253.0739623  
262.2227768  193.7018694  -73.01937148  532.6242121  286.1578262  795.9257757  424.9091392  477.3176627  539.6906073  290.5303849  625.3727349  65.23054775  342.1807281  294.7533893  0.4413180359  169.5209911  197.5443038  120.6624105  101.6473183  65.52295076  700.3145254  182.6024509  5.313412725  22.8574347  302.6782165  -3.60518813  -7.012812209  333.8190296  279.8353557  249.161927  
261.8191918  193.1390244  -84.79292634  529.9061029  283.140936  797.4270341  417.3719918  474.6424217  542.2315466  288.9080265  629.5748383  63.90603629  341.2591536  295.494506  8.271879599  178.3969342  202.8924383  127.2009528  99.31425164  65.76824665  691.3466846  176.1490205  3.477509392  29.84687702  309.0635673  -12.42316211  -5.619279429  320.7874284  279.685935  251.3510022  
259.93707  195.8937904  -87.12819576  534.9875065  278.1907864  803.0847455  415.6375709  472.6368563  541.3295627  292.5369955  631.2333508  63.25035155  340.2986409  297.0170247  8.026206757  186.7638302  212.8834349  133.1963301  101.7489087  65.46676512  694.7627099  170.5890589  -0.8220863773  33.83990007  313.7479731  -9.626785181  -2.84226907  314.8517333  277.6691258  247.3738563  
258.5775244  196.0058364  -83.45535727  534.462272  279.5889665  801.576876  414.2979219  475.1612892  546.8542949  284.8714664  630.6816694  60.82972211  343.4054631  296.4388847  18.23266136  186.9304135  210.1217002  123.7279721  100.4699692  69.0259751  701.6311575  174.1257865  -10.22904585  42.72600707  309.4107202  -4.907760619  7.271833002  322.2503602  273.8338596  251.4443279  
260.7023253  197.3863337  -80.90968727  533.8293196  278.7911072  799.9311144  417.3603126  477.067058  543.1505826  290.9757813  626.8760713  61.70026034  344.0426639  289.176544  9.568437633  185.3661868  215.5240435  127.5414023  105.5916394  67.14405973  697.2726948  174.4518772  -5.469320449  39.495057  309.2472108  -18.6260295  -2.76496699  318.8975428  274.6051363  251.1187093  
258.5746091  195.4924456  -79.45269542  529.9500192  276.7743801  804.1489218  415.7580078  478.5912196  541.9549833  288.0774745  624.5888899  64.48195842  346.9663397  291.6170685  5.031929379  182.0597573  217.6152062  131.1036957  103.8825741  66.6155651  694.7873584  173.9318892  -3.639426348  39.49587509  313.40788  -10.3380336  -3.337732565  316.4451919  284.3593607  252.3455766  
261.2979157  201.7473855  -83.3169518  524.1086562  275.7834824  804.1185738  408.8368969  482.984342  543.4560955  280.3633812  626.7158719  61.28955803  340.6647167  289.4448637  6.273187916  179.4814639  218.5455491  128.619773  103.525125  64.63653566  697.8202741  171.7090425  -10.62881472  40.43540315  311.0663854  -5.114276026  0.8596164659  314.7950715  276.704857  253.9997122  
259.9037078  200.2508296  -83.5085463  529.5784478  282.0528888  797.7571187  412.5154815  477.9520293  543.3813973  293.9161669  627.4728635  56.04422572  342.0187938  295.3761215  5.952360138  180.3012413  203.3787384  122.1477838  102.941593  68.05024229  702.2976439  174.4883218  -1.648003033  34.2081636  311.190975  -9.645372963  -2.247343646  323.1924536  278.4016877  249.2925584  
261.8988098  194.021608  -86.5615362  529.8624854  279.4862154  796.4141757  414.4328968  479.5631156  543.7475733  297.0555752  626.118307  61.98096768  344.778881  295.612437  8.579607881  185.2190404  203.5381377  128.5234938  99.50821822  64.71788608  697.4933968  175.6301979  -1.760462023  30.27347351  312.54816  -7.735691276  -3.744388661  318.480238  282.5994027  248.8475732  
260.9001838  196.6103233  -88.34720553  523.1610822  280.5271351  796.4967349  412.8493124  481.3434797  551.3280243  304.1400051  627.7901753  62.07862435  335.2348675  285.1657376  11.88792161  191.1271063  220.9470048  134.3540126  106.7352908  68.35379384  694.7478662  170.2935178  -4.840003469  38.92612826  324.3112237  -0.9379694983  6.952103769  309.4186459  269.1363152  257.0308094  
261.8850505  199.1344098  -81.38294865  516.8269479  283.8315263  794.6513398  416.4757918  486.3057888  556.9028375  298.4944517  625.8089324  60.65781138  339.5831136  292.1863505  18.25149136  190.4840628  217.0007794  119.4082898  97.25132921  75.6716617  701.7005285  179.4081437  -4.671391137  25.50733099  315.5964909  12.65197847  9.900524731  329.2133569  274.1412926  243.9392844  
262.3018782  192.0286723  -79.47946183  522.6220349  286.0144617  789.532049  421.0595516  484.2206219  555.8985624  299.040659  623.8228557  61.59506751  335.0313051  286.0996333  11.37045573  182.3390199  221.4910652  124.3755712  105.9911929  71.33523394  699.0914383  179.5066633  0.3036960255  22.31407543  311.1135569  7.532838984  7.266082544  325.1311689  274.7663411  247.438644  
260.1959306  199.1392122  -70.14382202  525.1601942  278.0478002  795.4104241  414.1107315  475.2341972  545.6239995  299.7681151  623.1716578  69.64400798  325.4394256  270.9600686  -2.612408596  172.7398082  230.2608496  126.0747063  110.4911715  66.79496587  694.5414408  178.810442  0.4266490549  27.90609458  314.5695107  12.35136727  10.53409445  328.4574783  273.5840504  254.2879129  
261.876152  203.2350452  -69.41378035  524.4407464  273.3537121  792.7525492  419.3177401  484.2184814  540.9150988  287.9233121  629.2614315  72.1768447  320.1564279  272.959377  0.9864874148  179.4424574  236.6969577  122.1203934  103.984191  68.65117182  692.7394379  173.9650202  -3.659250809  32.34872208  316.2747578  16.70221616  3.428923206  330.8487558  269.2239924  252.9610549  
263.977833  195.9767317  -78.71474882  525.662238  279.8265604  789.8483759  417.7582266  481.5236481  541.4712622  301.9575445  629.5863218  68.98467476  329.2476779  279.2160744  4.759886549  182.4262237  219.7926426  123.4709345  98.81036576  72.82245176  690.4044641  173.7806019  -0.2797621786  25.06815152  315.4296723  -0.7071593831  -0.5642085158  323.0598224  268.7031396  253.6063444  
264.3225026  205.5679821  -77.32805608  524.6083776  286.2871792  792.6851118  417.5723354  487.2120355  550.2687464  294.1379476  628.67613  70.14552938  327.9343085  283.5685467  5.866186584  185.3372642  229.3612107  125.4701935  102.3100296  73.36354719  695.5196253  174.0450113  -2.58674313  28.48355058  315.0125652  12.94345425  4.000581781  326.4347833  268.0459456  245.5881034  
265.7335074  207.6262001  -71.35429545  528.3702242  291.8471914  798.462508  413.6534917  481.9791397  547.1265522  300.5229444  627.6777824  70.54397646  338.7896604  293.6961121  6.011348787  177.8744599  218.5523904  120.2168229  109.0101828  73.79107485  700.1960635  184.1078049  1.891381133  24.3517153  304.842187  12.5343467  0.4856452135  334.6805646  274.8797185  244.6431581  
263.1693236  203.1345351  -71.11999688  529.4738135  291.6288303  802.9351764  411.5509098  481.2737007  549.9800838  297.7294185  622.1729253  70.96702353  345.3348105  297.9259653  10.9720996  175.0776931  218.6592367  123.6317157  113.7966005  70.22342689  701.4655065  188.0476597  2.724502861  34.56433603  306.4096488  10.1339558  -1.886943837  333.1936408  280.3925981  251.4524664  
264.0975597  200.1357289  -71.7442255  533.4655388  290.2645715  797.8201137  413.818971  477.7395195  544.7518431  292.2231593  622.880891  72.7498648  346.788584  296.6385994  13.24823924  180.1177599  212.7211052  126.6886282  104.9678583  72.05855499  698.5477692  182.7939076  1.63781072  38.77905655  304.3062208  5.386475603  -2.735865902  326.1592556  283.2628872  249.7694721  
