189.0177671  326.3360734  29.07827127  187.0996639  393.7438691  515.7417689  173.2022531  393.6743823  372.2571126  259.7458519  794.7165859  190.5489785  292.1141659  411.3510568  -231.2080594  -102.743085  306.0323487  151.6161792  114.184149  54.40798086  665.294189  149.5349214  -39.40837445  52.76205453  201.6572966  -56.08596506  129.2637721  203.1400017  366.0010971  105.2860517  
188.9773189  326.3173482  28.815608  188.9985551  379.1667728  503.9784856  169.3074742  396.1386066  370.2187167  264.1332908  793.3386858  187.2225567  282.435907  414.1386773  -245.4509167  -100.4784443  281.5454519  143.6680556  113.4839277  51.72345082  667.0230537  146.0804813  -49.7887211  43.17760538  191.0777561  -64.83527288  109.3334903  200.4680736  365.3927698  106.4775392  
192.517781  336.6018396  28.34744054  176.5850158  401.2469577  488.35501  168.7005203  377.9685887  370.1973946  258.7084098  804.7551682  190.6631314  293.8790578  413.8865091  -260.2339549  -67.2702005  242.150228  144.7019618  106.3803275  42.26046722  662.985512  159.562556  -34.99986899  45.20026793  164.238598  -73.73156837  101.3291085  204.6780518  350.8908053  115.7123899  
193.7574479  332.0489269  32.53692985  169.1748191  416.4405844  478.6952209  171.4067532  389.5924573  367.9083768  260.4923208  798.710176  191.2426833  292.4151195  417.4036398  -265.3879169  -67.75331035  249.3538691  160.602154  103.0144936  31.05257881  660.7223701  160.6011732  -34.7736595  44.29778936  160.2531319  -80.79823691  97.6404686  214.7468269  351.2243393  106.636842  
198.0673655  326.5000276  32.66268459  177.4229864  399.0445166  470.0033355  177.9936152  396.309109  364.5192442  257.9811779  807.9095703  191.128156  295.5014906  420.5913502  -271.3924916  -62.83741534  242.7457243  157.7753779  111.0576491  27.15565972  660.8792884  164.6371711  -40.22984956  28.87976721  152.5504614  -81.95792079  94.35328338  208.8322524  349.7446063  105.7733547  
199.4919981  328.6398389  34.87712906  182.7756821  386.9744681  463.137181  165.5220666  390.6579449  369.7003946  256.8320295  804.5911679  204.4828212  291.4053372  412.5424286  -250.271442  -71.23801285  252.7544338  155.7764736  102.2115473  36.13241933  661.6011137  155.0954545  -38.80748664  41.05986207  156.7470492  -73.50201839  96.59231252  197.9849128  356.3068217  112.4294615  
196.3727211  332.7777045  35.37360145  180.9516639  391.6507604  456.8410363  165.1571878  397.88008  367.3944159  249.6071464  807.8571587  203.5252915  296.5957324  419.7727117  -248.8671978  -59.42695861  250.8138068  161.6288446  96.26254738  35.11802085  660.759789  162.2067827  -40.47537052  44.07050072  148.1233797  -81.15872609  92.99288362  199.9888265  348.1217035  110.8735642  
193.8487869  327.4022159  38.26687609  180.1261892  399.1722877  470.4888178  172.0045387  388.3980681  361.6868953  245.5936661  803.7980857  202.6418286  295.9352116  416.4849308  -256.5645463  -59.59189216  254.8355169  162.524859  101.3353436  33.01033676  662.3155432  171.9352222  -26.03686375  43.0212518  148.6280164  -87.20504963  113.498874  219.9904814  349.3664441  105.3635291  
192.575853  324.5262739  31.95209056  191.7531299  402.242446  466.0766527  177.3709877  389.6710679  365.3151602  254.3890036  800.1538199  202.8770629  295.9403612  413.8979  -253.3462082  -50.35118218  238.2428642  156.9184109  105.3439153  34.35212097  656.4554473  159.1436912  -35.86768171  41.0553489  151.6177718  -78.72848133  98.64236325  206.1387342  350.5497836  116.2335304  
194.1942132  330.6772929  34.69661358  177.790291  410.9833815  460.2213373  182.0333966  378.1090986  365.615432  247.275032  809.1211709  203.8606483  313.0074614  429.908437  -260.8603022  -27.98981955  212.662461  152.2677059  100.8990103  34.41341404  650.8195739  172.9240397  -37.64270512  35.1818672  134.9093711  -87.48289782  89.21920969  211.7241778  339.7040825  121.833534  
199.2639288  330.2574279  32.7132061  172.6668205  406.4090617  464.758253  177.8395362  393.8620439  370.9509983  250.5918959  799.9422664  207.8623897  302.4845675  426.4609753  -262.0463365  -43.37559632  235.7064815  158.7480945  102.5795464  30.23731107  656.2460177  166.8555264  -36.0939546  37.69747594  145.7765304  -89.0084304  95.57372167  212.2924945  347.7913951  113.8119479  
198.9129713  325.1654457  34.54089653  177.8578414  409.4667629  475.756238  176.6753196  396.8481657  365.7784466  257.8583535  799.1043361  200.8010725  293.4155979  426.731741  -266.0144241  -58.27945272  242.0701355  157.9477226  106.5642141  35.39024167  659.1084353  167.5708282  -37.13111744  35.31064644  152.3453589  -88.61163084  101.4007707  215.1932107  350.3656425  106.2664509  
195.7538393  325.61264  28.47652543  190.7523029  403.0496113  487.1326282  178.3884688  389.016133  374.1364209  258.1620619  796.9275807  197.2196442  297.0838925  421.6830635  -260.4233208  -60.72787621  240.5889753  146.3509216  109.5677078  36.84510376  657.0965021  161.2700734  -38.20222638  38.95290659  164.9475302  -76.1918197  103.7926707  203.3483242  355.2321511  117.2699643  
193.0585396  332.4864153  25.21897274  190.9042873  409.9636534  485.2692939  184.9306692  378.6734486  373.8436752  258.1832108  796.6924007  201.9657297  303.8441307  420.4613763  -263.239945  -49.84561224  232.1480178  138.6240616  109.9506177  40.98353869  658.4156859  162.9994592  -31.24133531  38.04471552  157.5080579  -80.78530112  105.8976228  210.286541  351.039358  121.895979  
199.7574117  324.615554  38.40325098  186.5746938  412.3765047  490.8072781  186.7520201  386.9069728  369.3756153  257.2140355  805.2357507  200.4205388  299.3380769  433.0451449  -269.8970695  -54.11237856  246.5738595  160.087693  103.734264  38.60576026  658.4917712  168.808083  -30.12075467  37.4600023  152.8089229  -84.41942942  104.520049  222.346107  352.2616327  107.8238881  
196.2625089  328.5466997  31.90378416  182.9070614  396.9894367  499.1775026  174.6911661  386.381563  373.8109816  263.4269034  798.3072594  193.4951031  290.1705563  415.2119799  -254.1814263  -70.7271287  261.2351355  152.919933  108.8600793  45.89658564  660.5379132  164.6717717  -31.4112698  40.52899991  163.1364304  -78.78166934  112.0562939  219.6395311  361.4073625  106.7187987  
195.1602586  329.2311796  26.83956385  179.3475382  397.0545164  478.1279758  173.4412034  392.1940836  364.1713751  264.695293  802.244368  193.4381543  292.522399  415.5770821  -256.604673  -70.8379065  244.0379455  157.7492375  107.0694739  32.6019171  666.2535628  164.9291473  -35.99956176  39.9828304  154.3436529  -81.86803807  99.98205341  210.2016534  354.5307733  107.7885277  
194.6880306  328.5285479  28.55752447  182.2344918  406.8455421  478.934433  179.9576696  394.2456488  367.274189  253.6849847  798.0555791  199.4026034  298.5217464  426.4282139  -254.9889223  -61.35837975  253.8610388  160.255595  104.5159264  33.04321509  661.011672  156.257188  -30.75405877  44.59800059  155.4997087  -79.43126311  105.1772281  215.1194085  347.4376596  107.8455652  
193.8543477  337.7644894  31.48352578  186.9220583  389.4004851  494.4042872  177.6379429  383.5593338  369.0378109  249.466827  804.9693758  205.8068214  297.2391233  420.35631  -255.1761081  -60.01893216  266.6113623  156.2843742  102.029353  47.4923227  662.7873542  162.7223369  -27.17126672  47.7912718  163.071792  -73.40803102  115.9427871  223.3585467  349.852087  105.6015599  
195.6877105  334.0253863  34.68780806  187.2407542  397.4363517  489.5933049  174.4476188  388.2725091  372.5304411  257.2300071  802.45979  203.609173  294.674834  426.2347505  -245.5314384  -58.76594257  269.1170685  171.0994079  96.41344077  47.67266615  670.6477245  163.4271297  -34.28120198  45.83857525  164.2238283  -69.07658227  106.6199933  221.67101  357.3555205  107.3422093  
195.3104163  333.21991  32.57697797  183.380295  396.4620817  490.0812607  171.9253329  386.1048538  366.8244891  258.1766353  804.6884357  195.7119612  292.2425201  418.9763167  -256.8416348  -54.9940214  253.3441094  165.7118734  103.2198091  39.77969961  670.9826435  159.3362226  -34.01365298  40.72515164  160.7637346  -74.28216809  109.8323822  222.6047158  349.6448181  102.3316334  
197.7527353  326.2493841  36.00465225  188.4801073  391.2011893  496.8645614  169.3779975  389.6083315  363.2057018  250.7258526  799.3581423  203.5559939  295.1989281  418.3128237  -249.2903141  -58.0397361  260.9522722  151.3635625  101.566641  39.69618533  664.3058863  162.0256296  -33.23428638  39.26116183  167.7296813  -80.93887696  114.2711668  217.3701414  356.325759  113.772408  
199.6373996  324.4860883  37.13008542  185.0589243  403.6704513  482.3625926  173.732311  391.9204294  365.7892892  245.9191065  807.7607631  205.6211619  309.054662  435.1863783  -247.2940979  -44.8132736  255.1772672  152.7700691  101.1479121  45.87494693  657.4282659  173.5924674  -36.41915831  36.31166188  156.4946204  -84.43036933  107.9647403  208.2480257  351.7393868  117.9737187  
198.1445889  330.1883171  42.2905367  177.9336917  406.2055394  489.3489492  174.7638502  383.1513813  369.8005592  245.3694295  805.5946914  198.7571876  303.5328238  423.770434  -249.5869161  -52.18616283  253.8834572  146.850917  100.571189  45.46798281  652.7289823  174.7815141  -40.07598414  33.33502959  158.4401206  -83.40121726  120.8968911  212.4970332  356.0988663  121.454106  
198.5934807  324.3535737  41.72901377  173.0073648  403.6648588  476.3200791  178.5417959  385.9168918  371.0689767  257.1348628  807.8516948  201.9008706  306.2534773  422.5796907  -269.3815608  -54.89193769  247.0587563  156.9088733  112.2962581  43.16640224  651.6491917  181.9197163  -45.57278405  33.87012152  162.7186409  -83.42788538  108.5529801  209.7791262  352.5548457  112.8383495  
198.8623109  323.2605631  41.46281573  171.1739641  413.7830434  476.3514356  178.938573  385.2667879  377.8728101  260.3254805  807.4616789  203.1693505  311.9122857  439.1142843  -248.4872961  -48.1696633  250.3516595  164.1466944  103.4593144  50.12425102  651.1699428  183.0168876  -42.88660373  47.14378914  163.3378926  -85.55189767  109.6879378  203.0656002  351.2873618  123.8447757  
194.3111213  321.0601452  32.83147516  171.5321086  416.1844942  462.7583787  175.020713  390.6605771  366.7697878  254.8016108  795.9109247  202.1941506  304.6110853  434.462124  -249.4865387  -39.08413977  223.6774227  173.3447832  101.5313479  28.76307557  662.6242652  175.3656034  -45.79779544  47.14467273  151.1297901  -86.77731145  94.03920802  198.2286433  342.0445766  120.7187153  
195.1381202  328.6788455  34.04320943  172.4821513  421.0550472  437.6714381  177.2329118  387.5758488  359.9421818  252.6601356  808.2899005  207.8834699  310.2723993  433.5926025  -268.134284  -15.19386842  185.20766  177.3625988  102.0461452  12.56021695  653.342896  173.7279535  -41.23815681  42.65214104  127.6506407  -89.58550479  75.50810408  198.1424083  332.1007884  120.4214133  
196.5752215  334.9880447  31.31685104  174.465866  425.1073101  453.3248896  176.5026004  389.4390037  365.6219218  254.8307919  802.464058  210.183232  304.5977435  436.1618208  -271.4361982  -29.03006015  199.2049223  171.7172249  95.62338576  14.05642672  647.9369064  158.0127877  -28.02610751  47.13852865  129.6161374  -91.31368344  82.98788483  209.9404931  340.5177321  116.6276317  
198.6882249  330.2806073  34.96311193  175.0574809  403.8042492  476.1193866  166.2888516  404.2455432  370.7970569  247.0093354  798.3790524  204.8538521  296.4480366  436.218543  -253.2197712  -58.48397048  244.4344637  161.2725002  97.47107782  24.83197863  663.1287729  159.3802609  -32.98480707  40.11067177  150.3399082  -82.54997998  105.9719432  205.3306033  346.6253145  113.9380791  
195.3255062  323.0636356  34.12102884  183.5508881  394.4050179  500.1670535  173.2892988  404.1462383  370.1921411  257.2966763  802.0403241  192.981355  292.2704758  430.8515384  -262.3260953  -75.68051386  276.0343571  152.5419927  107.1049435  43.54097554  665.170551  164.7147579  -39.99252378  32.43292291  169.1516513  -71.77669172  118.1328933  212.6885998  355.9635532  98.82866581  
190.1826037  335.8098761  33.52971921  179.5867663  385.8378375  507.5335874  166.3435348  397.770181  373.7299313  252.4799639  808.9512032  193.938388  293.797416  423.5660668  -247.6744808  -83.8083308  286.7139237  140.2213187  103.4644869  52.65360528  664.5180853  168.0150521  -42.03761837  40.73193567  177.245823  -77.24427493  122.5149383  206.5253049  353.3094714  108.8718106  
189.9307715  335.420624  28.60731021  188.9368594  386.0433884  509.2527034  176.5943448  396.9850587  376.883176  260.8651522  803.1604452  188.2124084  288.0574877  424.237874  -247.4788854  -90.65921855  290.5568473  143.4218209  106.4588305  50.80717495  668.2211905  156.9746866  -40.15587704  46.97039655  182.6116028  -73.47708772  109.5715697  211.5562437  354.8780145  103.1689571  
188.5004255  324.8627708  27.83517016  192.8750836  389.4881996  519.1083612  182.9349271  390.6402861  378.3391921  257.0219109  799.1193684  187.685287  291.4259843  411.3186079  -239.1832521  -95.9429384  294.5311098  141.9092605  113.5505508  53.2627645  662.8152368  151.9405063  -30.53913144  56.22055294  189.9405948  -78.14975695  129.7641445  213.75191  365.0673466  111.7654842  
189.7944747  320.8150715  22.39010223  182.6122838  396.7343972  495.0373534  179.9680165  385.9206727  370.2649224  257.8287753  798.1383255  192.6909302  295.1072444  405.7861381  -241.9431684  -80.09652207  262.4191465  138.6568402  115.5975557  44.85384409  652.3537428  156.3926496  -37.52748692  45.8148316  171.5222777  -83.38419114  111.5987997  203.7337705  360.5515956  113.8834923  
193.7994152  319.017691  27.7914299  171.6714977  407.103182  469.3546518  175.559481  383.633995  366.3693373  252.1473538  800.8187869  196.2926305  306.2903027  412.7946435  -247.9902542  -58.55532862  234.8479549  145.7651842  116.5213424  37.47523113  658.929232  172.2415535  -39.52982682  37.87231405  151.4764354  -90.11547046  103.5254617  195.3164582  350.7234765  119.8871681  
198.0242145  318.5137613  32.49735592  168.7324635  428.4849853  472.3731018  183.1352368  386.8800467  372.6968827  253.167035  802.5789871  196.1325303  309.2991478  419.3990104  -265.5250761  -48.24535593  217.8823078  163.364327  111.3629401  27.0217663  653.5804486  166.9839528  -32.36681074  43.72969281  150.0829741  -88.46749047  102.6734984  207.6798433  351.4424662  119.1877354  
202.5987733  324.1170548  35.88038923  175.0031271  424.7655786  472.1609192  184.6870999  391.4607889  372.4051627  255.3628369  802.7275162  195.1742326  303.1658598  426.061675  -273.1035802  -35.85356331  210.3780402  158.6237741  108.6015879  24.48473787  653.1713286  175.0185319  -32.68600505  34.59503443  145.0662194  -97.7349732  97.09430282  209.9491987  347.6279791  121.9781834  
202.3765294  333.9561399  32.58220988  187.6603971  407.0611474  466.0213116  179.6009715  394.161819  374.1539328  267.5094044  803.5152411  193.7537024  296.3398425  429.9886064  -275.4857042  -42.47633147  221.7744949  161.2562909  107.4260645  27.77198408  663.5847349  166.5761662  -42.68653738  29.90599081  152.432116  -74.77662971  80.4390354  201.7869759  347.9116982  111.2440729  
201.9925315  347.5839798  30.80603265  188.0745781  404.0477961  469.8064878  173.7228  387.9394592  373.1004767  265.2727349  809.4258815  207.407325  302.9229057  421.0274164  -271.4823691  -45.26248748  229.6718852  167.6771196  95.08660933  32.71256218  662.0582191  163.1251937  -32.6551749  44.97526478  153.8515157  -76.8318392  89.20828058  210.9627409  350.9221915  112.0764932  
197.8678552  353.823559  32.35093312  188.5333147  387.9335977  465.4552722  163.9445859  389.5557861  367.5011085  260.6421492  799.7345041  212.8818407  287.0789695  413.9220742  -255.3277947  -69.63678068  258.2644016  165.5993736  88.4324787  33.55805412  667.1667115  145.70703  -31.88675382  47.05568214  159.0279365  -67.15692862  93.46042003  217.4007866  353.7515558  101.6320234  
195.2734133  341.163598  33.37023247  177.9620499  384.1035514  456.6854672  156.3442433  385.6872544  355.581698  253.1975145  805.2937471  210.613148  295.0467304  408.6264667  -254.5534307  -67.64627904  262.5479575  155.3641336  97.13897257  35.70481895  659.2483899  151.5225691  -33.05736683  42.80763571  154.0702115  -73.11396515  101.5671956  212.4088323  350.6601626  96.6066063  
194.8561676  330.1439746  34.75125079  176.7645512  398.2161328  456.2355736  167.4930405  384.9520802  357.6771718  247.9462121  807.3819634  205.1200091  306.5632655  433.6873649  -261.4899561  -54.58830157  260.6543741  164.3170547  99.05121764  35.04532853  660.1728007  166.8350382  -37.99113058  42.29390745  149.1871575  -73.95028567  93.45302607  207.9021853  336.0394423  96.41060312  
196.9207577  327.4790174  33.92088634  184.7575185  396.1482746  482.7407611  176.4253908  395.1458367  372.7551762  253.3962451  801.3477958  205.334002  300.9909338  432.47758  -260.6145237  -70.23090007  274.8335263  158.0130725  104.8851362  40.77407998  659.6586536  172.7096382  -32.48281051  44.62476423  165.7215517  -83.13736152  107.7127755  205.1322479  352.5505592  105.5772121  
195.4890823  318.0360471  37.07159649  184.5407913  387.3537358  483.7940142  174.0660433  388.0746775  366.477665  258.9228066  799.0360708  196.3795018  286.9724199  417.1557723  -244.1162776  -88.7854219  275.0887456  154.0955075  109.4051018  42.39928658  661.9456695  166.0184438  -48.79067988  31.53075715  166.9666536  -62.64002476  108.9291166  199.3032678  360.2674919  109.9955377  
190.9395063  319.4437697  28.69433369  179.4828015  415.0692246  466.2585142  185.3434181  372.9312198  371.1709827  260.5655973  798.7479979  190.8813854  299.979693  417.964056  -250.999248  -69.0377732  228.9074451  137.3740408  114.4541037  38.86502304  647.1512126  154.3901082  -50.38140523  30.06346145  144.103168  -73.21460268  85.97560915  187.7851992  348.1457209  120.9333495  
190.048067  322.6055701  34.90227691  177.7980857  412.6473639  469.0243125  176.7427889  378.7014098  366.2159419  249.4409471  797.6730719  203.7838428  300.0278764  422.9594052  -257.0311508  -53.91982543  229.7189114  151.9450785  100.4242515  30.15096722  644.237613  161.3517282  -27.73160489  41.9241164  138.6755438  -94.58410925  97.62930551  204.9494813  350.0684392  122.4689819  
188.9484518  319.4570391  37.98560783  169.7552931  422.8698096  458.3465109  190.5240825  386.6859741  362.6403065  251.7469267  801.941207  199.1160634  306.9427448  440.2559743  -272.4426902  -25.79581978  223.4032942  181.6991157  100.8938809  24.03562822  656.2018309  184.3871497  -33.85977623  48.3240835  138.3240311  -90.11562937  87.98761467  221.695173  337.6301638  110.7563478  
193.0798331  334.5347622  24.66158128  167.0413356  418.4617451  455.0932353  187.2489023  390.8180172  365.2245305  259.5770461  806.0422255  205.1191877  307.2588744  423.4269466  -275.6542665  -42.65154546  222.369738  172.8489397  106.0296564  18.441538  653.5807599  165.3347115  -33.4423433  49.35816787  147.1510213  -86.15872442  84.74288996  209.886127  345.2722078  109.1186696  
201.9173716  338.1465805  33.14852322  169.5670976  411.4805533  451.7500954  178.3819176  391.4750967  364.491802  262.0177735  808.6530238  210.4608932  303.3385172  429.8059265  -264.9288988  -46.94625137  234.5162106  177.6037435  98.6533619  24.59783954  654.1089382  157.199137  -32.53741424  55.66529364  144.4306254  -83.98856546  83.45751322  207.7893534  337.4763569  107.094368  
206.9353175  328.1117235  44.19617187  174.0683364  411.4889023  449.5861006  176.7458613  400.6447413  368.4884115  264.2452375  799.930145  210.6896019  299.2443788  434.3445658  -261.7660937  -48.75758156  234.8479412  173.3395537  95.96060678  25.17888009  648.426329  162.8364216  -31.42368872  46.51149528  144.7171144  -97.22909007  86.90294876  203.4839119  350.0308756  115.4847025  
195.9082741  326.4207139  41.71714082  180.2507698  401.496185  475.384578  175.0172299  384.7790452  361.6929875  253.6948644  805.3244553  202.8163317  307.432919  429.7589991  -268.0947374  -40.31091602  230.3136506  162.5491918  95.8365187  36.60065261  657.8590293  171.7876917  -31.20745832  33.3799397  143.0170436  -86.15109551  102.4366518  219.3905486  356.7695115  114.039639  
190.8201747  326.8751347  26.39870998  190.7617955  401.0645009  490.1626508  177.0803849  380.9232794  365.1921289  248.9667482  804.15329  201.3479798  301.61339  415.823606  -268.6107097  -63.45696464  235.801627  141.2074203  106.3535925  37.20352263  657.8339332  167.999475  -30.43647127  32.7720012  154.5804826  -85.8429799  111.3417474  215.2550879  358.8894299  118.8429897  
194.3233215  314.3548169  31.4026244  185.7497222  403.7263927  492.781241  186.1236241  387.2300678  364.9304643  248.634468  798.4953536  191.4481765  294.2789705  417.5725833  -271.3402481  -61.79257601  248.7310474  154.9047748  113.9514236  33.30434999  666.3067764  170.643203  -30.4227264  34.97809603  160.0480713  -82.58859655  107.6169961  221.5224856  352.3483802  108.8008701  
195.2156367  313.3399781  32.95439399  184.9507271  410.0430319  469.6932449  180.1288625  397.9703594  364.0150557  257.0944281  791.2182353  193.7955601  299.3146045  423.0659995  -249.749258  -52.93985555  250.4209406  174.360098  108.8499579  34.40600133  668.9471456  164.357917  -39.12502435  42.08729775  163.2215916  -75.41078755  92.21582152  197.6841831  355.852348  113.9308967  
193.3837097  328.2017853  42.10843606  173.8363628  396.7824703  467.5287613  160.0493762  387.7266455  356.4128388  249.1088041  816.1821959  206.1086456  304.644942  421.8348083  -255.4202076  -34.95808019  243.7247019  177.8672491  93.49787603  35.3356413  663.5918386  172.182118  -34.53389251  53.52617647  155.5199498  -83.05788368  99.54277722  222.629922  350.646934  106.8676297  
196.5571877  340.0155612  41.0636852  179.3601932  390.1409016  467.0013019  159.3891175  391.3729031  359.2382248  251.6562474  817.4737972  207.1609723  291.8903654  416.0465709  -267.9782481  -48.73615116  241.3307316  174.4592768  87.16079848  32.0237056  662.6692472  156.7903168  -30.04203209  55.24353573  154.1001367  -85.36789482  100.9882051  231.2858607  345.7602631  99.1475349  
195.5106716  341.4810486  36.18250331  180.3196307  392.2351708  464.1080811  157.0172871  394.7177659  360.1031495  252.0297945  807.0831331  210.3870898  289.9297905  416.7008017  -266.4571233  -55.30777198  248.6457996  164.4941495  86.19548644  30.07336348  660.0275688  146.152706  -33.16541336  48.3592489  152.4141763  -83.93830992  99.75268275  226.2173133  345.1153704  96.92418745  
195.6671072  338.6634576  34.74623129  190.9860652  382.7911406  469.7941202  161.2101701  384.0593217  357.2126056  249.7364738  803.5102845  209.0935636  292.3978874  411.7386305  -259.0395742  -55.63257869  251.4375827  149.4480515  94.85434675  38.43674912  661.6464186  147.9045097  -32.0389033  34.0938543  151.7921846  -81.13692717  99.82291684  225.9240966  353.9080066  103.5553066  
196.2718402  343.5543214  32.92509378  192.3978786  381.5244435  481.3200792  166.7228423  381.6783182  360.1970189  247.9488128  802.6868429  204.0859987  290.6968416  401.6961948  -252.0362882  -65.93898976  251.4884356  138.5657598  97.76656475  47.28181988  662.3711113  155.2164011  -29.91535046  28.5672617  150.1405718  -74.13604997  105.046941  231.7337244  356.4534549  104.9574125  
197.0152008  340.3966661  43.1716663  186.8585028  377.706248  502.8726753  164.1744212  388.9363321  366.197637  240.5498212  802.9386624  201.354481  284.3172095  403.0013392  -241.5406449  -82.49839629  273.020311  135.0334393  89.78560177  53.23803508  661.495447  163.0470703  -30.05753758  32.00205631  160.6331401  -79.57168809  120.9096597  236.9153126  364.4299174  114.0802331  
192.6428987  342.307453  31.46920927  188.5400565  375.7866252  511.5203161  156.1461364  391.1517361  373.9688028  248.7918899  794.8284893  201.2216767  281.782193  407.761149  -233.2527007  -94.90797405  287.235297  140.5512636  98.315678  54.22617177  665.6868736  159.7115802  -33.99826017  42.97686137  179.3395214  -67.32803916  126.3813443  217.3129132  373.8024071  113.2592435  
190.538092  347.275531  26.97194728  184.2708688  379.5097922  498.1557857  152.8882739  375.6208059  361.495799  254.1511261  800.693724  202.6950925  285.3983134  398.5360903  -237.8618476  -83.69581562  260.5200915  135.6506477  99.23445407  42.18867836  661.5781689  153.830597  -40.96954762  41.39249405  169.3709632  -77.84138482  121.7617762  207.8685544  364.1512278  116.404997  
190.3673455  353.618811  26.20406581  186.6922779  387.355641  480.8233851  158.8599064  385.3388595  366.46448  260.8916045  797.0766646  207.6252522  282.8100657  404.0297333  -248.1019253  -74.757103  251.9643288  158.5748169  95.22860831  31.30824429  670.5469045  141.1369415  -30.47954738  43.11952884  156.8973485  -68.55398947  106.4465518  214.938298  360.2007585  108.6707799  
189.4076606  352.0081467  26.48790969  190.0954769  391.407215  480.969826  158.6405128  397.7993417  366.0701468  264.257381  794.5926439  212.0349874  287.1370313  414.4488891  -241.8657227  -84.71906041  260.7386143  160.6356057  92.51373767  40.27655923  670.0956291  143.9715152  -30.69105482  42.61347473  164.5412508  -68.43007543  109.0318838  205.1815574  367.3885447  108.9668519  
189.1821617  354.6549122  31.57616887  180.1697866  381.6690185  477.8953646  152.3214532  394.6275934  359.2897289  252.0493747  803.7382712  214.7697666  289.6509957  414.5387173  -239.9451388  -76.49332589  263.5722383  154.7853626  90.63483839  43.75264562  664.0623276  161.6231382  -34.91300159  46.43006111  159.237495  -81.47585311  108.8224781  208.3476636  354.8269031  110.1810147  
191.5673033  345.4758183  35.37479785  176.0585884  394.8168065  484.9055119  162.6191987  391.3391756  364.8880631  253.7252797  800.36362  204.7941996  288.9608171  422.2973472  -246.1677119  -68.69593038  253.7410697  152.5014248  94.98855007  39.73560596  663.5826903  173.2555661  -36.83747934  42.52515421  161.8389834  -82.6822506  114.2326355  212.4671802  350.8844071  114.263955  
192.5346247  331.7857899  31.59595265  175.4409917  413.0299442  486.7321838  175.8082587  402.0828893  371.886122  264.9449084  798.239025  192.2247323  296.1388631  441.9299885  -257.0889016  -66.26210276  249.8576496  156.9729152  106.4471663  37.76923354  663.1577978  165.7567863  -41.53391921  43.96955642  166.9413616  -78.70738964  98.61701068  205.4512279  346.1418132  109.154086  
191.155001  320.9143092  39.41457484  174.4642764  412.3649407  491.3737602  174.842294  405.5533867  371.235233  253.3580998  800.6665222  192.8063577  306.262334  442.1432308  -250.1653538  -56.0428867  259.8763811  159.0660007  107.9817624  53.34889291  659.1996025  169.402572  -38.51539466  51.4987498  171.2590268  -77.80719733  113.5506565  208.1147271  344.1913906  111.1851009  
191.2275357  325.4374134  38.27338894  174.9427933  406.4795772  489.6454359  173.0652633  397.4387424  376.373398  247.6562832  804.9411217  191.8800124  305.4312089  428.8549741  -247.8217243  -61.6030862  252.6534244  152.1264453  109.3266237  52.81260559  656.1545117  173.9203098  -42.68840259  53.1827608  172.0726141  -81.05244785  110.1671871  204.9460653  346.7855193  118.3447678  
193.6684378  335.263105  22.05709586  186.9013956  395.7933588  505.7412851  176.7422374  388.3809576  380.9349545  249.031434  798.3524736  195.242693  297.3803516  414.1847739  -254.3948266  -84.25691083  254.4153732  133.3604011  113.0265014  46.14261764  657.9171884  164.6251805  -42.99546735  44.05003486  178.0556875  -78.62971238  126.2553354  200.3975285  360.992933  118.4107154  
193.163758  337.184252  21.34120268  195.1831816  396.4669878  493.9892605  182.0495579  389.5770839  374.385428  264.9211722  798.1805117  194.7215691  284.7979478  420.7254853  -253.9250169  -87.9818626  252.5897964  154.7842596  109.3076337  42.40919214  665.1902833  152.4836668  -44.44934235  48.24297385  170.6910172  -69.95852577  106.2808001  205.6494075  353.0379315  106.7188755  
197.0649579  318.8309679  27.19995614  179.8145898  411.4545557  480.0811336  183.2305481  395.5922598  377.7051376  264.2380851  798.5413572  193.2738821  300.6683162  425.318664  -240.4894872  -65.45456236  252.0645634  155.9752681  117.780518  44.13124555  656.9006181  163.4002769  -46.8607603  54.06696615  166.1831028  -78.22134292  98.64111154  192.7938348  343.9856926  113.7577223  
201.1373294  313.4339055  37.73420411  173.1854004  416.7039035  478.9322833  190.6646904  395.0648228  373.3005718  260.7898673  802.1562546  193.3351547  308.3549693  428.2375735  -256.6850378  -39.72702773  241.6244102  161.1167896  118.3725966  41.15312098  654.782379  175.71298  -43.92665496  43.73393318  164.2282693  -81.22525561  102.781303  205.1036239  344.4272451  113.6460287  
205.0767793  314.0951184  39.70967032  180.123708  410.5527695  491.6553616  187.1877402  396.3016517  376.3346974  266.0115567  804.9397318  191.9687475  302.9703143  437.4237394  -268.3410656  -47.90696604  249.1387937  157.7401364  115.116867  42.52723308  661.0182386  178.2237821  -33.78631835  32.0084187  162.61921  -89.52362472  109.8117905  215.6073956  359.5465276  111.839474  
202.5261432  330.4061296  33.7282561  184.0024858  401.4578426  501.8660132  183.4595154  393.4576802  386.9593021  266.4613573  800.8591232  189.4259404  296.6640817  427.6768837  -257.1108366  -79.10759968  261.7404737  148.3867951  108.4439603  48.86505836  670.0895257  161.893878  -36.66571005  28.59608414  169.0846367  -73.24351717  110.8770248  214.3870822  363.9337303  115.8006132  
188.5561993  323.8471393  24.34007946  183.829628  398.7615011  506.0548689  185.6795849  397.8395529  384.8463657  268.0860878  792.2557599  186.0131785  292.9595578  420.0305722  -258.5136179  -78.69844528  270.5344901  148.0747487  117.0763359  51.32195047  670.1322589  164.9389182  -34.05981497  33.33823201  182.1855791  -71.89623966  118.663136  212.2131457  366.2084667  110.9402961  
186.6786316  313.6310053  29.36399883  179.0451332  397.5040826  494.7707511  178.4437078  400.701048  370.409503  261.2929812  797.5693347  188.5224943  300.2441576  423.5337391  -249.6253609  -76.45028457  277.8070801  152.7136912  120.1779149  50.8743912  669.9780984  168.9656949  -38.98019505  40.54340473  180.5768514  -77.23051305  119.2930294  202.3750773  355.1325476  107.3361496  
190.2826836  310.6010271  31.21291205  191.8596024  393.1610987  495.0893115  184.6927992  392.0939911  371.2797057  255.6354808  803.2440501  185.7942107  301.3471645  425.1436098  -250.4940909  -56.12263831  281.5657604  153.0944299  116.4735276  55.74340173  665.3069483  176.4733587  -41.00308957  43.37533345  172.9852446  -75.40692225  113.469814  206.815776  347.2822559  104.0420036  
187.3995442  327.3595305  30.91852269  188.7278128  393.8522554  481.9363353  176.6055496  376.8982566  368.7703054  251.4734051  808.7176751  190.8329306  298.76802  412.4586419  -254.8579843  -54.15727625  249.3213755  149.6056774  112.1103975  42.75290446  660.431073  165.6057404  -38.45003755  41.54558699  164.1226299  -67.62552811  109.1723705  209.6947546  350.2598028  112.8573187  
191.4310423  331.1040895  30.32160404  184.6045711  392.6714434  477.3922058  164.3033925  389.6141691  363.2421958  250.1955391  804.0264086  199.7024579  295.5122153  413.1214337  -245.0370769  -76.84377654  262.3912128  161.1856094  99.33367413  35.60583562  669.3844302  152.7486921  -32.50206042  41.07559631  159.0237982  -73.01151753  110.4507774  207.1788211  359.4290416  107.7763817  
193.8122246  330.1947387  33.31843612  182.7061092  392.9502933  478.6867932  174.0225922  385.2772742  358.3715435  249.9923691  804.9661533  196.5658985  296.155248  412.2089777  -257.6623657  -70.14607018  251.0102288  145.788256  105.1709197  35.58113417  661.3462998  150.611478  -34.17899372  28.74970928  152.8816  -75.47526521  107.1998144  215.5721332  356.2906758  109.505288  
192.0719567  321.0784225  28.43780187  177.3988219  400.5494981  480.3693238  175.9474799  372.4955022  358.2032275  253.1288333  792.1819039  200.3949121  295.3721348  400.1253071  -251.8760266  -79.17876777  253.7899654  132.4678698  118.3208492  40.43893068  648.8301003  150.6410954  -35.29774872  32.66631008  161.0488414  -78.10099031  114.8738617  203.6470369  361.3586433  113.2113648  
198.7316712  328.3124716  26.7244704  172.8375363  407.0822497  460.2812468  177.6845169  362.8182737  360.38855  254.5199241  805.5957356  203.232266  305.5769982  407.3491885  -261.1217523  -47.16456016  216.2338087  130.5274897  113.0147104  24.54550879  638.2748153  158.7638089  -40.2166005  25.42756828  139.0997316  -84.91035713  94.91525558  197.7777445  350.3513919  123.7931477  
201.4778072  323.0183831  35.09904045  174.5313184  413.7194589  479.8404389  190.1259131  365.572207  362.1939495  251.9923539  805.80651  190.3781072  295.7305802  413.4783412  -274.4893209  -54.22071908  231.2842346  138.4404528  116.5438499  28.03675981  642.7608531  157.8361022  -27.30862538  31.94361578  143.6261444  -84.51657552  114.4066174  224.0960111  353.2593436  111.9145215  
197.8008248  318.4736865  35.15297047  165.9150238  405.3265072  459.6033187  172.0385779  373.3822128  358.9998249  246.4360552  806.2537756  194.4347133  302.7399892  405.7195623  -247.5934214  -51.47781553  220.2938685  138.7767741  112.7943703  30.40244594  640.1855392  161.1330772  -44.69290009  38.47767239  144.039349  -90.58009469  99.51544458  194.8487528  349.5437437  126.3822499  
191.767587  325.0809989  24.11508425  166.7608265  404.6220489  441.3843244  173.5476503  367.9845229  347.406177  245.7704803  813.6100099  192.0810861  304.3022969  402.5573321  -264.8876658  -43.64046684  202.0498207  154.6445718  114.1848853  13.68612936  651.020994  160.2159939  -37.12883829  40.42028289  130.2942868  -89.38800556  89.62680076  200.5039217  340.7303723  112.8761918  
198.2303729  326.4591323  28.1075591  170.0881467  410.5446852  433.8593679  165.9954515  395.7214438  348.9042229  240.9923077  803.0736604  209.4833812  296.2356451  426.3991067  -271.6453091  -37.6501139  204.0549169  174.7338809  93.08171663  -7.419593653  660.9965416  164.0528256  -30.54240179  41.32239973  120.7200585  -102.0579839  70.64854042  202.397677  341.3414568  107.2583444  
198.5959048  320.1660601  38.08863242  182.9358748  412.0630961  461.1939656  177.4579567  396.177288  358.8426987  249.8216276  798.2351395  206.758752  300.1009337  441.6806073  -279.259844  -39.79562399  229.7519161  165.6384709  100.8342595  24.23812835  658.9607254  171.4519589  -30.10199039  34.19280066  138.5006119  -86.15294497  83.70154208  212.3363327  342.3595267  102.4514277  
195.1254782  313.7855115  42.08574135  176.5048468  406.4845912  472.3191791  160.7731998  390.7578136  360.2768345  250.7336673  793.2312081  201.1810036  294.4269805  420.5627712  -259.62423  -66.58237187  261.4683693  158.0402769  106.0148194  38.84822918  658.000686  168.6225655  -36.55419798  30.10414323  155.5527053  -73.8108639  103.1352649  202.1811336  356.6152169  106.1731317  
193.9315708  320.5198378  40.15777253  164.1462608  413.9526609  462.9400698  156.6957886  372.6379021  355.7152752  244.916298  807.7547537  198.2464208  297.7913095  416.8216013  -259.569808  -53.37278962  247.5605289  156.7818316  104.6467712  30.39926727  654.7000622  175.3119341  -35.04891001  32.53702256  139.2457173  -80.16385166  101.4061291  204.0971777  344.2018872  105.6288169  
194.997196  322.4228854  43.12613894  164.9652589  413.523187  464.8855942  161.2172452  388.5029023  354.9929363  240.3264174  808.4443578  202.7177154  300.8098765  429.6651132  -259.5735111  -50.39185516  248.5942575  170.9607809  99.4910778  23.49446453  659.3732343  175.8198047  -34.41207025  39.91348824  145.9610065  -85.18591089  105.7308202  202.4530297  343.0287082  109.2884958  
199.1684991  330.9641658  38.04014509  178.7414678  415.4769633  472.551655  178.678644  400.679364  369.7258166  254.9496806  802.3793612  200.6123938  298.2853357  444.863748  -273.4971401  -44.86650895  243.3435027  167.8755629  100.0221681  30.50545087  659.0916985  169.6189864  -35.77068248  42.89749931  153.1672771  -89.18889887  96.27107571  209.2066641  342.2259751  107.2794392  
196.8293355  329.8172296  32.32113587  188.1414702  407.837682  479.0729848  182.0480759  403.0275792  377.6551395  259.9866142  797.578472  197.6641986  296.0623258  434.2586717  -266.4757617  -53.56167081  250.2116536  167.1511703  107.154225  45.08755785  664.7650187  177.1641069  -44.75840835  42.39468385  168.1600772  -80.25261624  95.83478563  203.0631871  348.7215276  113.513676  
197.2831412  323.9156246  26.00405353  189.6380879  403.9132892  482.1727539  181.1045553  400.7008306  377.4213833  266.9817882  800.0455096  194.6174626  292.0359174  426.0054399  -265.8310778  -62.93896026  254.0379462  175.3493753  109.3878517  41.68569984  675.3414411  171.51654  -39.29193129  42.22367471  169.0375035  -74.12433461  93.73401645  211.6470455  358.7448984  107.1785563  
197.7235164  324.8191201  30.85562188  187.4610568  405.2648674  491.7514048  180.8108998  398.0169732  376.2219542  262.321388  803.595345  190.710383  293.2595086  430.2335033  -262.8474066  -63.43849062  251.2066036  166.8256462  102.359626  35.50613085  675.3024572  170.090152  -32.86591169  35.20288943  159.2941009  -76.12878093  98.49188152  215.7256943  355.9593987  109.4123389  
199.4682695  325.1412698  35.79947348  195.728683  403.2969807  500.5638989  186.2675665  388.8103888  374.6307686  259.7481282  803.2258743  186.2911896  288.7408511  417.0439794  -265.6763739  -58.54179741  251.7993492  152.9945319  108.514689  44.73444552  667.3101049  162.8606889  -30.33091412  40.22399006  162.2669069  -76.1794285  106.9687845  225.6217511  354.8311449  109.2928493  
196.4666495  329.8044003  32.56571433  189.3589099  397.9639548  486.4676052  179.5619309  391.5635415  375.5626377  248.4264911  802.5572845  196.7217181  294.1275097  408.9313215  -256.4500919  -58.89571528  251.9256622  153.8222679  107.4967253  38.26098337  661.9680064  156.359707  -35.54081621  50.15905293  170.1113265  -79.04930338  99.46330556  216.9363601  348.0059328  110.1473279  
192.4399028  335.1882922  30.41701705  187.289542  396.5448304  472.1734954  177.4307568  381.1517778  363.1549288  256.206469  810.7568126  199.1337397  297.8605035  408.9788505  -266.7182796  -44.7806246  238.8780039  163.3727283  102.716462  36.83978776  663.2932792  145.7980393  -27.73093617  58.48944284  158.6994985  -76.42979788  91.39866798  233.6900308  342.9864273  98.76108979  
194.9627607  335.6538699  33.82429271  191.6008045  396.5789841  472.9269105  178.1266328  378.0247338  363.3826388  261.6156498  806.3572328  203.1269691  289.3559593  407.5195689  -271.4392854  -51.44285007  240.3700677  157.1431259  103.2473526  32.86581059  657.8275634  139.9956431  -24.11334684  51.07501897  159.2731162  -74.48553933  87.78972828  237.3029031  347.3204041  97.02402972  
198.970194  330.0581512  39.21471661  189.9215648  389.3751729  482.5504195  170.2418463  391.3012379  359.9378899  259.3080483  802.6278156  206.6129208  288.386874  424.6362561  -254.1859896  -59.90316747  264.0348183  159.0786361  95.88054879  39.82127326  656.1251033  150.1596921  -28.97358851  46.85103102  156.7411574  -79.35572784  95.94422639  225.1006903  352.3621754  99.74563754  
193.9326321  338.7538291  43.14346975  179.8793763  388.2823819  482.438357  165.258682  377.2936672  359.6493281  257.8536916  805.2651588  211.9546141  295.8467701  407.0289248  -247.4292991  -67.48855029  260.4765682  145.8401922  96.85604811  52.02734792  639.5735021  157.3375478  -40.89732979  49.82907537  163.7906388  -79.32749347  105.6149041  220.2441208  356.5877363  115.4584258  
195.6449063  342.242136  45.21732073  164.9739249  400.9733545  469.0898424  172.5351809  366.3090425  356.1381537  260.6133554  814.8916926  203.6206691  306.4890847  409.0248805  -255.5849542  -44.539507  231.7638006  142.835919  95.27313909  49.78844762  646.1192046  178.2659811  -49.80250234  32.66613634  147.5636825  -88.82508819  104.8390917  225.0569231  352.1100121  117.6947078  
198.1790707  334.8203289  44.41046603  165.4168275  410.1302454  474.0064816  176.6640605  377.2309097  359.6803646  257.0537417  808.9906774  204.6106896  309.4833156  424.64399  -261.2191373  -45.76131047  229.9058134  146.5698002  100.6934079  40.50452118  645.8383057  173.9058032  -40.76186497  36.80672058  148.8238467  -96.37995865  113.3659582  222.4804971  349.4910466  120.2453405  
195.3301104  321.1164252  36.90893956  176.5466555  399.8663757  498.3625236  175.6871957  389.0623254  364.2446636  249.2146484  800.9378066  199.2193466  298.8032349  421.2852546  -260.3954365  -74.55592029  257.9811955  136.7465741  112.2147036  47.76091452  654.6610284  166.4259092  -32.93298442  38.03589155  167.8677964  -89.00720092  127.6319269  217.4199304  355.5413582  110.5334806  
197.6331326  318.452886  31.93676478  167.0916285  420.1906079  473.8691136  173.5753746  394.4455429  371.6397311  248.4054444  800.4304193  192.91705  307.3038809  432.043998  -246.4575137  -69.18897356  236.1009307  148.5241428  114.1189418  39.75044809  655.3986472  161.1867756  -38.83053477  47.04011101  161.7792293  -91.5016031  107.6113009  188.5182311  343.9145925  121.2046472  
202.7903931  323.0012515  39.75773824  173.0689205  410.6041691  486.9404569  179.2251021  391.3376748  373.9352326  247.5672498  804.5731674  190.5644376  300.7388406  429.7487794  -259.4301625  -64.74366977  238.9994498  149.0577812  111.4176972  34.06551192  659.5544096  162.1377985  -39.61247534  37.21559307  162.309761  -87.7790775  108.4460558  207.1751485  348.9819325  113.9778521  
204.9047628  324.4855818  39.77459159  178.1440221  399.7783788  488.9021688  169.7286776  406.8314033  375.6000882  258.4044682  807.697367  194.0791282  295.4415358  435.8994548  -256.9658632  -65.20886889  252.9727547  167.6091928  105.3723696  37.27461584  671.1837349  169.6848408  -38.77236994  39.65230575  165.9024311  -75.62221016  110.065651  204.0346315  358.3292079  110.1093946  
193.0560647  324.6995414  41.0706153  182.5823111  389.6208434  491.4049172  170.8491182  406.2157657  371.0430076  258.1266724  804.7382994  189.9149824  291.3651225  426.635645  -252.4933145  -64.6042669  268.0132388  172.5842209  102.2095605  45.58230547  671.9157572  165.4670383  -39.31132966  48.65801878  170.2402307  -72.85198488  114.9719026  217.2176849  353.5711336  102.601297  
194.527543  324.3671506  40.48293409  182.1803685  391.5123128  484.000155  171.9110812  413.5897562  372.2744505  250.5817109  803.1920458  191.9571913  294.4096275  429.4450331  -247.3834375  -67.22147071  265.9343462  165.6883947  97.49119114  39.52148545  664.9902019  165.5584859  -40.41403222  52.67549614  165.471794  -83.75717104  104.7142139  207.1245855  351.1218779  107.0036537  
192.4300904  330.6894521  37.22187659  184.2705636  392.5777409  498.6153714  173.7018659  404.3964825  380.8275551  248.1475019  803.5435477  190.1550578  294.8681879  421.160211  -238.0910899  -73.03373785  279.0267351  160.3066433  101.5000796  48.18255557  661.4088959  165.511317  -39.28391698  58.88559032  178.3441856  -74.8859192  121.2532607  218.1856113  355.4568631  109.185378  
191.3838123  332.1203866  32.74318609  184.1311298  396.0024379  503.3056692  177.5230463  402.6272971  384.5252779  262.6840842  793.4685082  185.0323563  290.2389927  422.5779042  -248.1349938  -81.0045424  270.4661443  149.9544472  114.5917893  49.74186775  659.5144423  157.5622323  -39.33343716  55.08095956  179.6712613  -74.58873583  125.1468225  207.2285752  351.9882796  105.7938505  
193.6174582  336.7423352  25.88211844  183.7340183  399.1645987  482.5521823  172.3037725  405.1976172  385.9292028  272.3000772  791.2888094  195.9184877  292.7460975  437.1914595  -239.8517967  -75.29423242  258.2559836  158.3850786  104.0375665  40.7594615  667.2330594  160.4688816  -54.96451105  41.06170986  173.4006748  -67.27441847  101.0950512  181.7467318  356.747461  116.2030074  
189.5764721  333.9685175  23.49568281  194.0295624  386.4953529  490.6089692  173.6450388  398.8465224  382.1657389  268.2103686  794.1663697  197.4243408  289.6782298  429.8440522  -243.7174632  -78.21317182  270.7068143  161.8354867  104.2586753  48.59907841  672.2498999  160.4211619  -42.27604269  42.66409404  175.2458123  -61.63440958  104.4374565  196.8111308  365.1743731  116.2897129  
185.994073  341.9064659  26.99731937  187.1964365  377.8691276  486.4776486  167.9986338  385.3110586  368.8506391  256.4076791  802.173724  200.7585876  290.8511785  412.0643935  -248.9601372  -76.57682395  264.7464561  156.0678395  98.15964314  44.17533046  665.2403862  162.6926141  -40.94562337  42.1759089  170.3327146  -65.20477469  114.7499855  204.25533  358.6959878  117.6989258  
194.2663854  345.0275152  24.38424293  181.6943064  406.6934169  464.2969109  174.161969  389.5762637  375.103068  269.218506  791.5764778  204.0980451  291.4313046  417.7552337  -246.3784298  -70.64916993  241.9930266  175.2063179  98.28041472  27.24928434  667.8660989  149.977004  -33.7297994  49.98948398  159.3634112  -66.9388282  98.70322844  198.0842338  356.8916223  119.6370308  
198.0378712  337.1449422  22.46592822  188.8987471  397.3952451  454.2453228  179.3915366  400.4347906  368.0209937  275.4412523  792.3692711  203.2790057  281.7963603  416.7721852  -262.1245891  -62.61940424  226.713002  175.1570993  103.2650055  21.46113253  667.9002793  147.3060898  -33.29511852  43.64187534  144.7776972  -78.48262155  78.40021962  206.0035933  354.741632  108.3235456  
193.6750925  337.5260681  29.06935309  182.2426694  386.778786  461.7845875  167.5602112  398.5574379  365.0633439  263.5999771  796.147002  201.6758049  286.2658017  420.5818081  -260.553586  -64.8170695  247.1175712  171.0033767  96.57836057  21.81048086  675.4131515  156.6695179  -37.7869253  40.73085183  153.5372567  -71.68257422  84.91673062  205.2709668  357.3546983  102.2746756  
189.4972958  342.0517423  24.73251413  187.4643426  378.1036915  480.0356831  168.7477708  391.5425455  361.942069  262.0623815  803.1570112  204.0044645  284.4780066  417.0557115  -271.0003292  -71.77464436  268.3629657  166.8463443  97.57581626  36.77449285  675.763057  156.2076154  -31.2054576  41.674482  159.5129631  -67.2598449  100.4774718  223.2963726  358.437008  90.08663503  
191.1175409  345.7763414  23.87559015  192.6229813  376.0072471  483.3395149  169.4008254  390.3480606  365.7243308  266.8033397  799.9629969  208.8225652  284.3116011  413.3179838  -263.1375169  -92.2383252  272.5475527  161.4230139  98.36461266  35.74934833  666.7958911  151.6550114  -34.65867522  46.87414495  167.2014635  -61.96120603  97.91448218  207.5529784  356.7293494  100.3419924  
191.2029713  337.4562222  22.73536496  189.335701  390.5284494  472.4445424  178.9286499  390.7577735  365.114  270.9423543  801.6133781  202.9109658  287.1519452  424.3321268  -266.6885154  -78.40719457  254.6631247  163.1273459  103.5462651  28.00059841  666.6995009  160.1871343  -42.01698753  37.55755667  154.1495765  -73.64817519  87.07083909  203.4905421  348.7660902  101.8713387  
196.3599844  325.8944864  24.93020691  198.3855283  392.3857366  484.382406  180.5691334  396.5643951  370.8484529  262.8667425  798.6161427  198.1032625  282.6678281  419.8932138  -262.3177979  -71.15950098  260.7558989  160.3899537  108.012994  32.74231414  675.6418473  157.1281784  -34.61908906  35.16673036  163.7095022  -72.33884428  101.5242586  210.9885084  354.2057727  102.7931931  
195.3535041  319.3330303  26.23737407  207.2255518  382.3299949  500.9476416  184.0590266  400.8995092  368.3120847  260.9713265  801.6354563  193.5244077  283.9916374  419.631951  -257.4360278  -73.58004087  286.9905651  155.2646858  108.3387564  42.89671345  678.2201132  157.3176254  -28.77133486  32.59728552  166.5501842  -72.6014335  103.536578  222.8638942  363.9063061  99.65209255  
190.4961743  323.260453  32.98756914  198.8026096  390.0227735  511.0802863  179.2185069  385.1043594  371.7536017  248.7272496  801.592258  195.2923811  295.2729052  403.3354153  -238.7368674  -78.67632175  289.4875349  141.1922064  112.0279147  59.93952978  660.4367207  151.4604489  -27.87304122  39.3344624  181.3788991  -66.06805641  131.3892659  225.6384325  364.6886607  108.2957856  
190.1560693  326.1256388  32.31348025  186.8205365  379.3285763  497.131391  165.8806023  385.087935  367.753918  243.9155845  806.3106843  199.0774486  292.3664677  401.147716  -234.2751163  -86.97652926  294.3457688  133.5799029  110.8191621  53.08434824  653.0511973  150.6019751  -39.02237985  42.51841363  178.665676  -75.44129565  124.4943205  214.893506  358.6275283  105.7887793  
193.2444558  326.3741407  34.07386677  176.1626969  391.6554673  493.1172176  167.318052  393.7751733  371.6180537  242.2244109  807.3204386  197.5508958  292.097608  416.5075732  -237.7073283  -87.06997083  283.9699997  140.8055436  108.0247179  43.94748312  659.1665527  162.7234505  -46.65500873  40.55725482  173.5506343  -81.55633076  117.3400669  203.6592741  350.4852451  109.3902015  
193.0575081  315.2271033  32.77161884  185.1974988  399.9974201  492.160076  185.5839558  390.9697238  370.5601366  255.2931255  801.5135257  192.0718437  297.0257985  419.9674245  -251.5239062  -72.40090242  268.0266907  152.4225415  111.0976157  47.55300415  661.7473184  172.8227109  -43.37192783  34.33106093  167.4323489  -85.76120219  113.5172644  212.7229079  358.7652546  112.5154654  
194.6698275  312.5500042  32.13472334  193.3977044  398.7319346  491.4334313  188.0453224  384.0468463  367.1575382  254.208572  796.6087041  192.9479354  293.5459577  404.2028382  -254.3179947  -63.88659389  271.1684576  160.3333428  114.1472488  44.58626833  664.2718532  165.1226043  -29.97278672  44.43241665  164.0228011  -80.78064695  113.705921  225.8039312  357.7383277  105.6880372  
198.400897  310.5863278  36.57605476  190.418052  408.2332651  480.9945382  179.3911833  385.098977  363.1590908  254.1263462  795.4190398  194.4164499  294.3995844  407.3231605  -258.3006278  -56.9804631  247.1217986  153.0792379  113.1317164  32.17275543  658.0738287  166.8111282  -35.19959484  37.76950422  156.055538  -86.53008291  92.77270254  213.3086139  355.9680532  110.1339541  
197.7859799  317.8579518  31.22161719  189.7638051  418.1882514  482.5284275  190.6490208  375.7028655  362.9130108  256.6379079  797.0983362  197.3657125  302.5461791  406.3232013  -263.0861782  -50.65713974  232.3030631  136.8625475  119.7747065  44.15410713  645.0790558  162.0733254  -31.6567744  32.43188355  151.4846069  -78.86708504  96.58338819  216.0956638  354.2929887  116.2473895  
196.1504386  311.2011971  39.40986017  187.1937786  399.4172865  486.7534754  180.048038  370.6781503  359.1666784  248.5664307  805.3138827  191.3152532  289.6061816  397.7724681  -264.8405737  -59.81788346  243.323927  131.8929333  118.1763589  38.41451646  647.6622684  162.693241  -30.15670253  28.36653371  146.4646213  -73.64480907  106.5219829  222.3034434  350.4790572  107.4514521  
197.0179025  314.1764423  34.42114728  180.0050267  405.15013  475.3925239  182.6938415  380.7981719  362.0766557  246.7829905  810.5616416  192.8134371  301.2882186  414.0503372  -263.226291  -52.76832893  235.4721372  144.5587175  110.8732346  33.13067216  651.5796717  172.7420965  -38.13766656  33.20663437  144.9539752  -85.78297838  91.88841785  215.3211556  342.6361241  114.0300043  
200.4576154  315.6514316  38.24034122  174.8680782  425.7340673  466.3747235  181.7756423  385.0939915  362.2283155  251.9517194  811.7649307  196.9469062  307.4061848  427.7745789  -264.6943087  -42.26438796  221.1824125  161.8293519  106.0319404  25.26911387  652.8513087  171.2839749  -40.10138675  41.40847996  143.0511693  -82.77685668  82.23704986  209.3675737  339.7036057  119.809816  
199.3801128  319.3945028  29.57366017  172.4801804  424.4905036  463.11951  176.2854333  375.8051577  357.8426565  250.0722227  809.7460779  197.1385151  310.8175919  421.2924793  -275.7839965  -42.16514402  215.9087929  148.2611525  113.5178358  23.3183643  652.5451264  173.0783454  -39.44275116  23.90478581  138.5280399  -80.08266009  89.20077942  205.940228  341.8742151  116.4982473  
195.991196  321.4289627  32.73054799  175.2604707  409.4350775  478.4147897  168.9164918  367.376315  350.430646  244.7622776  814.7687755  193.8452944  297.1761088  410.45942  -276.910741  -59.97147868  227.9354712  141.5797068  109.5928579  20.47522121  655.926509  162.6975085  -40.16216668  17.40285309  140.3173963  -74.63359132  103.1267583  218.0767198  346.835219  107.188025  
197.5563576  325.6389453  27.40418637  182.003832  406.0852046  481.4961136  166.0808981  379.3674564  354.7302382  252.4451045  810.461273  192.9742233  294.3574658  416.9113039  -264.6367148  -76.2666279  249.0304041  140.7360482  107.7467654  24.32571694  660.5209757  154.6608289  -42.01231333  22.52641222  143.925892  -74.59369267  107.9094269  203.6380268  347.4722199  104.1842429  
191.340531  338.6354918  24.89209715  192.2253302  387.2964537  497.0247738  170.0678841  389.9979238  363.139822  252.7335753  803.8534858  198.7305459  292.3053589  423.6579016  -253.4331894  -91.66224593  277.8699391  131.2497719  106.1826117  40.73649879  660.6158896  153.7302173  -45.23127348  29.50218786  164.9014679  -63.11605994  108.7338092  202.2691138  355.154469  105.5269633  
187.9225445  348.3773532  23.95575124  184.5696492  374.1987076  486.571546  161.710625  393.222185  372.2609376  255.6424247  802.9527647  201.4492373  291.6886229  416.6020155  -230.7858287  -102.6834264  290.8541463  139.2242199  98.93029503  45.91880291  661.9804023  155.5580088  -54.53623294  50.90250671  174.6493215  -66.29608984  104.3872487  187.1668752  349.3529071  110.2585052  
193.0094407  345.1676721  31.07706158  182.6486563  382.5020967  477.6903755  169.5765365  400.6187741  371.5720233  264.2815802  807.5226142  193.0817888  279.8591278  424.6615223  -244.559925  -85.9132963  273.6206985  167.9638884  93.38998906  31.32245621  672.0190858  158.4922624  -50.56596063  55.72733759  164.5377427  -72.62183374  88.7283383  201.1494035  344.8660038  102.364815  
193.1878673  340.9521588  29.07457281  192.4082062  384.3497582  490.902422  173.9635896  400.2910577  376.408517  265.5790427  800.6818817  198.3984993  284.1705166  423.4939942  -244.6465104  -83.4176205  274.2493405  168.5764823  98.48535608  39.25809439  670.3600025  154.3023512  -39.03449486  58.59531096  171.4718708  -71.11591446  104.6343036  212.1646398  348.5069962  102.9529827  
197.9301993  332.803559  45.3905016  185.5614363  384.4765261  493.0695106  168.3240411  404.5453214  375.6148208  262.5157196  803.8061206  191.8759144  284.931692  428.1039973  -239.5340534  -79.71445827  280.5972846  165.4719908  101.8019017  48.04274367  664.8737552  160.6307818  -42.813713  55.36435188  172.694289  -72.62698948  116.277316  211.2516911  348.997321  109.6819473  
218.6579839  311.8324454  58.68682811  175.0579967  397.7404396  478.3273342  169.6932384  416.465226  379.7016653  255.2134668  803.6779343  199.1154029  299.7375874  441.9843251  -235.2686226  -69.34996469  264.8497357  157.6488503  104.5746698  50.39971632  662.3238624  175.5282937  -44.17082475  47.02076427  166.8900053  -96.33821175  110.2115635  198.0246519  351.7306956  122.3677381  
219.2612801  309.7149972  68.70594747  173.0932856  397.1429634  489.0379629  180.5612751  402.8552318  385.1322834  256.3312609  812.2828489  188.7287023  296.2549782  434.192675  -254.8155944  -47.68300241  259.8094297  164.7079355  105.8441786  56.93813239  658.9584397  189.8485343  -41.69136306  36.65137516  170.6219802  -85.71758211  116.3546836  231.2912795  359.4978922  117.929097  
198.9793053  321.4964086  39.98573954  168.0734274  414.9577511  482.0722464  174.4922237  383.3574473  378.3379867  265.3286351  812.7351017  188.7049661  311.2795879  430.5206792  -257.571619  -40.73373909  237.0021483  165.9110015  108.7591652  49.71224613  663.1860851  182.8549646  -41.5818087  40.7570948  161.0535843  -77.84527876  105.8920335  207.4004325  356.8787356  121.0704589  
189.7006757  329.7468773  38.1574803  169.9125167  407.0314028  490.1216616  173.5558517  384.6282338  362.8986101  263.0230442  806.6271523  196.2263362  289.7969694  416.0553338  -266.2301667  -58.46916203  256.0977343  170.7517406  100.4440145  33.05945415  666.5913407  170.8327335  -32.73860914  40.50596036  162.3589868  -86.09602755  105.8947297  235.5135625  358.6476604  101.4159277  
194.4371191  320.9711521  31.06690975  189.8987571  400.9363769  500.6889561  179.4523902  393.3188244  371.7042888  261.2439312  800.6638503  191.4916892  297.2912949  429.5580255  -251.0016158  -72.39524957  269.1002411  150.7513746  108.8643181  43.26560342  671.6622983  160.485649  -34.33325527  34.59100225  166.4817247  -83.15450368  107.8942662  207.1771535  361.1557898  111.4112186  
179.7809181  324.9104364  42.52271983  180.4786489  383.4075969  520.461311  165.7586679  387.8358145  366.1220808  247.5461522  802.8276399  197.1532691  287.4614152  402.6896691  -252.6557924  -88.94533494  279.8216078  134.5783571  112.306886  57.56619952  666.0693993  170.1247908  -33.49310662  36.15122265  184.9928003  -82.96494977  126.6722969  225.8012474  369.4650494  114.4416497  
185.6216789  329.4022704  33.11539101  164.71424  405.5975605  498.9872731  181.7847317  386.0733535  367.9784039  240.230013  823.4019396  194.0714908  320.9869881  417.7222944  -262.0617358  -44.72566769  244.4781715  143.7224117  98.27636609  54.38736647  649.4418927  192.0763985  -38.9881102  40.5867556  160.6508064  -100.5899393  113.9630059  216.3914679  348.7075453  123.0530096  
189.2914981  339.7823686  54.29654014  129.9447491  403.3962159  457.7787686  175.5283471  391.8131447  356.1767633  212.432709  829.3306071  209.6344942  305.7808195  415.5970166  -282.7548967  1.21254198  216.5017804  160.3336996  80.35281803  13.48995527  634.8736916  208.2333819  -32.35082039  44.73380576  132.8102563  -131.200859  119.3557889  249.5067924  315.4515098  113.4566438  
187.5237814  339.4551031  43.41241173  178.1879166  416.9103219  445.035301  184.2382471  383.7471279  385.1527376  275.6452076  788.5740801  204.6613038  301.901332  423.1314693  -257.8568593  -17.90668653  203.6899032  146.3555107  104.4859318  53.32289491  629.1460324  129.0489449  -50.4396818  53.97828365  169.7118553  -85.86133703  68.87337799  198.4509966  346.8442945  117.1200701  
191.643515  329.8119811  9.096299606  187.1468542  432.9656959  461.5901732  184.3964873  380.7062037  378.4101949  286.8652318  793.9912969  204.0983914  332.3618756  450.3123928  -261.0994543  -17.18109182  195.9408972  157.9739501  113.1734692  54.73784908  655.6235157  143.9914757  -27.49227  53.42300868  157.6011068  -83.30281915  73.83557438  190.674394  353.3691574  117.696113  
189.0323842  326.7393793  23.02757684  173.3700604  417.8803862  482.7311987  181.703366  373.6674421  354.3153546  267.1773015  797.2745297  200.9701953  299.0998389  426.4400682  -293.3839993  -39.26405924  220.1205686  153.4593451  106.4823077  19.37169386  661.1184291  173.9349371  -23.98605144  25.87712133  151.2129604  -88.80041868  101.0191075  232.1759684  355.6695072  104.9700535  
196.8821946  331.3357589  19.91502302  189.8772841  406.7950573  487.0587577  185.1294998  392.2180041  370.5731562  256.7003561  792.7865116  200.6180751  299.0573902  433.2554672  -262.3346585  -65.93123189  256.1306758  153.4767866  105.7118868  28.020365  675.0742447  150.4338392  -27.30394491  30.34421932  155.5661099  -71.30871906  96.47455516  203.9882121  355.8469859  108.7186381  
187.7004901  339.9171321  25.48093119  192.5821117  387.8016841  501.1246497  178.2729542  381.2926573  360.8318004  264.0168251  794.2058082  197.9737866  281.9649191  402.8737147  -261.5924635  -100.0380806  275.8914586  134.0347751  113.6763978  39.45787262  649.8957682  145.254054  -35.42956055  33.81486001  169.5271966  -69.25924845  107.9301002  207.0646256  363.3061054  108.391037  
192.3387542  341.192253  23.00285196  187.3792007  394.6291184  475.3083154  171.6813  386.3412493  374.5645661  267.6289288  787.240519  197.6446893  290.790262  403.6254327  -230.9684647  -101.0770341  268.9489106  143.65226  111.3426828  44.25398201  655.7343768  135.3904828  -50.04757236  50.43449976  178.3603872  -59.58035293  100.2461433  164.5204013  359.6468288  121.5514232  
191.4310693  341.5969825  31.93325011  182.9677874  390.2775432  466.3291127  177.3264756  387.6021777  363.9645036  266.4714198  798.0781644  198.9605949  289.0193774  411.213324  -253.0083043  -70.73950538  254.3257187  157.5788698  102.3045214  36.90796615  656.8750426  157.7428108  -44.23623766  45.69502078  155.9896406  -80.17208786  97.66053342  200.4885343  354.2871408  108.635889  
192.5110544  344.8818258  26.22744114  182.7408833  396.2968246  473.0959624  173.8844392  382.1977708  364.1867447  261.2022464  798.4866617  207.5485418  295.978984  408.7691514  -259.3269479  -62.15931913  250.6255899  163.0492189  101.9482689  36.5531879  657.0447299  157.9791767  -28.89138848  51.68027921  158.8929709  -78.64909128  110.220355  207.2068767  354.9898599  109.2066695  
192.9419789  348.6026587  24.7796841  180.2731277  403.3642568  459.4492089  168.7128056  386.2626082  368.9613578  261.1862972  799.1031292  211.4650791  298.231351  417.7540222  -256.0447809  -64.71277303  246.3600592  174.1666122  93.80691153  25.98231778  660.5752054  155.0498496  -35.95504331  56.71145477  158.857362  -72.96776635  95.82318015  196.128342  353.7314941  110.8458469  
195.5068115  350.6702413  18.30662152  192.3713985  399.4201441  448.9823408  173.538236  394.2892862  375.1825154  268.2670418  796.8500281  210.5243162  296.0353586  423.3195002  -257.8002831  -64.17223902  238.4332267  172.9841091  97.02738203  24.87655109  663.4272118  147.252598  -36.90808343  51.99221971  153.635234  -67.03997947  80.25537436  189.8314821  346.8687635  110.5818884  
195.9305259  336.8598649  34.19184431  182.7679925  392.8426681  465.5311992  164.78373  401.0660693  362.3131171  252.4574985  798.4706666  208.033877  292.5341776  424.3175768  -253.2583121  -64.51601028  247.6521353  167.0800597  91.27055339  30.09754718  665.069741  160.8218828  -32.77449038  45.38102292  145.7800117  -83.97166853  91.14861777  207.9427556  348.6589578  110.1287915  
197.4463537  325.7640846  35.65627234  180.5436362  409.076434  472.7883355  170.9592814  400.9653686  368.400586  257.1414912  796.7138999  196.6577373  301.0196195  432.1661415  -261.1989927  -54.40703653  244.9122707  164.7570964  104.5963589  39.93807737  662.6856747  164.0801125  -32.63068192  48.92774635  154.6409505  -79.71286541  101.3790277  202.4891888  344.0450328  106.0319332  
194.3125433  329.0378532  33.29529426  185.3134098  402.2657481  498.1168636  167.0482668  395.8475113  375.7758061  258.2426817  792.5832494  194.9691841  286.4018187  420.6210119  -262.8423321  -76.35337128  255.8564862  163.3208147  106.6511417  38.95196923  670.6960091  165.8868426  -33.93117954  41.20407707  175.8261095  -68.03917741  114.3146559  211.3826618  364.8092438  107.9315247  
197.088302  339.2730467  24.52196416  192.9898542  394.4604813  497.8490428  169.9201664  386.6545927  376.6596772  257.5352079  792.0743763  199.2806122  291.4289265  420.9671387  -248.3919028  -78.79473191  270.066191  157.8918465  102.2942618  42.77689428  678.0352592  159.564079  -30.07456887  38.23528216  166.1180275  -58.57900357  102.902452  207.0294282  363.1223755  111.7482767  
195.480966  343.9153366  28.30239098  184.8160952  399.0233704  483.0524908  166.5226334  379.6051118  374.1591716  254.1963424  791.0164166  208.876613  290.1570045  407.1530992  -247.6366564  -90.88456805  259.8534297  155.376413  98.93520118  32.93932346  659.4751125  152.7915247  -31.8214896  37.79724155  162.9075932  -64.24471066  110.5525326  208.0082634  368.273913  120.2116294  
203.9297022  343.0628675  27.06136594  176.8792042  403.4237592  467.5370702  160.0503057  384.9987413  375.6703101  247.4692425  795.2370081  208.5632803  297.1370804  418.0050316  -245.2098155  -76.66054323  240.0787936  163.7227999  95.2966341  26.12031489  665.2846207  154.140488  -36.95971002  40.80486266  157.3092706  -67.07791062  111.5591287  195.6941188  360.7417252  125.2505609  
195.8278671  328.9362257  24.43061129  183.0587646  401.4693743  478.4753878  163.3119078  392.3448632  371.3017826  254.8340735  792.681948  204.8667702  291.5165256  426.6671572  -250.2819482  -74.70789511  247.4352728  160.4614015  105.0925772  29.82938062  672.19355  155.2167251  -32.56710106  36.80347911  156.9775632  -73.47369628  104.431253  200.5308429  358.7083705  117.4158131  
197.5820165  318.530363  27.42468307  177.9252667  405.8935178  490.2200825  171.0945851  407.6133811  371.0272379  251.5144885  803.4562373  197.5876843  295.5478505  437.273476  -263.308432  -70.80814157  261.4195579  157.2464635  108.977248  36.92368171  670.8640069  172.3496042  -31.76762384  33.22167266  158.4730276  -84.04274367  106.6283351  212.1966302  350.8920659  108.6553151  
195.0790271  315.707765  29.93909185  178.6663594  410.2239913  488.3353862  185.1604969  398.8060145  374.4874532  251.3067574  805.6186957  189.6728714  298.9415167  438.6626144  -270.5365153  -54.50226315  261.2022809  161.858931  115.3895635  43.97976628  666.6239326  177.918487  -36.75148744  33.54460318  159.8644443  -78.71015268  103.6049942  216.5138587  339.956186  103.1999594  
193.5696635  314.1904255  36.20763702  181.4279251  402.904182  493.7159007  179.4447976  388.5191707  372.6292314  249.9816144  807.93116  192.1949151  298.4793203  419.771184  -260.8976379  -57.03591543  263.3120052  148.374145  116.7412442  50.56238887  661.1157831  176.7264104  -38.25322263  40.18070919  169.7250508  -87.13893587  114.555751  213.5210212  348.1312369  110.6607773  
194.6049375  313.5744377  34.45037126  186.4596696  417.8528931  486.2679622  181.7957791  387.9411857  374.3846291  254.349677  797.125836  196.1232779  302.7971178  425.8204596  -255.9399853  -47.16950769  245.5052449  160.8474525  114.4688183  40.32881197  662.0506757  167.3799588  -31.80960391  43.71304158  164.5146419  -81.06922055  104.0008043  206.0750301  353.0460873  115.8292201  
197.0964651  321.8047778  31.38084059  179.9782598  429.2907113  473.943973  181.523744  385.9621917  373.2774905  257.1076941  801.6958168  190.8660787  308.5028158  428.9792072  -261.8568961  -31.36355388  224.9193029  155.5428988  115.8880373  41.04043937  659.9879373  173.5484189  -35.56990236  40.79809867  153.2368532  -85.76534441  95.5839048  205.0538597  344.3271032  117.7530378  
196.5600726  323.2376614  36.19453752  176.8455233  413.1049639  486.5225283  176.7531374  400.6294889  377.4456221  249.359029  806.88729  190.7223844  299.538967  431.2646501  -264.9778159  -48.31640489  245.3644373  164.9785041  108.4805805  37.11459244  664.1955503  168.3256641  -35.74995553  44.49030988  162.5191666  -82.03382915  98.27656396  221.5417536  343.3835606  110.2380017  
200.4014856  319.4314332  36.88111355  183.0293354  401.4169937  501.5718168  179.3181625  409.9147791  384.1939645  249.9716638  802.7704219  192.6600208  292.5860607  435.807807  -259.2759085  -63.67484935  265.5100565  158.4694543  108.7872294  44.0360908  668.480156  165.3602337  -35.53059229  41.53119824  173.1577075  -75.98571816  102.258697  217.4768499  344.4761433  110.5746314  
194.4927307  318.0771604  34.67834024  184.870217  417.8070752  498.5808091  188.0783038  393.2796286  386.2351321  257.8341294  798.3675437  187.1010242  297.4398255  433.6113605  -257.2840611  -60.76323528  260.5312666  159.1207194  114.4031861  50.64790023  656.4623031  170.6559166  -43.42548243  43.07809967  179.1842602  -61.03151116  101.1900032  210.2709896  346.1705437  117.4545448  
196.3187773  326.5123767  34.2163138  181.1387191  402.5836501  482.8263466  176.860465  385.0149117  378.305158  258.7227942  802.9855579  186.2453045  294.206837  415.0817704  -247.9594531  -55.55139917  250.31017  153.2399884  108.6178069  41.40127689  656.7699525  162.3830686  -45.99615517  44.1244863  169.758252  -67.54218065  99.77183256  206.4966294  349.5670726  116.2211313  
196.2080624  331.22705  32.46870113  180.4694831  395.6363423  474.1249345  171.4854083  388.1412138  368.1646204  259.3589601  802.0140472  199.0902954  296.3157907  417.0453694  -249.8246074  -51.59883607  248.0886767  158.4844568  103.1849881  40.83119641  664.8165195  156.1612696  -37.06167583  43.06701124  159.1249591  -72.08348458  102.3960686  214.8476026  351.976576  108.8244828  
193.532709  332.2700265  40.51382146  172.0234258  401.2399305  492.7605158  167.5674688  396.4799675  369.4704671  254.1330416  797.9500113  204.0057125  302.7474001  433.190549  -257.4889728  -52.70679493  265.9012085  154.0117524  97.30641223  45.44439093  662.088571  166.1433145  -30.02256231  42.08943454  166.9648817  -83.6750617  123.2333131  222.453769  353.2182241  105.9532854  
194.7415219  324.206622  38.44582102  177.6190123  395.5954004  495.1088296  169.7477732  393.1348355  373.5652467  256.3417539  794.5485221  198.5683599  300.7850264  436.3268389  -246.2042112  -62.98305967  276.6948838  150.0415721  103.7221943  52.92818435  663.4922723  168.2333734  -37.51120907  36.33378369  174.6261341  -71.35646625  114.7650641  206.5900692  357.2563513  110.0263369  
194.7410332  324.8617994  31.3110871  173.1576055  403.6334356  480.205971  178.3297073  367.6770307  368.227603  254.1302831  803.057011  197.2910851  305.5290088  412.0962842  -242.8261235  -57.2242904  236.8748744  133.8934714  112.273253  46.78060771  648.74307  164.7053563  -49.84657697  25.60420796  156.9719653  -74.34428543  104.4714609  199.5939394  357.3739608  129.2411805  
199.0779706  321.9103497  31.51929939  177.8290522  402.7302705  459.1750063  175.5915802  379.1612711  363.0604082  247.2889765  807.8599095  199.965412  295.630597  403.4817003  -247.1098973  -67.83975808  231.6067511  156.6923086  104.7622255  26.10085262  656.6446007  159.5411615  -41.34079407  38.00861229  146.439233  -76.17751839  90.59153573  206.3215236  353.6009737  120.6815667  
195.2582489  319.9965974  32.02071435  177.7569847  398.4221535  460.3387031  172.4641618  394.2456802  360.2579885  245.8281664  811.2098493  194.3309738  293.0681929  417.5173899  -257.5070654  -63.5839084  247.8265415  167.0894439  101.2006384  28.63870434  669.1739993  165.16008  -33.25938932  37.59879352  141.0525019  -81.47841828  95.29926572  216.4270573  344.4780011  99.07532946  
192.125845  317.1855278  26.66573811  186.5310723  385.3949255  459.8836517  164.6497193  405.639027  364.8103435  249.4696755  802.7767889  196.8417391  293.8427651  418.7535402  -256.6715204  -70.21030519  261.5152825  170.4853214  107.4153802  31.72653685  675.1475561  155.9724822  -38.02801202  35.89944764  158.0641207  -68.25105198  97.74238518  206.1632325  350.5496261  95.7007951  
191.5037616  323.0797507  38.29048556  178.0005288  390.3109247  455.6252695  155.75144  392.9205243  358.4123374  244.3488371  806.9815511  205.5765907  301.3725347  423.725842  -251.0866187  -57.19047615  257.7842119  169.3466316  98.02394815  32.07717967  659.6564632  158.1813992  -35.23732284  36.94489032  152.44482  -73.10004088  103.194324  203.4829012  350.0653319  105.6797236  
193.0550314  323.7757611  34.09176763  186.8412962  387.5728856  466.8716539  164.7119278  395.8827995  366.0823927  248.1702072  797.3027702  204.7438037  293.3140614  428.0477203  -250.1541078  -72.76099528  277.5063022  168.4298711  98.649934  34.96010766  666.2066437  155.3836571  -36.90323376  33.24034653  157.3145961  -65.56974572  103.2030295  204.1088599  355.6934471  105.2781046  
195.8304131  322.4726044  36.54840643  184.3664061  397.7410249  481.9269938  175.74252  396.0586573  368.0647932  248.8295118  797.2595989  199.9163011  299.813552  433.1731663  -252.881334  -64.98845256  264.3327284  154.0816849  100.6865955  33.91224799  662.3401735  168.9933122  -34.2990592  39.91280604  150.9968984  -89.28739682  102.2341868  208.620282  346.8769711  106.6539186  
194.6844302  323.9479206  38.83729559  186.0918895  408.779322  487.5279127  177.831688  389.7987606  366.783377  251.3034866  803.695116  195.8992046  299.9789868  424.3396934  -257.2564698  -53.9745266  243.0547384  147.7912264  104.7292492  40.25734975  652.252682  169.0433333  -37.15249941  42.79551087  155.0677781  -90.92166297  99.48034091  211.8381376  349.6149247  114.4627523  
195.4411629  335.848944  41.39049734  173.366617  413.9551285  471.7350928  179.2836249  389.7662175  369.5996786  250.1828702  813.2417577  195.0345316  307.8291752  419.9382541  -261.5714007  -32.70129589  223.3772299  153.8370443  99.26919365  38.45915072  645.9549854  173.5995226  -37.6981184  54.28352406  149.2955527  -96.99098165  93.93015381  213.606556  340.2269962  114.2202676  
194.9098837  337.5259824  40.6131032  181.7929041  403.7025523  479.6337818  175.2866267  388.548506  369.2297413  261.3049288  813.1191656  199.8386761  301.2330703  421.3886296  -266.354037  -40.06533762  238.1371455  158.2808981  98.57496446  37.18530904  647.1708698  168.4155444  -33.840232  60.31517491  159.8031326  -86.41007476  96.59567442  214.2825496  344.585044  111.6394944  
197.759386  339.5975603  39.03154112  190.7857989  391.6848793  486.613853  176.9408062  397.0030488  373.0282107  261.1503028  808.1450396  205.5727119  297.1356134  428.1578913  -263.2719841  -53.15063949  259.2021174  163.077643  97.57346877  47.72654035  660.772886  166.8024897  -34.96999121  57.49544042  166.8619569  -81.97676187  106.0260427  220.0212058  343.3981517  102.799769  
194.2788943  342.0560486  41.12601395  190.2241747  395.0055518  487.2931363  172.1785087  397.4155463  377.9832418  272.3285645  802.9526142  200.1665528  293.1053871  424.5908222  -257.0598966  -63.70861245  256.7224149  158.2051513  101.7108412  50.21552333  656.5789149  158.9150815  -41.9290671  56.67393835  178.1409367  -76.21396417  107.5899754  199.6302043  353.5019047  112.3392423  
196.7608872  341.7702768  36.86464216  187.467837  402.4473977  483.3659531  170.0549097  395.0972649  374.409811  272.1988832  801.5961194  198.9786576  300.7696426  428.8422703  -255.9177295  -58.03904173  243.3439565  164.8476088  100.6765596  49.10673235  659.759205  160.0180594  -43.00623532  57.67276151  171.5277997  -74.64404016  106.3616683  199.7843787  353.7399988  116.2012773  
198.4882471  345.9595391  28.73721158  188.6085352  402.3733868  482.864044  171.6085802  397.7075846  373.3006102  275.6813941  798.3788701  201.2363459  289.8188517  425.023118  -260.1795376  -68.62055649  235.1242282  173.2346234  96.28578254  35.40968171  673.2896827  157.0995964  -33.82946482  46.26578661  163.9424754  -71.65492029  97.46932191  207.8467685  364.9531748  114.6351097  
195.9127647  347.8717523  25.74011864  191.534671  389.6246473  490.3682613  171.5034353  407.7030252  371.0813287  263.4355201  796.2495939  205.4912171  286.9640326  420.6605273  -257.6379618  -78.75270683  249.6053375  155.550472  95.94454333  38.93737843  675.8600358  155.0819143  -28.81692548  38.17931585  158.7846689  -79.75856102  102.8326395  217.9976251  362.1535002  109.319397  
195.2887358  334.6832619  32.07596123  181.9013936  390.7596927  497.6571028  172.0101276  399.3378829  371.2315043  248.5550529  798.2895023  203.6201355  292.6846063  414.1877268  -246.8410939  -84.68179128  267.304312  142.5110052  105.6082125  41.63276782  658.8145828  156.3937566  -29.07091817  39.44509953  169.7373273  -81.66845551  123.0242659  218.7389489  360.8503871  116.4526524  
193.2405252  327.7865592  31.6923047  177.5740969  399.7346939  497.2142249  173.2396191  378.2622689  370.9021793  255.3896973  793.1633297  196.5310361  290.1702371  405.4728273  -244.1308573  -94.24835922  273.9230651  134.843544  114.9794287  44.97991328  654.3047138  148.075921  -37.12596409  34.69036043  179.121767  -67.31147632  119.6831858  207.6736144  366.8378619  115.4791762  
192.9785172  319.8840024  28.90412485  178.0620765  396.0252306  487.8829998  174.6704366  374.2130737  365.6045638  257.9103043  795.6519763  188.7987366  286.358826  405.081996  -242.9682985  -87.2357211  265.9406843  132.7300113  117.4043857  39.32282064  660.7607956  163.0469251  -47.03606014  28.9158393  167.5096377  -75.96364333  104.6706283  197.7192841  363.1886421  115.4145833  
193.6420515  318.5103658  27.85080534  180.2426655  402.4521012  486.5676524  185.3928044  370.4502569  361.4488735  253.2578355  800.6759609  186.3213598  289.6290527  404.86495  -262.8072861  -65.4169221  249.2091203  135.6916097  122.5267624  39.73951412  659.4050359  163.6232384  -36.33705275  24.2748292  152.9467451  -78.06222111  110.384534  216.6624042  352.3562504  104.9604735  
192.4451411  313.9093205  29.25408313  178.5102981  406.1848597  477.9279084  181.188265  378.9921571  355.980653  244.4249213  802.2554702  197.8284623  297.7683549  418.2475218  -262.8734355  -57.03003381  247.4618332  153.1179843  112.2970264  35.26360749  656.7622053  169.4783099  -28.39027454  33.70338  148.5019783  -81.71009368  108.23789  218.8446688  348.8510143  107.5247446  
194.008345  321.2192606  27.41008418  173.4105848  409.8445277  466.2299535  179.2943096  381.430258  365.0144735  250.6006312  804.614883  195.4501623  302.729649  421.6908175  -261.8130765  -50.21467859  240.6956004  166.8529875  106.7910368  26.3113276  656.8738126  165.4182865  -38.91981896  39.8508228  148.2083414  -74.99855357  94.56673276  204.9680858  343.3326243  110.9389543  
197.1297429  330.7664633  24.67665129  178.4320548  406.5129092  463.8079047  170.9418084  397.7834924  372.1747647  256.2601052  801.0942438  203.7216036  303.1019287  428.6392328  -259.7514562  -47.71236235  239.3691703  169.4672601  100.7725344  27.61682044  670.2914739  160.7935342  -38.09567049  43.09368043  152.53516  -82.4676977  90.65745121  202.5143279  346.5008156  110.3152185  
