168.4141321  185.6625212  61.92073372  118.218542  278.0685074  570.823309  158.1486116  358.2085965  343.7198217  171.4569446  680.4864583  115.1409639  330.2386493  344.8322496  -148.2853364  120.9130339  131.4602342  82.17786473  185.1900773  76.3983601  648.388012  48.48935423  74.66934634  54.03729288  213.4919844  -66.72993144  -11.73258564  183.1188835  393.2980776  94.91411143  
162.4519367  189.0562155  51.31935726  129.7933225  289.5923657  573.1583809  155.879079  363.1313258  353.317805  180.8175113  683.5206467  101.5913239  341.7731319  337.001246  -149.0177117  110.9032957  132.6909083  100.9006505  177.3218239  88.08937514  641.6133925  34.60433676  74.88311032  48.31384305  192.8314746  -91.01198357  -11.59193547  179.4654697  384.7158256  107.8763683  
162.8416006  190.9704755  50.28417597  143.6722931  300.7116414  574.1422607  149.1702253  363.9217831  365.350157  187.8451199  684.6208161  89.04915906  350.2790246  342.6467493  -148.2261155  113.685616  134.3777161  107.7907803  175.0791007  97.86131603  640.2085568  31.96526187  71.97537044  49.09741496  191.2152971  -106.3697807  -14.7312007  188.5277966  387.4299589  117.1431358  
164.1438127  193.5155647  52.75319023  139.171301  301.4899196  572.3806655  152.3317379  362.6237326  355.4177026  182.4576069  684.6791487  91.29262836  339.7244275  334.0418221  -149.3821711  113.1806898  127.1149253  106.3580612  174.5898089  99.92834153  640.8700502  34.77068406  74.65987929  47.96902055  198.6439794  -105.4881481  -7.939232053  188.0769068  391.1962549  119.4039089  
165.0178922  201.4105411  54.10169317  132.4874738  308.7923259  571.3589421  137.5787309  361.2820656  355.6927886  193.0537025  677.7298173  87.22083371  333.742041  334.5231927  -142.6796896  121.732681  116.5311136  99.7812755  175.6342366  90.90458312  640.0829944  32.96933809  76.59466195  50.12422182  207.4048474  -102.3671761  -6.815035947  193.9142985  393.1487736  105.9312282  
158.2940757  200.4832306  57.56653959  129.306873  307.858481  573.264524  138.8442385  361.7523824  349.2305195  193.7902094  686.3701102  90.76921685  333.5534005  335.71526  -145.3177461  119.6879646  118.6769908  96.96836127  177.983628  85.17768468  637.8950804  37.55872133  80.89255125  54.63325081  211.4008501  -92.8757005  0.6007658477  187.4776109  395.1825867  104.168197  
160.1040663  196.0998937  61.70274611  130.536645  298.4352852  561.5666233  147.3789626  360.989261  348.6471941  182.137521  682.4729556  98.01131873  333.3870885  332.7644296  -149.8809231  129.4170884  119.4467081  105.3498651  177.5070522  85.75033007  634.5380903  44.44754332  82.25113991  60.78957527  199.701917  -94.40267953  1.718802873  197.1052105  395.5124987  98.85118442  
171.9302697  193.4354989  58.50308429  131.2306965  289.0402232  564.9237345  158.4160369  368.2106447  366.1131042  187.3282878  688.8922883  99.57414593  344.6255463  339.3156216  -151.0624859  114.5700231  106.5350272  130.7880931  171.8302373  93.11053087  646.3637481  41.35268426  83.39611081  60.97096407  178.9432466  -105.4529316  -12.00514309  193.712762  385.5337555  93.17590406  
170.7853893  188.5422627  58.51320872  132.2755427  284.2111702  570.3706798  159.055852  364.8304271  362.3406724  181.0852268  690.2457078  95.87722688  339.7076342  340.4930071  -151.3300158  117.8646825  124.5532675  109.8439885  174.614401  106.3140391  645.3453444  37.94147393  73.71146809  50.05022639  187.9116186  -99.76457124  -10.6067306  192.9083018  381.2622501  108.9540904  
163.3967405  193.8573011  58.38354946  130.0335301  293.9200663  574.9760657  158.9168931  364.0907567  359.1125956  179.5273615  689.5933244  92.97025215  346.0224245  335.928937  -153.638084  120.5765511  132.1885006  103.61063  178.4097994  102.1411357  647.1017729  42.43166406  73.56165143  47.68451915  194.6463123  -104.3437698  -11.76426022  185.0717276  382.2866413  109.2404555  
166.0500534  191.1864255  52.55708816  133.2419284  293.9620452  563.4277361  157.4593255  370.740199  358.8260585  183.71601  684.6527534  85.50034202  339.4743225  331.0651455  -154.2914668  115.8644881  133.9628501  110.442911  172.2727241  103.9467091  648.7634747  36.74283409  77.96241865  48.34127231  182.6054387  -105.5043407  -8.768495198  188.0952417  372.8197246  111.1373311  
167.6439176  188.5479847  56.41438126  139.3809136  292.5736112  559.624083  162.7726627  368.0380441  356.0703512  177.9084211  686.8082051  96.3806996  342.2220913  331.1221321  -156.95907  121.9304148  129.1754062  113.0359756  172.6481478  97.06830633  645.7533887  34.32484928  75.75497198  53.55317825  178.6326665  -104.6556903  -16.98222987  189.1776625  379.2494635  113.7449695  
167.6382444  194.7363918  56.7167981  138.8800762  295.9697465  555.6893392  161.5817471  368.9194356  356.0809924  180.1843349  689.1360285  93.14338504  332.7448462  332.7135352  -150.4221134  125.53316  113.8623319  117.1530094  174.2574984  90.60013485  650.880908  39.67415215  87.7140314  52.73387566  186.4473119  -97.51547272  -15.28829157  184.7463001  396.9828896  106.1027543  
170.9870719  192.4278394  55.11656687  145.036911  295.7419056  563.7181438  152.0309463  365.3660158  355.5781455  179.2055496  687.9336968  96.80179386  337.8818644  334.3123227  -148.7328381  121.7800197  115.7843287  115.6817124  174.0523655  89.46332689  649.4176149  29.43217499  74.79369321  51.08232557  182.9474869  -95.06015615  -22.14298629  193.5905114  385.5915742  107.7851298  
175.9317675  193.2777506  54.66815133  131.5786773  299.1528184  570.8246728  147.542719  357.1723617  350.7119242  185.4169099  673.4497267  112.8042996  336.8322917  342.2077226  -142.9021193  124.0939562  126.0197869  109.0290417  178.453834  84.58009857  645.5695056  36.36492474  71.97216303  57.85667387  192.2851414  -78.83572772  -14.06244474  192.8640362  387.5839144  102.4886105  
171.8830152  194.6977096  45.23317297  138.4068852  302.0929854  564.9478571  149.0417323  361.7756498  362.2601949  188.9434754  675.5422936  99.09211473  337.5876915  335.2703911  -142.2852757  115.3122755  120.7903308  134.2772754  174.1894614  81.71954374  644.6616259  35.25925767  84.80386158  67.29805129  174.000841  -100.3375689  -17.55593653  195.9309098  386.8136493  97.9407716  
165.9332503  191.1393437  50.45625315  137.9226885  295.6353457  564.5195609  152.3995073  359.3502664  349.7274088  180.105273  677.6014711  100.2814935  334.5180443  329.9325072  -143.5315382  123.1777586  129.5199826  126.350316  181.6328914  88.41227634  654.0554479  27.00815047  80.77477807  67.83250235  179.450542  -81.43475966  -11.15105712  200.8911813  388.9610257  102.6834821  
169.3447832  186.5962803  46.43154821  133.9129773  293.8405766  566.9185043  150.5639914  364.0719937  357.7309847  182.3212664  681.338045  96.36258578  341.0359508  337.3799349  -149.4015033  117.6883526  125.3107566  122.8534958  172.9411029  98.13784576  647.6814519  28.8440012  79.54480828  62.97288249  173.4134996  -101.722412  -7.788811259  197.0026676  386.8953257  100.2208042  
165.4109262  190.692844  54.00414043  138.7286323  300.7312958  568.5427518  147.4959985  363.248708  351.1607213  180.1093673  682.4363273  89.23177966  340.2221176  333.9063364  -146.9473116  120.1076268  131.3965769  119.8317496  177.3542172  95.30370833  645.4449828  31.17501287  78.18900975  58.06073668  183.8424604  -95.97897709  -1.85975586  199.181698  388.4469705  105.0457123  
167.7405988  186.8177842  56.91688032  137.0043166  298.0783967  565.9203269  159.1492698  362.9100305  362.4446945  176.1079212  677.8634525  102.0562491  345.0284923  338.0905469  -150.268159  123.1200638  138.3189293  124.3796114  174.1239533  96.62589554  649.4549911  35.58775456  74.53752589  60.07401427  174.8950846  -94.62865815  -15.03916665  197.8894616  383.4487321  99.85778652  
168.3103218  181.2384415  61.80731111  137.9323287  300.4552367  567.9628744  161.1733099  370.6735107  362.7839661  175.9958791  688.3296754  95.04048259  343.4010028  336.7315219  -157.064366  117.2278485  134.4693403  120.0493823  172.9380689  88.58405552  634.6096547  41.26023934  83.57261905  55.7803967  182.3013905  -100.9814016  -17.02659671  191.0075489  387.6861061  106.3307098  
163.8045567  186.7103035  58.40447086  134.8484986  297.0970985  575.2109492  159.8263745  366.1917772  356.1324913  174.7044017  687.1491485  100.2246232  338.8223456  339.4458792  -152.6552991  117.8534507  137.1523361  110.6628398  179.3032448  79.91399443  636.9649892  46.78653618  81.40786962  61.25812636  196.9878599  -92.9782618  -11.44482165  187.2454287  393.9105883  111.3651957  
160.1399098  194.8075346  51.95791333  137.9601159  302.2605716  579.0932805  144.8206025  361.1390131  351.772163  189.5289781  675.6715976  97.6309722  340.0917093  328.3779272  -136.7175677  119.1123012  130.0903949  105.6605312  179.2781724  98.92431294  643.4122555  33.88554766  82.27540493  55.88560201  206.1068028  -96.59987943  -3.278631009  188.2609698  394.1353029  115.1832096  
162.129637  200.9503219  56.27830969  128.8103459  292.8712151  572.4566393  146.8507621  358.1684324  340.1349555  181.1089865  678.0427367  102.1601038  335.5104223  327.7237595  -143.9517265  128.08744  123.680828  84.06649785  181.5321739  95.34282979  646.777651  43.71791401  69.4291937  42.76927346  211.3834963  -93.63946707  -3.676924019  189.6827746  388.7517465  104.8027629  
161.5824739  200.2329717  55.01639046  133.6969936  298.0419404  582.5067137  144.2222472  359.6503971  343.1688603  188.4750563  679.2999691  100.1574466  342.5704543  331.6579047  -148.6010444  122.277048  124.4895887  78.61846592  180.2044455  95.95115198  637.8292823  32.03117471  67.15148233  35.87177338  212.4609643  -96.90616729  -7.790456079  186.2958977  383.6345324  116.3320172  
169.3523067  198.4254403  62.80382461  135.8548334  303.7726012  573.5743327  147.7618354  367.932895  352.8838891  194.0999992  676.5106647  89.06553656  339.7597157  329.1113978  -144.3591046  122.9431957  123.1967207  88.31405027  177.652746  105.8455933  629.8095453  40.06286286  80.72830282  46.00501907  216.2894345  -105.3180695  1.699248767  192.0698288  391.3391099  118.9506584  
167.4753902  186.4797242  52.69769865  132.0298393  293.0161219  566.5111661  153.7739881  366.0874529  352.4795432  180.1577028  678.1728283  94.88844459  339.9610876  328.3362232  -144.8530491  120.2288706  127.7498041  103.6149854  176.3054822  96.29598097  637.9655873  40.1359061  82.83143347  53.22781089  199.6429795  -99.09378725  -7.979998467  188.7507148  385.1641604  108.0240452  
161.2816253  188.6260248  53.40471789  141.2780343  295.3798565  561.1415137  161.8452928  366.134679  351.2144871  175.3615428  690.7277105  95.02300179  340.9884727  322.8371131  -154.8449869  126.9981672  120.8341737  99.82061538  173.3451652  102.6799512  642.6915375  38.34736682  77.83829809  41.62116354  196.365018  -114.4325848  -14.06264627  184.610574  388.8896241  120.4374759  
165.2550713  186.4222215  54.7401073  145.3100076  300.8838815  562.5917649  165.6660142  372.4490322  361.610362  180.605968  693.5664036  91.15487511  340.3430096  329.3741669  -154.0810425  119.1705224  122.3463845  116.3227054  172.5021316  101.7251032  646.0201545  37.03743224  80.93514152  51.55792299  188.1811025  -104.6482492  -15.3396582  182.0380765  392.0200257  125.2842884  
169.8512934  195.3376179  52.49239254  141.7200884  292.6960852  575.4200241  159.7475966  370.5209461  369.613264  189.598913  691.2932789  90.99247026  341.4798407  345.1466128  -148.1053182  116.989954  129.5781915  113.7277487  176.8298734  95.555506  651.5777209  35.06553811  78.49535355  51.90511456  188.6332537  -89.05111327  -13.22913821  194.7877095  389.6630734  107.3620481  
166.246511  193.9227764  65.87309011  136.1564064  285.6128009  575.3083651  154.515837  366.0251756  357.4268894  179.5638915  692.4396328  91.45084619  347.3779872  346.8947624  -147.9555908  122.0020648  137.6419854  100.1186933  185.6604498  88.30246652  646.0321056  40.60380712  73.24790633  43.15185625  197.3680648  -78.24752811  -12.8481181  191.6732864  385.5716311  105.1452339  
169.9362812  187.7579245  57.18480307  128.5430815  290.6933545  570.9669039  156.9851496  364.1640989  356.3380396  170.5543956  689.4646508  102.4526459  340.0077111  349.071332  -145.8873722  123.33016  129.2936352  111.9255975  180.7535264  83.05001738  652.9554342  47.21075112  71.8074204  57.48341101  194.7057217  -78.53552532  -17.13526898  188.9745062  391.1611166  97.44889703  
167.9252677  189.6732902  55.85185991  123.2695713  284.750787  572.0453155  157.2496109  358.5635882  351.9909119  175.3785781  684.1254038  116.3598004  335.4529455  342.4576909  -145.5542609  117.1610215  124.5395865  103.0043177  180.0903106  85.77056109  658.3617926  41.30766621  69.28616603  53.76686627  194.6050885  -77.926021  -17.1182989  181.2182637  384.8857238  91.85399506  
163.6475685  201.21841  58.77972315  131.0499516  291.0029779  574.2272111  142.0865565  361.7057567  351.4928904  184.9885115  681.324892  95.76832625  332.2305272  334.6326884  -142.6221698  121.8458682  125.9406628  102.1332509  178.9167319  87.02472975  654.237873  37.29110943  83.51866245  56.81219736  204.0406547  -84.96515134  -2.486650389  188.2172901  385.4905539  97.97974827  
160.8318798  200.7571959  62.2715545  135.1949871  291.1965361  567.797104  148.4855355  358.4470322  356.1730627  184.8610199  679.4115276  94.9551145  337.6240321  332.6240676  -146.8428249  125.5315752  123.852554  96.85843241  180.6524692  93.92854725  643.7310021  39.62955152  81.44708952  49.51430974  206.6172552  -95.48799132  -1.442431471  195.3959436  389.1362561  100.7649015  
170.1214966  189.5367934  54.72620018  133.5736063  301.6536983  567.117259  151.1466629  367.0737415  366.3537849  192.4864622  684.4910071  92.41705849  343.2623735  340.8085629  -149.7535442  117.5324307  119.7127638  117.6274736  171.2365735  103.5409326  637.3709098  38.69320132  73.38381074  60.46532074  187.0977032  -116.3386524  -6.673084497  199.1461447  388.5228176  111.31141  
169.7665302  191.3119437  60.94839548  139.3592885  294.2780016  569.3202263  154.339953  366.8049738  371.0663234  187.8110574  689.425464  85.52896227  345.6710301  342.0644436  -150.8092642  111.7917832  128.0369351  131.9606189  176.7326155  104.7813982  647.0588415  36.67885761  75.79614084  61.03567395  177.8463577  -105.2362679  -7.815744642  201.21661  382.2670012  106.8956244  
167.5820816  194.8117565  61.47239928  140.0040113  297.7167624  573.2782051  158.6495033  369.8488204  375.2016532  193.1696665  691.1719797  92.60164451  349.60142  339.2042642  -150.6672321  110.7904355  121.9868623  121.8145803  176.9643685  106.5413871  644.5719433  35.59492491  72.07426632  54.44980456  184.7375183  -103.9322911  -11.9178968  195.1469611  384.8944176  114.964239  
166.6157218  187.7407887  60.23557595  124.7196804  290.5283336  572.8814778  158.9805135  357.7160592  353.9268213  177.1146017  680.5214863  112.9429326  340.5386494  340.5645804  -146.8533274  118.959275  124.6188695  113.5061668  181.115812  86.72118789  647.2559903  38.87542912  73.93444394  62.47478627  192.45166  -71.90634143  -12.39382271  188.2047907  394.1302047  99.64894565  
167.2878031  190.3911957  57.35301627  116.9069092  283.8938117  573.9848458  148.4708495  347.1596506  341.4797743  173.3492842  668.3126607  124.2845565  332.7499305  338.399154  -142.5260505  122.7632437  128.8726608  91.93743163  179.5947967  80.19055622  642.4087568  38.88249598  69.20958703  54.73921271  204.9226374  -77.23527788  -11.85700654  184.6206361  386.6058349  89.07558968  
170.3136735  185.6818197  51.77239025  128.7859014  287.0353635  564.3243591  144.152061  362.3656408  339.4136793  173.2639593  677.2396322  105.2081821  331.5023906  327.3887591  -149.3379775  118.9557672  127.0824304  99.45083967  178.2063983  87.29381816  643.5042911  34.88248567  73.30453614  49.7469175  194.5520782  -93.45017037  -18.00482222  186.4374539  382.2205422  109.1765002  
169.5816947  193.3902835  52.14105241  125.4773945  295.0661582  568.8894713  140.9962125  357.3036091  334.1680457  176.0651661  675.0385462  105.6041518  333.4394931  333.6972793  -150.9089417  120.437036  128.2812  93.85197569  178.5854855  84.08256894  648.9778167  27.29924095  72.7058902  51.35994406  193.2400554  -88.12362934  -10.4459878  193.1113182  379.5233463  102.3806556  
166.2466221  196.5022405  47.07491528  134.2347282  299.633625  563.1789472  144.1141307  364.4515935  347.4496368  188.9229539  679.2581142  91.87823768  333.9989783  328.9689789  -149.0371848  114.8562701  119.3165374  109.9098268  172.3427378  92.13324711  645.6524145  24.77341781  84.89264953  52.45120084  183.296578  -105.2919869  -4.798190528  190.3488915  382.3815585  104.4108419  
166.9433011  195.2544204  55.2705935  135.4649345  304.6479774  559.9410983  141.5676064  362.5485781  341.5861617  183.5277132  680.3009222  90.15847688  335.6914475  330.1409481  -149.9948283  123.710009  117.9058699  104.4062019  174.2805399  91.27990952  641.3422663  22.41359874  80.22791196  57.76737946  184.4514406  -103.9197642  -5.962157978  197.8798555  390.116598  110.1096348  
164.188171  208.5539952  59.6566188  139.5369586  309.3364555  564.5460437  141.6110285  360.4744854  360.7543021  198.2994808  689.0443505  86.97341976  340.4056279  335.7384885  -150.8041584  123.4378575  101.2106087  113.5597998  173.3963368  92.86091379  642.1329705  32.30418338  83.83075567  55.52415851  194.3351377  -108.7440857  -9.576928595  195.8361886  402.1262654  100.5036226  
157.8620078  205.6398821  57.17138657  137.1116156  294.9254762  564.0548968  144.5355612  356.0001445  349.9141382  186.294662  682.8075542  88.10570142  331.7120301  336.3577759  -151.1093119  127.2536491  111.839524  104.1839595  176.9955678  90.37167036  639.5182423  33.63281079  84.63406922  49.95446983  197.0858402  -98.45600741  -5.878926765  198.8919244  397.4121964  95.44851062  
160.8705693  205.837416  54.68259743  134.8432444  296.165791  566.8581945  146.8993695  360.9902656  356.9341304  191.9326867  686.8034431  96.91115655  335.7946389  336.4325797  -154.6253067  118.3846249  109.3870483  116.6481865  176.3405875  85.59250556  646.010433  32.40810105  84.75130294  56.28133691  184.9143196  -99.24903348  -9.754547694  194.840097  392.1703035  95.16601262  
161.5243625  205.8289862  53.53966172  132.2516985  295.7947777  569.5429891  149.8664978  360.1995196  354.3802102  186.9820463  689.4077789  89.34604825  337.19611  342.9582621  -156.7825191  123.7401721  123.3181156  112.0298693  177.0802941  86.88008563  648.5632079  35.19868996  81.39903555  54.04762819  185.114617  -95.76993522  -8.679262597  200.1524038  385.576019  95.72559321  
163.8491302  205.5767853  55.4673735  139.2701445  299.4478921  569.9806347  153.0668603  363.9688118  359.6499595  187.3502695  690.995196  84.61570431  343.1043893  343.8740938  -152.7598517  122.8025371  126.5385069  108.2720754  174.4089147  94.59023748  657.0824594  31.42543667  72.45540492  45.50523082  183.6285549  -96.38347304  -11.69410438  199.9790105  383.0553015  99.27168129  
166.7133694  195.433991  54.07373449  130.3971495  300.1796254  571.064667  152.1243298  361.2229654  356.7777872  185.0803469  687.1395514  97.52274765  342.9816407  340.4645802  -150.2178467  113.4062325  128.3591358  103.4845806  174.4059642  96.11609813  639.6021051  38.4543965  65.59267624  47.53723019  193.5753254  -103.6563985  -10.70997736  191.6219995  384.4334048  102.8691625  
167.870443  187.4196065  54.47347325  131.3128135  295.1144633  560.9857201  155.2390305  362.9399406  354.9790242  176.9465779  676.1310032  97.14981118  342.903159  333.6403613  -151.6620968  115.7653191  129.345047  119.7775467  172.6547097  96.79907444  635.2348918  31.57314419  80.98419213  64.91483808  175.185031  -103.1636978  -10.88970008  198.5944558  389.6624325  103.6607303  
166.897036  184.5650244  53.44164419  134.9446858  299.0541312  562.5386292  165.012804  368.8569677  368.2942998  184.5230747  688.8796328  96.18164399  344.9411031  334.1904161  -152.5295016  110.1241968  126.3667844  131.0302193  174.8763951  95.93106783  641.8596529  41.52802817  83.59897829  67.15587441  179.4156026  -101.6484428  -10.9549656  185.5982379  391.9317998  115.9185067  
164.1161732  185.5052247  51.28310367  142.2542564  300.0759022  570.0987954  153.7025918  366.1040747  363.4748503  185.3724002  689.6769157  88.16862893  345.0118243  332.2507514  -151.8074701  109.9415699  129.972052  117.9421596  178.8087447  113.5376902  651.7775339  30.24564148  77.69909811  54.03690416  190.4785915  -101.8272047  -9.973186301  189.6963193  391.8543627  125.3947491  
163.8669574  181.3085969  52.61386492  131.3245093  287.665489  571.3842688  154.4602111  367.356733  357.9777281  181.5700906  683.3118926  94.85470063  341.3983062  333.0029971  -146.4623316  111.9336125  135.010745  106.2624979  178.0684095  103.3126712  647.7341743  26.72678267  76.48890908  57.57671142  192.3673078  -90.22556109  -8.296530238  187.9812708  386.0922967  118.6537793  
170.63432  183.8575018  58.03017773  143.0206472  296.6830658  563.903979  174.4207519  379.1696504  376.5540584  183.3841707  693.5932123  86.92507738  352.0122464  329.2285988  -153.219703  112.4091099  138.8448688  129.9785217  174.9225495  103.9862898  639.8446151  44.6728602  81.7514556  60.44146537  182.6280062  -105.6771479  -19.97075106  191.2476997  383.8229105  119.8250281  
172.6630276  186.131399  51.46587473  143.6313235  307.2455453  564.2368565  172.7046922  378.1316159  375.2025912  184.9464426  699.5452677  87.2288041  354.4600315  341.4468732  -157.2434013  111.9435643  129.053652  132.4242577  172.9556541  100.9862274  645.1364766  38.66047847  75.95934874  55.39528592  168.1226765  -109.6705805  -24.7602005  195.4862696  390.5279019  121.8240325  
180.0347461  183.9843965  46.09425102  141.3138228  313.9327083  566.3814392  180.2752445  379.2379897  383.7305986  186.2164897  696.6403668  88.05262685  358.7209677  360.873316  -149.6103574  118.5338812  124.8152371  158.1215942  165.5265285  92.2275661  645.0456013  48.53668018  80.23867744  70.58081113  144.1956358  -121.9140125  -29.57443031  202.8980556  391.5744862  104.2223063  
167.527577  188.4130313  56.19031011  131.7480594  299.112265  570.9476106  165.7195499  357.4933542  365.263475  178.0467779  683.5308051  106.7628241  345.0483217  348.2872418  -147.5191867  102.3751224  130.4707074  141.8236991  181.389331  87.92306347  653.6965547  41.3658005  77.20659469  69.66096314  174.6215362  -88.40933545  -15.73213841  191.1811776  394.6834632  97.47426642  
163.4069619  203.882642  57.51948701  134.4023861  290.8469759  568.8512678  145.7483039  353.7163918  352.3617213  184.4386625  678.0952119  103.3053359  332.6219853  328.8008325  -146.6687971  119.9736491  121.0754671  97.05421245  176.3076156  90.18323399  642.0797614  36.55011557  76.24866464  45.69667609  203.6583567  -90.14380155  -10.69592785  188.3153823  388.260027  97.311076  
161.6281265  200.6481242  49.28589325  142.4632093  300.1004114  566.8949273  148.4921509  360.2846303  356.375653  189.3428044  677.7270753  93.17357051  340.5319206  335.6056538  -145.8335854  113.8021837  128.8964971  124.0800722  178.7091026  85.79840866  643.9727158  35.07089592  81.5861079  60.79822828  183.052175  -93.68581491  -8.770316819  198.3990014  389.7600721  104.8388287  
164.1417099  195.5144044  50.5157187  133.5557465  295.1329672  569.8261263  134.4826661  357.6261297  344.8960837  187.2343222  673.6802991  99.46038785  336.1398768  325.7491549  -139.8375755  122.131153  123.7675935  99.03102232  176.2680889  87.96753414  644.0106041  33.86595653  75.73321608  55.64444798  201.4690134  -96.29513689  -6.331957108  188.1651818  384.1632272  103.6551935  
165.077912  201.3149692  48.70010217  137.1752606  291.617367  572.7469166  141.6549651  359.6717089  343.0822526  183.2006371  680.8824705  91.3532746  335.3699627  332.7830156  -145.1421222  126.2261022  130.7428171  92.56546618  177.1576492  92.20006151  641.05365  33.13235831  74.10093368  41.00824885  199.505179  -97.25415607  -7.2218778  199.3870382  380.9447508  103.5341325  
159.032189  198.8102174  65.04565252  137.8835774  295.8993699  565.0941324  145.2413296  360.1932622  347.7163601  184.8426972  684.5612241  89.87129959  337.6146334  327.1706205  -149.5087679  124.581738  125.4736215  91.80442422  180.5288121  98.85254049  642.1719495  32.21206256  78.99659237  46.92024895  208.4608072  -97.70728171  -3.69241549  194.8170231  384.7114739  108.8648071  
169.2105591  191.3535266  55.08579964  130.5008629  286.4676226  569.0707319  152.8055357  359.4723964  346.9403329  178.31199  677.3000534  110.2518904  329.6182323  335.6621056  -148.8000014  122.2773663  125.1155182  96.90510681  178.4133585  84.35697576  641.5674976  37.53555823  73.02126904  49.04198754  197.6963381  -81.0388138  -17.08020447  191.3552038  387.5452761  101.4118287  
168.345219  195.6232706  52.55316452  133.2142448  291.8112528  575.33895  144.6583248  360.5312398  353.2224481  187.2935271  671.6043948  99.72030681  332.7943988  334.1718069  -137.761208  122.4588153  123.3741928  113.3194002  182.5078295  87.83674684  649.3347893  39.40314261  80.02773557  58.77140362  196.5688207  -85.4049882  -7.17801731  196.2730453  387.8915426  98.72955867  
163.71156  192.6436536  65.06670421  132.575754  286.2647165  571.1389355  144.7900391  363.3187091  346.6031097  177.6907854  679.7353672  94.56805197  328.6839611  330.6956551  -144.2362054  125.9961266  131.9676134  89.66974426  184.4040797  87.1716053  647.7186536  36.97414672  80.21741155  45.63463558  210.614168  -74.14934765  -11.85478202  191.5999031  384.6161435  102.0129888  
172.8604182  193.0148346  60.29955498  138.9545092  296.9767827  564.6567802  154.8054986  365.9391109  362.5556448  185.3981006  687.3851788  102.6141176  335.8661627  349.5857865  -146.8465007  126.8646384  108.8626583  109.6805761  177.7458392  85.69369287  642.6074838  38.88479314  80.09106045  50.56252638  190.8642384  -96.53621746  -20.99470347  193.7259397  402.2190093  107.8502002  
164.8556032  195.3548283  59.30109069  132.2514649  293.3647411  562.5858547  159.3081396  360.6691068  364.4862908  178.3805432  688.0614904  100.6397873  328.0830536  347.3203883  -151.6955512  127.0239071  117.9360748  107.364967  176.8496871  91.14158056  641.0850544  44.75233188  88.61363619  51.51984589  200.7653641  -86.45339444  -16.1844738  187.6529282  404.0141176  98.76221436  
168.7347058  186.4799661  50.93361217  128.8191127  301.0699258  562.598828  155.2290426  357.2655167  360.8415621  183.1717205  682.5445957  110.7456553  339.3387433  343.0851628  -146.8789524  109.714912  116.6341994  113.6974795  173.5905184  86.24174722  646.7363011  40.75988317  71.6517469  54.77662904  186.5182517  -97.52070963  -28.10479831  180.9811692  391.3170934  105.1136635  
167.284117  189.2655781  49.60656921  133.0995034  303.8362999  569.7925874  159.2271889  365.991959  359.8138258  185.7812709  682.0907637  99.5618404  338.285317  331.0112179  -150.0383975  114.2692212  126.0388738  117.8158345  175.7958244  100.1948969  647.1825155  35.46584016  81.82755789  58.07528993  185.8364905  -93.12088601  -11.91150387  183.8480499  391.5371537  107.0859409  
166.0180145  189.2829614  52.24322468  125.1360012  290.5615123  578.2036619  153.6978453  358.5601532  346.4734371  177.0063117  676.2122358  103.7218455  339.9124025  341.6070259  -150.7398958  114.9053427  144.1133528  94.20874917  174.616273  90.4936404  643.4047404  30.78529323  69.2823882  43.50860158  194.21537  -78.79727879  -10.60679068  189.0075349  374.5869913  101.8088127  
167.3684636  182.6051433  48.01529187  139.2791569  296.1088365  569.5713378  153.5943171  365.1751227  365.0292648  182.7402968  693.179433  89.57153387  345.6980461  340.9371513  -152.5785545  110.011113  121.7859404  128.550574  175.7926076  104.0962381  646.4154248  28.3807062  78.09930323  56.31030387  175.8903515  -104.7087193  -11.91261488  195.0389576  388.3592147  111.0485946  
162.2004106  198.8797698  61.97354596  133.9022928  290.0786023  565.9971876  146.4007522  365.1015253  350.4260241  182.250208  689.5624817  76.87035894  336.374327  334.9068597  -152.8095357  117.7357623  129.9196383  109.8468046  180.1230116  98.00692161  651.9225571  28.03654735  84.43329593  51.3956672  189.5784962  -87.69620011  -5.127634424  201.3474929  384.3944257  97.583543  
167.8082459  191.1332108  57.93081494  130.4534883  294.3555749  565.2946844  161.822294  363.5552469  356.5165607  183.0639406  683.4276177  101.699904  336.7200997  345.0686491  -150.3386212  124.2422765  125.162821  113.5958368  178.0082202  91.07529815  642.560131  39.52156099  80.6473762  57.03438338  190.0197942  -83.74760847  -11.20807211  193.942544  393.9883451  97.752526  
167.8207185  188.1461144  58.21901938  123.6649455  287.1833337  572.1011036  156.6916629  355.926673  350.1418963  176.0780037  672.0918929  113.8390184  337.9823601  339.7689641  -148.3633722  117.1702785  125.9536079  109.2808167  180.0923011  83.68127483  642.9552838  40.59675168  77.59859267  62.35475077  194.0946292  -74.46236406  -15.95221674  190.0346614  397.1864528  94.78084043  
169.4980368  188.9123896  59.3814887  126.4604882  293.5924121  569.7258577  145.3714183  360.1685663  342.9752076  182.0167832  680.3012305  95.76686811  337.7205025  338.107381  -148.5120366  116.2862764  130.3170798  112.2948148  180.9970826  91.61255247  642.5297854  37.60372217  77.90685991  58.63607721  190.0080827  -95.43383072  -7.801838224  194.4817117  383.7930824  103.8001918  
169.2683101  190.5499244  61.01145935  135.853266  292.612726  565.8617262  152.0768165  362.1443331  342.2587842  177.1384715  684.0557648  94.04423902  337.8928766  335.9161798  -151.4813906  116.3215146  120.6702234  113.4383118  181.1338565  87.86868469  647.9524105  38.66400835  78.82105676  49.55923185  183.5517348  -99.68015144  -16.72064942  194.5894834  387.9663266  97.23616286  
171.4429762  192.3993676  59.81287196  139.1737626  292.3074439  562.3368892  151.1774768  364.0871949  345.7589823  180.6412575  682.4081802  92.94183636  339.435032  333.804302  -150.9359479  117.4017084  125.5921782  116.2146203  180.8883837  90.13758442  643.1304894  34.03683644  80.50383829  49.30583353  181.7600921  -96.21768971  -13.85538009  196.7851065  385.2991231  102.7179996  
170.3045312  192.8025187  60.48231113  137.4184321  291.0806264  560.8642551  154.6431704  366.3615303  347.8763437  177.8390654  682.8340376  88.270827  333.622815  328.8114692  -151.535387  118.0817016  119.4465579  119.7446184  173.3882814  93.65881988  646.0854648  32.80005896  83.05672495  52.89679459  178.9634079  -97.2073371  -14.90858134  198.8264104  382.3198034  98.32461017  
166.8623985  188.9833082  55.53146251  127.9469857  289.8547941  569.5815326  148.4843445  364.0912185  338.4435632  181.9978599  676.7424487  93.23817961  340.9898162  333.7889231  -150.7560698  109.5927312  136.5946993  105.6233824  179.6807704  87.78372555  644.2044485  34.98074047  74.1723016  50.05759957  187.5102316  -89.95610432  -9.919820618  196.7653795  371.2678536  96.0304018  
165.9600514  189.4929683  52.60735279  128.0805715  303.5212088  563.6049358  147.8387502  366.9059384  342.1596912  180.1011228  685.8656894  87.55096268  337.6199572  326.8114392  -152.2404542  121.6519199  120.6774916  100.6507321  174.7417701  105.4406962  641.863241  33.25595742  80.20739655  50.16616867  194.3074243  -109.1175681  -3.174099521  191.7203311  389.8004137  115.0010421  
161.0762466  185.8653058  52.90343033  128.935051  297.1442922  564.6588847  155.564908  370.0202006  357.3009947  186.2541303  691.6462982  89.32338312  344.8395174  335.4806375  -160.8562216  116.5907832  123.7635492  108.516752  179.258752  100.954293  646.3447537  31.36054315  83.86449015  54.15132784  185.1703293  -107.2148492  -10.98948322  194.1654465  389.4098586  104.3712649  
165.9720276  192.8535417  62.24561059  123.2914424  296.2432337  571.761726  159.5470925  370.0018393  354.4208661  183.3524049  692.221359  96.47189415  339.3599772  334.4043178  -158.5621466  118.4771607  120.8290916  98.35489444  176.2056615  102.0350867  644.6832624  28.35759733  78.02632654  45.77219358  196.9796813  -99.77049065  -9.405047866  187.7474504  387.0164397  114.1906935  
165.2377726  201.7596906  58.3400377  130.9702989  308.569313  570.7741004  156.2380526  363.6801393  367.6916316  192.7055772  688.2465668  93.27760905  339.8942651  333.4429776  -141.0527135  127.7695537  125.9726358  104.3435357  174.9091816  100.8667931  632.1440943  49.12715304  78.13178418  55.15515594  211.9246707  -102.1785459  -9.231917995  191.8864695  395.6169352  113.7212351  
168.1759301  197.1779443  54.27710914  138.3268656  292.177458  564.0037906  164.7746553  364.6101679  372.0855868  185.2339544  683.5807979  105.3825486  338.6846148  334.7791455  -147.7555064  114.844615  108.6928023  114.600463  171.1050736  84.31953184  633.9266804  43.11017041  76.56684035  54.1397349  190.730826  -104.7689901  -20.6599058  182.0083743  393.5536573  103.7773596  
182.1886238  187.417371  58.83482831  147.4514355  282.9556033  556.0937222  157.8971416  375.7782215  371.4159893  184.2438736  682.8893187  89.81245007  353.8740309  322.5471835  -156.1767896  99.78090371  114.6785899  112.269796  165.1604517  98.83634112  630.6877601  36.31344595  71.31140526  43.29967336  180.3576326  -118.5544422  -21.50020478  180.4692801  372.7076743  115.6489683  
176.3120588  184.3735765  33.31761097  154.7207179  304.2602636  548.1418423  146.5247436  367.957659  354.3330169  180.9576236  677.8147401  83.80377947  341.5084349  320.1741413  -147.1588956  104.6859215  125.3920201  133.0580545  171.0562496  92.74262864  640.386181  34.34458633  76.07120333  56.23679081  165.4301795  -122.2615079  -20.66962856  191.0998986  373.6586753  132.6896805  
166.7659342  188.2241114  41.89250611  144.7476146  307.2992521  560.4910825  136.938111  364.6870962  343.9483307  183.368957  682.7151897  87.04497042  336.1464771  319.8220698  -140.1023894  124.5986974  128.3015608  105.7839219  170.6234773  93.0820676  648.7218022  26.4690494  70.48018942  60.01771033  187.493818  -111.1359522  -11.0528573  190.8650228  382.0269237  132.913835  
168.2260238  191.7655522  47.55593032  129.9075072  294.6573765  572.4733922  145.8860633  360.2319925  342.626638  182.721938  676.5044135  101.1196448  333.9591958  329.1895606  -140.0900724  120.5045957  129.2845947  105.6087366  179.1734436  83.48452562  649.0211294  33.27886232  67.35700889  61.34545885  194.0931165  -83.62414328  -7.658331782  191.0588678  379.4126326  110.7976818  
162.1995651  189.5533401  58.028932  134.0504197  283.6173629  576.4892828  145.7401567  362.5959591  350.2966588  182.6181148  683.1077739  99.64129128  341.3357632  328.4943439  -141.6256135  124.399316  136.6594203  93.7588909  180.3631122  86.91424825  645.5792116  38.04350762  71.7933611  54.24760547  203.0691311  -90.61665009  -6.237971805  184.2187851  374.2104622  103.3708875  
162.9683762  195.9331162  51.26522135  148.8027464  302.5989756  576.4020302  159.5057921  367.241799  380.6456294  190.8859847  689.0699956  88.71211564  346.4655817  338.5528657  -145.9653734  125.846781  129.0813106  125.4016158  175.5020371  105.1728538  641.7291748  46.64897206  85.31041664  59.54039348  195.0200355  -108.962637  -2.855347732  185.3335016  394.3454053  114.0905877  
169.1991995  180.0804766  51.18710102  129.4413461  295.5783149  568.6739984  159.014478  365.3725371  360.1474714  176.1910247  689.9732577  109.2793271  338.5766416  338.9425325  -150.3151436  110.5876955  121.8082839  118.6795397  174.8362124  92.8575115  651.4427339  37.41136215  74.8937817  59.84090203  191.499583  -92.48397753  -16.76067094  175.1369777  393.6771245  112.5222938  
165.4873461  189.4552753  55.81257029  128.6724625  296.5172467  570.9810439  151.9141207  363.0469963  350.8779657  179.7668917  680.0820306  105.9882985  338.3274626  329.6287105  -144.6483383  115.9006979  131.630871  96.34359571  174.2454387  91.05574032  644.1867801  35.56506868  74.75401908  58.3566283  203.5774773  -94.71568846  -7.538942466  177.28456  388.0786653  110.873797  
167.1602265  189.1543385  57.49265726  127.4829898  289.229655  574.4181011  149.6778825  357.7388601  343.9297059  177.4693149  668.9008261  110.22511  341.044179  331.7797985  -146.4032365  122.9222846  140.8314542  100.1917116  177.6757569  87.54325321  637.0051622  40.40198027  72.93981864  59.00661596  199.3539148  -90.84644822  -2.686838911  187.3718236  376.1539091  107.0870142  
167.0121959  189.5783751  56.78188227  134.396338  297.028031  571.839138  153.6633249  369.4041344  351.9620708  183.885473  682.3574005  97.13153986  343.7546161  343.1936148  -153.5889422  111.9162247  131.20685  102.0375684  177.4426026  91.00885173  633.2626234  39.81160283  78.50137175  46.68912861  199.4528169  -99.73031147  -2.650335402  182.7024529  387.1898663  116.6607262  
166.6468764  186.4188146  54.83053868  136.6557092  298.758012  574.7260364  158.6722577  368.4430691  358.0229704  179.7565703  685.2318726  93.24158954  343.7697957  344.2186034  -156.0784505  115.7059982  133.3066076  114.2799683  175.4879465  99.95685602  648.0395391  37.33169185  72.38226427  55.50295099  186.8922463  -104.1713567  -4.355158541  195.00339  386.9260345  118.7635083  
164.5006811  194.2574655  53.59402292  130.1614884  301.6324425  573.2764491  156.470858  360.7362922  360.3742826  184.1678565  682.3864168  99.16520178  339.7001331  342.1089142  -146.2365122  118.1982463  129.9786208  99.12458728  174.7286391  94.1769579  645.2784535  40.51576522  72.6297306  49.36187741  206.1327961  -98.72858796  -8.398182576  183.345609  390.8195097  104.5677155  
168.2935497  196.365338  51.16429629  135.4725918  308.8456671  563.6717086  154.2300421  365.1766405  362.6074777  187.0564327  682.1534997  93.49870289  338.1511925  340.5009152  -150.3654012  116.5319089  121.7816192  121.3246883  172.8879742  90.12139862  643.8695466  36.50678437  81.07776357  54.39601232  181.0648146  -102.5623262  -11.10445623  192.7192159  390.5692382  101.5520635  
160.9132896  200.8774746  55.03270496  135.0086816  302.8152247  567.147594  153.7452279  366.3036598  362.9555299  189.8652699  686.3151977  88.36075521  342.9102846  339.5147096  -154.5646462  113.2638189  121.41498  107.4145893  175.611237  86.96695553  639.6277624  35.17394862  80.01022221  48.10528094  194.7422914  -102.9803524  -8.147061274  190.2443949  394.0722717  98.30780078  
162.9979127  198.5833357  50.27671377  136.5469863  308.8323027  570.9802459  141.8529606  367.9209077  351.3049533  186.5682525  690.8738443  82.88754288  339.4864149  338.9792763  -153.166206  122.9376268  124.5418135  96.51047615  176.6677727  81.72035576  642.0503411  37.54426445  78.46669895  45.75597806  201.095772  -99.7003834  -6.467078419  190.5699758  390.2193382  106.7082125  
162.6345993  198.5568832  54.98141526  133.9899425  302.5122085  577.076705  144.4963131  363.2338067  349.8329358  183.6438257  687.7617478  90.23108037  328.8575175  340.5745043  -149.2085336  126.505721  125.1312465  96.99275744  181.4093165  85.14288106  649.0155062  37.80248883  84.25656242  44.4079724  207.392785  -82.00784271  -4.178249193  190.5233621  390.6284717  101.7912162  
159.751945  202.1518979  55.84152804  132.9921504  294.7782082  575.4440168  143.6468096  361.9614952  350.62185  185.185244  684.5644023  91.53935992  335.2771213  337.4851973  -151.4586538  123.360361  130.2355269  100.2001758  181.6303839  83.59154226  651.2482943  34.59003574  76.88003047  51.3464493  197.9115753  -81.18162678  -2.54357009  195.3889802  379.9746728  94.21397248  
156.8853677  202.5843097  57.10824894  134.4477609  300.0563522  575.2242583  146.782755  361.678864  352.7719531  183.2642076  685.0718848  90.86776766  332.7201714  338.1901095  -148.2212137  132.329883  131.1908609  91.97477865  176.7485749  88.55966756  650.1346394  40.47219317  76.39817202  44.21798635  209.2202098  -85.03749856  1.149740762  192.107988  385.0281522  96.97694837  
158.2359515  194.6029395  58.73231052  134.9246437  299.7344229  578.9708789  146.428004  360.2266049  350.6315205  179.3126765  680.0533946  97.78241369  336.3073757  339.1390464  -143.2356164  135.3144177  138.705032  90.99846142  179.3785531  89.03896283  643.1143689  47.91484959  74.06175012  46.63007953  212.7710541  -84.05467966  3.407567443  190.9066574  384.7390993  96.59145043  
164.7065168  185.8669644  55.01130357  128.0787302  294.6551783  568.7994762  157.4058602  359.6351501  349.5153361  177.1392184  675.760003  110.507461  336.663351  338.9754696  -150.3214541  121.8492539  131.3524576  98.55554446  177.898789  89.60484862  637.0199428  40.0794802  68.89091627  53.66938609  194.0792215  -91.30648912  -9.495190774  192.5669973  389.1388938  103.1860924  
160.6852466  196.1097864  58.52195514  138.749357  297.8991542  569.4919213  149.9169906  364.8352605  356.5087507  183.8362618  691.9479215  99.24922518  341.9642612  333.8520693  -155.2748155  113.4964439  115.1099689  116.5963849  180.8726961  85.8795651  650.3899004  31.54365763  81.04414101  59.91722574  184.9543596  -98.88175502  -11.95444022  190.1047329  395.4427068  112.1015348  
162.9879836  197.2380466  64.91719987  141.522466  292.3216428  568.1708261  157.0443745  371.842711  361.9634889  188.112612  700.2019032  95.80972202  337.5470531  335.697306  -149.5743935  126.9187662  94.31910007  117.6127297  181.387983  82.25364179  647.1944481  39.23499458  88.24918008  62.75567568  192.0093193  -100.7974071  -14.05985219  192.0538931  408.1534226  112.8583421  
171.6333074  189.7694219  57.49702985  135.1815724  292.6270653  567.1159631  161.5276916  363.5969145  362.4921756  179.7996707  688.4018884  106.2833919  339.7772702  347.1156538  -149.3658312  120.7503215  110.9369866  129.0603215  176.1663089  87.01402142  647.1857656  40.61191673  79.98745945  62.98716227  176.1387982  -101.9554335  -18.16831161  197.9536645  398.4414596  103.7478556  
169.0958182  188.0205155  51.81578378  130.5061065  289.447581  575.5135334  151.7199472  354.866357  343.5822671  176.8797963  676.2304232  111.6685404  343.6040542  340.5828609  -145.8344364  110.0617845  128.1548711  115.4298757  181.2895533  85.6646206  649.8252555  34.35725183  65.44698595  59.09968197  186.4407596  -90.61014035  -14.71255931  194.7713925  384.0390307  103.824884  
162.5021285  197.6647361  51.32478205  131.9415315  286.9048034  574.8157388  134.7936122  359.8285756  339.3730015  185.4799663  679.2157959  93.96846184  338.2687809  326.1138672  -147.4147824  114.2085235  127.8177665  100.1343463  181.1586843  92.04078605  647.3288679  27.21048774  77.81921528  56.97668639  199.6581527  -91.29152112  -0.6882048274  195.9362459  381.2868719  105.6670747  
158.9187303  188.0186804  58.14452611  133.5036001  281.6021919  569.7659298  145.7487287  364.8623647  346.2697959  179.8101256  686.1071048  94.94378261  340.8099895  326.3300993  -148.6750065  116.7876947  128.749791  96.30545333  180.8469168  100.9029794  643.8562513  33.45544262  79.98374611  56.19698538  204.2183305  -94.57408613  5.171797847  191.9778447  381.0364635  114.2018965  
161.7646503  188.5394806  53.92453165  139.4199097  287.8653453  572.4295716  154.9449078  365.7694991  360.0128122  179.3563734  687.8448057  87.2754926  344.0973945  330.7511158  -149.7192394  117.3191785  131.259449  111.468998  175.3675378  100.9208297  648.3134246  32.00718766  79.3198067  50.51100833  191.687082  -98.80322834  -11.60684193  187.7524454  379.1983271  111.4637629  
163.4883928  182.90431  59.92526653  139.9268394  292.9996768  572.1589763  153.3966789  366.5531734  355.7271562  176.7312729  684.4251923  85.9752145  346.6009377  329.3046979  -152.5668792  117.402136  142.1671801  101.3426454  175.1818859  105.7235474  641.5719058  35.62921353  71.2666056  44.25481739  198.5909891  -108.3469573  -9.471605968  190.1678687  376.1631438  117.250741  
165.8354974  179.4783396  50.24639327  133.2969202  293.0364678  570.9343912  161.4279581  363.5709447  360.1658117  177.0855188  683.4586445  98.19442055  344.2584864  333.0397664  -151.8584055  115.5372396  140.1582014  107.2369426  172.4532106  102.1676662  638.5906481  35.94803133  70.74026845  53.71678052  191.8518034  -104.519387  -15.86414987  188.9458126  382.415465  116.5017822  
163.1911657  184.1377696  52.90028426  132.0941551  297.3029725  572.3791064  159.3156483  366.1278664  358.4350857  182.2880641  682.863839  92.70321666  340.0741788  330.1288586  -145.7899811  115.3583665  128.9099255  105.6387695  178.9014361  96.18162213  641.7903379  43.00261884  79.68055934  54.17555173  203.6328153  -95.81160857  -7.902197617  182.5623437  388.0292138  115.8587424  
163.6249379  191.8249116  54.3326587  130.9859127  297.0465721  570.0718397  152.97009  368.04025  349.2892316  184.8795209  683.1019384  90.62080561  335.7534591  329.4587326  -144.622642  122.5716945  117.4325698  89.10655203  174.2747721  99.21825009  646.3656319  38.11455378  81.38318404  45.80329371  208.0632674  -106.1977251  -4.283706004  181.2512244  393.3922889  109.7877612  
164.1323565  195.0516476  53.88865983  137.1473213  298.7850335  570.9495323  154.8042408  370.239184  350.4698897  183.9283538  690.4730561  88.65762652  333.1819485  330.988175  -149.4263772  128.8912296  114.6075669  92.24393563  175.2689627  96.02248458  651.8018556  38.70531943  86.28197067  40.0437885  203.6187985  -102.8894984  -11.16259177  180.1418721  391.0130132  111.4220958  
166.0639692  199.8539839  60.55173223  136.1789531  293.9766988  577.3505001  154.4195555  367.7712787  355.9077926  185.3802288  694.746284  98.36929305  332.8979469  339.9309248  -146.2512215  127.8183231  109.0217237  103.8856824  182.6202467  82.03726508  655.429181  40.30271925  82.67661335  45.86923964  199.3502878  -93.08995352  -19.05971184  180.5706443  393.164143  103.0561995  
161.0710271  194.1866648  65.23220393  138.6309977  301.1689026  576.5372804  159.5258103  375.4396058  363.2400775  187.8123441  691.1395534  93.66922005  342.0213941  334.286408  -146.9237518  130.7305498  118.9097885  105.0703376  178.2874511  93.26916655  644.1171962  44.26925175  87.18264384  53.98768607  203.7713872  -97.14455837  -6.101798084  178.8701073  393.3191349  108.2392686  
160.6201925  183.6307544  66.08506631  133.0235446  296.8876904  573.4758482  152.1340805  363.869073  363.9776876  183.7552989  680.603556  95.58540554  337.112578  337.8653551  -138.921432  124.5528811  134.0377652  104.7497464  179.9877423  90.96440493  645.6900589  46.94505184  86.14982982  62.01173463  212.6881724  -82.779301  -4.296005897  179.9945605  396.2716126  101.6611582  
163.0804982  185.940127  58.16074428  132.08521  289.6752077  568.0927911  145.4933898  360.1947726  355.5198073  181.091021  674.5127185  95.57710638  332.9996413  331.5713194  -142.1536545  124.1709841  128.6910311  102.2995369  179.5047359  94.18811691  649.2861986  42.49753706  83.66399832  54.7031065  206.2910637  -80.33771471  -5.43003055  185.6447112  393.0062702  95.61051699  
165.3456103  195.8337436  54.5621196  126.5972994  292.8450742  567.78641  144.3812189  354.0712549  347.3907451  180.8098354  677.7265689  97.26279195  331.7970227  337.0679508  -145.117981  122.4659644  119.7117234  108.7036628  179.2472339  86.77601526  652.394212  34.59910054  80.0278137  53.56820594  193.5377923  -83.39082024  -7.937080697  194.2516559  392.1101234  89.62681432  
166.7261845  188.7884209  54.48868168  122.8238163  288.8827882  571.0498926  149.0164628  355.8959  342.5292677  172.7238397  677.9029711  103.7638255  328.7711757  338.8757616  -142.444918  122.245663  135.2218771  96.27779948  176.4415342  86.20770857  649.1670226  39.87754641  69.46817688  43.63556988  199.139169  -77.63054158  -8.536171682  186.1195214  374.8957235  89.0668059  
167.3152095  180.9979475  51.91545071  127.6674387  286.6889578  575.0325769  157.4846246  362.4746121  338.8144536  166.5794436  677.1556397  110.066755  333.5137805  336.8156632  -143.8085954  118.5700961  137.9776672  96.19981355  179.397261  78.20279252  639.4226882  42.77089572  71.58567405  47.30389865  198.7854496  -79.13132533  -9.837962691  185.9668979  378.0935811  96.62514621  
168.9360775  179.9931047  49.89147184  123.4786008  292.5427085  568.2998163  154.7336518  361.6799341  339.2116953  170.3721439  676.6642362  105.6888912  333.2594006  329.6149363  -142.385251  121.1845672  133.4884378  92.87500213  179.8354497  89.70157858  642.4690634  45.05775503  69.42916531  52.31599107  204.0901842  -89.00314689  -10.44971574  189.910686  382.7706796  100.1046708  
176.0399829  198.6551647  41.60352512  153.7270731  321.9435431  561.2884568  156.1732026  367.115743  371.9479371  192.5494278  678.4071947  110.526856  352.8262141  328.2467265  -141.6238557  116.0626609  114.9282409  146.3408905  160.3093764  83.82754173  634.573149  25.52216587  68.65622083  61.4934321  151.0662593  -136.2301645  -39.98713565  192.1384824  389.5865982  106.5013651  
177.701908  204.0013004  63.76383964  141.8327564  302.5271487  571.3645792  156.6839571  369.0805334  368.2907877  188.7313848  681.5554683  87.63206782  341.0855846  346.7675881  -155.6854403  127.7239224  123.505941  118.8130374  175.8109477  98.992619  636.3656694  43.90207409  94.68826121  58.62840057  190.4873047  -99.82553385  -3.036466949  198.5395741  404.2183181  118.9497064  
177.5444452  193.9822545  48.01317853  134.3203132  299.6765874  566.194549  167.1768347  371.1525383  384.046895  192.6146052  688.5774631  89.82351056  347.1705385  348.1440361  -153.2816198  117.0548721  126.2954989  120.8329175  165.9390164  113.9429483  634.2498135  52.20015065  84.87813852  55.16221124  190.5653913  -105.9155595  -15.09008213  189.0888581  396.9792078  117.8417915  
159.1403548  199.3915603  48.35380496  144.9831898  305.6419822  576.2387588  155.241634  369.3410884  381.5678456  201.3009725  694.0603824  80.59636109  349.328873  348.1978648  -147.4434408  112.6986901  126.9352291  136.466538  175.4809076  102.5194578  642.8697643  35.99160063  87.93472164  63.79786098  183.0736281  -107.2929007  -1.255067602  194.3737647  392.1515424  121.6798713  
158.9741067  199.0217815  48.28991848  135.2239807  298.9607897  584.8384292  161.6411136  365.9522906  376.6682125  192.3547075  692.484828  88.31513382  348.047818  349.867047  -148.9959065  114.3558653  135.725946  118.3210557  174.8322644  103.5589287  643.2701558  39.74962889  77.73849244  52.21866609  198.6553546  -91.97324368  -6.218943047  191.4254253  387.905948  105.797199  
158.838914  198.672951  54.77194248  133.7005468  288.7352448  571.3435894  157.2778517  359.3913741  363.6252678  182.8828058  689.9803588  93.42800409  345.4094537  349.551963  -156.6290216  114.2978893  137.7665842  121.1297302  176.6924201  95.98479233  645.253832  35.44553928  75.35684561  49.27952136  180.2506396  -87.75632815  -6.117658976  196.1108255  380.8431295  98.92304481  
158.7731207  200.0473534  56.5572652  128.9881292  294.4011183  567.2071004  152.2849417  356.2811272  358.5047269  182.1413439  685.44239  102.3424256  334.9601147  342.6516527  -153.9115723  123.9868988  128.7416419  106.241144  176.3086807  94.92565751  654.7244374  40.34360495  72.17425821  52.09527658  199.2315096  -82.71838501  -7.802307211  188.3072157  385.767028  103.4682741  
163.7049856  197.4416556  61.23039641  125.7975388  289.7698195  578.6574819  160.8576967  357.4780622  361.1142893  182.8698072  681.1240305  108.7879154  333.8129631  351.7876057  -147.3888655  124.8766731  131.4113175  99.35918616  176.8515417  92.85516157  648.2058136  44.55687503  71.33062904  54.23781139  206.3522372  -84.77366704  -0.7204422158  187.7354032  391.6876712  98.60158678  
163.4738197  195.2694221  69.32126744  119.4073319  285.9945973  577.7431324  153.6194744  357.9764517  355.1290596  173.7337826  679.5769055  107.234643  324.6233176  341.6836473  -148.1336375  125.8439466  135.3835864  82.10732173  172.427656  99.76330385  642.5411523  44.55229069  72.43515232  46.23452491  221.6244901  -86.39767786  3.342192935  184.4917747  389.0208221  100.7160189  
160.1807041  198.7533668  64.37231586  124.4506532  294.6967397  574.974511  150.4457909  361.827404  358.8811461  186.7030151  683.1690179  101.9089454  335.920289  338.0972286  -154.3555228  122.264729  123.3838901  88.74815055  176.4375367  92.77964745  645.8946303  38.69618209  75.72515567  51.99980895  214.2739379  -97.50656768  -3.233251382  180.8070225  391.0381451  104.1808129  
161.5519862  194.5937653  60.17153941  131.0922934  297.215753  571.5216171  151.3079495  361.0237771  356.0197778  185.8302724  683.1746318  96.98251693  339.2359179  344.092435  -154.7337082  121.506734  124.7659043  93.69087075  175.9381318  95.64195159  642.3031701  33.23061036  78.06716522  47.22187426  200.8266742  -95.42613965  -10.25013718  190.3416582  388.6000193  111.3421563  
169.0268886  190.1519506  55.54901757  137.4238481  297.5882472  560.3631214  152.3714858  366.3435014  364.1430739  181.3009457  686.1178481  93.31030717  340.3374994  342.3088479  -158.4217316  121.1575492  120.8813002  118.5407273  169.6211306  94.41064637  641.9934502  35.22810311  81.29906705  57.62574567  178.149285  -104.523137  -13.77288967  192.4517753  389.9258067  108.8654238  
171.7740383  194.0239169  59.54572104  137.7154888  298.5342969  560.2109286  148.6015611  368.5956195  369.4771362  187.6953188  690.2620928  83.22577248  336.7974307  339.5297856  -146.9120026  121.260549  115.9883874  119.6302612  171.1971715  93.62734875  650.2452689  39.89634931  81.32215674  59.89148283  187.3420818  -102.4059804  -15.97789064  189.8314684  391.9915405  99.56259085  
171.6569093  195.4492622  54.62856645  136.4133209  293.839475  560.2832766  154.1872741  363.3975575  364.4829985  179.961119  685.4690861  94.4233571  332.9883648  344.4081723  -143.8872329  123.1073747  120.7085068  131.7788187  175.1289723  88.4167157  656.9814074  36.98780495  76.46679476  67.55442018  171.1102605  -92.40930326  -14.39422931  195.0318591  391.2002467  92.91367342  
167.770443  197.5237965  59.65128442  135.7466102  288.4635164  570.2330313  155.3826242  366.5378491  368.5134699  182.4335271  684.5587734  97.39018519  339.3175809  339.4350802  -145.4061377  117.5058146  115.2108403  123.7659679  171.749612  88.7784312  646.6711983  37.09973605  81.45719319  65.633979  182.9870456  -94.41315613  -10.18405541  189.5805057  391.7879351  90.9004281  
160.3687532  202.8564551  58.98885645  137.2314095  301.1427595  571.4811872  151.203487  366.0235097  362.6504648  189.7873663  683.9375598  84.54340114  342.2294341  336.9644439  -145.9156274  124.2911377  123.3256041  111.8961247  177.2431323  101.2505686  649.0854912  38.34923115  86.75662169  56.72144489  196.0478639  -97.34828651  3.005798892  193.1682498  393.3877654  100.9111115  
164.777147  193.6174927  60.9013012  129.8686506  296.8740508  570.8388014  155.5665215  359.1745885  357.4290856  181.7342125  679.9365424  99.6071966  343.660344  338.5999064  -151.1389762  126.6335115  131.5378996  99.34400197  174.0424345  98.70980493  644.0580524  41.18019273  79.30463253  53.99954057  200.2663909  -95.02717808  -7.209791377  185.7549746  389.5841495  104.3673519  
164.498258  193.8582389  55.40465694  139.0562667  291.8409553  577.291017  150.0399781  360.157125  352.4624691  183.2409041  676.1399116  91.52538559  343.6997014  336.4389933  -150.8474995  119.2791846  133.0901238  103.0454579  179.428474  98.30803796  641.1838423  32.25122268  78.88695041  50.267092  197.2452247  -93.9486232  -8.501087411  193.76791  385.4211561  107.6536439  
162.9119657  190.00148  55.83308642  133.7493493  294.3779996  571.3837338  151.4836544  359.9008828  347.7510251  179.1534814  680.299313  97.48729897  342.1325372  332.844463  -146.8149124  117.3616716  121.2278648  103.982147  181.0563171  96.31527325  638.9932635  29.58830375  81.20035618  56.23047984  194.9114687  -100.1971629  -9.112172167  192.8710528  397.0303674  109.8578827  
164.0877361  199.0146143  61.20137349  140.6606957  298.6345951  566.1188809  142.7888314  364.6925939  351.7432386  188.207182  682.9618635  93.20259222  338.0052741  324.3298356  -147.8038645  113.5032555  108.8794878  111.6377166  177.2941103  92.59960188  635.395065  33.18709027  86.61128315  61.80066761  192.8787986  -112.4338584  -2.785574238  186.6746863  396.4534761  113.602409  
162.9959626  198.3001384  52.07487044  141.0175491  298.0529577  562.2013532  153.0390577  367.8910455  352.9769156  187.3661483  686.5035234  90.50705386  336.2787159  329.2423367  -147.5332803  124.4018748  111.4626099  99.82623918  174.5567268  91.26230296  636.7363121  38.35653573  79.68406767  50.82311989  194.0146852  -114.5741979  -3.553259691  192.5791257  390.4252087  117.5246795  
169.5902934  185.5085943  52.79381705  138.9420672  297.3795586  561.1639993  169.2309265  368.518873  365.2032809  177.8042371  682.1987139  97.28086828  348.0084797  345.1169061  -149.4093496  127.3068372  126.9958549  120.3416787  169.931491  86.45896089  636.6642942  38.28433474  73.81213753  65.41709155  171.1816316  -104.150444  -17.28339137  205.6672912  390.7351876  107.0750275  
163.8437488  185.310221  53.74489668  133.5315145  290.8901041  570.2160516  159.7848053  359.8013412  371.9493873  181.9537767  673.0807302  101.4218556  352.3094304  343.5984655  -149.8193798  115.668923  128.7113904  121.8175809  173.4348365  102.1346786  643.8120274  42.06678425  75.00251078  63.32983256  184.1571251  -105.7947599  -9.901372436  191.7927289  390.140527  99.20910911  
171.0237995  176.7686824  44.7793659  133.2116337  300.0102791  566.0074401  146.5979075  363.5784209  349.032613  180.4888628  676.1422773  103.2986992  345.9736477  323.6977095  -144.8232884  111.0311518  130.4401928  115.2061868  175.9148337  96.57851023  641.0195683  35.8845026  73.55896057  54.29565113  185.8295033  -111.6576595  -15.45160287  178.9491746  378.2855256  119.246467  
175.6797439  176.5356539  41.43845343  126.2340115  295.8707564  554.7672152  142.3189951  359.9925414  335.7548109  176.0719113  673.3421203  111.2636081  334.6013174  326.549466  -139.3167844  110.3847995  136.4093116  117.1725053  178.0442895  83.83648046  649.5191978  28.86169612  64.6828295  64.23631514  179.3868797  -91.28483118  -16.36913441  188.9343574  373.1279041  115.1276975  
173.4568262  184.6018094  48.45355161  132.2312435  297.2264783  554.5446874  146.4899095  363.6067546  342.5859368  180.5577476  681.5734269  105.8023635  340.137549  328.6159563  -145.4742119  111.7346363  127.277671  105.0485599  173.9572396  83.55418656  643.9407514  23.03026373  64.60219958  51.31032271  177.4310932  -101.4623198  -23.79908827  187.7141599  374.8808029  114.4446729  
169.5991047  198.2872243  48.42034748  145.0550279  305.1806622  560.0817456  140.5184546  359.5063194  354.2477505  188.2475142  676.9011544  95.01923102  336.4439003  332.9812912  -140.3592489  116.4112929  126.4908443  134.9089776  176.8885905  79.54035686  650.97114  24.94020211  80.32884731  61.8669971  174.2229684  -92.47982403  -20.54923209  197.4289306  385.6057102  111.1933654  
171.516808  187.0576873  55.07668328  133.0222443  290.7492964  560.3053157  151.7438896  365.7071179  353.2977894  180.7088452  680.4839611  101.8550472  340.3064354  329.1050711  -146.1016602  118.9343826  127.4914855  108.6733239  175.5058259  80.73544822  637.9956909  33.75429493  72.84057667  53.25654074  186.213525  -93.77903814  -18.97217714  192.1326042  379.5635771  96.72085226  
171.2001136  187.6201256  56.80709003  127.9755956  297.7021682  565.1629848  152.8447763  364.4648876  345.7262338  177.311082  684.1308844  104.5516778  335.291247  334.7700001  -146.756942  112.2860964  130.5448  95.99517692  176.1864047  81.08113588  639.8562475  38.31731435  70.45467055  45.12196064  199.3427154  -86.27264974  -11.46787337  179.7870397  379.6570766  110.9912862  
158.3585807  202.2349656  59.92999733  137.5442068  299.1349104  578.5737311  148.473868  363.2810018  349.2777559  183.9916347  688.2859386  90.53733525  336.3498197  327.7135201  -148.8351336  127.3120055  118.427038  78.05215923  179.5339342  96.87968262  642.8891396  39.4395665  74.31667193  30.68792049  219.2938649  -104.6852984  0.7721252003  183.8260723  393.4263517  118.0058436  
159.2246166  201.7840235  52.45550892  139.7600627  306.2996199  580.2214461  149.0197761  361.2198089  364.8700477  193.2022433  684.1107344  85.760724  336.6684563  334.4457684  -144.6209107  126.1302507  121.9322737  104.10534  176.0084914  97.89384322  643.4572019  42.00111837  82.27292435  38.85598458  213.1277989  -103.2172902  -9.96253334  187.6973524  392.4772312  105.9934652  
160.1295789  198.0358529  56.36804456  129.5620654  299.1545784  576.5276945  154.8420365  362.5320411  355.8615346  185.8347623  686.7100966  98.2985365  335.9594852  334.920769  -144.2466378  121.8651369  108.3384473  96.02435756  175.5689057  88.73630797  636.0100629  42.41260792  72.90117612  49.47839036  210.5639764  -106.0362435  -5.076712796  188.8145785  397.5845227  102.1708317  
159.8727125  194.7728259  54.034432  136.7534501  296.6160998  569.8617939  157.9642175  366.6526229  351.4433819  182.7733177  684.8806168  96.30256271  332.3159106  326.1050443  -146.9764581  123.1568348  110.4166269  93.52249612  175.4687055  92.65702833  639.9897651  42.9924131  79.49702878  43.66390178  211.3254808  -101.1211022  -5.65428425  182.7217366  394.18876  110.4573137  
159.3135226  198.7259368  60.33380069  138.731552  288.8417776  568.4468604  144.0034271  361.6473141  343.143105  180.9751617  679.249321  93.34100251  338.5251456  330.2367539  -150.9731049  122.6267822  122.3767052  87.61499621  179.9079849  85.75460669  643.4839183  34.96620299  73.3977484  41.50557536  202.590391  -95.83542413  -8.259507259  191.7915106  382.3692759  104.7351264  
164.7173409  197.1022996  55.58667041  143.4352439  299.4839335  571.7087182  150.2998897  367.9440463  354.1993438  188.994976  689.5702235  87.34793518  335.2543487  339.3161135  -147.708675  123.2845777  114.3252246  100.7882798  177.7254785  90.90565871  642.4870443  37.71286425  81.41904802  38.97223163  196.8373201  -97.1591714  -10.22128881  189.9693969  394.9861083  112.752026  
165.3044758  184.6423185  61.45269917  133.6794314  298.6983415  570.3032061  153.916688  367.646457  345.659593  174.4975456  688.073316  96.09616435  330.3396247  331.4437571  -149.014138  124.5514967  110.9596967  91.35758305  175.7345789  89.34617393  638.5958126  39.55798171  79.16911402  43.6965373  211.817326  -98.67257114  -11.10699368  180.793622  396.3876646  113.4407926  
170.9842096  181.2953133  55.91347104  121.0636667  286.8064323  568.8517178  159.5794355  362.2513897  338.6078394  167.2010543  685.6028495  122.0705884  330.270708  336.0204574  -150.8166048  117.510549  117.3532127  86.42330429  177.0699785  75.8651022  643.2034561  42.41670104  63.08120248  38.49340688  204.7374191  -79.52250369  -22.33063539  176.1805822  384.4876789  101.2433626  
171.8512829  187.6728108  50.45764553  136.7853381  295.662732  559.0340145  155.2650691  370.925103  344.2926513  174.8920626  685.0220091  105.0493632  333.5901652  328.2985719  -148.1049994  118.1972069  121.7702756  108.6892962  174.6941092  81.06745624  638.9296703  38.04794027  74.99097189  52.24692456  185.6583791  -91.30927237  -17.00766886  190.3281075  382.7432183  113.5032748  
179.5904594  191.3554042  55.77577641  140.5085619  297.4885633  557.1064622  158.5496224  370.8494173  360.911367  183.7236259  685.7476829  100.4214079  339.0039347  337.3508809  -150.8571042  117.9012522  114.5826742  130.3337869  171.9597194  88.42456157  640.8947453  34.15718031  76.6188358  61.03415552  170.6939958  -101.7973801  -25.72279686  203.79666  389.7892198  104.4691298  
165.3976365  202.2801302  62.6508675  137.3858045  292.9875055  567.254637  150.5167727  361.8369881  357.2489139  190.9635561  683.8494864  98.18193055  335.8609872  341.5597223  -145.6437748  118.5372477  125.7054952  102.929616  180.3585052  88.81880612  645.1318522  35.18638796  78.11693672  50.42332628  202.7244847  -81.06539361  -12.39752058  193.9838354  389.414391  105.5548381  
168.5002822  195.1924533  47.1832205  138.0781971  301.83119  554.8675394  154.1384552  361.2169066  364.9603975  191.9603896  674.8346926  97.27923872  338.3933477  335.1232138  -144.9977624  122.7758666  110.4985709  122.010057  171.7953689  92.2008347  636.561846  42.78356953  86.76093059  60.7681061  184.6531266  -109.4577168  -15.79135353  195.1497894  397.1293512  102.5841226  
166.7095017  193.768484  52.95879672  128.8088475  290.1847532  573.0757044  152.2751661  360.6597095  359.3253442  186.7812227  681.2813095  95.04167546  342.5257199  337.6076406  -157.5926543  114.9577489  130.2642172  107.9253567  176.476724  98.73821876  646.3010127  34.19600989  76.30324662  48.78052857  190.4428389  -96.75479611  -18.82464128  186.5439238  381.69108  96.43927255  
162.0802297  190.904466  51.80133156  132.6510987  292.331355  579.6391597  150.4161043  361.3975792  347.9338845  178.0512832  681.235463  88.22946704  340.9954357  341.4201504  -152.1403758  120.3843106  149.8725827  91.36416684  178.2171532  103.7913594  646.6679321  33.39267698  73.30900888  46.18348764  199.5327678  -96.36254973  -3.339335203  190.3981187  377.3183564  105.9589829  
161.087627  190.3734568  52.62223429  137.5647609  297.9286892  579.0655269  159.4936797  366.4596894  362.3780091  184.7166426  682.9562397  90.96192596  345.1223227  343.2205708  -150.8892362  116.9334405  132.6873061  107.7500882  177.420656  103.2575752  650.1274929  38.97747851  78.33741737  55.68860258  195.0082018  -105.3868202  -5.763282597  190.4518948  389.824089  106.2915264  
159.0036353  193.9623745  58.31503959  127.2600674  286.7888055  575.9165445  150.4157178  362.9578483  347.7791954  184.8865442  682.7914075  91.60627128  342.4796589  332.3572265  -152.1421477  111.468504  136.1638675  94.33816757  180.4813253  98.40130854  644.0885756  31.76322611  82.15388069  56.86851304  200.8746753  -92.06842535  -1.290453579  188.4142401  386.2146245  101.5846667  
158.7381132  199.8118339  54.76218784  133.64481  291.5490643  573.4896543  144.2853598  360.0765975  352.3110498  189.6912992  685.6976188  85.22267492  343.9031656  342.4414632  -153.6586351  116.8695943  142.8897697  96.92606209  179.7478248  91.30626155  644.9512686  30.45616549  77.68581045  45.29114605  195.8875194  -88.70555836  -8.190502653  198.4449095  377.4836825  94.4906628  
166.0834456  201.4104424  46.06313816  139.5375124  302.839747  574.931282  142.709699  360.9961816  369.7184945  192.9675545  686.3003245  82.45146196  340.8622983  347.0708528  -151.6781886  112.2558956  129.2465251  123.8341492  177.8286911  91.23901856  650.9699888  34.3649543  79.75095227  51.93587893  184.6411156  -96.73946074  -15.04034324  198.5840975  388.0967397  93.14280583  
163.3937485  186.1380893  54.05367426  126.2032018  301.916898  579.9973034  152.9625763  360.3062602  367.972936  188.9179957  687.7170341  100.1061279  343.9394028  347.2767431  -146.6284041  113.149251  133.6618077  113.2374382  176.7681807  95.23042834  648.1318833  40.80760692  74.60066281  59.07957728  200.8091725  -88.22001631  -13.94796843  182.8893396  388.4475459  100.0607613  
163.3752662  184.270708  58.10109234  131.0597159  299.8892944  574.1559966  163.5950765  371.2549431  368.0404129  182.3007616  692.5751734  94.82109981  346.7487529  337.8907283  -149.384924  109.1167545  126.3824035  119.2324182  171.0647474  103.0680633  644.007961  41.57421115  83.5227317  60.33223906  192.7108155  -111.8849075  -7.086509877  178.8097185  392.4767728  111.1894561  
168.0651508  184.4695171  58.88937989  131.5088089  296.8887876  555.0862271  156.0968419  366.945763  356.2579836  173.8747334  683.7299906  96.36588979  335.5380847  327.6864853  -151.2241282  115.5573283  128.3861764  121.9310897  173.3959227  86.73080852  641.9383234  39.80389197  90.12202325  64.21742825  182.8542348  -98.58530658  -15.52305688  183.263415  386.0370811  101.0304133  
166.3694132  181.6339175  63.01563495  129.0584986  293.1361084  557.2614805  145.8341235  363.1313024  341.8273093  176.2647967  684.2280873  98.52048408  334.4810152  328.1109929  -148.429985  117.6339742  134.306643  103.0672933  179.1025292  88.50083495  643.4556384  32.56855396  81.43734753  57.81248603  195.0952492  -90.3638532  -5.904912465  185.1669151  380.074807  115.3467923  
175.4671802  191.7229003  58.59983625  137.6257013  292.9462576  552.2391345  150.3945175  362.4636969  345.2324369  174.9751352  684.0340928  97.8826964  325.6286906  329.5355675  -149.564307  129.0850675  119.5633983  118.1284857  180.5945821  87.70519346  647.2749365  37.75203935  87.38109063  55.92156165  185.3952199  -84.94365419  -18.26428968  197.6450908  391.9218736  113.2134274  
170.1067927  190.5137341  63.35235579  127.4627696  296.1349341  561.3291835  151.145597  356.9823929  344.8182917  177.1065158  679.8667477  110.0340724  333.0821365  331.4918972  -145.6772078  128.9768284  129.035237  94.31382742  176.3792564  85.44376858  641.2528818  40.51599537  69.83607799  50.79169982  201.9079466  -82.026029  -15.9532552  186.0009119  381.9509698  106.277225  
181.9133622  187.6414622  60.53787194  127.5524915  292.3732754  550.8074949  150.6985509  367.9605581  353.633374  183.4760527  679.7655843  109.5524462  335.6972184  328.759093  -148.6848445  119.8831943  127.1931822  108.7692103  168.0534047  80.4371833  636.5476629  42.23074847  75.57382178  55.60300074  183.8779246  -91.75109546  -25.75442281  187.0502425  374.1800405  101.6223421  
182.2606648  189.6927066  52.99362331  141.0771017  301.5757869  554.9305208  161.1583965  370.5054784  372.1558751  187.195687  687.4910259  95.82024268  350.9644935  346.3242873  -152.7121683  111.0847602  125.936766  154.5537516  172.7183427  85.68947058  641.0605628  40.79665485  81.69296634  75.82281603  148.6421917  -103.4732018  -26.22835778  200.9614929  383.3435568  108.55535  
166.9399775  194.6718555  57.42806263  139.7044986  294.3310213  561.5249353  157.6681876  361.367387  363.1310978  180.3143095  683.2296627  98.0675803  339.968866  336.8903339  -150.0205627  115.6285585  112.8471428  130.9582813  175.6153283  95.08215987  651.9958935  35.99412959  81.01540563  65.0511363  175.7590962  -100.3905055  -7.681136777  194.7255478  393.5825207  112.9910149  
166.1187146  200.6724801  52.79744447  134.0938448  298.1342  569.6608309  157.5031553  360.6034869  361.2598891  184.2844269  690.1283222  99.65701381  342.5361883  340.1341376  -150.8586023  120.7127702  118.5234  107.2120699  172.2414551  92.26633094  643.9161039  34.57001664  70.72871106  49.92642003  189.4702471  -95.23673048  -20.34825654  192.3550053  392.6114773  109.9185077  
164.1616414  193.4291845  52.20827236  136.7299128  294.9396289  572.7884167  161.5714875  366.3816176  370.2109129  189.5211296  686.8475777  90.43713685  349.9961664  339.6348039  -156.5169422  103.6846997  128.169445  123.1146885  175.1415282  102.2937483  644.9449281  37.625898  75.5295225  52.23214871  181.6964242  -106.8524765  -8.867257488  187.5596476  385.9697722  110.0502567  
164.794443  198.0472854  49.19946431  141.7791683  298.8085242  576.687527  159.7614234  369.9461238  368.2796524  193.5442904  689.0071345  83.56483459  350.3167513  340.7063607  -156.0512773  108.1088498  132.8075872  111.463324  177.1245187  109.8898447  643.5143009  36.15739017  74.86217594  44.14431231  187.8581254  -105.3830612  -6.088925664  189.5806872  384.1130648  122.1897696  
163.1095584  191.1451537  48.82862824  141.6313896  302.4731405  576.7955032  153.925076  366.5606781  368.6845048  188.774396  685.3526928  80.09556804  343.6302184  337.3133641  -150.0390059  116.2100029  139.7717612  118.6882384  174.8912088  112.0718083  639.7316246  34.63935203  78.08683655  54.02119157  189.8997192  -98.86898446  0.2550148533  192.2961549  387.2351274  119.4857054  
161.6588212  187.2527559  50.115123  131.8628889  295.9793459  574.1444573  151.1279659  358.2451296  357.5638069  180.1850084  684.3725419  98.27654587  343.0316775  337.2388356  -147.8226597  118.5675545  134.2054223  98.07288548  176.8066161  102.0344235  644.085822  39.16890134  66.93715697  49.96518976  205.4853672  -97.07021117  -7.498326723  185.1060617  386.8420221  106.8326237  
158.3821233  193.3840764  54.99848445  138.1618192  298.8744129  571.1296271  155.9939071  366.2312485  359.5157232  184.7422638  686.9445386  86.15369063  344.2583822  327.4496506  -153.8187412  112.5440166  132.7322607  111.9220737  175.3717965  106.5294891  645.9968741  31.3550038  77.23828527  52.59982614  190.577998  -100.4661847  3.651606595  189.3848184  382.6266012  116.5936912  
161.90132  190.6531366  57.79098773  138.8740086  289.4191878  562.7600784  149.7298421  363.7063647  352.9822132  177.3309496  675.7520649  85.06741489  341.0485854  331.8664281  -152.3029827  116.8252706  132.7087565  129.999903  179.8987839  92.24501077  649.8750071  32.12241705  94.61703153  68.65734059  173.0867321  -89.96595055  -0.4784928483  199.5116527  386.0085986  98.15161966  
163.4097787  193.6121603  54.77610302  131.6966803  294.6744259  569.3821105  145.2668225  360.3744639  349.8027075  177.9138189  680.8211818  89.64850032  330.2435052  332.1419664  -152.520566  125.1910238  129.156009  102.3962998  179.4460176  92.31822858  647.3106595  35.4978328  83.42081392  53.51435085  199.1863125  -95.55617805  -5.215247478  190.0651169  391.2668264  105.8750975  
165.8612973  197.4041293  51.53848741  138.7089022  298.9684734  571.322902  146.4572222  365.7936468  348.7191556  183.8591964  681.5319719  86.61846197  333.8256034  334.5740535  -149.9692344  129.0128436  125.9459595  99.89137587  178.2120098  95.63325003  647.9795035  31.44546939  79.5062905  45.07954344  192.8791015  -100.1589581  -9.441622368  195.5601559  387.942026  106.826042  
163.5817338  186.2596238  59.49508238  132.2578638  293.1981792  572.8175964  152.314334  364.9013822  352.9005078  175.9269041  676.5998125  101.3581535  338.9366498  338.2675586  -149.6808569  123.1416992  130.3516424  118.8958011  180.5280393  85.40294145  645.9234958  34.79744223  85.07355073  66.17610724  186.1614695  -87.21007572  -4.113017826  194.0681906  392.1282981  91.08702156  
164.1523217  190.4778834  58.23939161  128.8556446  291.3050945  574.3511286  151.1722004  360.824876  348.2375002  182.840067  680.0973014  104.8567281  337.4121938  340.3802166  -142.6132334  114.2034486  125.7563123  109.4493698  179.4747039  81.65764084  644.9031499  40.50046981  79.81825993  62.10430572  197.7571726  -92.7497723  -1.347717677  184.2053887  388.2581914  98.68591023  
165.7425132  192.8145953  54.29551769  139.0362554  300.5896338  573.4728248  148.9836589  363.6512077  350.8883065  185.9073499  678.6742033  97.1719478  340.4821888  327.6872828  -135.3037625  122.7873361  122.4362421  106.5812731  177.4232082  97.87502528  641.3671829  35.31700885  81.09881236  55.07471629  198.8031025  -104.811861  -5.589464554  192.8383065  394.015108  114.0734121  
165.7778257  195.6343722  56.84398061  129.1101315  298.9468493  562.1337388  148.184607  360.5224843  345.5162403  178.4768651  685.9137679  99.52773014  330.2423435  332.2356296  -149.3411647  126.0560665  112.3173784  88.45202694  177.0764499  87.95526112  642.4919312  42.96867645  78.59541732  43.59910867  210.3546645  -95.5821738  -12.8946734  182.84137  398.6344442  106.1373939  
167.3245277  199.807326  52.76639883  134.6984197  293.9971406  567.220687  153.9621724  364.6938642  353.431445  185.7602754  686.6513834  99.25100588  332.5556059  338.3448531  -144.2460071  128.082253  108.8521723  107.5145054  173.1847004  83.36986987  648.7234183  36.79924022  78.15165344  52.95500049  188.8783718  -99.11385323  -14.43209535  195.2651377  389.2161993  98.55637442  
164.1966266  193.9416741  64.22387405  133.5407084  284.8047752  570.502741  156.2529205  360.3229208  353.9501475  176.8359935  681.1446526  100.5156777  339.4760702  340.6285007  -145.6162415  128.2458883  129.8678712  96.47477678  179.0547498  83.45269116  645.9168026  39.79299308  72.14422053  51.50455877  202.2218216  -81.24072362  -10.4260073  196.8096746  383.0592688  96.58493611  
165.6608752  201.8482575  59.94994337  127.689226  296.1106113  570.7839482  144.9829034  359.5145943  348.4591864  185.2057787  681.3027787  100.7344401  334.4687235  339.3860781  -145.6278348  125.5623911  123.4835529  79.55277011  174.2796675  83.71058481  639.5038456  42.86760353  69.97399235  37.43788018  215.1254479  -87.6008187  -13.4275554  185.7141663  391.0362825  96.061743  
171.1019977  198.0442414  59.96979997  134.601681  290.080819  572.1343465  154.5350796  362.9646198  354.8616085  185.0852361  685.2567159  99.6111884  339.2206698  338.7578076  -147.5129946  124.6608425  117.381393  97.2636095  176.9151737  89.68909881  632.4816859  44.85774416  73.48299995  44.40171029  201.8769665  -99.84673372  -15.98474295  191.9529142  389.1062713  103.9956651  
168.8876181  179.6917337  51.32825543  129.9218288  299.184603  570.3047826  159.3299303  365.2110988  362.6621179  183.093767  686.1964516  106.7224593  346.468726  339.7368677  -148.5229359  110.8346563  128.4692884  116.1105127  175.6475923  96.09273758  639.0102042  40.46755341  70.36620057  58.15841834  190.0522738  -102.3953056  -17.22576143  184.9906634  383.7340767  116.850216  
165.9704737  183.6164598  47.23888618  134.9140767  304.0174091  561.2797803  154.5927809  370.0186156  361.4481686  185.6632236  690.7949816  94.52284997  339.4677641  331.8209766  -156.5076397  104.041038  127.292994  123.6229927  172.4981369  98.62166726  649.3307101  26.02530046  75.8088577  58.08462484  176.933305  -103.5534817  -16.0742179  182.2930313  383.3944867  119.6775619  
