140.8327979  261.3603776  49.53581637  280.7607223  507.4754502  613.4399579  128.5917314  406.8678748  439.1740732  283.4192842  744.9728603  227.1656251  314.9066883  348.6117002  -104.2537929  94.8029746  238.6490333  143.2262748  138.855938  107.8089253  580.9170094  119.8003353  38.21327934  72.9519777  229.5694679  -96.09294659  96.62959107  274.1291845  387.3575514  175.8532732  
145.568495  252.9459003  44.01356545  276.2043393  497.8795906  616.2171145  124.6117364  405.9569916  443.6463811  296.5634241  742.4061104  223.014175  316.7190326  357.4130914  -102.5434388  98.24061129  234.7293584  139.5660558  144.7608656  101.5791342  577.9369929  124.7707815  26.15268387  66.97395139  221.0423072  -95.37605245  100.3739407  268.3680356  384.6598698  175.4442528  
151.2579702  250.4719716  42.91877003  269.2572025  499.1917673  613.8533996  121.8291926  404.8362253  442.9267548  295.080335  742.8161283  221.0560911  313.550714  357.2798233  -102.9332669  108.1125914  226.4220673  130.2742234  144.5350462  98.50453506  576.4487146  122.4919238  22.07757896  64.38431895  205.5840567  -101.7818068  100.1442304  266.8488766  384.310337  168.552523  
150.5491583  248.7287626  41.66754841  271.8994215  496.755519  609.5047841  121.1538497  403.7926874  433.1274479  298.3606785  744.5239223  221.8741637  313.6691587  358.4604715  -101.8491693  101.5345738  226.1582645  135.1934003  142.7277765  97.50230855  575.9499107  124.3282137  27.54223318  58.33262148  201.5117971  -92.69618339  96.0347793  263.7153578  389.5462317  170.48968  
149.5594737  249.9186163  43.63099855  276.9351142  493.6314004  607.080085  122.8732048  405.3405606  427.4869399  297.8646088  743.9461166  218.0545147  321.3412912  359.3699779  -102.2958577  99.99860116  228.0929365  135.8184741  139.569224  101.3583557  576.8854417  123.9689112  27.25367925  59.58487347  197.9991392  -90.96886238  96.59793848  268.8155651  389.4163414  176.3387663  
150.8090553  245.8211015  37.6503462  277.013004  491.6745785  603.9368846  125.7056648  406.0212364  433.050604  302.9043335  745.4621653  217.8604266  325.1544582  359.5104287  -96.45764671  103.841663  222.4694451  132.0201001  139.4245149  105.1120518  576.5073456  129.1590627  21.31198177  58.99465495  194.2374945  -87.4599194  101.7320262  270.2206914  392.5358633  178.2726468  
150.0714587  246.7502177  37.24906726  282.8469488  499.5342941  591.0525578  120.8299931  411.7463765  432.4415166  300.8342126  741.1464236  219.8225313  329.1470516  371.2233405  -96.81317347  100.7566227  235.8651249  121.2219145  137.1886194  103.8950501  586.0573664  118.7896606  31.13613287  62.37204727  195.8386524  -74.72740314  80.67012198  291.5718889  398.4537147  174.9689234  
151.4663231  249.9827012  40.93143082  279.6509647  495.6747491  604.764127  123.4001921  410.4142035  428.372444  300.3794973  746.891104  222.3952653  325.4121563  365.0047343  -96.95464056  104.174993  239.0459436  130.416112  142.3337169  103.9373518  580.8748176  119.4498561  28.3555657  64.18968113  197.08003  -85.51285723  93.5393089  275.4979282  396.867773  176.3845244  
149.0646689  254.9500719  45.27953864  274.4147809  498.3510005  611.0262793  121.7441392  410.0495374  434.1790939  292.5348338  749.3733502  227.0551682  317.59162  359.7111349  -95.5395802  105.0503542  239.1587357  135.7604386  140.02278  107.6623579  578.8585728  117.2382659  27.78736483  69.77052966  203.5004456  -97.91214001  96.61256952  264.5965378  388.2574777  170.8714579  
150.5276039  253.0215868  41.21620128  283.9731248  488.395621  611.8461977  115.6535324  403.1871895  428.3065697  298.4665225  751.5338084  226.9654805  317.6806093  348.9926316  -94.58553837  106.826255  235.3556517  146.6559168  147.2312868  111.1207592  571.9552631  113.242906  20.16939414  62.80599006  200.2079741  -91.64422819  116.9115168  255.466263  387.9737844  177.7913149  
147.4774468  250.6589146  41.04086975  286.5650515  486.0801305  601.8765931  116.6045393  401.8458761  427.3028931  312.509071  744.1728057  226.4524337  319.7105896  356.0344271  -91.49599856  102.2806079  233.671352  131.2442623  149.1206533  109.0422858  575.5632116  116.4809388  19.50005799  52.84945258  199.5917954  -80.32503444  112.9020035  266.604302  395.3577683  177.1182867  
150.1501487  249.802561  49.66365706  281.4059567  492.9416702  605.8566474  121.8447238  408.574932  432.0733049  298.3463748  746.3595879  228.8334948  315.0787292  354.6097176  -95.85323228  103.4434693  239.1714797  128.7146605  142.0627149  108.6136286  582.2511149  127.2216851  28.90848531  58.75803929  205.4740977  -93.18486852  94.02403967  267.0664999  390.9189742  170.7909108  
149.1562084  255.3188834  44.4575007  278.1767425  491.0547376  611.2653331  123.9082817  408.2576445  433.5010751  298.1071547  751.3302358  227.9401091  318.5578787  359.7576876  -95.15772198  92.7247369  239.7834181  138.1463748  148.6428914  106.7025784  577.1503488  127.3649772  27.86509657  69.85096092  215.3780962  -89.7557218  98.45971362  262.0785291  389.9007717  173.8545224  
146.871931  257.4530912  42.49619874  277.1096604  496.525334  609.7610714  114.2040497  404.6206845  433.1090722  298.0459814  747.438566  227.5463885  314.5239773  357.467146  -102.3999847  90.6258277  235.033643  135.5811485  139.4626481  100.4669414  579.2685125  121.2545929  28.59718918  74.35223647  208.2717452  -92.71385435  98.53807648  265.1579209  387.7481457  174.3026522  
145.5842973  253.8710146  45.30957129  281.0288102  492.8332212  613.5042877  115.1725807  404.0546902  424.1671526  293.4697221  747.5564871  221.2631919  324.1978293  352.940269  -97.47418869  91.98034652  233.9012658  144.267074  136.6388726  97.9780799  572.6677472  114.4045987  29.98032126  71.42220927  203.5449956  -85.6111589  109.5426775  262.964485  391.4659106  177.2918358  
148.3095781  253.257489  47.56695374  277.4339663  494.6088119  610.4728179  116.1923112  400.4199354  425.7260158  291.1665555  745.8662957  225.8251654  317.1480289  355.8554901  -92.68183462  96.29813987  231.0075548  134.2908215  139.9105001  101.3974349  571.065044  107.5946698  27.79059538  68.20256864  200.3498081  -84.41399222  106.7402988  265.5019896  394.6179125  170.5209422  
150.6826306  259.1877576  46.55060624  279.1381424  493.5198348  614.8382125  123.0865086  397.8112607  428.1037649  292.1053881  745.827918  226.8668774  313.5317545  357.0845131  -89.92414367  99.61613294  230.6758887  143.0634633  138.2686034  102.3487224  575.836756  105.6948721  27.63886922  65.8550438  207.9243221  -89.66360632  106.0081831  258.3047836  390.1029628  174.5816797  
147.090565  256.0095944  38.51088137  290.6380445  485.1761656  616.6309618  119.6237208  396.7886282  422.714013  294.9284072  739.9598324  224.8551499  319.858716  356.6822888  -97.34286291  91.85274656  234.791522  143.8060745  146.4411741  104.9588153  580.8378546  109.2592855  29.87401081  65.80560308  209.1737204  -80.96173774  101.8891492  271.2512165  393.0380755  184.0643018  
148.492367  246.0965161  34.68595122  290.5210015  483.980537  607.0240009  123.9915991  404.3472337  428.1336189  303.1132709  743.9342194  217.959296  322.4782625  362.104128  -101.7662303  101.5734988  228.3822449  141.2692013  151.2583168  102.1028234  578.7448782  119.7159213  24.91274107  51.59239827  205.0976195  -82.64500924  100.323594  273.7064602  396.3628276  189.9730615  
152.5679092  239.1659605  33.84752713  282.742392  488.1330073  601.2917566  120.0594375  411.060135  433.0113128  310.795913  744.415532  217.5871651  325.0411887  362.0567602  -100.3365113  105.6960236  231.4659487  141.2921255  153.5746241  95.83066531  573.7809178  128.231089  27.70463092  49.61746646  196.8554936  -81.52189231  94.33630439  274.4886901  399.4043557  187.6274632  
153.3464596  245.0173336  41.206847  274.2510251  494.8419798  597.9284568  122.6374993  415.8219312  439.3344201  298.5022905  750.6190016  218.558802  323.1068061  363.327891  -98.28014146  102.8073589  224.2518095  129.3400296  135.9423253  102.501887  581.4389406  128.729812  34.79071372  65.10002784  196.2176314  -92.91800894  87.28978834  268.2010761  400.5071109  177.7422085  
150.4485971  254.2895494  42.11393279  279.8570906  489.1976625  609.72066  123.0466805  411.7656234  429.409328  283.1207609  754.0456878  218.9386827  327.6638456  360.1618124  -97.67555019  92.11115057  237.8833896  148.9723343  137.2641241  97.4441178  577.4505169  123.5434404  42.64242371  83.28593995  208.1392779  -88.0809543  92.77597173  263.6070858  392.9726724  181.2874214  
145.9138388  257.2966096  37.88885165  285.7835519  488.3095114  615.4195588  123.6076526  398.5516301  432.8532332  287.9522167  748.0087766  213.5841937  322.9874561  352.3169699  -100.9664758  98.41502346  224.221116  145.6418464  133.0695703  94.68063477  573.7386024  119.2725079  34.98993057  70.42791781  202.238183  -95.45899433  104.1880209  258.6899124  396.2270804  187.7006249  
144.347639  253.5232509  37.8303762  283.8829259  495.9292039  619.563505  116.3384258  396.1912106  436.6528225  299.6369251  743.4129509  221.2123091  314.6957788  349.0655805  -104.5872988  100.296153  225.0029706  144.9180864  145.0148212  101.7270489  571.0801565  121.5048781  25.5679276  60.92826344  213.9988057  -95.36793809  109.5665387  264.1127759  386.0662946  182.8125308  
147.7792557  249.8522712  48.29512249  282.5098647  502.3989954  613.3973459  120.5707409  411.2277797  436.5711283  295.7426468  737.7603164  230.0915723  312.71651  356.0651737  -112.1883723  103.439698  237.7111159  128.5187397  141.5593411  97.86309949  575.730161  119.1367151  21.48905689  54.80264394  214.1449668  -98.81740242  100.406177  275.6450589  382.9089503  172.2862783  
150.5739583  250.5258604  43.33710976  279.248723  496.9103986  613.1438004  115.111524  413.1326774  424.3820846  292.6339561  744.8069876  225.4406694  321.2411894  357.9615614  -101.3976137  99.67272085  243.1583434  143.6148455  144.3839662  98.85413965  578.2576114  115.8178757  29.97197635  67.68539803  209.3176162  -84.29561679  101.8315135  269.269146  385.4046657  170.8336024  
152.7031136  250.7190566  41.59702026  275.7476809  498.8400307  614.3659738  120.3741195  405.6815774  428.9665553  293.4862387  742.3855362  230.001151  315.1284162  354.2435445  -93.5934715  110.4988307  240.0999284  138.5001468  142.3890318  99.40737607  578.8257863  106.8794673  22.67184192  68.2078736  204.3344883  -92.16004684  109.4647441  262.5885635  384.7237591  166.3546809  
151.8490878  248.7810702  50.04345814  275.4744725  502.0086763  608.8489507  122.151355  399.9683257  427.7889606  297.6335079  742.2280068  231.7515987  316.0260707  351.3546141  -89.87284982  110.3999929  236.7300473  142.4458955  139.1029603  106.5771867  576.7773619  117.5343824  20.65516902  62.53831328  204.9458622  -88.40716774  113.5243803  265.3499198  381.9575535  165.9437351  
147.4221479  241.9789578  50.5624924  276.8226001  498.3546811  602.7864947  124.2017637  402.8567599  426.3515976  294.5603133  740.2403189  225.8687142  321.0460673  350.6095614  -90.33275778  108.1656888  237.830692  135.9606652  137.9807903  108.1904334  572.5987563  123.0238665  18.34260082  53.92516373  205.532306  -89.8918218  104.6782613  272.1377512  384.1751746  166.9155375  
148.2166682  245.6773331  46.00877034  277.6740502  503.0328404  600.4388256  117.6750437  404.9346204  425.6709263  294.2605087  742.6814006  231.0622675  319.2029944  351.6271867  -91.58861401  102.6540743  239.9959501  134.5389368  141.7674627  115.6913965  579.6198401  117.5047042  23.64437828  62.76538356  207.3049165  -87.3144167  100.3922186  273.3473642  387.6660125  167.2888481  
147.6176331  253.3217701  43.00167437  277.0898461  512.5898037  595.3603887  114.3103945  400.6330788  432.8990161  285.9295818  735.5029504  238.2232919  309.2180957  353.5856485  -99.29514672  104.0412546  233.8263732  114.8869037  135.5110932  108.1573322  588.1624498  113.2911156  27.0847169  63.01803934  212.5187476  -92.15997678  87.4857659  285.5667149  390.7963749  158.3980978  
144.5299997  256.8935941  44.37715956  277.1901313  516.9681821  608.2944296  115.9914178  398.6531668  436.680237  281.6343213  733.8533358  236.781171  307.6751346  352.1559059  -109.2100417  96.15267967  241.6353929  124.421192  138.3851623  101.686747  582.5218834  117.2850447  29.75222997  74.49353915  225.7835245  -103.8143137  82.54332979  281.4758708  381.838468  161.8962612  
145.3740255  253.0803106  47.63380415  278.3705208  499.8140984  618.9385925  121.2075277  399.6678002  432.1908621  276.2762958  735.1486513  229.4857043  312.7478755  350.2809007  -99.00447127  98.12931908  243.1319548  140.3587843  142.134107  102.373935  573.7299456  119.43263  29.64240027  75.87765938  221.3265876  -99.72750051  92.90229292  271.3567393  381.9707437  168.2299878  
144.7455445  257.0763196  46.48644061  274.8546982  503.1246754  625.0254442  126.2668392  399.6508468  439.6914769  279.6840475  744.8245622  228.5133881  310.7061748  352.981618  -92.36283802  102.9367859  238.1456725  145.6954991  147.7231988  111.2501279  572.0510989  111.482872  22.36086384  75.5977168  223.9693213  -109.1949047  102.8818749  261.1360954  380.8256853  172.537118  
142.6305505  256.6228688  45.50376802  272.0987058  501.4012793  620.2019596  126.4087779  398.4492082  443.8980606  278.0940607  748.8554537  224.5369256  308.3966479  354.9605715  -96.77670722  100.4323061  227.4462297  131.5889023  139.0536233  103.2515658  574.5621724  113.9461109  21.83912438  65.0761971  222.4665331  -113.1162818  98.26810546  260.8859816  380.4473756  167.5672659  
143.4654647  256.4305415  42.7984  277.3580231  501.3725926  611.2378186  119.3852639  403.4136129  435.9945723  286.6946513  743.6322637  222.0732202  317.1763981  358.3223409  -100.2162749  94.13493248  234.8564779  131.9099536  140.6392219  97.99391772  582.1673448  118.995365  33.16568345  71.33547628  223.1933508  -99.08409795  85.82344783  271.2725034  385.490695  173.7783898  
145.6834511  253.0335562  46.04973856  272.6736217  508.2250383  619.1330295  120.3486239  402.4565016  443.5484534  287.8925226  745.9076171  232.5161762  316.0925082  354.8316893  -97.61532818  101.5389021  235.603292  139.1250484  145.2072636  109.6224857  574.478361  120.4374621  20.00581221  70.40873088  226.1086359  -98.04383645  103.0001086  270.1386837  382.7879914  170.3005483  
151.1210828  252.0142314  39.83837127  270.8515788  494.090042  619.5827435  119.5758663  399.5514672  435.2145063  289.0597398  742.5919088  241.9350713  309.3121272  358.7137835  -95.88355907  101.9367549  244.1211734  146.0945565  159.4826799  98.12639646  567.3319509  114.2143595  22.27310188  73.09601225  221.4821081  -94.0398018  105.5098901  262.4427081  385.7446657  173.0248747  
147.0769814  254.5494106  45.00005841  277.5676429  487.3543587  614.6892741  124.248612  397.8037615  426.4345169  294.8248796  751.2471596  227.0882012  319.7675439  361.3506887  -87.44466421  99.22941218  233.4705208  142.8199689  144.2612824  106.4727998  570.8557616  118.8629448  24.02854296  66.06226374  207.5216855  -87.16128896  107.4114908  262.6932317  391.2078676  173.2290374  
144.9826715  255.7576373  51.42290447  279.113476  492.8622006  616.1875762  127.3260476  403.4548058  429.4332346  285.2164264  744.6539592  227.5889563  312.3014299  358.2014425  -93.39617662  101.7759944  241.6188696  136.4654941  140.4235605  96.11615531  575.2106966  122.4934633  30.26777655  67.639807  211.7529966  -91.93444838  95.93784304  266.2244523  390.1939696  169.9069357  
147.8389208  244.5159062  44.93534628  279.9482089  493.844196  603.4367292  125.6962915  405.0722176  431.7276148  298.4703486  739.2053182  223.3083843  316.66957  361.6620195  -89.91477221  103.9997899  230.9293948  137.841801  137.3330619  93.97530542  578.5832245  127.5037354  28.52994302  61.71235199  204.4906212  -90.04856285  85.99036272  271.3403303  389.9267691  173.0720753  
149.1254917  250.3055811  42.09788111  276.5446879  498.8370385  608.2166883  120.9791825  405.1651791  439.3003447  310.1357366  742.7007667  227.0866478  317.1669793  358.8562639  -95.75543767  102.2973609  232.1744577  144.5629935  145.0519042  107.8517631  574.3964404  122.4370621  17.00246088  58.07496097  210.1301902  -93.8514899  107.2657286  269.346843  388.7386151  178.3671252  
150.880806  257.2798736  41.42272824  270.1619078  490.5793623  613.8232712  127.2471613  406.3754914  434.411773  298.732865  744.0644765  232.1464368  313.2129028  354.3670244  -98.55311619  98.66205915  234.1221105  151.1335787  150.9625258  99.64556074  568.1296187  117.0096858  27.98331336  70.35376763  207.7651494  -87.05175258  112.2067943  260.1628884  394.287747  181.8161088  
151.1975258  256.942436  39.37195862  272.7965301  491.0976468  613.2066621  122.7404254  403.1115957  430.1082825  290.753846  741.8770357  228.4741853  311.1266542  353.5797294  -105.3246022  99.52729339  238.3556222  135.707529  150.9634301  91.09452432  570.2338023  117.1969577  27.98982413  72.30670492  203.0195409  -97.16230324  104.4079238  264.622739  391.9865851  174.9048558  
152.7898532  247.1921735  42.52104072  277.8837093  491.6764968  606.5861469  110.2671428  402.3230661  422.5508305  301.7680993  739.6676624  222.0895265  316.1411471  358.6811211  -103.2058872  101.663161  233.8373979  135.6429257  150.5149763  85.12041605  576.5042279  125.0732652  31.10747535  58.53136381  199.7434589  -80.80533166  93.48518947  272.7665475  393.5508541  176.7940513  
150.8643963  245.6917826  38.24434416  287.3530211  479.0477412  589.810808  120.7798361  409.8327549  426.912226  309.1504923  746.568441  211.2387634  329.2177476  367.6228652  -95.28439068  102.9740047  227.8840016  126.9572397  137.71128  97.31156166  582.5230611  125.624724  27.99009306  52.26598882  179.4337386  -73.87713087  93.51300251  283.6810779  405.7132135  185.2521437  
149.1496471  249.3501432  37.19665474  291.8465559  472.5236147  597.2283208  123.5842252  415.102494  427.1627567  309.7872414  751.2013857  202.078776  340.1350219  369.9050755  -93.11104082  98.01261754  227.066357  136.1453379  136.474099  106.3845428  581.8220698  128.5153835  30.8633886  64.07206772  182.2189143  -65.94567552  99.39508394  282.388077  404.2058128  191.0546939  
145.5904966  247.9082638  34.174017  285.9517672  499.8864718  600.3588241  121.2731522  413.5166101  439.9824532  307.6200064  741.5406962  212.8914204  330.7034685  368.7950697  -101.3248293  107.8768888  226.7171167  124.9249512  137.8530784  106.9856597  590.341356  130.0571182  31.54406167  60.15910339  198.3157168  -84.39157659  92.95204269  279.907036  395.457551  183.1999741  
144.1290269  246.529717  37.19203688  281.1823181  512.2543677  608.556175  116.1893812  412.7347404  438.0086481  298.5362426  736.3974059  219.4667096  323.9055106  358.2311842  -106.3092126  105.3649077  230.8885412  127.9302887  140.5820814  103.4376368  588.3031622  125.1774356  35.37830632  59.12324563  210.066618  -93.03607241  86.40734192  274.287183  390.9408435  174.0734936  
147.20479  250.6963846  40.527077  282.3455835  498.3582359  610.5132939  122.5936249  411.133751  426.1218872  297.2547958  746.7423528  213.6563516  322.5136575  359.1929489  -104.1893248  97.26365339  225.3626941  133.8303677  135.3675121  104.5434606  582.7433337  120.5711718  33.17196044  53.63549319  206.8851413  -95.28674613  89.49574916  268.621694  392.8810023  171.2443474  
147.7924933  254.2335044  39.90469899  277.5583977  503.9519195  608.8033765  122.091257  403.4094779  425.2675049  304.0252666  745.8058201  220.146872  314.3886431  357.5046293  -104.9232054  95.92074819  221.6144812  138.6991601  137.5865619  106.3430894  580.3370743  115.7957284  26.93240291  52.15006755  206.554736  -98.16512933  97.84530484  258.5564258  389.4682156  167.3065672  
148.4226918  259.6022726  37.32175376  283.4134144  495.823735  612.6625142  126.368987  399.3952605  423.9784906  295.9528993  748.4280194  223.1905703  318.38349  358.8433862  -99.13905147  89.22552876  227.4995067  142.0250452  140.3935424  109.1886493  577.1524491  113.4859178  31.60363489  63.54523408  209.2747809  -91.21074235  90.73263748  265.4462165  394.3627193  174.332277  
149.1351614  257.2954211  45.23805714  288.2273016  482.4856033  626.6689361  122.720228  393.0728397  425.9681685  312.7055394  751.5167441  219.0724643  320.4500078  354.7027561  -96.76547503  96.19296793  218.4343535  145.6978186  135.7013757  108.0564859  571.931458  122.5184921  17.47386568  58.64696831  195.6302376  -90.94546796  115.4176275  260.817642  391.5488845  180.6131502  
163.3754563  252.918008  51.79209441  282.643536  492.6525875  621.0549407  122.9675395  399.2305909  433.5705637  319.7359177  751.1644789  220.3533398  319.6619486  358.5820127  -102.421379  103.8666883  215.4372075  154.1475416  143.2173541  114.7847397  568.0549038  121.635026  19.54384987  57.01676436  195.6892741  -81.14937493  119.9501717  264.1623132  392.2385647  188.3475163  
161.671452  248.2538088  55.13458458  279.82428  493.6249206  613.2765494  122.4657838  404.8459971  442.0372499  325.9668605  753.3188076  219.1809611  322.3303966  367.6207754  -97.62515852  103.3022353  215.1658006  141.6800015  137.9747217  117.5452118  575.9344194  128.3397682  26.13691066  53.64551834  192.4497652  -74.90178724  115.9276027  263.2851956  397.4817952  179.8724891  
155.9549742  252.0507086  55.1749036  284.7497144  481.7521042  615.7367441  124.0274784  410.4749448  440.7729222  312.7071688  753.4488784  207.826357  329.1250145  362.5385517  -92.76314572  98.41172992  224.3934054  144.3727055  131.0948963  115.8405014  574.9310008  131.6506324  28.16201538  68.71264731  192.7424399  -84.7372547  114.5022398  262.5464737  394.7330779  183.3918721  
158.9738811  248.1300574  55.18339929  282.0556223  481.4166434  611.0637267  119.0577514  412.308327  432.0266672  302.4829008  751.1899962  218.1562076  323.9680787  358.0924877  -91.42427854  100.6338171  233.2702595  138.762259  140.5342031  110.6769009  576.7198386  124.3101489  30.42199844  66.03733499  197.1797009  -83.61880883  111.4709836  262.2728151  395.0499864  177.0586995  
155.7060906  242.4586346  44.10828054  277.4276291  482.5735015  595.0655262  127.2899512  416.0658181  438.4779095  304.8215514  744.2537428  213.6666594  326.2849427  369.431303  -94.6244558  99.15414361  232.7402551  135.5681672  143.0736466  109.0480306  579.842686  120.4514549  30.3398507  63.01270889  188.2285429  -82.16491028  97.73682834  272.6538858  398.9142268  183.2335132  
146.6008933  243.8387068  28.98328285  275.6702822  491.5317427  598.7415176  126.4820138  413.5956031  432.0882226  303.5210346  744.1411886  215.4822828  327.8774149  365.0913193  -93.49571498  105.8053597  230.6937396  136.2151586  150.9550056  103.8236021  582.3433573  121.4290862  32.32759638  54.5563353  198.2620773  -81.33542004  98.4608932  269.8193578  398.0429521  181.7095879  
144.0762639  247.7547859  32.11441607  277.5722866  501.4148116  593.1358315  115.3542279  408.8967416  423.7887613  301.9232324  743.2836143  227.0360618  322.6088561  363.5781154  -103.1493464  98.39215768  237.4194502  125.1412051  145.2258642  98.93806517  586.2001198  117.5304762  31.91871201  58.3309396  205.6913895  -78.19533135  89.66876587  277.125224  391.0306956  168.741386  
143.5273686  248.7263894  38.48541474  279.7987267  503.6813809  602.0989225  112.9538085  410.5416655  427.8031257  303.2460383  747.5045463  220.8041786  319.4389079  356.8875771  -109.5150707  109.6131256  234.6927003  128.1457969  141.6187563  95.58633286  585.5294222  125.0859839  24.31999236  55.84599895  203.7112818  -92.43184583  100.1053966  270.4792037  387.8962054  171.5556023  
144.3044153  252.2073561  36.0927493  274.5523552  514.7608609  598.5464282  115.2090138  412.1926771  441.5745763  292.2336034  740.6318538  225.6690268  312.8858039  355.6493096  -113.9781032  114.3963826  234.4616978  119.4633676  144.7606835  95.05427261  584.6598125  121.9244402  27.19468644  58.32023399  208.086442  -101.4906706  89.45380791  278.76034  388.3213362  167.4808374  
142.250558  256.0623362  39.60904491  276.383423  515.6489069  606.102998  114.8845917  409.3115198  443.7371311  289.6891726  739.1790922  228.3907182  309.7237904  354.3923596  -111.8852513  108.0108936  235.9582833  119.2101605  141.2236336  94.7544073  584.1609464  119.937227  30.59390295  62.09310888  214.7956632  -103.2943162  82.75333863  276.0405517  385.0667454  166.7304484  
140.9837948  257.233326  46.18921177  277.095455  514.0318757  617.6034671  114.2928403  407.1670028  436.2764446  281.8513764  739.468773  226.7377406  309.2201485  346.9757739  -107.4030346  105.3374793  235.6766357  131.2914086  142.2545303  93.01091277  576.4013013  118.9857738  26.81598429  67.58963825  221.321892  -105.607748  93.26062393  265.8735186  383.7438624  165.3636489  
141.4960805  254.9159024  45.4502796  281.1330735  501.2625994  605.3440855  119.8781555  408.682777  435.6932737  290.3621257  744.4840432  223.5943577  316.5972907  355.0416101  -100.3558421  102.431194  233.2737545  121.841705  137.4712658  98.93734563  580.6831692  121.0928443  25.29353895  58.91877637  211.7870997  -94.82963528  89.32660245  272.9916279  387.031745  168.3202979  
147.5331482  253.5117293  43.56948023  281.5853621  492.3464995  600.8763358  128.9161526  410.0291499  438.46771  292.0110326  750.2753795  222.8920291  321.8933464  361.9937354  -95.89406256  97.82352057  239.9816213  127.3350338  135.644215  99.19510277  584.0994191  117.9282254  27.34502143  64.50110364  206.9542616  -92.58591899  84.81924598  273.0708213  393.3656751  175.5800638  
148.1388071  255.768784  39.78587832  285.9130796  497.4513489  602.3924452  122.849538  411.8708954  434.2545975  300.5609198  750.6634588  218.0221212  330.211854  364.2138412  -102.2849268  99.57405672  238.8796092  131.4330533  138.4582323  102.0834431  587.6228773  118.8981619  27.56189174  68.5348791  204.9498254  -84.69759046  91.47153863  279.241389  388.7019079  183.2323167  
153.8246358  250.9334916  31.33771879  281.1057934  487.2831082  593.851312  114.2939546  406.5053827  430.2720995  301.9448243  754.2753411  226.5945  320.0876618  361.6910453  -104.1849046  97.58169954  226.4605644  127.9585658  141.6145982  100.2786522  589.6287344  110.5723975  29.99944973  61.54335505  193.4959906  -82.63250848  92.18828451  275.3541113  398.5999035  176.6575856  
149.0473075  264.7566731  42.47409807  272.3381075  498.4843726  612.4214669  127.8665679  405.17914  444.7826009  291.6084035  751.3991306  232.8826741  309.8270522  356.2192176  -102.6425614  104.9348032  237.1337446  130.5967616  147.841394  102.9959913  580.9295338  108.3033539  27.40048691  76.26595034  215.4581974  -104.028071  102.7275994  267.162559  387.6745878  171.4736525  
148.709573  259.2097911  43.24243009  272.7524966  494.0619101  599.6121942  118.96603  408.2445674  435.3984497  299.7838289  751.0792505  234.4155348  313.5546866  358.2558964  -99.1815119  106.4353058  238.3336578  117.5106957  148.5012483  102.7761128  582.1805659  118.1020455  27.67090198  65.12480955  206.1797194  -93.56016908  102.0925744  266.5688973  385.9333263  168.7451158  
149.6288009  257.4943158  45.07418368  282.7525024  483.3837697  596.4598555  112.8620798  408.2509163  421.3410473  300.4330699  747.4390663  226.9555929  321.7346921  351.2168827  -97.46748827  93.82582205  236.2796165  123.2150173  140.7724125  95.80435053  577.7906187  119.6472997  29.7456808  65.64887794  191.1169787  -80.26762149  98.42020438  269.0971831  393.6625537  178.1983303  
153.030102  248.4844957  40.43067586  281.7208272  484.9674996  590.457267  112.0901339  409.4323346  419.8954026  300.7898559  747.4250828  221.1019242  324.8950722  353.821915  -103.2288061  96.24229863  230.7418556  124.9591287  135.7056957  98.59469758  576.1276778  121.4140363  25.43795458  62.675679  182.9492202  -75.07364373  97.11929338  281.0748277  397.6207193  178.081881  
154.0747478  251.3799346  46.6924865  279.6517065  485.10058  594.0953695  118.1761074  410.725483  424.2735734  291.8406882  758.8772752  217.088494  328.5565873  352.4805907  -100.0209224  91.82457525  232.9150623  136.5897267  132.0350894  107.2999438  575.7299377  124.2789764  29.36941096  71.40997173  196.2348169  -79.1774745  97.28831143  275.6871338  393.1250677  179.6731634  
149.3121341  250.676313  38.261523  278.6974387  493.0571336  587.8271228  116.8800062  412.609866  426.4195348  296.4640305  754.2393252  220.0859031  330.3146542  355.7598487  -102.8096502  98.82359848  233.351347  127.8782198  138.8001299  110.9354196  576.9416139  118.9602827  26.42823357  65.52101494  195.1646041  -77.49913479  94.02474338  281.8575907  391.2830777  179.6469943  
148.737544  254.9707401  44.97647082  277.4154632  482.576166  593.0947507  123.1684102  414.3392222  427.1860716  287.5807665  757.9042905  214.8719479  326.5890292  357.9742207  -98.19358158  96.62728107  233.0275204  120.8559524  130.4047986  106.5995847  581.3141982  118.3611338  23.99457667  67.24229055  195.4497894  -88.97418303  100.2775579  271.6924644  387.3042731  175.6707598  
150.2778862  251.958863  41.74994968  282.819165  486.7908367  593.5988298  120.4692673  415.2145209  419.3769278  289.6637318  755.4863545  219.7954209  326.7753716  357.3363469  -98.58305233  98.81427553  237.7872349  132.3186786  139.3136168  100.0797251  589.6664386  118.9308093  36.21626634  66.45745618  197.6798709  -78.30497699  97.98175491  270.0370699  390.600076  175.5166366  
147.0210693  252.1958506  32.24216684  287.9361576  488.5940479  613.4944469  123.0722579  406.8975107  435.3807319  296.007425  742.3748791  227.0449667  321.7097586  356.9931088  -99.67900047  105.9974726  240.0670034  138.3120086  150.451668  103.9273582  585.9125217  122.6612036  28.1717208  68.84242102  208.2578709  -87.49874943  104.449289  273.227848  389.0155857  181.6428561  
145.9869819  251.7243767  40.33383337  283.4754717  492.06873  627.5257549  124.8207113  404.2461259  442.505935  293.4198009  734.9877482  227.6777021  312.3242832  357.3043661  -97.5515968  103.5725547  240.7573604  144.6228745  149.133406  97.46131755  579.9073696  125.8932842  26.91587584  72.79135563  219.4612038  -104.6362096  100.3522208  265.3136406  384.0492848  177.952827  
143.0772467  254.6133245  41.01850278  288.6439193  490.9677651  625.2407314  121.4446069  406.4562452  437.4931147  290.1196365  736.8109469  221.3414671  321.1354205  355.3544895  -93.78041764  98.31001029  240.0451835  145.8746916  145.2406242  102.9938281  581.213153  119.7561481  31.74191906  77.47326665  212.7928568  -90.64313295  100.5802743  265.8501228  389.1176474  184.0958344  
140.2218194  251.736086  41.34189261  285.0781707  500.9676707  607.5723335  117.9763754  410.5247615  438.182155  293.7464022  745.1869261  224.3840469  321.9063088  356.059967  -92.95000091  105.8513347  232.8128243  125.1578621  139.5416554  104.6079286  584.7612009  124.8268023  29.14322323  59.87539156  207.9871905  -89.91691946  96.21930109  268.7122172  391.3975081  172.4733891  
141.0503791  257.0551625  42.41769411  283.9239258  505.9268565  620.0130365  120.8406158  404.3550549  438.8176071  295.5281152  741.7995815  223.2066381  319.9380539  352.3106657  -103.9092353  101.7957428  238.2900815  135.4612152  147.4146737  110.7837205  573.064068  118.4205079  25.22017407  64.04127144  211.9029138  -92.28666296  110.7081145  266.6249425  389.9963839  173.8826885  
143.3432509  258.4829474  47.26591839  283.5824969  497.0832625  621.1151886  121.2808546  403.4243423  433.3333082  288.6452195  745.6853382  225.3226972  316.8091442  351.1107247  -103.1871235  97.15675734  239.2236694  139.033306  137.8644514  102.0988958  578.8121478  117.8730942  26.48982858  70.28005203  208.0430193  -101.0316418  104.9267505  262.4586482  386.5123762  170.7612212  
144.123428  251.3550223  45.76968224  283.8440204  493.0492563  620.5968008  123.5083837  406.3877161  439.4980159  294.9083387  743.8734702  223.8481526  322.4589373  352.6472143  -97.65175579  101.0925672  239.6658149  139.2244363  147.9760741  102.2415805  576.9404155  129.0320525  26.37650436  74.41218037  212.5876561  -94.93590186  104.1264034  270.0714554  388.6234157  176.1157445  
150.1991091  249.3585363  41.13052061  282.6400271  489.1346739  615.5036909  130.4107837  409.5157138  438.9711231  299.143471  739.4695136  219.9486613  322.8306002  361.156509  -94.46586024  108.8068099  235.5364001  138.7409931  145.2037049  102.1085729  574.754618  122.0120157  21.16998784  64.59329191  202.0762199  -92.94192341  100.642514  269.4575881  393.3663098  182.5858116  
150.9617078  249.4472096  39.33212727  271.2174327  497.3024933  621.557117  125.6281876  401.8194689  434.4195004  290.09595  734.3916393  229.5016619  315.852529  358.6022473  -84.86049205  104.0065438  233.9350748  145.7572298  145.1690481  100.8687684  574.4492709  108.6487386  33.29982771  66.71859727  212.5424089  -91.84687266  90.08317267  259.7588173  391.0675788  172.7066746  
146.7160417  253.6395005  45.21088872  268.5937315  513.1260147  625.9947172  127.2529071  397.6271988  436.9006216  278.7723709  740.8522187  228.1337988  315.7637675  354.3462038  -94.31527793  99.90666865  233.6957962  148.85009  135.3718478  107.2795243  577.0004109  107.8419201  33.29112333  76.62717561  224.6431833  -103.8886406  97.64507638  260.0192444  385.0004544  172.1723751  
150.343724  247.9447505  46.84383233  267.0067824  513.1333352  599.4942329  124.7467154  398.7252618  446.2287166  281.0869972  745.83621  235.430019  307.8112536  355.787924  -97.85164901  101.0424943  229.3701754  119.0431321  127.2506561  108.8134943  584.1800702  111.2245653  25.42287102  59.61745396  224.6612748  -112.0104531  87.66201166  266.6957647  384.370632  159.8335566  
148.7036737  249.2662445  42.70541173  271.9778839  503.851033  609.8301722  123.4511506  397.3772168  438.6559705  285.3461076  742.7602646  224.8629247  312.3549713  354.3697073  -97.78376643  97.83366012  231.0665194  139.690106  140.1696098  109.5905334  573.018755  116.2228265  25.31695569  65.3245698  218.6902969  -100.3232045  100.9915962  262.4895291  384.7209131  172.1259403  
147.9237955  250.3587828  38.07497298  275.35791  488.1188582  614.085441  124.4873345  396.9870384  426.4766577  285.9446196  739.3683931  222.1223555  314.6331931  357.0430869  -98.70233444  92.99208674  236.5097565  148.3415648  146.0380729  98.63062203  569.2203966  120.1120579  30.77410223  69.41383719  211.5000101  -91.19229154  97.42705894  268.1445663  386.9919108  176.6919329  
150.0278871  251.4878038  38.90229121  275.8554225  489.2165674  608.9919804  125.2545756  398.0298847  425.750459  292.7653119  739.288605  218.4590834  315.9299562  356.7992379  -100.4117632  96.56845654  236.9812105  146.0499472  148.2784715  96.97553896  568.0780481  112.5845223  29.81249408  63.9791009  201.869901  -89.27729038  104.5720641  263.6568595  393.3299494  182.7141301  
149.7366705  250.2184848  41.48569022  275.0641308  490.9289228  598.5675533  118.1312289  397.7819595  418.9095719  291.3254893  745.9233197  219.4216459  317.3716969  354.4258401  -99.8832529  95.26340435  230.8660102  140.4098241  141.14593  96.97160902  574.3525965  114.7009376  30.96519063  59.74571931  204.6471386  -85.50187379  98.02769548  268.3987792  387.1778713  177.9068543  
145.5368011  255.4621931  44.49286512  274.4187574  496.0370998  612.1990987  120.7107968  401.4047649  413.6227788  286.8904877  747.2300772  224.4633165  325.0172711  357.4861686  -92.71061878  92.32175342  235.1849028  146.9959745  136.306392  99.96265498  578.7301109  110.5752368  27.74305035  72.04832398  205.0181883  -77.98269586  111.1024524  265.3444527  386.1294039  170.528249  
147.2836354  247.7116977  40.1786181  270.6603743  500.5751662  614.6673672  121.7036806  399.7881668  427.0784511  293.9625989  744.6752161  228.3118311  315.0723333  356.1742689  -90.17911111  110.5266682  222.7467078  142.2509446  143.0670345  102.0943869  573.9922637  107.4427542  20.06308804  60.08672007  196.5052171  -89.98642983  114.8153389  255.1627768  393.7597178  168.0844539  
143.0255247  249.263033  41.8639874  277.3285957  505.8230496  608.6334226  117.9096798  406.1381389  434.5418565  296.7038591  733.4078846  220.0136363  314.1195682  354.0395007  -102.1147119  104.5154792  221.6168889  132.9030052  137.1011478  93.47740892  575.6166533  123.0093047  23.76083167  55.19256169  200.8430527  -92.14799347  102.150402  270.2725078  392.8935606  174.9668557  
144.9627274  252.3250478  45.14447024  283.8105015  490.9985375  615.3911709  116.4202323  403.1186331  425.6409287  293.0853886  735.6164581  220.3016831  309.5955261  352.4710808  -104.6876079  98.65381806  229.978626  136.2322857  132.8675471  82.64342658  574.1664385  127.1754006  23.20578474  60.93134731  194.3479579  -101.8485451  92.50123077  266.4724841  396.2041291  174.0586439  
148.8386641  253.419413  37.49408556  284.3103483  487.2036408  607.4305504  119.7899955  400.9148923  422.8924294  294.8278895  736.7323206  222.2652386  320.6113849  357.8880333  -95.46456357  95.88572128  235.8966086  141.5187244  142.4154165  94.33764737  576.6206851  113.2376179  33.31800689  63.71593043  197.1209114  -78.39081443  91.22482744  272.7911043  398.9038233  181.2885331  
147.8523653  253.3770432  38.09837899  279.0218243  501.3734336  596.8004554  115.2333977  400.7653782  418.2979078  291.7677104  746.4207776  231.8104133  325.1824122  358.407559  -92.06329595  97.91685785  232.0981556  138.0178909  143.9793704  102.7700434  580.2273538  120.4955964  37.11271348  66.99079074  203.2129033  -70.76678004  90.72697752  273.4880173  400.1902097  175.1566781  
145.1207941  258.1169589  45.32659544  280.945535  495.3862007  606.3472623  115.4325719  401.3960842  420.6146648  306.1465955  749.2774254  228.0847566  319.2081242  359.2481358  -98.46211071  93.59665615  228.8485885  139.205801  144.1479445  100.0068332  575.2630543  120.7550439  27.27416406  57.46474993  204.0538759  -76.90196835  102.5909722  269.1851485  398.9006827  178.1464065  
145.6826679  249.9294661  41.53792083  294.9487121  472.6053377  606.1541223  119.5162114  406.9282492  414.3222672  307.6635116  744.9271245  210.7487695  333.3453598  359.537334  -88.1041125  93.27247809  226.2196355  146.5643117  138.4614853  104.2212763  575.6809703  125.3223879  32.31274557  61.97933503  188.5657809  -62.98832449  102.4282199  270.576962  406.9644262  187.8864222  
150.5325199  247.0671489  42.85499169  282.1889278  492.9355229  598.2030623  125.3030495  409.9508293  426.8141183  298.7313034  748.3497345  217.9304407  323.6069779  363.5144594  -94.38155628  99.58728663  231.4602517  137.3149456  134.3678824  99.73522142  583.3117231  119.2193837  28.67942949  61.18991739  196.0019303  -84.06450565  90.77738694  267.3962068  396.649414  174.3290552  
156.5308133  249.7703079  47.98288579  281.967444  493.1863403  605.4607879  124.0632213  406.0774433  428.5602317  308.2683087  747.2819259  219.325635  325.2719598  360.2260567  -96.70126258  97.33780719  232.5960511  143.8810618  140.3909016  107.5896781  569.8896239  123.9970394  19.41102871  62.76765228  195.1907199  -77.21234382  110.2419296  272.2511098  392.6157749  177.7150949  
160.5607795  246.1458986  52.79141556  273.7805858  508.2599724  598.737378  121.7253676  410.2606456  432.138403  309.444167  742.6483763  230.3426457  321.3553767  359.0150178  -95.52587266  108.6909642  233.3964017  137.0963382  147.4683502  115.3669205  572.0378886  123.7860684  20.94008149  58.81123548  205.639019  -80.36830637  106.3393489  276.0740896  394.5085606  173.3738754  
160.3246572  245.4642533  51.32584486  277.0343679  501.6394619  604.8867  118.9755362  404.2265082  436.6228365  302.2673006  739.0108687  223.3754571  308.6530661  351.1349918  -103.9006021  106.7731238  229.3363953  137.6224521  141.5081804  109.8322484  572.449054  128.7324326  19.8689182  56.86123211  206.0636488  -100.2582269  99.64300219  273.8331745  387.5392418  172.6688372  
159.8696098  252.3218606  58.09298557  273.153867  504.0328407  610.2670998  126.3002139  405.3632794  435.5938428  296.3801617  745.9779589  226.528147  306.7601415  356.5510597  -100.6172851  104.6203928  231.0652041  138.7062627  139.5481624  111.618184  574.0663088  123.5336285  19.68983523  61.51412832  213.5533756  -101.9863028  95.92876068  271.4805366  380.7636614  163.213272  
158.1960051  250.6102631  56.85811432  277.4894515  500.8480304  613.6482819  123.5814273  409.1105956  442.7038501  303.5296098  746.6643637  218.9111012  319.0103918  356.0343466  -104.2137031  103.0504595  234.0423996  146.3318566  143.6325218  114.6148824  570.9565951  128.1263747  22.92928211  60.3505198  213.7565264  -92.89663492  102.4217732  273.182996  381.9303482  180.5256491  
156.8742705  251.6183803  41.67729674  267.4964002  502.4289445  612.2114049  130.1646121  405.6178719  451.62214  292.4991902  751.6692378  228.1678944  319.0095273  361.8111206  -90.57789139  108.4790673  235.7916609  147.010056  157.2402014  120.3328729  574.4407837  118.0414176  29.99671768  71.77395531  222.3510411  -99.0734105  106.4459448  259.0952024  390.814349  183.2118851  
150.1851562  254.2476585  45.15717762  284.3112776  483.0925479  621.3763122  117.5720343  405.9276446  446.687176  300.9702028  749.4378933  212.2120738  323.8004147  356.6015483  -94.81794612  101.6816657  229.186207  144.7043717  136.8851196  100.7161055  581.560514  123.5901014  28.52997581  70.69313452  203.8601359  -96.57128114  112.7442839  256.7831243  388.7433677  186.9463683  
152.2726411  260.3346761  49.2068026  277.1313052  494.0756094  622.9263253  123.2453288  403.8436095  446.7123917  296.8514362  745.5545902  219.6733255  314.8000293  360.3909537  -99.59568462  101.1990347  230.0290733  137.5682583  144.4530633  101.3272416  582.6882988  122.4211872  39.23971569  71.93518651  219.1688755  -98.55811228  97.05429819  262.0010402  387.3900736  173.6069533  
163.271347  254.1200838  60.01772022  275.5305534  492.1264684  621.6007711  137.0997681  408.6192241  442.4059969  297.0873819  754.4290923  224.3054276  312.465737  362.308983  -107.3580625  104.1946261  232.3025801  147.765208  155.3164359  109.0127505  565.9293522  125.8966328  25.3848009  69.51881988  218.4183418  -101.1845564  112.9543551  266.2362345  392.0900582  182.7768753  
158.5060048  246.3113784  49.34716739  284.3279016  484.8604296  608.5695877  131.7036138  414.0736217  454.0242478  308.555416  745.6345817  215.929792  329.5577463  369.7185387  -95.67169077  103.3923452  228.5981704  128.7428607  145.8442635  111.6705571  574.1060817  127.6192142  24.52946863  66.53520955  206.1188603  -88.91774907  99.71275436  278.4925441  393.5034396  188.1278762  
147.219003  250.8941716  33.18628799  284.84526  496.0170905  612.6978796  120.8930952  418.1589252  439.7859742  307.839553  740.2329485  215.3772472  333.0050694  364.408207  -95.4224095  108.391471  235.6594802  136.8817596  151.3008756  108.5224355  581.6541955  128.1627761  28.33267092  71.60469323  204.6307941  -78.63086091  102.8232759  277.6935573  391.4897844  185.979524  
144.8024089  251.6907443  27.34016974  278.5142353  505.2339957  608.9249817  122.5587685  413.6326477  439.0453308  302.700858  741.4453585  223.9570451  318.0057013  359.2439012  -104.020998  115.4815639  232.6237361  131.518506  154.7920276  100.6600593  584.5114238  114.0417805  31.05819345  49.97983482  208.0976529  -93.46512188  102.4700429  263.2378908  395.902424  177.8720539  
140.7254884  259.149025  38.96207979  282.4520661  498.082945  620.5680032  125.1627904  409.3025973  438.5280563  310.8660779  749.9834656  223.7234703  313.8238123  356.7901761  -112.8254322  103.8666598  230.2781111  136.4678837  144.4103668  109.6735887  586.2096107  118.9464873  25.82970851  57.70891589  214.3984648  -96.75067287  111.6072594  264.0016355  387.8135729  174.5586293  
146.5370461  261.7310118  43.53804384  279.323366  493.6128728  622.4428752  137.1447858  410.1462041  448.3591934  271.6086246  747.3186687  236.4415904  307.5607608  357.5013638  -113.3221731  90.17030717  241.5181412  127.1699189  141.9315367  98.26087452  588.3939333  118.2742879  32.83374532  95.53321663  224.5365717  -116.0445209  79.57541554  280.7121728  392.1208599  169.1280182  
139.9093561  247.809266  40.86760145  271.0327612  495.630227  622.0929121  138.0200928  407.5195673  463.115144  295.7119641  742.162177  223.7290608  326.4437112  361.0108155  -94.24906059  102.9307857  230.5678113  130.5759491  154.5778751  114.8721191  572.8287393  128.1328671  24.12822067  76.3150395  229.8969346  -107.0492551  108.1628972  268.3988964  386.013419  178.8044525  
139.5401534  249.521135  37.50651974  278.0809795  490.433446  612.6399803  126.1791466  407.5911635  449.0788601  304.7296748  737.5030078  213.9198479  329.7569275  364.2674908  -88.16056194  99.4365486  223.7784552  121.6622273  134.2951127  119.3412465  579.0580231  132.9269832  23.9882943  66.11893439  204.1028546  -95.88023775  103.0180904  264.245932  382.069189  177.8224711  
149.676301  243.3039089  29.932203  281.4688752  500.4887219  595.1905373  101.9936991  404.3473167  424.6756838  312.3608784  743.364806  216.3719137  317.6498324  360.096474  -105.3614707  101.0511826  215.4739649  122.0399036  142.9609109  104.4821518  584.4994157  117.894708  28.69629024  37.64525994  191.6412219  -85.26008623  98.32435976  256.5589162  395.7998294  176.0259234  
154.1371716  240.5878068  31.33434292  293.1637406  482.9379243  597.3490882  106.0748022  407.9677418  409.7882056  329.0556397  754.8283741  204.8952185  325.2931391  365.819549  -110.5700217  97.27548411  210.4648726  139.952932  134.7854406  98.79371127  587.9638873  117.7295293  27.1456897  31.80440276  173.8171561  -67.90160947  100.9543534  266.3089981  401.9463304  186.2697138  
157.5740124  242.3414012  35.61988411  288.7880338  487.7820933  600.9977561  112.5923146  407.3461797  411.0408494  323.9268691  755.494883  213.9854174  324.6527811  365.5505799  -102.8596906  101.1918646  220.7821352  143.9029019  142.5036119  101.5758444  581.1071037  111.8691458  26.44443638  39.78888531  183.544322  -69.15453433  106.2729837  265.2401205  400.4802261  180.4550426  
149.1909397  249.774019  40.30368883  284.6760263  485.608942  609.6951942  119.1619667  403.691906  414.7283812  311.335631  752.1727608  228.0335995  327.9501369  363.0701257  -87.16097622  93.63994735  238.4665417  152.4474595  140.107815  112.5018557  576.188749  116.4873589  30.41220748  67.89464353  195.6606508  -67.64902021  107.7968665  263.8944665  394.6004143  176.2350874  
144.5402745  247.9783394  48.07096411  276.2986058  505.6372878  611.9631182  111.6747972  407.4484246  428.2732878  300.3215771  746.5169558  235.7735096  316.1907928  354.6086059  -97.3974377  100.303674  238.0929484  134.4235391  133.7660325  103.7167489  579.9294231  120.376956  27.66968123  64.65632677  211.0839355  -87.74135614  98.7965499  265.8427499  385.3725964  158.5532631  
146.4766147  248.8860755  47.464269  272.7908228  503.8487972  609.6441741  113.2133563  404.3049641  433.547264  296.7436402  747.9728521  235.6894506  310.1493783  349.7191478  -98.35997496  105.6210166  237.7279354  132.2563938  137.0772267  101.2338096  577.0616006  123.6675388  18.6611589  62.66972816  212.9077428  -101.6905496  98.22726733  264.9055706  380.3463609  158.0839046  
145.0188958  252.3810904  47.97281195  272.9808259  501.6228412  607.7248841  115.5187788  401.9826101  432.2953645  298.7394779  748.5760871  231.9638323  310.5345255  353.0424437  -101.5879459  102.1094895  232.3691962  122.7599534  140.4202276  98.58906155  578.0375433  126.9801823  24.3396197  61.96730702  207.8838986  -102.4696456  98.73369708  266.3379307  386.8661469  163.3152833  
149.9945296  256.9402066  50.39078769  276.8366698  487.2454312  611.2339889  119.5869237  403.6891368  425.8392507  282.6775294  751.5256839  229.289657  308.6932393  351.1293151  -102.7332812  96.20266873  235.3220538  129.1047197  136.8914946  95.6818573  575.837741  122.1733848  28.75117807  70.39103279  199.0552682  -105.4377816  90.58098444  266.9646753  391.2564593  164.5056929  
146.0135034  262.6958623  50.48891749  272.0594884  502.403366  625.5207705  127.6212233  401.1707338  433.9090311  275.0713961  744.0664016  239.0432992  305.5663566  350.4286237  -97.86537785  95.3605734  247.3445274  138.7798993  147.018214  105.1121122  577.9296093  117.702844  29.38674271  82.25778983  231.6858546  -111.1575417  89.75058152  261.8959485  375.4234125  161.2232103  
148.9817166  252.9758132  44.32025975  275.6426031  481.1582218  615.4687009  124.307931  404.0624987  425.9528109  282.959912  750.1360059  231.0383314  318.6649521  357.60293  -83.21619271  97.08028929  240.3968732  142.3849939  141.626873  101.722339  574.6253641  109.550284  23.20576294  77.06502372  215.5625888  -88.58202829  101.0920042  262.2447714  383.7870552  168.6810785  
154.502998  248.0480012  39.51555676  270.5102878  480.9492676  606.1613533  129.3761084  400.2941943  426.4005706  296.7373542  747.4334376  229.9777142  315.4097939  359.3366665  -87.07442234  101.7423053  234.7832971  141.7094647  151.0776058  100.8919656  565.5778021  107.1943194  20.71978074  62.17355627  195.9010844  -84.62087928  107.3255342  260.8178339  396.2102762  176.0151215  
152.205666  253.6929517  47.18366589  274.0910905  477.4894845  606.2341035  135.2253772  402.8130389  421.6428331  298.1870489  753.57012  224.0243285  327.5357389  361.0190445  -83.05548708  93.65469941  241.0676157  150.3962936  144.3369533  109.4739103  566.6191843  115.7922573  26.8147706  70.8020749  189.7392871  -75.13690562  108.5191223  263.224258  394.8548039  181.5102852  
152.8763484  253.0279232  43.82332368  270.0110339  482.672951  594.9503766  134.588094  405.6934142  427.9205334  296.2162498  752.9164004  227.5783978  330.2260543  362.4135771  -77.52976166  93.98347534  241.0235357  151.2057129  146.174022  119.3495432  570.4892889  113.9398234  32.6640019  71.14538843  192.8394519  -68.05176342  104.1410826  266.5361686  398.8145822  184.9080281  
151.3105007  251.347606  43.03186397  269.9445767  486.0766799  595.3047128  120.5987369  403.1591231  431.4722459  291.4744497  746.477429  228.4335495  319.9398253  361.6239438  -92.64931541  94.79498967  237.1591765  137.1658877  141.0668888  108.0090542  570.981206  116.2158717  28.78226928  67.9373827  194.8868302  -79.98334192  97.95376647  272.1843022  394.1840677  177.729598  
149.4418408  249.0948707  46.04896511  274.512423  488.5534405  605.0546283  107.0587423  403.5336955  422.5929174  287.7199199  741.6871909  227.2851515  311.6907895  356.9731177  -106.8631858  94.31103854  243.8136136  136.8870634  144.358041  89.38664738  572.2561926  125.9485401  31.98841634  67.60489176  202.6746761  -86.92542038  93.87786549  274.2413233  386.0700323  173.8798352  
143.828969  248.746172  43.02359242  276.2973019  496.2272847  605.6156338  107.5160741  405.3395549  424.363879  288.0668545  744.0115313  225.1869279  305.6413415  353.0509787  -113.021265  98.3383706  238.5921227  136.6337554  142.2889942  84.5663014  572.9277992  133.6854379  28.53209722  63.93952899  213.4774874  -98.17251983  83.73458487  272.8849322  382.2067187  170.9917006  
143.8508711  253.0222716  43.32029193  273.6266  498.2947314  605.4782259  115.5078401  405.6948366  428.3102414  277.8368985  748.6860305  223.7626816  313.0307161  356.717204  -103.7239616  92.08123376  238.7958175  130.3059308  137.6361382  93.93265121  576.1044263  122.0018809  31.60261366  69.71966836  214.4524728  -96.27674866  84.09060113  268.4823195  387.5080496  165.5021937  
142.8783063  254.794226  44.96703016  273.4624142  503.2430405  608.6515146  119.1904846  407.4743468  426.1889093  276.3845204  749.1977618  223.3979416  316.2414174  358.1362468  -100.1173746  89.38174232  240.0701166  131.735886  135.140617  93.82106251  582.5924439  124.3043548  38.7135339  75.3682521  222.0842521  -98.23440918  78.47064601  265.9820803  384.9075054  164.114978  
141.0072092  263.2531316  43.49160462  283.9507903  494.8195845  612.0026533  117.4875919  397.8713598  430.4479352  284.0052274  745.1769112  226.1266127  314.3178149  349.3883419  -101.873951  89.19280632  237.0470819  136.3655759  135.9297776  95.94914037  576.7364778  120.8719372  27.89826863  75.18097959  214.4703175  -92.4106839  93.49173211  269.6594641  384.4747156  173.137923  
141.6831577  253.097049  37.65564524  283.3647584  495.1607343  606.3161533  114.335402  398.5240486  430.2389275  286.9893232  745.2192992  222.4397925  316.1937619  347.8109057  -103.8044373  95.55183232  227.6142785  139.8971075  139.6716406  93.69750638  576.7140858  126.1655019  32.08594746  65.39582232  211.6146798  -88.26578423  92.68986365  266.411291  385.4693424  177.2760033  
144.6471427  251.6925156  40.71454425  276.8329106  497.9967104  606.7639045  116.9505147  399.2139115  433.2539353  292.4043492  738.370867  225.1262554  307.5687279  352.893367  -109.4152379  102.4853466  230.0412527  135.439772  144.7094789  87.53695791  573.6709856  121.9835352  28.39232736  59.69735517  205.6773543  -91.71218845  98.15193725  267.5356806  390.7727761  175.2761555  
149.2253183  242.2303703  43.49441462  282.1966767  483.706027  602.2748634  118.6611719  403.7895968  423.3221503  301.9561638  735.5437649  217.306771  320.6583059  362.5639718  -102.0279228  100.4033264  236.4047932  139.8993748  149.442891  90.1788825  564.3874815  123.710768  25.45857326  58.37795101  190.6312691  -77.73442589  106.9791633  275.5335865  395.6867835  184.465041  
152.4217401  236.6752873  37.5848735  278.1899728  496.7047976  582.016217  116.4662522  407.8444615  430.8334695  319.7140326  744.4245663  216.3522834  323.3277304  369.9910482  -102.2219706  106.9898384  219.4787897  126.3746883  139.2694933  101.7547005  577.8382231  118.9663545  21.14860497  37.10226383  182.8197361  -82.6632689  93.93813819  280.5188856  402.9211237  179.5845081  
154.279531  243.8777802  38.13369984  276.1977094  502.8563689  586.1590882  119.4240135  413.7750536  423.8716459  313.7077721  750.6389659  216.5778536  326.760082  365.2672691  -104.2629813  109.0552151  223.4738438  128.7239768  137.3790675  110.5594765  580.9402996  117.0577027  24.04354349  43.91479614  182.3998338  -78.94963334  98.8480978  272.609496  395.0239543  180.281075  
155.0946577  247.3113165  35.90076963  283.3844063  494.0070556  594.5003173  119.5131034  412.3433387  415.921035  299.3535977  751.2792274  216.7106706  329.446088  357.0006105  -101.0640456  99.17195507  228.5349821  139.0972818  141.1948325  107.0024323  578.9223453  116.4420561  23.78344784  56.18555049  189.3615352  -75.28468168  103.3034446  274.7026387  396.9082819  179.2222026  
153.2821425  252.1134521  36.93948384  281.7579503  495.2853357  595.4097024  116.6664937  409.7216372  417.2955835  302.1947647  751.0673767  220.7759579  326.1000589  359.191112  -103.7041408  98.46525954  226.9591969  133.1059557  142.5988607  104.3602587  581.2208377  111.9325951  28.84352862  55.97265103  191.2552913  -71.18839623  105.971976  274.5751039  400.3549201  176.7846429  
152.2633669  249.4819551  40.64151277  281.1363078  498.6496853  610.8791376  113.4077469  399.8342451  429.694421  310.120672  744.8646513  225.2187145  315.2729474  357.7793838  -109.1097625  102.6280491  219.5474621  131.5226876  138.3122165  102.1694363  583.3361131  117.1943685  26.84700123  53.85204855  197.6693376  -87.65752123  106.7916466  264.7284087  393.2303625  173.0878325  
151.9269417  254.9876171  48.85872261  290.2660141  490.0164737  626.608225  113.8638034  400.831086  424.0725766  298.9410515  741.5851208  220.4848745  317.054079  349.1346744  -102.7316865  98.36972937  227.1643115  144.2008987  137.4286518  102.6376609  575.7981507  115.614295  27.16495548  64.2160693  201.3605763  -86.30798275  117.9387864  265.700428  392.8449555  177.2007157  
148.3561547  255.5806359  46.14133252  285.0725734  496.6077893  628.4502308  116.1664716  402.5754144  427.2946784  292.5827745  737.4241733  229.6459234  312.1271992  343.6743935  -99.86652527  102.6270038  236.0403763  150.0174959  149.1667115  101.1248386  571.5644512  117.5246126  23.39452293  68.25712783  218.8895279  -91.75400463  112.8961834  263.4873873  384.3530451  173.7664476  
145.9288324  254.1961063  47.05707045  285.5130213  491.1468561  622.6917945  126.7284453  402.8282202  427.8894145  293.7829508  743.077562  223.5143673  320.928943  349.5896566  -91.89223449  104.3525971  234.9596872  144.9520356  142.6605614  105.2363971  571.6710276  117.4630088  18.53511517  63.68374391  209.5720973  -90.3523668  111.2620043  263.9796907  385.447023  179.0235566  
147.0473685  256.7266491  40.96669029  283.2474368  499.5724316  614.2909928  131.4616092  405.8475059  434.9814773  300.7006492  740.0100584  224.1519496  319.9573827  355.4686725  -92.97960727  120.3013835  235.5328785  134.1991158  142.8808735  102.6553252  580.9053014  112.3265172  21.27531893  54.81061058  201.2822361  -96.4125193  110.9988068  265.8500045  390.2006835  181.4163723  
150.6559078  256.5768135  42.22813113  286.2973723  487.9709133  614.835108  132.2575506  409.8964239  432.1052285  308.6872551  752.9386961  217.6661391  327.9454104  362.432141  -87.71050803  119.0303098  233.3785962  135.8414517  142.3707602  108.6850755  584.0352405  118.0166817  21.31332275  53.13619162  195.2560381  -91.89434775  109.703206  261.8495808  391.0547205  184.6851435  
149.5752451  256.8474887  40.74058542  287.8377981  488.13124  615.1552456  130.5118403  408.5224196  432.204076  307.5251185  748.7511601  218.5021508  325.2735513  362.1551105  -91.16237939  112.7706388  230.4662201  132.2081931  140.4421808  101.6388278  590.7615693  128.263415  28.271971  60.05001538  201.3268237  -91.56192343  97.72726732  264.5145382  392.340141  180.9123044  
148.8960716  256.870683  38.2038004  287.8466659  488.4448547  617.2538634  131.4663837  407.5518353  432.5028318  304.5209692  747.8685061  220.7527128  330.8449829  365.2326393  -90.61138774  106.42584  236.2796222  136.29482  144.7913727  107.0826651  586.3291854  123.1360086  28.940573  66.66287767  203.7794735  -86.88477212  97.7560339  270.362085  393.1515916  187.1292933  
145.6312108  252.6158627  37.35751101  285.2322357  493.8090928  611.5321264  133.6092014  410.743664  437.0614066  301.47979  750.6242649  216.6851435  336.3961908  366.8204493  -96.1693605  93.71984039  238.2036654  136.0491545  148.9707571  115.0214946  583.6782696  123.1631447  35.15685668  69.73557502  211.6735517  -83.98073511  89.78467185  275.8091967  394.1073637  189.060088  
142.5592005  252.9074836  44.28669701  277.5107459  494.3415165  607.3171013  130.952502  417.1661973  439.8965069  292.6999128  754.0141371  223.192702  333.5545925  360.7166205  -89.21540393  89.99555114  238.6960376  135.1676848  145.2992019  121.0355932  581.5937078  122.9283386  38.66752021  71.80374293  219.5683942  -80.13955037  94.14306065  269.9383255  393.9531908  176.6086665  
144.9933289  255.8638024  43.18644843  276.0286491  493.4337861  607.9013233  136.8043072  413.0819838  443.1909147  286.7283619  750.6872416  225.8456432  330.6908175  358.3185257  -82.89071738  94.43647237  237.9009201  136.6643823  142.6733032  123.3368322  579.5994713  117.030883  33.49729495  80.69639045  216.8752704  -88.27361956  97.36678646  267.8830767  394.6215225  176.1388931  
146.7481262  251.4662413  37.12543968  272.6045085  498.5804817  619.6875925  132.0128026  401.662374  444.1397333  295.1228202  748.2588559  227.4114771  323.4714173  354.7162214  -83.75753295  101.9028458  229.4119211  146.5152252  151.0051428  123.0483444  575.2906217  123.4585903  24.40974911  73.58135381  219.0639183  -92.88707039  103.9840908  261.955428  392.6916191  175.2307617  
151.0483107  246.4480512  42.68429371  272.0803076  499.6645436  597.2618127  121.1082594  405.8990477  441.6593838  284.412857  743.865133  231.6234519  313.2905601  361.2634476  -94.18802782  101.7408126  228.4964933  114.56513  135.5173187  105.2402541  586.7522671  118.919775  35.44508102  59.69136962  210.9393437  -94.71100732  78.28529774  274.555519  394.7364144  162.3054053  
150.8769577  250.6749259  39.72754647  276.4341248  497.9258451  609.8229362  125.5395191  403.4054383  445.2755238  281.6945797  741.8562321  230.8345053  311.7171216  355.2712058  -99.74180159  97.22475935  229.3739744  123.1270992  141.3163304  108.5609674  581.5966185  131.452701  32.41675974  72.60783084  216.392635  -103.7065388  78.19865459  274.9023947  391.6740893  165.8106632  
146.1517966  247.7732327  39.22522306  274.5292242  499.2341142  609.50957  120.1426511  407.3780766  440.4536384  295.6989047  747.9712732  221.8010367  318.5026713  356.7350789  -97.04209888  102.7160555  227.9976551  125.876541  149.9572715  105.9388381  580.531171  128.3143669  26.92756048  61.2919532  215.790941  -95.53708901  91.22041314  269.3992269  387.8029986  169.5623939  
151.303139  250.6695202  42.19176566  279.179483  488.8830086  595.7365665  119.7584285  407.6880939  439.7304217  297.7512705  750.5740735  219.1941018  321.714753  361.0262751  -96.41575273  98.21084862  222.473776  119.1659401  132.2481201  106.9704896  585.6019856  125.6141144  26.70577964  60.09739606  194.3556531  -89.87731404  90.26983  275.1033381  394.758398  174.8339281  
148.0710878  253.606109  39.81115082  282.556606  489.5968003  608.9312485  118.8988968  408.9410843  436.9604191  291.3674959  745.2143588  219.6348169  322.0135015  361.1114427  -94.78965794  95.41445511  232.4874257  133.8795484  136.501752  101.5598177  584.1930658  125.6775043  29.38866305  69.42868585  201.6383729  -91.40110977  91.4962522  273.044405  393.5830749  177.3452265  
147.4540063  252.7762579  41.10667386  284.8273021  490.7294979  609.6495041  116.1236917  411.3743093  435.9875403  294.3233941  749.3449448  217.0240275  319.0644179  359.7783313  -102.1646713  92.40500818  228.0194789  131.5745737  133.0620292  97.44620426  583.7571406  123.7475524  29.40838042  70.93618  199.6056586  -91.67659212  91.98896997  268.623521  397.9309058  174.4974917  
145.0194903  253.5748957  39.63378712  282.4873018  491.0223062  612.5737031  114.5845214  408.5292186  434.563848  296.3530729  747.5351453  221.0088012  310.345675  351.4523777  -107.6929797  100.1594041  229.4926238  134.8532805  134.6539385  95.50613556  582.8585659  122.2534329  26.48201448  64.70872641  201.3729181  -102.1673102  101.7027902  258.7800183  391.0708851  168.8923638  
143.5832358  255.5790709  41.53595489  282.8755105  490.1872952  610.2505213  113.0063535  406.1102856  424.7153685  290.780653  749.4289428  217.3048599  315.785712  356.1375574  -100.9689551  91.90818614  229.8538197  132.0905255  138.4656335  99.82597746  585.3353627  121.3977947  35.42892361  70.09145968  206.7498258  -91.05602296  98.390639  261.4184846  394.1626711  171.6611653  
147.6304746  260.8440209  41.47115806  281.4160962  496.8405652  613.8139466  117.7087272  399.333682  430.2395832  285.2684729  752.80962  226.6846361  308.7632388  357.3099407  -107.7800698  88.27285598  230.9721281  137.3921997  139.5352052  100.3858197  584.4768154  115.6709681  32.99616063  72.86487876  217.4649129  -101.3811114  96.10168255  257.3033041  384.7463141  169.046904  
149.169804  261.0953118  46.14150283  283.4557992  496.2567072  630.1886922  120.5575747  396.7402097  447.965547  284.417351  745.2088623  236.1244349  304.0460231  351.8226102  -106.5905782  93.56649762  247.0381391  150.3241419  148.7079917  97.01137564  574.9624878  118.6024374  27.05457755  83.66927582  234.6482788  -110.2493903  104.7312417  258.3671373  379.8139622  180.6732946  
149.6720889  249.0417318  43.2441837  284.1608234  490.7933509  612.1880941  116.7926138  400.4424704  445.9573456  297.5945882  738.0082012  225.3138512  315.9097068  356.4401943  -101.675422  98.05927201  243.4010401  137.3413372  149.3685931  101.4719457  572.5558356  122.21732  23.80681688  69.29007101  216.7751717  -96.3018875  97.08076218  272.419032  386.1504968  184.1989355  
153.2507896  253.6448852  45.67346668  278.1761847  493.0542059  609.4967145  119.4220563  405.5924594  431.6323613  287.6044377  743.1696773  224.8383667  320.1653793  355.7641624  -93.56192712  95.82081618  238.5305034  132.2769396  146.359464  98.43125967  574.8761874  116.4398788  31.00551994  77.75084012  206.0811129  -90.97299372  96.57409403  269.399206  391.744942  175.6153691  
157.5929856  253.6433049  50.99691241  283.0805509  488.8151067  590.6730329  114.8547396  399.2838482  435.0730293  296.1221886  756.0666333  219.2154874  322.4516293  361.9581945  -99.29848988  97.51834803  227.0693496  120.6237346  128.5057645  113.4541228  579.8126516  112.9141065  30.06846054  54.40460038  188.2067121  -92.03140269  94.15264695  272.3098132  391.1804157  178.1910336  
158.9298181  250.7819167  61.22770199  276.4803295  496.7623001  611.5120974  127.5119035  410.6631884  452.0451149  312.556586  741.717648  210.9987996  320.2579472  371.8201588  -99.88690545  105.2717071  227.3784666  141.3802705  135.5693106  105.6454385  581.770831  122.9810264  31.07457973  69.80661007  204.4627724  -91.56054755  105.514285  273.9098347  389.5945849  180.3356323  
165.040119  241.7980578  49.60392535  271.6882006  488.9900501  622.5643136  132.2515796  410.3256875  448.7447139  314.0217833  745.3066582  222.0398712  323.1193474  366.061105  -90.81878829  111.1011131  227.1022188  147.7834713  157.5239498  115.4660614  561.7006022  121.6508612  13.53406615  69.06076422  211.0610446  -85.09555013  127.9323356  268.9630275  389.7177688  180.0048655  
154.7257725  244.9950977  40.44892321  282.2528395  494.8534288  605.3286768  122.4744514  415.3074169  434.8349554  319.0408442  742.683834  204.981147  341.0799076  372.4101046  -92.38232413  110.1087073  227.7744741  142.5802618  144.0389142  119.348185  575.855266  125.0458587  24.30814335  58.13966764  194.9267232  -74.75946171  109.0557215  274.3837936  385.7362226  189.3897473  
152.9591529  243.8062417  34.93233869  276.838175  494.4457885  600.8295973  121.2319265  418.1204903  429.5470547  311.1431825  746.7635166  214.5708497  336.1960318  366.37071  -91.90655112  105.3857888  229.5927164  142.3866612  146.608895  105.3799629  577.6919147  128.913988  29.92546793  64.21214233  189.7720782  -71.65221273  102.5200948  271.2675204  400.8834834  184.4886611  
149.4746058  247.1130133  35.19951665  271.8955458  492.1266344  606.1297576  126.4377817  414.6708154  438.9824073  302.0086636  751.7871082  215.8458338  328.5939907  365.7606976  -96.37869455  102.9723967  229.3610854  144.5669779  141.5390938  102.5796233  573.0492311  126.6133006  32.72221151  65.64589709  190.8216276  -86.82866509  99.92156609  268.0878265  405.9542078  185.048121  
144.7206914  247.9689565  35.99062245  276.0446015  481.9918419  610.0616239  130.1033509  418.2972379  431.8206522  296.7382635  753.7349444  208.1418649  334.6285308  365.7388191  -98.8392131  100.3816973  230.1283064  152.7264751  142.6727233  97.6097794  570.212379  127.5983146  38.68818672  74.88577922  185.2606763  -83.07021731  104.5828943  267.0809197  406.8517263  186.5682673  
142.7392479  247.6565911  39.41071357  274.936163  492.837832  610.2420813  126.1568487  413.4337554  435.6761213  301.336828  753.6796279  213.6449772  329.216275  362.9713601  -94.81407037  104.9876624  233.0722554  141.9116603  143.4482714  106.4875288  575.3971331  128.0647038  34.52675856  69.22273768  201.7876019  -90.13467528  105.0885401  258.7440733  392.4129128  179.9687137  
142.4661413  250.5181798  38.53587273  277.1813329  493.0170079  601.6513629  124.1602946  411.3499016  432.6716305  305.3877952  752.9254755  217.8924029  325.2514762  358.1280797  -99.05555316  99.20135439  228.4529389  133.1285928  138.0148717  99.8615879  576.6979974  124.4957335  27.90141027  66.18039266  198.6716905  -84.78806192  101.3646442  267.3818257  396.8661507  177.416002  
143.5120981  255.9617163  41.57838731  277.958535  499.397777  605.3775853  119.6703717  410.2358692  428.1268486  299.6595284  743.7253391  227.277331  317.3955476  351.9846865  -102.2836994  102.6362664  236.7327657  124.8112788  135.3002094  100.9061249  584.7640237  117.5315635  28.78941928  67.08512541  200.8114955  -90.35529064  104.7517988  263.523465  389.2595781  164.4764942  
143.4803846  260.1089398  44.49697956  279.2627076  499.3307648  610.6026273  119.01201  405.9639146  434.2676393  288.5926893  743.1462395  237.1453666  312.0350899  352.1230844  -101.6697263  98.73288198  246.0474801  131.8651955  137.6235375  95.68819033  585.7742462  113.4850736  27.76440815  78.08261056  212.1643114  -96.51743966  98.74171043  267.396289  386.6808542  163.7771776  
144.5117905  257.4638092  44.2625293  276.2145344  497.1255714  618.124485  122.3879163  400.069255  434.6666886  281.9489656  744.7926926  238.0685159  310.6941071  348.7681499  -99.22082103  102.7276332  251.1841683  146.990348  149.0223526  100.6558827  574.5361984  120.2896595  28.37046692  80.07702662  220.5229507  -98.98644091  100.6165271  261.165206  381.8699726  171.324878  
146.5491392  255.3781392  41.84189067  274.0841447  487.6861749  621.218888  122.5813116  398.4831321  433.1310282  283.372223  742.0603993  232.0722646  313.7094117  353.5755035  -96.65151345  97.79940152  250.6144822  147.403639  153.16607  93.73565116  568.0917344  118.2678048  27.54105739  82.56164118  209.4581329  -99.61607441  105.8448056  257.9328963  388.7513665  175.807056  
145.2355411  247.4340452  39.59871212  278.1756706  489.7565798  611.0245751  117.6332856  401.1046187  425.0269943  298.0944295  743.5215667  214.5416006  324.7639501  356.9580427  -96.06303234  102.9869253  227.2257458  140.8215405  146.1745637  94.66941238  575.1217569  115.1654545  27.60039989  57.78066298  194.9749998  -81.85731094  112.583649  263.2621328  395.8056763  183.6237423  
150.1418082  255.6185865  45.53779291  272.5154956  499.177366  601.6749495  126.5527682  400.7591148  432.1835369  288.0160217  747.8748969  220.9441868  310.1126692  355.6349145  -102.9283644  102.0932035  222.6784778  130.3270258  131.7935086  97.88673263  578.311614  109.396993  27.17369643  58.42563749  193.2073011  -101.5276644  99.16898514  266.5700211  391.7421573  169.484044  
142.3240921  264.2292394  47.28199869  278.962248  500.3185937  614.9060832  126.2053285  398.228001  432.0275186  292.6627275  750.2001443  231.5819517  310.2772315  350.7271203  -100.3597183  92.93425147  231.6984943  138.7025034  141.1707327  107.8379523  574.6876707  116.6753168  23.28024242  67.95605341  223.2048561  -99.56593655  100.9195359  267.0389021  384.0722034  174.7520644  
143.3419528  259.9875141  45.72550667  279.7629745  489.9809265  615.2739491  122.243129  401.0022043  436.5274426  288.8192559  742.047297  234.2020451  312.2346302  355.964875  -95.70630404  94.02364609  244.8486883  136.7046293  141.7964669  105.2874209  570.4835791  119.6424607  27.30743172  75.611049  222.0266068  -96.12223906  99.54942766  266.5949896  383.1111297  175.4463545  
146.6472289  250.0456121  38.88173623  279.034319  487.6348194  602.3737465  117.7146041  398.0776793  429.396799  289.8444807  735.9361268  228.9688714  311.1444666  358.8914796  -100.3175581  97.21247449  239.9100469  129.6634383  143.1288929  96.90513762  570.8091576  124.4507661  29.87044951  63.90004799  208.2934667  -88.74477814  93.26680264  273.4869906  384.2205558  172.3760759  
151.0524648  246.8694785  40.70575152  279.6714146  500.7753489  599.6573676  109.8134151  398.4871058  421.1460937  293.4962678  742.8868225  226.5870061  314.3775886  355.3330165  -105.8489565  100.3497548  234.1147408  137.0909024  140.7850609  101.216664  573.4845001  113.6511841  27.56734454  52.8762504  201.0322685  -84.17535137  94.92850201  267.6168464  384.9814007  171.345119  
150.3268336  248.8105444  42.52550909  281.2084877  494.4105164  608.6912247  118.4072582  403.7243661  418.1252464  298.638962  741.6230413  221.2525839  319.8419544  352.1305206  -97.97988241  97.61005616  232.1508015  147.6896962  143.1456463  96.88415187  571.5802221  117.3309941  26.60731606  59.87189948  197.6911798  -77.50890861  108.9938683  263.0472347  392.741598  174.9618955  
149.4038345  250.9391469  45.39242792  281.5393522  494.8732286  611.4639497  115.3724331  402.8522586  416.9305745  308.7161465  740.7256294  222.6448434  318.163695  351.6983887  -98.84613223  100.0298536  229.5959661  142.4406001  143.0534387  102.0612615  572.633174  117.750064  20.37140744  53.36707268  194.4337087  -79.60186836  114.6077087  265.2279204  394.4647657  175.1470489  
150.0856184  251.410423  47.36506809  281.8699633  500.7817366  612.2899258  116.1707743  405.7619101  425.3905807  310.0734688  734.8180799  229.8075424  312.164946  353.0621028  -104.9494337  100.7207444  233.3834707  134.9049403  143.9563466  98.59730966  578.4299965  117.6187419  22.74819822  55.42712617  201.8382319  -87.71089775  108.3855117  268.699651  392.6907827  169.8459339  
155.3069775  248.3485693  50.92907971  281.5896396  505.9899661  607.8345718  112.7554014  408.3579235  431.4289063  305.4852978  738.6563952  228.0815943  309.6601428  351.181518  -107.4493621  110.2725602  229.6220144  132.3981148  140.0908213  105.1689807  577.11368  117.9169036  18.69843447  50.75160408  199.906597  -91.11330147  105.251549  272.7491755  387.6331851  168.6539861  
151.5255331  255.2389041  49.4630353  275.3414759  512.8572439  608.396479  121.4752669  404.9696346  439.3224746  291.0607235  738.4025307  232.1244847  305.5851448  354.2521627  -105.0624157  104.8603712  235.1324758  130.7214632  136.2744219  107.0535892  579.1313316  118.8882281  25.32109527  60.22625658  215.867722  -105.5211227  87.35302742  270.2572738  384.0246234  165.988745  
145.3476075  255.6769088  45.34634512  279.3068169  507.551016  608.7844235  124.0837837  402.2709845  437.8934559  288.5529176  744.7712978  230.2367798  311.0243996  357.4881594  -101.5189802  102.4817847  233.9150037  132.0187965  134.0599957  106.3306626  582.6459742  124.5638655  27.57032036  68.53658963  219.3279465  -102.2981579  86.56077937  274.3022969  383.222442  169.3401741  
144.5246633  251.6336934  47.60728452  278.3488249  503.7517742  611.4486297  120.8387382  398.2408339  445.0401004  286.8168452  741.6665864  226.3142522  307.2881274  352.5143363  -97.41432187  103.3177579  226.9333105  125.2552908  128.6340827  102.5857888  585.0195596  130.5282724  23.18632623  62.91321496  218.4126574  -111.0420333  87.60557416  269.4773396  380.3267207  163.3359683  
147.1751031  247.5980582  46.82678276  280.9911007  496.751985  612.4897992  121.369052  400.26695  437.8837482  288.9585967  743.2262854  224.8701224  313.4234232  352.3164919  -92.05746154  103.1093047  235.910935  133.3408749  138.6119246  100.3168852  577.3004285  129.5769767  23.28428461  67.48260209  214.5351  -98.52250298  99.23238495  263.5270874  386.9121071  168.2257559  
149.1689342  252.2880868  46.36856649  278.7801637  505.5561009  601.9693006  120.3424544  402.036058  434.2784706  293.2856604  746.4033539  225.3739796  317.3100772  359.2042536  -98.5012411  99.1320537  233.670117  125.1289315  133.5804098  104.5822457  581.3400928  118.1396326  26.44252873  64.53045905  208.2954209  -94.4909044  91.7599427  271.8785069  389.1574659  165.5511448  
148.0745608  255.5906685  45.90607939  280.616025  501.7850589  610.4800147  123.4367562  405.0273174  436.1396197  299.7673756  742.3920131  224.8112914  313.716594  357.9664846  -104.2759583  97.02933692  236.7660828  130.3255595  138.0406037  107.5044338  583.5066148  119.6316511  28.41951744  68.49328889  209.7222255  -95.51453901  97.09714338  271.2176513  390.2676568  167.320604  
150.9875966  253.6382761  42.14351477  281.6409605  492.2461722  608.5148928  123.3268148  404.7439076  428.8629278  305.8725746  746.1939272  222.9481733  317.0920668  358.5809151  -99.15560885  102.72295  228.8371796  135.5309151  136.9655466  97.93458532  582.8230423  113.0803335  21.58787179  59.46180695  200.6245795  -90.38012507  100.6299237  269.0101368  393.3188973  172.7496401  
151.255682  246.9869916  33.09740841  278.3550482  482.1431648  611.4788483  122.949858  404.1398132  425.3867395  307.2923752  747.2197114  217.2482102  325.4296837  360.2837374  -100.3634055  100.765873  229.0059975  140.3538827  155.6928365  104.9525371  572.6819476  108.069415  24.66258253  51.06210421  197.6303693  -85.84462695  102.6118274  267.0563644  397.8485939  187.5436142  
148.4822195  250.2921305  34.64113237  275.2055743  486.5325623  605.1352602  124.0464116  413.066419  429.8521467  305.9634742  750.7772598  216.7321692  333.6647891  367.4154031  -97.99359476  100.0721921  232.0206714  139.1800048  151.7857435  104.5370675  575.8138571  119.1331612  32.13752792  63.05062197  198.0959256  -74.86241523  104.8473953  271.4945954  397.3982478  188.7019837  
148.4769634  248.1338636  37.63813554  278.4692627  483.9299905  604.7939614  125.7175271  418.6858557  437.5919039  296.5944313  757.5628582  211.456383  340.231207  366.8559346  -91.48537651  99.14742155  230.2777547  142.2744962  146.249019  109.7329841  577.9992408  125.1198792  35.49859471  71.46287776  197.33456  -77.08621073  101.6924808  270.8803394  397.0329294  190.5280987  
151.5165524  252.2419819  38.4665869  280.0224948  478.9080099  611.9167302  125.777253  418.1301398  441.2316878  286.7176757  755.8891247  216.604112  335.7796599  363.1433496  -84.40939757  94.92253246  234.5719324  143.952351  154.5790918  108.7535792  579.6732494  132.3485869  41.67428627  81.05129301  208.1260666  -80.04284571  95.16175467  266.3126394  395.7151885  189.2930422  
