146.1006655  153.7529607  35.45373746  223.326012  384.9936222  534.5380365  155.0223032  341.181162  350.0999559  361.3827945  682.9325778  223.0956847  386.3561619  295.6931965  -136.8660267  63.94657265  297.0028214  222.4705658  100.7419585  56.14382806  652.064488  27.63272804  39.90602622  21.97743211  178.9701596  -82.88299744  -74.68672599  250.5558252  344.0389551  113.5885164  
147.8933313  147.672446  34.70179843  219.534849  386.5948295  535.0285778  143.0279414  341.0681536  338.1884527  352.0137591  679.9312703  221.7458877  382.5776928  291.0925035  -146.3029493  70.69839884  304.4629098  207.0355573  119.7622811  55.8880744  648.7261078  22.9229288  30.45899664  19.62124283  182.0598309  -90.68064908  -78.96134806  262.2214137  352.1272742  120.9522948  
149.1806161  151.9267628  36.42235419  222.4271705  390.0780572  540.2758564  138.7480575  338.5519343  335.38314  360.1883732  681.4396094  219.9385243  376.7902752  293.7118506  -153.6528203  72.45581032  306.9585179  201.1975961  126.9544184  57.6642736  650.187482  21.7027641  26.36338313  15.85179439  181.6972547  -96.4784888  -73.49767541  266.5270361  357.2608739  127.8029589  
145.3620106  158.3197615  38.84862053  216.3829711  393.0102156  545.9858024  135.5771873  338.6345445  339.6212248  357.6440468  682.7788755  224.6772191  384.6440306  287.5832148  -157.4826599  71.70875076  308.9851814  208.0009584  124.4204435  58.42040123  649.4593102  13.85143846  24.5803116  22.08605817  189.5820183  -99.46786568  -79.05646084  268.2175996  357.2148847  135.2006089  
145.3892292  152.969827  37.4804763  213.1639582  388.5966509  536.7080392  131.8924545  352.7305221  348.2163681  360.4976889  673.8290122  223.6647553  383.1253323  282.4930579  -159.149426  89.37628781  310.0695838  193.1806516  128.7220831  55.10554054  642.5463  9.884287601  21.23573928  8.165109814  191.0719584  -113.5631098  -71.00493155  261.169515  354.686317  138.5000977  
148.6789456  147.9126097  35.42448637  225.8102147  395.7293296  530.9918041  132.8432479  348.1547123  336.6935388  352.9748159  666.0400205  221.5039285  387.6002028  277.2090246  -156.4907381  80.10130029  310.8032193  199.0513511  133.7271554  53.91186071  636.007095  5.703222619  27.37239432  21.683608  188.6879586  -106.0039596  -80.86893692  275.0226976  354.0782799  138.7921876  
142.7052351  148.3091082  35.98071366  225.4070459  397.4035856  529.5536646  134.6858949  350.2345354  330.8971563  352.7635105  674.766275  216.6145137  379.0756783  285.8443694  -158.1212726  81.33139981  317.1069091  195.2102324  142.2749004  55.00907388  640.5613214  7.117053512  24.3555739  22.81138988  178.285147  -108.7967185  -78.64863364  281.5730805  357.6441448  133.1314925  
148.7045038  155.6484579  34.45165933  221.5503594  394.6804022  531.6374  140.3806082  355.2665925  343.5687222  356.3318878  669.9833711  213.0490497  376.0789622  291.6397618  -158.931935  86.62438869  325.1339719  192.900155  146.3288696  54.66108253  642.6467417  6.157602394  22.32682774  16.24461296  184.6422347  -113.0947282  -70.82414364  280.5314633  365.7941563  138.5370453  
150.4979832  155.1188363  35.07261139  225.6818133  397.027919  523.8141425  135.839365  348.9356842  325.1502707  352.2593948  667.652774  221.34559  384.6927367  280.3061651  -151.9194662  80.64208925  316.2242248  189.4239569  134.7106734  58.04674662  640.9624971  2.225684549  28.82666319  20.13358614  175.8342261  -104.1204746  -80.7574933  273.4186908  360.7565562  139.9583804  
149.0947567  149.8844838  39.1703603  226.4267092  403.173057  523.7040365  142.8040204  341.4764323  332.7746288  358.7873273  671.5580537  221.6431827  381.1238015  284.4257785  -150.1806301  74.58081475  314.4305386  188.6700323  137.9343903  56.36467844  638.0041948  10.0536297  32.17004319  23.62358558  180.0156037  -109.4353478  -71.29652417  272.4887287  363.1586184  127.6478807  
147.5443897  143.9055312  39.15693004  224.3992803  396.5708666  524.2502377  133.8210126  341.1880583  335.8510831  352.5599284  675.6164851  217.1263022  373.0932694  282.3214327  -148.9810879  77.94030369  309.3087596  188.3509846  148.8180719  55.55651297  646.596842  14.27348509  28.57761355  15.37876403  176.0009334  -116.3908118  -77.28184813  268.9164653  361.3173403  130.7246306  
141.0878909  144.9442129  43.41761096  215.3835942  394.6533823  532.1479797  135.840806  344.4992051  335.8559258  356.0050739  683.6005224  221.5770446  385.8021787  286.7474559  -148.7388195  73.22082165  302.6413147  212.8054155  124.4501273  56.73012079  642.6166308  20.40594342  24.37987364  20.10932638  172.280099  -101.0396144  -80.41264721  264.4552436  351.657365  134.4379618  
143.4266326  146.8131255  30.87386497  219.6101894  398.0939943  537.1384162  141.0027374  347.1045834  345.2496246  361.7432823  677.9201118  213.2574026  380.4715658  294.9299436  -157.2472195  71.71339883  319.1555501  204.6702691  140.599924  59.83433908  640.7970418  9.431598817  34.81986408  20.96832682  185.3341035  -97.61668838  -74.74664869  267.4220309  360.0406976  126.4137598  
143.8535681  158.1984806  32.80099202  220.0680136  396.3810348  538.0481142  138.033233  349.7030345  338.8449607  355.7242179  670.2553008  216.6460395  383.5013028  292.6013338  -157.7773615  82.49533021  321.9659855  197.603964  136.6770912  56.90922839  638.6955746  2.751014374  25.69919238  19.33709159  184.4858319  -113.7185799  -77.00113242  275.6330776  361.1064455  136.5224672  
143.8630422  154.262439  37.06759163  219.7949966  392.7013034  534.4376472  142.4373743  342.3714556  340.3569102  355.0164377  673.303595  216.475328  383.4370025  299.1142933  -155.2605756  81.32923971  322.3663446  195.4019442  141.3136087  58.2449095  649.4413489  8.390997283  24.29048622  16.66487209  182.380395  -112.4452205  -79.27754117  272.2304004  366.4062935  140.273803  
147.6957692  150.4626334  36.38865577  211.8257892  394.7392758  538.8045835  138.5061678  344.4349683  341.5080084  354.9635369  679.0217346  220.4732547  381.0320412  291.7119107  -162.5545971  79.92636756  320.9332667  195.0439785  135.3656679  58.84161877  651.5116106  13.62588105  20.43760452  9.48795366  187.6946779  -105.2440176  -76.13499073  268.524842  359.7860916  128.3676803  
140.288296  153.6502027  32.11477392  224.4178697  392.4472124  547.5061384  133.4324662  345.5818869  343.7549026  360.5580395  675.2951445  222.3917286  376.781796  292.4682785  -156.8363569  80.86694586  323.0436283  203.8919957  135.4935672  53.83476214  640.5233486  6.02542926  21.08170327  19.20305276  192.7035469  -103.2027201  -76.25354351  273.0327319  362.2373525  131.499019  
146.5250956  161.5709557  35.93990534  223.6260603  394.4150144  544.8755696  133.4396414  344.0321357  338.249918  363.8358456  675.2362877  223.9901654  372.3294399  292.0411372  -159.380524  82.60040355  319.6049927  192.1031206  139.5502095  58.62364892  652.5744961  11.76128337  16.08598815  14.67556892  189.7202803  -107.2889325  -70.42361084  272.3073344  365.8171322  136.8604106  
148.4967269  155.4812795  47.38445985  221.1037812  394.1662151  532.877827  136.7040586  342.2273573  340.9125151  351.6840344  675.0629365  224.6177009  379.9273325  283.1305873  -156.9234469  80.01005126  311.5906995  196.0850938  133.6589456  58.1372034  643.7519659  11.56256397  21.63928574  13.65684547  185.8173136  -113.3511915  -74.01050948  274.131282  356.0388548  136.9315009  
152.4416833  138.8395695  47.25412688  214.7785329  390.0755731  527.4066514  133.2843723  342.0243368  336.2069706  348.5411752  681.4935048  227.6031795  379.4820708  282.8365203  -148.1046104  76.09888431  299.7423541  215.2488832  131.2815265  53.94382191  640.8091403  31.14399071  21.78856625  20.62708951  182.8050611  -91.39241611  -83.37588109  262.3967244  356.8212283  134.2577297  
147.5933545  144.9854316  39.25970965  215.1185045  389.2014142  533.4887053  131.9623699  340.57732  335.7058231  358.4694036  679.4138998  227.5775572  380.201778  282.8656147  -146.6712247  77.48870741  301.0367763  200.4672049  131.0425194  53.17870775  643.2198507  28.4090357  28.16851586  13.80394888  178.9998584  -101.2270882  -78.33620167  263.9423889  354.6817235  132.4278482  
143.769157  152.7612169  35.03844378  224.0886003  392.03839  525.705881  145.5749148  335.8355569  329.9393714  354.1506222  672.9831549  226.8097619  384.4269144  290.9695238  -145.6995094  76.83614812  315.0764073  214.820697  119.8890671  54.44217224  634.2084191  24.31872534  29.48371407  28.29151448  177.8071046  -100.7770673  -78.82116117  277.0181423  358.7862827  140.2872801  
142.7250509  153.9352396  36.7299046  216.9790329  394.8268509  537.4951783  137.5917724  333.2251971  327.0157425  353.8194406  676.1966323  229.8953501  385.9450056  286.2396682  -147.6333619  67.76427097  307.2891251  212.2409762  116.2022399  59.07399798  642.4179402  20.1655154  29.19830586  30.75784664  173.9090354  -86.23512334  -82.47064139  269.233533  354.1868208  134.7435128  
145.482231  145.1530046  38.62598771  214.8309738  395.1567451  532.0132038  135.4625676  343.4388239  331.3738621  350.4465362  667.1003832  226.1009073  386.7970434  284.2031583  -153.1090552  84.07346206  314.110773  197.5716971  133.3046148  61.30260507  645.1270579  19.72599485  23.18441732  16.52063123  180.8455469  -99.98283456  -70.48722859  263.1015848  357.3027574  127.9670715  
151.487908  141.8447976  42.51789475  213.1131243  398.2414164  523.4835757  139.3099354  353.6383473  327.3473611  359.5418806  687.0809506  217.1486119  375.2815957  293.1917443  -151.5652754  68.11280864  306.6434873  201.5565758  139.3700874  63.13394041  659.4690136  19.51705066  21.81156461  13.73510872  168.9213662  -95.42588227  -74.86713553  262.0004759  360.0347844  131.4828158  
169.8344745  143.7861063  51.13526854  215.8024924  388.891264  524.3030454  148.0659301  349.7869682  355.3880255  358.7396631  691.8120094  215.3875498  367.4527776  306.2626397  -154.9344516  72.71315906  319.8022567  198.8897612  142.6316478  64.69835165  657.4119536  19.38480466  27.81286781  10.62080047  180.534824  -109.5076903  -77.0452229  270.376951  354.6951308  136.0358655  
151.3326909  157.8772153  40.19453878  210.8076849  395.1150386  546.513025  129.4950377  346.8631798  346.0956134  358.7905272  667.9707731  225.9166581  381.7239295  288.3590935  -161.7683901  88.74666833  318.5012583  189.9449679  139.803164  59.57923498  648.6505757  12.53628216  13.17133217  12.32333782  198.7373657  -121.8161198  -64.95156488  271.8594085  354.7235517  137.3273862  
137.8352535  165.3455676  28.03779644  218.5015193  404.8909389  543.4596912  128.0061162  347.7387672  330.9631077  372.0849121  670.3891791  221.7832716  386.3732717  292.514133  -163.5951781  84.3627858  316.6281116  193.020095  145.3442045  58.20987234  646.7801367  6.682583436  14.5290796  17.47961101  186.8128033  -108.3434171  -80.96143131  278.7996172  365.4785757  141.6193624  
137.1333895  163.4512999  29.90372194  224.8715787  391.5105298  551.9633556  130.7110787  334.1731882  333.6785095  368.0001403  684.3295638  229.094398  374.7885433  289.1429669  -154.8723199  79.48388774  306.0700887  201.6389272  137.1731765  53.50861574  654.8844788  11.83997784  29.66942248  19.16144648  190.6052398  -103.8740906  -80.31586388  270.9161212  358.0092428  143.002439  
144.3801466  151.7086263  36.4809045  208.8873202  381.7050719  537.6710332  132.0352694  342.712209  330.103667  352.0756906  680.4661525  222.8563378  378.4940204  283.3740966  -140.3328746  84.45411607  294.7211533  198.2115032  130.001471  46.85853688  649.0295441  20.22818498  21.82128563  6.700264583  186.2417383  -110.4893869  -85.08926285  252.3487129  357.2691078  136.0334578  
146.6934704  151.8912702  34.90379113  214.4159566  386.3624554  523.8917385  135.4942814  349.7266045  325.4896005  348.5153625  674.7171004  223.3094278  394.1954913  280.5953061  -144.2356706  83.78274336  296.4291608  210.9655761  120.7615614  55.79743849  648.2947304  15.47161656  17.27758822  16.7812683  171.2758164  -103.0345359  -92.32910061  257.8631962  354.7631773  143.6078455  
142.9200913  142.2364723  38.97213499  221.1412923  390.3813305  525.0370486  131.4100714  353.0336307  328.5771058  353.7479019  676.7486158  225.5121878  381.0711681  282.2945482  -149.2684878  84.55107944  304.7661971  209.0525245  127.6312725  54.85094919  636.6710593  16.36864827  24.46325946  19.79271248  177.8962305  -96.34186815  -84.34410255  264.4160838  348.2182909  137.364059  
144.4143898  148.2032337  35.30807055  220.1922179  385.521352  516.5004857  140.7535154  341.347243  323.8732704  363.0849113  686.8291336  216.8082692  370.3569958  292.1675058  -144.137779  67.11517277  311.1044509  208.2964867  129.0896362  52.44232214  644.9087819  25.46114053  37.00757833  25.0749695  171.0777549  -90.95906443  -80.46444602  261.1784923  356.87285  123.6131203  
142.8677589  152.0624138  43.92218445  208.3758055  392.4247886  533.5506961  133.8914257  347.786506  335.7649524  345.3668006  678.4617129  219.0816705  385.0858189  284.7718292  -159.7982995  86.47939299  310.3731385  196.8186728  128.0675961  52.87113363  646.7649239  11.12991157  17.96704201  11.44679225  178.5115682  -109.6579025  -76.03403609  266.7866481  356.7187844  127.0496233  
143.0177459  149.8744429  33.91938849  224.5816013  399.4717808  538.945887  134.1311329  352.7894955  335.5250129  352.8442101  663.5910846  219.3703817  385.4239482  289.4248853  -164.0903267  93.99774782  321.23461  189.5243072  145.4494336  57.25537306  643.4049647  2.867297517  19.8431979  14.81159355  186.1896465  -114.4902214  -71.87008176  286.9971246  361.4778484  140.8501762  
150.1159265  147.3713635  42.85252788  224.2163356  393.4323769  532.6946912  138.7979059  345.8955044  338.1981548  354.4289804  673.4635285  215.6380436  368.619302  282.2534541  -157.8712496  80.63157324  318.4794529  181.503709  144.926927  54.37814455  648.2522131  7.609122609  22.42715198  11.32006543  190.6148048  -118.4610828  -62.93633436  273.2439228  364.169072  127.7750058  
149.2958259  150.3393789  39.37603308  218.7664665  399.8523552  531.409502  138.8454997  350.82291  343.0740501  357.8191352  666.8569405  212.2021548  382.8468613  289.7773502  -158.8748168  85.39826751  318.9703531  188.1001314  145.7012259  54.71096661  640.3400842  7.957477984  21.65255852  13.39036428  187.9714539  -120.2180212  -58.31162567  274.7656713  363.3980418  131.1129482  
146.7715087  159.270815  31.77738394  228.6564012  401.4716078  529.406884  141.4165232  343.5590277  327.2482416  356.6162827  673.6815244  215.8040535  384.2405785  290.6613835  -155.2029863  73.42357942  318.5123646  203.1273592  132.5550942  59.13064889  645.685797  9.291644121  25.90186415  26.89339312  173.6913894  -96.40216071  -78.45050554  282.4541263  362.5685359  134.5270676  
150.0492369  153.2971652  42.12720785  217.3733589  395.4001792  537.3084939  137.9165797  338.8173841  328.1642858  362.299425  681.3292505  222.2622972  378.8235267  282.8849339  -147.7040397  68.86727228  303.5541924  199.0159575  124.7856334  56.49991561  644.9615466  16.48942376  28.5693225  18.2487351  184.6123167  -95.21165215  -73.69981715  263.9651717  361.4139068  125.3262423  
150.8141403  159.8603757  36.13436173  213.5338086  398.070845  535.4771484  136.3305521  351.0725964  333.1359254  357.0627666  672.5201891  221.2491889  386.4845111  292.5533517  -154.0029944  91.58119771  307.1914791  195.9325366  136.8165854  55.22711927  646.1874742  15.77691547  18.5368401  9.846958011  176.9553738  -106.9509781  -74.8844445  270.8605489  361.7424179  138.0374914  
141.6226895  158.4207094  26.11434511  229.970509  404.3150946  533.1723857  148.2345676  340.4498422  344.7773163  367.4585012  674.5976447  216.5258507  383.487287  299.4642146  -153.4940846  68.74994504  319.6099716  203.8479509  138.2034868  65.22228523  645.4602652  10.26436444  37.09794548  28.33355986  180.2895257  -102.8491399  -76.00408866  279.5821942  354.8153165  134.6651872  
144.9093489  157.723688  32.93410964  223.4770015  395.0895866  532.6610622  138.4747996  350.2607972  350.7347063  357.7294549  661.9477889  216.7154783  383.572241  295.9703838  -151.6488367  83.21042005  310.0145465  194.0132431  139.0416772  62.32507011  638.8857421  3.042409131  30.77232468  15.54413471  185.4724139  -113.9316817  -69.15396786  272.8518719  355.6415375  131.2055023  
152.7136538  155.1661657  36.19422539  229.4950266  404.8052772  525.3632036  139.6063638  359.289444  346.2653331  360.9893548  663.1163205  213.2260369  394.4056676  296.989542  -154.3655244  86.94660011  313.5788287  195.7104093  151.8741231  60.7483585  639.4492178  5.037995354  27.09254228  22.03825624  181.5247317  -111.4438961  -77.50980616  277.1068853  367.9016563  142.3882535  
150.9393007  145.2636958  37.81260713  230.9045887  392.3286463  527.7020073  142.6577152  350.4951055  351.4087126  350.307288  664.5972334  224.0309994  383.3556294  293.0010958  -155.6053196  90.21902311  316.1338922  191.9532119  144.7206697  57.96930678  643.1211496  12.94893414  25.73864963  15.49019807  185.6775898  -112.8691613  -70.88226372  279.1599728  358.5191924  136.772435  
145.1465975  138.4325101  36.79437971  226.6584977  387.6061276  516.9884426  134.0119927  339.8213388  328.1734694  347.0234247  672.9494829  222.7006413  377.5175509  279.0264524  -149.8184334  71.47787777  309.092114  202.4791877  128.3916448  56.19473797  632.2360542  15.31133294  29.94705625  28.98421816  172.5314737  -96.86133454  -85.77274526  271.4287001  357.2778959  130.252244  
144.2966494  141.7007249  32.75294045  222.4687151  401.0394333  522.0420921  137.8291293  350.6122227  329.7125364  349.053952  668.727753  217.9214044  395.0077681  275.0870695  -150.3125147  76.6656955  309.8918446  191.5107146  130.7559579  55.69705849  636.8479988  7.080955838  25.09545709  21.14594951  174.4971379  -101.4949987  -79.7782624  272.8699166  355.1361586  132.5640096  
146.1963253  144.8376221  31.61525368  229.3889813  398.6531121  519.8462603  140.0221389  348.5738378  339.5343201  356.8986444  671.9170677  214.8860734  381.52496  285.2953992  -152.9373075  74.07301469  315.0837564  193.0361272  144.9831012  58.72771202  635.2241801  11.66772777  29.04867478  20.22423362  179.1497946  -108.6534565  -71.28539914  276.8931199  357.8945661  132.2434272  
149.3525898  151.337882  38.62610973  222.5247085  395.1197522  530.587795  139.9879337  336.0928237  324.9943873  352.6276058  682.3804494  215.8805972  379.5535017  288.7100639  -150.5781676  62.00068761  315.7513711  202.4306175  126.3526437  56.95838224  643.9890734  13.80073273  28.17503013  32.88707878  175.930873  -91.5119944  -74.6511532  270.5103932  363.6853636  122.4511157  
144.6367048  151.510157  30.93743962  220.0640868  398.6220409  542.3088394  137.9003671  339.8688354  333.6047389  360.6802884  682.6358407  220.3679792  372.7573769  288.1290981  -152.1212403  64.54093469  314.7979198  198.6561896  130.6315748  54.68897485  650.2056699  16.15708448  25.91228653  20.97650572  186.2550149  -89.20085934  -72.69313583  270.3088094  363.2747625  111.6161495  
146.8760359  146.9621155  36.60344664  221.0088866  397.1980764  521.0401843  145.3256695  344.2501399  342.3049739  362.3665654  683.5611473  215.6664439  375.409889  288.606365  -151.6644166  75.02537246  307.9099389  200.2199469  129.7495428  54.47804395  635.6658399  17.47990712  36.69880154  15.138442  185.1459378  -101.8521134  -70.10373119  267.5069413  359.9658047  115.7210544  
147.0644614  149.9927923  29.44593902  210.8430554  394.2921558  544.1962837  138.5004966  336.8048627  336.0419999  362.6775061  682.7060038  220.0499993  369.5586466  289.8143834  -165.4925897  76.08633571  318.7840929  188.3451996  130.5551067  54.53940861  647.860366  21.9306091  27.07301361  10.86823581  195.0321026  -103.9703345  -61.70610294  273.8215722  360.6639432  117.3765295  
144.819997  161.3511636  25.5489291  220.9631772  393.2254113  542.0952216  138.4530393  339.4633991  339.4149633  354.7837743  678.3726137  223.0757199  371.0635536  283.8182082  -154.1012039  69.85623151  321.7710396  194.9343418  127.1321916  49.18876176  642.2047618  11.07499731  22.37809716  18.22145835  191.954575  -100.3166926  -68.13778912  273.999096  363.4828613  115.1348021  
146.8681042  158.8401174  32.8208816  225.3886522  387.8774459  547.1290007  138.0303108  337.8726414  336.7724947  350.3028314  682.4812204  222.0806736  372.8433063  288.0556468  -155.9995097  66.76524735  323.4884127  203.6380762  118.0130347  53.94369239  647.2888012  8.02210066  22.11903598  24.65231563  185.7587506  -96.99529915  -77.59433134  274.6438835  362.8296882  122.6314396  
145.8685344  155.299489  40.74555987  214.1899222  388.7220236  538.5100841  140.1199969  337.7430978  333.4636885  346.9192199  681.5097464  224.3181504  388.4255929  285.0558637  -149.9966895  70.01423363  311.2567683  214.7334804  108.5730577  55.25588425  641.6104011  15.89983555  25.56572492  24.59514302  181.6122019  -93.34398172  -79.89340034  267.2816428  350.2388793  128.8008204  
143.6465213  152.7566014  35.51318225  216.6379699  389.8127753  537.9651971  141.6202056  342.5419926  334.4950939  353.1793261  675.5743519  221.3887357  392.4857435  291.8402845  -156.2455515  76.70816841  309.7188086  210.3220095  119.6942112  57.84958823  649.1554062  14.76311209  22.16706254  16.12688062  180.0664205  -93.22293154  -80.45970304  266.1797411  351.1212725  134.1539245  
145.3674948  151.4874692  38.39636237  223.1817374  395.7283439  535.3193605  138.7664719  343.587184  340.1169555  358.381875  678.7075534  221.7178903  383.0472619  281.9261955  -157.7000283  77.47582378  311.3909798  201.909268  126.790653  57.83217199  647.2364027  11.14991686  30.45297068  19.21608772  186.0289302  -104.7703394  -75.65155499  263.7070928  355.1018168  133.6980647  
144.1132085  155.1339499  30.77208175  226.6084859  394.8065647  529.960404  143.6407024  347.1293311  335.1704855  359.4226039  672.6302919  216.8616305  392.4561297  290.0308703  -154.975321  84.48862421  304.1144276  209.2785689  122.8891543  55.12244873  646.119025  13.32997517  31.60217877  17.14064882  178.3915222  -102.0467189  -84.68611847  263.9007481  354.9704942  145.4158723  
144.9940497  155.0900423  39.73538637  229.9677467  393.3399995  529.9589783  140.1822047  345.9017387  342.8877931  356.2949424  673.4218182  219.256695  386.8525023  290.3397685  -154.1935234  84.93035291  311.2560159  202.2706307  136.6461922  57.42377173  645.1890014  3.682672844  29.47951044  21.26473581  180.956823  -113.7291771  -85.87352992  274.2369956  359.3246884  150.788621  
150.2268142  152.1413315  46.90996649  218.0978794  393.336686  542.8366415  135.176381  335.8454535  339.2257555  354.2207716  668.6640402  225.4286237  374.9735455  287.2440238  -151.6969317  74.71680171  309.1298552  199.6398199  132.8993384  57.94199581  645.9167262  13.75151389  23.5717115  20.09679864  188.8882868  -107.7503646  -73.12755901  264.5813949  359.2845942  132.7062744  
150.3439519  147.5517804  44.72510786  216.6361789  395.5494498  539.1531001  128.7996832  348.4531384  344.3599644  358.8587159  668.3029679  227.5713115  381.7037959  281.4965575  -155.4657197  79.28776786  304.9556391  198.0425179  135.9674651  60.18668681  645.7195402  12.98203443  25.53251092  15.32458623  193.2152483  -109.0115223  -71.62286098  261.5630047  357.6044082  144.2898402  
147.4170251  152.9984487  35.1157055  224.1506455  392.5389515  530.2669109  146.0415239  351.1787602  348.8714742  363.0894346  672.6800595  223.1996479  383.6519329  297.1703396  -148.9821487  78.94185516  319.0800114  203.1529381  141.4662267  59.513115  644.4624517  13.37526516  35.49620647  18.18812636  181.9074949  -108.8547209  -79.6713068  270.0859787  356.2897821  138.5091641  
146.1170783  159.354546  31.65616127  217.7974989  392.7322435  542.5756798  141.1727603  342.0810583  339.167583  353.5679079  675.0863696  216.9433976  387.9986076  291.5558852  -153.9963073  74.29844443  322.7213328  206.151618  126.7005776  56.21214838  646.6149839  8.387512047  27.41827326  25.90127201  181.7708086  -99.03104722  -81.48143891  268.3423678  357.7815437  132.8248482  
146.9695436  151.8659854  35.50896911  214.6522121  391.625443  540.2261227  129.7195844  343.5079542  335.1817834  358.3789254  680.3111024  224.2838907  385.2073443  275.2496096  -155.7261606  74.24424166  306.803329  197.9698749  121.3556892  54.13968036  646.7006759  6.778138962  22.154263  16.77601458  187.4714586  -102.3831755  -79.15204046  257.445011  354.0761013  137.097137  
139.7336865  155.9078621  27.62756007  227.1976038  398.0959603  532.9638905  132.9042918  341.863966  327.0563703  360.6692381  684.7956803  221.9009842  390.5028481  275.7306861  -148.0748842  63.28942527  302.0050686  210.1503079  120.6340047  53.9628399  638.8621862  9.131739412  32.679664  33.80562204  176.0592524  -91.24540242  -88.94549055  264.6425004  347.2311153  127.8125341  
146.070098  155.1930679  36.13699084  226.740492  386.1517602  520.9884975  137.328632  342.8935035  328.0114932  353.5439889  686.5157599  220.2562459  381.323449  283.5368662  -141.1889089  66.87432324  310.529807  213.6575654  118.096009  52.4790094  635.6719387  13.50387476  26.58552068  27.76685791  169.6723826  -95.27585389  -94.58309756  266.8488367  355.3295898  127.959454  
149.9281969  153.0976331  43.91708431  218.9164431  384.6573988  521.1644055  139.968257  340.0155035  322.7245132  349.1510807  686.9431869  217.1353882  381.34397  281.6475007  -145.0222032  66.83844159  299.8254853  203.5269176  114.745724  53.03562811  645.5354144  15.47270477  22.68273318  16.74294617  169.5669726  -97.83613366  -88.25963766  261.2074579  354.3297698  130.3809265  
149.1169548  145.6194327  39.4341932  217.9370897  383.001426  525.4409749  136.14889  349.0420902  331.2759103  345.9240231  677.2806203  230.3280422  386.3185348  276.8917232  -148.7655475  75.23059022  309.3029533  206.6159673  116.5655597  54.91027875  645.5876096  15.07391585  18.04958871  14.74487702  178.4107691  -92.36999746  -89.16144789  256.9273868  346.6258317  128.8183756  
145.1988614  149.8889963  35.41282398  223.7170462  389.2214315  530.4718086  133.8283804  345.8787916  333.5503628  354.2248024  672.4861349  224.7593545  372.4475851  284.2902464  -150.2793276  81.6567153  311.1446867  195.2212548  134.255324  53.85309246  639.3017884  11.2643029  23.83942615  14.40105881  183.0130193  -110.3326185  -74.28520567  273.566093  357.7123327  131.7913644  
149.387397  152.1111816  36.91191027  217.4666861  392.8380354  537.2681419  137.8467019  343.1657989  334.487061  351.287498  674.9278438  218.2892249  377.6093711  289.8048156  -149.2088051  79.02420183  312.5176794  193.5084814  135.8687596  53.18867996  648.8541729  18.88041725  19.41931566  9.994352293  179.3245344  -113.8588018  -72.05700498  273.2413384  357.1985514  132.2448631  
154.9333341  160.7831948  47.46314741  213.9101126  397.3632699  528.9244617  128.6807972  359.8153576  338.903796  358.8450432  673.1337026  224.6869921  387.6193097  288.1307862  -154.3409658  93.23366777  298.8070664  197.6154295  135.9870716  59.50529604  639.8057602  9.710695712  16.4027458  7.944624773  182.4032184  -107.0454968  -83.4496248  268.9617977  357.1565475  145.1602472  
153.4588543  156.9144437  40.31800727  218.6289329  396.4819353  531.5323692  139.460404  347.872461  345.3885565  367.8453395  674.1064332  224.9007236  379.7889024  298.0498231  -154.9100827  85.38419879  300.9660829  206.4087007  141.0400693  59.41817189  643.5686227  22.98830829  27.79035793  13.87407985  185.8126554  -107.0286219  -76.21024265  275.7314755  358.2371683  145.7030785  
147.1882614  147.9470896  36.45414504  226.5412548  393.2618685  528.1368826  145.3404873  343.1600741  339.7437603  358.4776967  668.7709642  214.4969136  377.9234897  296.4225646  -151.7643041  67.65771064  314.6557575  202.0152273  133.3979659  60.4545732  646.4971845  12.52236715  36.02122765  23.42510475  181.1065146  -101.6683407  -73.43315572  271.008689  356.2730144  129.4521628  
147.8674294  150.4667849  43.23455452  217.9239307  396.6024768  526.5986874  139.5196625  344.0736599  342.0755859  361.1425462  672.1753139  218.8779042  376.8014986  287.4843329  -151.7310554  77.70149502  300.9070581  190.7212721  137.3151538  56.08417874  644.846796  16.78157845  27.34154826  10.40017663  187.4452585  -112.8277225  -58.61159563  265.3963515  358.960109  125.7268806  
143.9058165  145.1387465  33.66025324  224.5793871  396.7689732  530.2564485  159.8040103  346.240146  339.0731067  357.8190021  680.6310018  213.3507061  390.6888631  306.5901859  -153.9770166  67.21554517  318.7830476  217.670734  122.9123476  60.4370114  657.0981134  21.14448314  37.1075115  29.82792187  172.7474448  -82.59531665  -84.38314776  270.0681577  357.5505003  124.8622531  
135.5755481  148.0921989  26.97840872  223.3165629  397.4415327  549.9085629  148.7446583  354.640191  357.7570929  368.9984477  678.4516602  214.4092055  385.7497746  301.8968902  -160.6386328  81.0176225  322.472535  207.61995  136.2791816  57.83921523  657.9894752  17.26622698  38.47569115  17.4231932  191.0634034  -99.17725906  -68.91867221  270.3942282  351.350943  133.0774149  
141.9941748  151.9066138  30.98601852  218.5751787  389.9322601  532.1412785  149.8957962  347.8880172  346.2727683  360.5657569  681.8151952  216.5474196  378.5384015  295.9879097  -152.1454538  67.933384  322.0690052  199.6605218  124.43204  58.75595099  651.4277908  13.51153082  28.71790334  13.46782449  183.4189981  -99.13444953  -71.68772314  262.8759172  351.7957009  117.5070654  
140.2896006  153.8497241  31.75796714  218.1892848  399.5438926  540.9255193  141.2587225  352.4122816  348.1687626  362.6850674  680.55554  217.0185212  379.0761448  291.9400671  -160.989941  79.27773127  318.0361288  199.1895277  141.1161685  58.45409617  647.4958696  16.9293343  23.87811653  14.03056556  187.0123266  -100.3172629  -66.01437896  273.7408434  356.7513247  121.1850665  
144.0787069  148.151154  36.84127935  228.3519814  390.0579128  533.2935678  152.2131876  345.3476172  342.8133926  354.6809232  693.7814879  216.5272148  375.1605422  292.0020347  -151.1485268  64.36009727  327.7702731  207.7808201  128.6825641  56.21368773  649.7433641  17.500012  32.69100512  23.96234405  180.8307511  -95.68607865  -77.72889488  275.9053822  358.1338704  119.4357586  
145.1697481  144.9299841  40.20198991  224.8647435  390.7151401  544.7551774  144.0099366  345.0432195  352.2531231  361.1919889  680.7211037  223.1380824  378.7139573  293.3237129  -151.8611299  77.06951048  313.5691067  207.6581811  132.4535997  60.37027493  649.1134965  18.19871915  32.22016544  17.68067407  190.3057058  -94.17375353  -77.36638403  265.0245535  356.7514174  125.9663647  
144.0587849  154.1196416  37.22448941  219.615611  390.1433724  536.8978908  137.583764  343.3264824  340.9932577  354.6337379  672.7336292  221.1171714  377.8534409  287.2724775  -154.6794795  82.04050951  318.9342533  198.611972  138.6258687  56.45030387  647.2857823  11.68368972  25.12260672  18.87625682  186.7356628  -108.6974263  -76.58859543  271.2034931  365.0497326  137.9214178  
150.3556648  157.2473007  41.79504055  214.6736697  394.9448928  550.9051251  137.0962873  334.6127073  340.1301031  359.3502331  682.4107206  227.9512577  378.5522471  283.1451529  -163.7229035  74.19479071  313.8282699  189.1912039  132.6512235  58.37684245  661.2128714  17.58826614  19.5446563  10.8960221  192.5468494  -104.755329  -71.2561821  270.5673046  358.9057071  132.0790238  
141.0950283  154.0558546  35.48846252  216.2047569  387.345393  555.3858091  137.9446029  341.583225  356.1751526  372.5101404  684.679092  221.8370493  364.509181  294.6868557  -153.0911314  77.59483045  304.0823832  199.8755368  139.3472053  54.73623407  655.1218769  20.25673649  30.47371355  9.868052917  199.7532463  -108.3640359  -67.19295596  260.8151093  358.7593398  134.4688598  
148.5639481  145.844999  40.26371785  217.5003076  397.8772264  536.1825324  145.5180525  349.9655312  347.7402516  351.5775164  675.8588464  214.2430626  389.9311203  290.928142  -149.5653901  86.61064711  317.9603419  192.9885899  143.8280621  56.87170262  645.5310028  15.30802967  20.23182614  12.96168797  182.3692168  -114.9235954  -71.14876756  268.0885575  363.1506029  128.381426  
148.6675734  147.1149166  45.64059826  221.1916024  393.8458634  526.7720013  134.6035613  354.143466  338.3453036  350.1387649  676.3632304  220.1161872  391.1026713  288.9289294  -153.2722405  85.53650161  307.9912293  205.5102818  136.3524215  60.90219271  643.2031601  12.31450121  19.61674819  19.89428656  170.6259515  -105.0115528  -84.83005581  271.643277  358.6935331  142.6518942  
144.4552866  141.8814281  44.84121372  217.4316905  395.9160567  535.6131021  133.2041635  341.1938898  339.3837415  357.7772206  681.4765415  226.6517757  376.8115286  283.6941465  -153.6411015  77.95945722  302.574266  205.1402918  139.2125983  55.92677204  644.6640579  22.16124339  26.7213614  20.05832578  180.4200647  -97.9053814  -74.83161622  266.2402586  358.8136314  136.289452  
145.265062  148.7982417  34.42545194  221.4182504  385.755031  537.8361549  130.2844552  333.0073711  326.4046465  361.6697027  679.583571  226.2416472  370.3946238  282.4983322  -143.6863528  65.42816558  296.882777  200.7839517  130.1032189  55.68658089  645.4111666  21.30081405  31.77450466  22.66770907  178.7064365  -93.29948477  -77.79001602  257.730486  357.6472366  132.2274058  
147.5288667  154.9030531  36.89649891  217.5035563  395.5292835  554.2681794  129.2648559  333.8116289  330.8997067  355.6282989  670.6524158  223.9940094  374.9749654  290.2482756  -150.8011709  76.21689158  308.2465998  186.4920142  139.0312839  55.81309143  653.8675115  9.533246998  20.15901334  13.25815006  184.9804921  -107.2583405  -71.54241387  269.4079078  365.8430366  132.879781  
144.9894887  158.7681461  37.07290454  214.6840198  392.537793  538.7222005  132.1844911  335.2342999  330.1179581  361.043817  685.2410304  228.7752572  383.7724246  289.0789646  -147.658195  69.14843965  308.1856436  205.1096168  125.0459018  56.523104  643.0369503  11.16625269  30.1066799  23.62173864  179.9147279  -95.15070734  -91.75535051  267.8001858  354.7369256  133.1907003  
138.6011016  154.4233508  40.77071929  207.5253386  387.9588981  528.3684447  129.1708474  340.9477344  339.86225  368.8936962  688.664018  224.0135153  378.712314  298.0182673  -149.4960077  75.74294942  303.9030068  218.8352416  125.5195241  60.45627303  635.3333586  23.28864577  27.57735208  21.00655214  183.1682628  -90.48471802  -86.40780343  256.8590217  350.5935513  133.1898111  
144.646208  160.1525167  39.20461801  210.4699745  388.1555457  536.4668455  130.260592  355.0054149  345.3603221  353.8791063  665.849042  222.2106859  387.617511  289.4855417  -159.1179066  93.91329382  317.6594216  196.6121946  131.7574358  58.46080874  649.4698026  3.779372118  16.97513521  9.637330284  186.3511348  -115.7090727  -76.06978907  264.356642  356.6560377  146.9927784  
154.1102817  153.4086778  57.01127163  220.8219484  390.5175907  522.4705382  136.6707743  353.995472  337.9550403  355.039994  685.5530316  223.3494569  383.4706032  284.7769694  -157.1335431  81.57993763  305.8181542  205.4483578  133.0723655  62.50477615  651.9803031  12.33819319  19.03606392  19.57204829  178.4286086  -107.8269607  -88.21454434  270.9156941  358.1778398  144.751019  
158.5878925  142.0311664  48.8654168  214.6232723  396.6153197  544.1890888  132.3079997  350.8009158  345.0303768  355.9360026  671.4303618  233.5004191  382.5450112  280.1790306  -151.2045173  86.05769005  303.6952662  198.3681472  144.4744361  53.9931268  644.3395916  23.55944679  25.32991975  12.45555141  196.4696443  -98.96205728  -72.97597781  270.6972182  361.802872  134.0900759  
151.0592509  145.6732075  35.63806056  224.5550024  389.4998528  533.1432538  129.980666  340.8465158  327.2472279  348.4766396  665.7746061  228.9882289  377.1907438  283.7751055  -144.2745514  79.40003863  308.2881747  199.9332869  133.3896961  51.38074701  637.7249212  17.50846227  26.63472189  18.41193213  181.4946155  -106.9304302  -74.57191186  273.5253853  356.2144161  137.7166713  
148.3313572  146.4139457  35.53018442  221.2706857  388.4710832  537.904392  134.2711639  336.2846321  325.321015  351.2024298  679.6101029  221.8299986  381.0412326  286.9715182  -140.832301  62.41212646  311.5062872  209.4755303  117.8029028  50.03486753  641.834549  21.04905699  29.23867751  32.2413422  174.2562506  -88.99707029  -91.09107646  267.4121428  356.6750725  124.9023311  
143.4154807  143.2381638  31.6614654  209.0547616  394.772401  546.4456582  126.4186888  343.4819297  347.8386654  355.474715  672.4375078  223.530472  378.9596405  289.7183757  -154.0395689  79.23266044  314.1808467  197.4284934  136.9943078  51.61089469  646.6629152  14.62128134  22.03923115  9.613520889  191.4538627  -105.3076766  -69.15114985  257.5978423  360.8228326  122.096135  
140.0556886  153.7682442  29.10909442  222.2591324  392.4427556  534.796343  141.9206899  346.5645792  340.1363906  359.0054358  676.2130829  214.7052702  378.4130503  303.218361  -158.5439729  80.48670688  322.8778934  200.0922029  140.0000501  61.45494523  656.1753763  9.929353565  23.57606207  17.2690087  177.3634257  -106.7889268  -78.13866025  273.6758455  364.9583354  139.514175  
144.7031073  149.8711077  38.59467117  216.4587464  391.4760015  530.5826005  151.0119358  345.7669336  339.7613839  350.7359332  678.2428977  216.6590269  391.0419215  290.8198899  -157.3421904  74.80025061  317.0573466  211.3474693  118.1430771  60.72697748  645.8109536  13.90162615  31.29369656  27.91833624  184.7922916  -95.77165485  -79.9333949  271.1596245  353.9472301  132.725798  
147.4706089  148.9810795  34.34905595  218.35925  395.3104686  535.0924407  129.512346  347.0104559  331.9877346  346.0360863  662.424347  227.3856391  384.1486704  277.4123468  -155.6477683  90.73688234  310.8738015  197.1140933  132.4699927  50.46435855  624.4838673  13.63834325  20.73387807  16.46924023  187.5954201  -109.8689573  -69.28334539  277.4835985  358.8398853  137.8447371  
142.9244363  153.9875788  35.1309538  211.9586008  391.0347595  534.7804246  135.3615523  347.6484062  331.8991885  347.3622726  671.238264  218.8167544  390.8296088  292.8184247  -157.6163825  84.84885706  316.9523038  198.3311958  132.9051864  53.15466357  644.4112983  8.394608755  15.42646167  18.25552744  176.9050011  -104.703938  -85.19590822  274.3318845  358.425456  139.640708  
142.0508193  157.6141909  32.89339268  214.8726076  400.2631301  538.3921111  141.0382813  355.2363755  346.1047851  359.8541541  674.2323698  214.5040721  388.4434018  293.0788532  -168.6859365  86.0346586  317.8942192  195.3905761  140.9898223  57.19461781  648.6474633  0.00913149419  19.60451688  12.43305047  190.7463285  -107.8966539  -74.40415769  275.2035524  363.4229026  139.7893263  
143.6756117  154.9524306  32.95182168  218.6354385  396.3457734  529.4798832  141.3671931  345.1576245  339.38013  358.1117592  682.4887192  212.9975949  379.228321  289.9923119  -157.2354338  78.02376448  316.0765048  194.9464399  137.4753395  56.53307297  647.8421361  10.94199587  25.34881808  15.31713794  183.0760592  -107.3773104  -75.08460164  270.3121603  363.8085186  127.8508948  
143.7878138  162.6578845  28.6010241  217.9473672  392.5025421  533.5610601  133.9023484  346.7663859  331.412522  359.571845  678.8779644  217.142831  386.391318  293.0535907  -156.3132104  78.71503055  311.9756765  206.6529295  132.0086934  57.33013138  642.8782493  5.774210636  22.68649033  21.0543572  181.4102436  -100.4737631  -87.5614222  266.7875294  362.0414523  140.8502972  
150.9653107  157.4528008  38.22320648  223.8387396  392.6306777  529.9987115  133.968051  345.4901817  332.8025145  354.9378192  676.7169472  223.3450056  377.0953772  280.9717552  -151.8349613  79.82017619  312.4740558  194.3552719  132.8239901  55.65209885  645.6749897  8.360112106  17.17743991  16.2595132  182.4291961  -107.6242087  -81.44468643  268.5500747  358.3563512  136.9774981  
151.3611772  148.3448303  43.44036915  223.3563517  391.9391387  524.8058023  133.7573557  345.3280381  339.8714967  357.2123977  672.3882833  219.4622281  377.7586739  281.3536685  -158.9422513  81.24683942  305.7259306  189.1350914  137.8254571  57.44552404  645.7080692  9.166511382  24.89753339  11.32959109  184.5900899  -115.969169  -71.72466413  263.4419001  360.6733643  136.5528715  
155.4610717  152.8736282  37.98893307  229.8398749  393.1730488  523.9916808  137.170054  340.8566346  333.813778  351.9600583  674.6293475  226.2629591  378.2060227  283.0750641  -149.2658985  71.21696962  315.6789588  189.8861505  134.6414814  56.70365324  645.377268  5.822283221  23.67837009  17.33895955  175.9043246  -109.4625805  -79.41071548  272.4931718  362.6487706  126.6997714  
148.4451193  146.3059237  35.98313095  231.058286  385.9700879  530.4027662  143.4999847  339.3941703  353.9805778  365.656881  680.5267394  226.5217926  374.6750125  289.3411456  -151.2198038  78.00263953  316.6857198  194.7111131  140.7423503  60.22115924  649.9347717  16.09762455  38.17627766  9.926075672  191.0961665  -111.7030566  -72.41964724  261.5503182  355.1334989  127.9338981  
142.5476189  154.0654843  28.33879726  224.2553441  395.3311643  521.8143801  147.4709413  342.2124722  331.2213958  363.8113364  674.5472941  211.6937968  381.7630515  298.7942466  -143.7284194  65.98645099  317.816373  202.8447777  132.3403589  59.20027037  640.0383018  14.01509975  35.7279204  26.66833794  174.7957996  -97.48284217  -78.02709613  269.391372  359.234623  126.1354925  
144.8032331  157.4270022  32.31566138  223.3734656  401.6760845  538.7226191  145.3769789  342.9348718  332.2568563  361.9567022  681.2315445  215.9607175  384.448959  294.9105317  -159.6160592  76.31813628  318.3387651  203.2575713  132.5056022  63.47017812  650.0503559  16.79225692  23.51008545  24.05801125  175.7559616  -95.01278077  -73.51544268  281.3989387  361.888353  136.743149  
142.7008939  156.2377131  36.03068806  225.0111563  391.8836278  536.6011032  141.0114008  337.2686112  335.2899069  357.5700933  683.0285957  221.5184913  377.3507671  286.696876  -148.6083857  61.63025261  315.5110933  210.8842918  120.1071544  57.16023323  641.4207683  6.566552478  29.26549191  29.15081382  185.4404394  -91.69257156  -82.31270184  265.6224507  357.3788786  129.841339  
145.7070731  149.9900699  35.6124283  213.0719738  398.5764175  535.8750064  141.9364359  348.4902533  344.5316716  358.1736979  678.4480111  216.8874647  382.1381564  290.8796886  -157.5158414  79.50146067  315.7282472  195.1654532  137.2622819  55.98151329  648.4230332  11.6442855  23.60661563  10.60770231  186.4155601  -106.8392745  -76.3037348  265.794771  361.9397078  127.9872989  
145.45719  152.392491  32.20408809  224.2477328  389.1815657  527.272972  143.2089549  347.8887101  334.0594539  357.7597681  676.5615994  214.7294953  383.2165997  297.2563019  -156.0272214  74.83297189  313.8801378  209.2920273  126.1211186  58.66183657  642.1860155  8.277506086  31.75776543  22.37695278  180.5009712  -100.3851608  -90.88753541  270.9601734  356.3820817  135.5834223  
148.9291162  145.8397659  46.66950753  220.4645796  388.493107  530.8857747  136.4701403  346.9725606  336.7516557  348.6282243  682.2547476  220.8432351  374.315329  288.3182879  -157.2509317  72.03074016  308.0388394  204.5672512  132.4919634  55.58360498  646.6561425  14.65704466  17.8231151  18.87922399  180.6179434  -99.45519675  -79.94160652  272.5212379  356.1116564  131.2155788  
153.7775244  142.3984529  41.31675684  221.9546024  389.3833325  543.7745255  135.9172694  342.527482  337.8162314  351.1734965  672.7595675  220.1060971  374.3845222  280.4472513  -154.4486226  73.94784249  310.7190877  196.9676645  131.2818963  51.38969899  650.3778391  18.05633723  24.6958014  15.04038931  193.2148678  -109.3341511  -67.29311779  270.0046531  356.6836009  129.4534134  
157.0993214  140.8875621  41.42616079  229.6466494  388.2171275  523.397557  140.1239797  350.791204  331.546407  346.722112  681.4937483  217.6121623  378.7516539  277.4180119  -147.9545264  69.75986793  313.4915918  196.1013914  127.3617414  51.01869079  646.4176636  9.820822118  25.48274769  18.93937607  173.9218457  -103.7745645  -82.64118008  271.6127016  358.7885519  122.1011413  
143.3929073  150.199045  31.89074946  220.9692766  392.4030173  531.8136168  149.3437122  342.5800768  341.504474  360.2291518  682.7320862  221.9025246  393.3126226  287.8999755  -152.027901  76.68556545  310.6102456  211.9877112  122.3027324  52.04016994  646.0344991  18.7391904  37.64276406  19.20637573  185.0694203  -97.29386016  -82.3978459  268.7486098  356.9492609  129.337693  
141.0056438  157.6017408  36.36074842  211.6797691  389.611666  539.246651  145.5197052  332.9805085  333.7659833  350.7138108  678.9610414  228.0933882  389.7736713  284.7494606  -154.0665556  75.32936542  308.4755113  203.6296807  106.1029545  54.77148723  650.6123565  16.04090317  25.46178871  15.7966121  188.5379027  -105.2227889  -81.50777543  260.0869995  350.006858  132.9576803  
142.0332897  151.9792642  32.94154708  218.0223749  397.8452276  539.0013121  135.5417566  346.6282803  340.6194904  358.3797934  665.6008379  223.5302749  386.6738407  295.0853948  -155.6690409  80.01656785  308.6168755  204.9300779  133.573047  59.76277966  646.5518155  10.35508211  28.33982286  18.54742245  185.0128872  -100.5582258  -74.37504727  266.3028374  355.1167273  141.9436921  
143.6020643  147.9860026  37.7798754  226.9440674  396.034495  532.346365  137.3632052  347.6975816  342.3192914  358.8637106  674.0492876  215.0227663  376.4286605  293.4965043  -155.9166908  74.1686947  319.2113146  195.9158178  142.8522649  61.70526248  643.7837279  6.192564307  31.24773321  26.28517236  180.3269307  -106.272225  -74.72292422  273.5735694  356.4386255  133.0260312  
149.4848529  151.1356666  38.37416824  227.2638631  393.5265085  526.3307659  136.1020961  342.3640198  327.9094206  354.4344935  672.0861078  223.3459408  374.0090869  284.8683226  -148.862809  68.3673599  308.5168826  212.0593011  133.1209961  54.34680422  638.5241111  16.2550553  31.76403198  33.22462254  178.3248943  -94.55457927  -81.42238515  271.7757791  358.6581654  136.1263719  
142.0496383  150.8400292  34.18269408  217.2938913  396.0726101  534.7048417  137.4988469  334.5767091  324.4466196  357.1752879  670.1011195  224.5715395  379.4669974  285.802221  -145.9148438  75.24719237  313.2103455  192.5484868  131.2851584  53.48879794  645.9110539  17.89624905  23.29466551  21.61462691  175.6111943  -106.7973655  -71.72321512  271.5678302  361.0141624  135.6688342  
147.579195  147.1863983  42.22019875  213.1611211  392.9289561  542.3046462  134.3348074  334.262405  324.7672236  347.8019639  674.3508893  232.9172531  384.9018453  275.0175261  -149.1682845  81.57031258  307.7407744  192.8135114  124.6425373  52.36934218  651.3860321  21.85680173  17.41181999  11.93173187  180.7148409  -104.2830669  -73.80305704  263.344483  358.4658644  133.051299  
153.8496574  147.3195475  40.65464009  219.2052045  393.5935535  533.4411633  135.8135132  343.2139062  341.6301813  366.4788514  684.7325755  224.6526377  375.8835712  284.070504  -150.7477465  80.36660727  302.4976371  186.8993457  138.4324471  57.5842552  651.6072627  22.8945979  28.93990718  5.141424215  184.5703005  -115.0752401  -64.96196831  263.9100004  358.7621543  134.6120841  
152.240273  156.8122567  44.61681956  217.0668934  388.2392112  538.0656717  143.4230896  331.6502184  344.9371739  361.386533  687.502734  231.6324876  376.9010194  285.543535  -148.5732695  72.93371915  305.3097447  205.2850592  123.4403518  56.21613369  650.8999795  25.35250192  32.9865231  14.6024246  192.6892305  -104.2197225  -73.85904932  260.5366594  350.2808681  136.1885893  
142.336405  153.9063935  34.30402025  220.6401371  383.7016101  531.2678768  143.0030754  334.6806268  331.5834633  352.5923396  675.38755  226.3264516  389.6604441  290.6535682  -145.2268219  65.81181335  304.3906719  216.054387  103.3187924  57.085443  641.2490978  14.32328464  34.49783854  26.36443437  177.0891341  -93.70588896  -82.0235002  262.4757508  343.9275934  129.6887548  
142.7472243  153.2583701  31.87808729  219.0221693  395.4125647  539.0605178  130.0488687  343.6395138  327.1316578  359.3783304  675.5899152  223.142166  383.588065  286.8982617  -150.8799741  74.17321706  309.1020856  205.7687659  127.3710659  53.53301809  642.7235256  14.10424289  23.91349904  22.92387519  180.0290726  -96.80837101  -81.85077382  267.1153041  355.5397478  129.5100486  
144.6610223  152.047937  29.16808884  225.7848236  386.6397107  543.5024478  133.2036677  336.3671434  324.6266619  351.190279  673.0589517  226.7869028  378.2745033  284.4349765  -143.1473807  71.29728257  311.7149737  204.7987341  122.17701  51.45012835  644.0188895  12.3803648  26.97502508  25.14621351  181.5816091  -96.20833937  -81.58249747  264.13899  358.9307849  132.0231613  
146.2325038  145.8168893  34.34026449  222.9758772  392.1521991  523.0981846  136.9814808  341.7370505  320.8517963  346.7670806  672.7988296  219.5481953  384.5030586  282.1650573  -139.7015495  65.2309201  310.0110809  207.5918322  125.3714457  52.30727004  637.6123716  13.44798137  31.04162492  27.3441651  167.1115182  -93.96730979  -86.06392528  265.5645524  354.2408614  123.8073279  
148.4564797  148.4092612  35.13757449  219.8841968  396.1082152  516.0266797  144.6044715  351.5255819  333.3741001  361.7594429  674.2335825  216.3474195  384.0013691  288.785495  -155.0189236  83.01628824  309.8674526  197.7496148  136.0132647  59.23591607  639.7458465  15.47523985  33.28994234  14.20170609  174.4347867  -104.0827191  -77.24567383  271.2088815  354.1830951  135.1139311  
146.5956134  154.7440659  41.27121969  219.3941454  390.3442321  526.8422373  140.8477809  358.1930087  349.0025989  350.5294647  672.7581521  214.4716348  387.3529216  299.4177862  -152.7946366  80.67075475  308.4147753  210.5390957  133.371728  61.09560269  646.4946403  9.268651262  28.39518362  20.71668537  174.9234109  -100.3067435  -90.05698412  268.2996932  355.4428217  139.9910649  
153.5258181  147.7712039  51.61129231  218.0627731  392.2665063  524.7437621  138.460153  351.3945262  352.5911233  359.382295  684.6177328  220.099654  382.9691925  297.713914  -154.624076  77.36421429  297.3330182  207.7696103  141.821795  62.00872916  656.746156  25.08596739  23.39703928  10.96961348  176.1197887  -99.75549521  -81.23122037  264.2199304  355.9568533  136.0828678  
147.1206589  150.5760991  35.07896955  224.0963388  396.620363  525.7374966  154.8098166  345.1114874  353.2646468  376.5219969  680.5390045  220.3138415  379.1832186  305.8671052  -155.6418347  76.75036859  314.2415097  208.2615857  143.6756015  64.82924305  655.7827009  27.48012689  41.74848052  17.86715576  184.2020054  -94.21636552  -72.34044665  268.1124922  358.2264098  133.1891526  
138.7602771  153.28282  28.74184381  226.8594774  396.2543056  526.649824  149.6157945  350.8310663  342.4252376  356.1241315  665.0954307  212.5985017  387.0614112  300.3718337  -147.8636976  78.14291364  314.9353055  213.5803294  130.9503333  57.84601918  640.9256249  12.43944042  27.75206399  25.78349506  174.5608283  -93.07711668  -80.46706294  270.4115221  355.4316674  129.0677666  
145.6076068  145.172752  33.69881642  228.0977642  406.8165878  529.3985106  135.0673959  355.9884478  330.8359567  349.4262324  662.1063695  214.7502151  390.8911226  276.1865304  -160.352902  82.35421437  312.3087618  198.2056681  132.250125  51.96593704  631.5812663  4.148375937  24.21891681  26.63218683  180.5865277  -101.8827475  -71.89849211  281.632094  355.7867062  134.0218773  
146.7407579  147.8611105  27.65275414  235.0482838  400.3611911  529.2741596  138.478766  346.7154264  325.6223264  347.6839285  671.1583403  215.2805298  382.2317418  276.6349445  -154.2475747  71.91119843  314.1851292  194.1060999  127.5217668  52.35565495  637.7804316  5.53170043  26.10438569  25.42127043  177.6719034  -100.8841287  -70.26965321  277.1367964  353.6536928  131.0750608  
147.0689759  152.230749  37.32383428  229.915829  406.2044217  539.2935612  137.5235121  355.3073406  347.4507464  357.0335742  668.327538  218.3291179  380.5737606  280.6150363  -147.4448234  79.26963556  314.7487195  187.9719546  141.008567  55.42660925  640.5977148  4.80035512  23.86390116  18.16089338  186.3428395  -108.1496423  -70.79791437  274.6297316  360.0261669  119.0445356  
153.3527242  151.7287426  46.70981744  220.5189507  399.9641235  541.4185211  131.2098472  358.4971227  359.8570523  367.1858273  676.6014453  222.8012779  382.1461737  291.560912  -152.2831527  93.44518284  300.9574159  196.9119186  149.6633619  58.65516684  646.7239461  17.76108442  24.19525103  9.327213618  189.2541113  -117.8528089  -69.733398  269.5529817  361.5750816  140.5572653  
149.2519769  151.0711845  45.73643619  221.7741597  388.91534  537.201818  146.5844759  344.8669315  353.9537087  354.0016666  686.4007345  219.1241501  379.7702607  294.1466926  -154.7911023  78.99365625  310.303506  213.2802455  123.9178399  55.96199903  648.2264354  22.12091377  30.81904387  20.41162386  184.6205875  -99.38448877  -74.70207568  269.4206029  350.9094322  132.7656342  
143.1540756  148.546286  36.79709654  210.4415435  388.1548907  534.8623447  145.2083038  349.6420986  350.8510238  355.7546585  679.8539858  217.3753138  378.0118876  291.0212545  -161.033776  80.49967047  309.9598134  206.1814403  123.1304922  55.31058113  646.7807323  22.54760549  26.08419148  8.787147745  192.8357611  -102.2170969  -66.24721466  263.0221786  348.2752081  125.5797629  
148.5728557  152.4594565  27.39638619  223.2128175  402.4306398  529.0846346  138.4325077  349.0427257  336.9793847  360.4748271  673.6051023  212.9463565  372.2513028  285.2421992  -160.841718  72.87618441  318.9821377  190.6754985  136.7095231  54.75739382  634.3778794  13.9257835  29.11633667  14.88547497  189.8212867  -101.1610596  -59.58784077  274.926274  355.3519138  124.7717448  
148.6658832  155.8189783  34.6357817  225.4752436  398.2837145  537.039851  139.2122532  343.4185807  342.9476145  351.9243298  678.8671871  217.4980832  376.4348544  282.9327346  -152.5543193  69.42643707  323.0509718  194.5199208  131.7989434  54.83259955  636.5572643  6.25462655  25.68381592  19.75242129  185.0739187  -101.1396704  -69.72128518  276.6764457  359.6991374  117.0826029  
146.6646335  149.1126661  37.70974136  221.7887813  403.3960969  536.0130085  142.9262633  341.7109267  341.5287532  359.1627459  681.3605297  221.0615539  388.0090603  284.0296575  -151.5518245  79.3071913  307.0372324  200.0390585  128.6712875  58.2218167  639.9347655  19.07503249  28.29183345  17.44687571  186.8497041  -102.4570865  -63.4014656  266.8186686  359.5180403  126.2996782  
143.5314063  157.8763597  37.94495226  221.2308719  392.1415564  536.6552283  142.7807456  336.7935189  337.3246794  359.8605581  684.3138379  225.4189108  385.2200218  288.5521722  -148.0600601  78.26245658  313.6278769  206.6629567  121.0372018  59.31863965  647.3779473  21.9624331  26.07765429  18.77895187  182.3775688  -101.1839612  -72.52506374  262.0352242  354.7798761  131.6123609  
144.2936117  155.3842733  36.17506727  217.7457708  393.4684061  534.8940319  143.9930862  332.9461447  329.2714364  362.0670925  686.0384969  224.1224001  380.450529  287.7810116  -147.084765  62.38601669  311.9184519  207.266632  116.5716903  57.38762558  648.9817962  23.94807289  27.98141738  24.66229059  181.2214085  -87.35081615  -80.54347993  263.8507383  357.1458501  122.5788738  
139.6143679  154.6908494  29.23008078  222.4315172  393.1695871  538.3164032  134.357098  343.5104955  333.7665929  359.5758063  676.291551  224.0681431  384.2165627  279.8750517  -149.8746264  73.77457413  313.0841042  205.6947633  120.8441186  53.34258835  626.2716119  13.69513847  30.28509597  27.01782431  187.3994277  -95.59690111  -76.22595864  270.8567534  352.0134587  125.6397124  
150.0118756  151.0593781  41.88486178  220.7485359  394.1768799  534.0969639  132.2581827  340.2933804  335.5848826  354.7499979  672.3032331  223.5866511  375.2221313  281.76229  -151.9634489  81.64402748  301.9124976  197.4883847  128.8881866  54.93233242  635.3114032  16.56873853  27.1750102  18.23127321  183.172786  -107.5758392  -63.60868935  268.8314582  357.6657973  135.4117448  
147.6711059  138.5708257  47.46003437  213.524465  386.2319443  535.6590196  141.7068644  340.1676239  344.7782671  348.9166861  678.0196931  218.6658623  379.9153924  290.0452291  -148.5432618  75.80921977  309.341108  212.7871184  121.1621224  50.48154799  647.2145538  29.91390421  30.835277  15.52397192  183.6856132  -99.48313514  -76.89750664  258.5180146  352.6222869  128.7172015  
138.1396901  148.1379029  31.52019762  222.393453  394.6851484  540.3715406  134.7317415  349.6455016  345.1987005  354.0177758  666.7275458  216.9602098  386.4761582  291.7666383  -153.9587162  81.87281639  315.4223975  207.5228778  136.4766747  56.86831242  638.241626  9.449203219  25.90596531  21.52497383  177.8159413  -100.9019404  -81.75201828  271.3232919  356.6038584  127.5691422  
141.7407481  153.6369987  27.83848186  225.4169856  399.9593571  534.6946709  134.8663911  346.2925418  332.0630513  350.2120702  659.2780561  211.9632031  382.7534935  283.1952191  -158.0839548  83.30457616  314.8100577  187.6387323  140.8523267  53.58582399  641.9731653  3.461494798  21.04393925  21.06356779  179.743443  -117.2284586  -72.61248812  281.0742934  369.0162238  135.4827848  
147.5044674  151.4110516  37.36697149  229.9613395  399.827222  522.915939  137.5252945  346.151356  329.3770491  354.1793625  671.52591  213.7467593  380.8798558  280.2247156  -156.5123437  82.35892501  305.7750241  184.9331778  139.1653494  57.3366027  639.9962648  6.849477125  22.79962559  17.80368495  173.629627  -115.9693551  -73.93240096  279.6638231  362.8198206  132.7685934  
146.2847135  147.9900173  37.64916362  222.779575  399.041796  532.6818184  137.5747376  350.4331862  347.4140281  360.3182197  666.5181243  222.2405125  386.2588653  281.2093592  -154.2054383  93.2390756  304.7460999  190.7597583  139.0581367  57.42713157  640.1541902  15.22021219  30.61798678  10.37107991  190.9301032  -117.607702  -64.62082386  266.3606369  353.4356633  136.2823826  
148.8915829  163.7531088  39.89634925  222.3000244  398.3911211  532.3960609  140.2870488  343.0679097  335.8698021  349.9841777  668.3144416  217.9394872  394.1147852  284.8364414  -155.5650687  87.03062288  304.3651899  193.328856  120.3195799  57.33732265  642.6580551  7.204376339  20.99850324  15.64046144  179.0422762  -118.0391053  -70.94192186  275.8464685  354.3290332  143.906761  
147.9508513  151.7331572  47.9276342  216.3547588  394.387252  532.1751637  143.4367341  342.6155328  346.975272  358.6599934  682.8698981  223.0543789  387.0892451  287.3869749  -154.367115  78.2658701  298.0334027  215.2374494  121.7880739  60.63676588  644.4403262  25.59173567  29.55415753  21.14493312  190.0975873  -96.21457563  -72.79618448  264.0563188  349.6825429  136.4745647  
146.144724  154.7708387  31.39155355  225.6215564  394.6234975  529.5997045  142.4862269  349.4756104  350.8648581  362.7365133  668.749209  210.743995  375.7812937  289.0641562  -154.8984626  85.61726642  299.7796239  187.3242205  140.1991737  61.50444035  644.4570114  14.80650404  34.22485823  5.55373664  191.3531664  -117.1570105  -51.55919505  267.7241003  353.0856419  133.4446462  
148.7892768  157.7231984  39.15534035  226.6572852  402.0603664  544.9309854  130.3556937  356.2848276  345.640837  348.1143535  670.9658072  219.6886269  400.7306946  275.9927175  -158.9970026  87.9699266  314.6711328  201.5952709  127.8502741  57.17881604  635.2844458  -1.789929885  17.03536547  25.65350987  186.8291219  -110.5386048  -77.39901281  277.3559564  355.493586  137.604054  
144.0869923  156.0608127  27.409091  231.46118  401.7987407  541.8074818  142.9639843  345.8801262  349.5934846  358.4019976  673.8541848  222.1145444  391.0611069  283.702045  -154.696403  84.52103405  311.601244  203.6125334  126.8121778  51.41282638  632.9887592  9.782424994  36.60263539  23.11642352  194.5037094  -103.7638895  -66.61907919  276.7143615  353.925403  129.0691835  
146.8199618  148.873482  20.65342417  230.232536  387.0926979  537.9449206  137.8118944  350.0367109  346.7596236  350.6735806  666.4689527  209.3492592  382.502039  288.2763066  -157.9120445  76.2698758  328.0584127  197.4335588  125.2266653  55.81344225  633.923219  0.3450720014  36.53889538  26.96832492  188.8019362  -103.7974196  -73.56202114  275.5346586  357.5060012  130.8717321  
145.9263243  147.726159  34.16169503  210.6035941  384.7996133  520.9499398  123.7389707  356.6045739  326.9135933  358.7897154  648.6600507  223.5044102  378.0477458  282.9266432  -172.3984993  94.89328616  306.1387778  160.2263928  136.7992207  69.14851388  644.1162335  -2.969152765  25.52048254  -4.285532583  192.7471763  -126.1069424  -55.62180424  271.502097  350.2841913  147.9761769  
153.7324158  140.7459061  40.41530389  207.9715011  407.8564945  540.5674576  136.876947  348.375439  341.9353057  359.1594633  680.0492576  215.5210668  368.5970544  296.2462562  -163.0360402  65.43306742  323.8305058  185.160987  157.330975  51.13305424  654.3942194  6.65295685  18.36009366  11.22828993  192.1980226  -114.8112093  -69.4260162  277.8818656  368.6537329  127.4368937  
165.9383892  140.9373059  35.32440483  214.8079404  390.2679606  554.2432578  135.7220619  348.8747384  352.4252034  359.0430458  689.2953162  214.8217689  369.3267419  307.4127596  -164.9554306  65.10732578  340.6199973  205.5407997  151.3319433  63.3035871  659.6834932  19.90408805  26.81877139  28.00716187  182.6538756  -101.1663047  -88.09216807  283.1028541  368.5685183  141.5578544  
160.2899477  151.2126913  42.71152437  206.7742956  394.1289053  546.4340316  136.9749323  344.8206168  341.1783453  356.0148664  676.4726342  216.9855195  374.6482114  301.6370278  -161.9519614  78.72315481  332.7701007  186.0215551  146.4349992  59.59735154  659.4098866  14.00310192  13.00316047  10.86309115  182.8304803  -121.15684  -77.73738412  278.5773067  366.9463628  140.2131685  
141.3751334  151.3332872  33.94556189  214.9824796  392.14188  538.7671008  140.7155216  340.2605555  318.9922697  354.47513  681.9801865  225.5141542  390.6948086  295.6547502  -159.3014625  71.2211477  327.5434343  202.6173006  127.4117384  57.98491033  661.1661073  10.56591579  18.14634769  26.26568789  172.9160064  -88.20604289  -102.5278177  271.268889  372.7827154  136.9601586  
131.9350294  162.9614481  37.23680447  216.5502653  390.8514951  547.710796  133.2798784  333.290349  339.4190062  371.3054749  692.7665482  227.8853078  370.1554883  291.0881294  -150.8035459  78.4236066  311.5715772  197.1181123  138.3235725  55.34804836  662.1606881  14.41408711  21.61775571  13.72550611  187.7100927  -107.2823985  -86.36238577  258.9570527  369.8352452  131.8619565  
144.2771602  158.4142166  41.24739253  217.2544994  384.3100461  530.0507068  137.8649626  337.4292862  344.2974773  362.6703195  686.7938351  231.5830136  377.5064149  290.0314676  -143.9170441  81.87969042  311.3515522  197.3803571  132.7122251  59.67730827  647.4223422  16.84732228  26.73503117  11.90830703  187.1990049  -113.1860768  -83.53983607  255.6705388  356.3942182  131.7712237  
144.1735743  160.4625516  50.84338545  212.782836  375.2473758  525.3664983  130.0655121  340.2815166  340.2885885  360.4501551  681.9496546  239.5070312  374.9383362  290.2650457  -143.975813  82.99579858  295.1307349  205.3071833  123.5420957  63.38013042  646.7085906  23.06152768  21.31490744  8.477342113  186.8737255  -109.4327612  -79.72199901  253.4231098  345.5717119  138.9838516  
146.5148956  157.8822419  54.23330681  214.2482488  384.6333676  537.422386  141.2419311  336.7800419  347.4823877  363.9391383  689.5716061  237.4903888  378.3293023  290.1693479  -149.6176215  81.91501596  299.2827013  206.5393695  127.0750874  66.65729423  662.9957756  22.8723219  25.32876658  11.5191619  191.8900203  -106.409019  -79.07175027  258.4249756  353.4478855  149.1655256  
146.4801388  150.9808709  41.85099222  217.0109027  383.6091174  539.2035788  139.594097  335.6628596  348.9507831  359.1303604  680.5203251  227.8120145  372.1474768  288.4767069  -145.9544269  63.74975472  313.352927  209.5652962  123.9824014  57.38681588  646.377677  15.16997537  38.707369  22.44120883  198.3100798  -94.59903135  -75.95382964  253.9659602  353.1563912  124.7820501  
145.4335384  161.1363583  32.79594134  211.4684453  381.0302664  532.0297352  123.311661  345.683471  326.2488801  350.4483353  664.7254243  221.0390129  374.8907526  287.4963355  -151.2858423  83.61251893  310.0548997  195.2141064  125.2938825  54.95505002  641.5936125  6.507072673  16.86934423  13.358755  181.3232692  -98.47725265  -83.55092803  260.7132978  358.6018409  131.5881297  
148.4505196  156.7127563  33.9645138  217.8709949  390.5723845  541.292382  124.6366004  352.2666647  328.0751996  355.9068587  661.601326  231.3402668  391.7602122  288.9281279  -151.831044  89.41098808  308.2475515  199.1642891  132.8656637  58.53876518  634.2115138  3.179561547  22.42327402  17.68785076  188.0150823  -99.52600142  -88.78382774  269.2296996  358.5114146  141.3373393  
153.6037626  155.3371336  49.35820687  213.7523021  386.0022285  533.5646899  131.9066262  348.0516314  332.7568015  345.2352247  676.9251633  235.7337325  381.7046904  284.2336031  -148.2223591  87.38100212  312.6244486  199.0398389  133.0076255  52.56630606  638.3296432  12.42747774  15.54419807  15.37742258  179.6627957  -112.4203618  -85.0376789  270.6389129  353.6227973  145.4947428  
144.2874703  152.0387147  37.29374367  203.1782064  390.7156933  527.2133311  130.0050999  339.0954997  319.2103018  349.5230761  670.922462  231.1410904  386.9275289  290.0840057  -150.703264  76.34962961  308.2540976  212.4995388  120.8016225  55.48298626  632.6358443  23.02187283  14.89200467  23.96360005  176.9376813  -81.73086255  -90.99109479  267.4971875  353.3138238  134.8245942  
143.871234  149.4527524  23.17682381  213.054811  397.2211486  534.4655044  115.6677308  338.6805109  310.2351133  356.8888354  662.8117507  227.5313241  373.2501313  282.5936808  -157.4268617  75.15702276  309.7608065  191.1690027  143.6555473  50.15735949  629.8323339  13.85049116  19.5312072  21.93226048  178.0223642  -94.95353264  -77.19927022  278.8768086  362.1111464  135.7429063  
144.0249042  145.7591774  36.45433584  212.6711919  387.4815614  530.6290143  136.1503162  336.446804  312.5184281  348.230507  685.3564373  216.9517224  372.5947534  285.8854871  -149.9726732  56.56338081  322.3632391  214.1039577  114.2763625  50.77792974  644.5874872  18.9660375  19.23071908  34.10936686  166.7165023  -79.34626264  -90.26087206  267.2303713  358.5050497  128.1735079  
143.0385279  146.354345  38.55481579  216.1428022  396.9457998  524.3148077  146.6608732  345.1658821  327.6781921  354.9725885  680.4512628  215.078623  389.4404522  290.2925764  -154.9141901  61.09140778  315.7627649  214.3206672  118.8281009  64.54348121  646.8200305  14.92231553  27.22004587  29.18291043  173.1387657  -85.75549359  -88.1636558  265.5799667  351.8577374  129.2114676  
150.9122914  141.4843751  45.33834485  230.6698059  403.1549535  530.0358461  138.5154927  352.358736  352.0231649  358.469314  668.0379978  224.0945374  388.4993689  271.6537924  -153.9654544  85.85521763  314.8840784  192.7452953  132.9909157  57.45409264  628.2164045  12.41645069  38.87704947  22.70027547  194.1306295  -116.4183737  -60.9925258  270.9137842  348.5538793  126.999792  
154.3110595  147.0541022  51.34275038  223.1153516  384.0353117  527.3683121  140.9237272  349.277966  351.1904981  348.2474298  680.3594794  225.6196482  377.6380348  286.41417  -150.346235  88.1534104  307.1206217  201.7227918  131.679023  53.71020316  649.4453696  19.89287998  24.4619446  6.86112412  184.9097109  -118.7913899  -66.82207234  264.6284605  350.670569  136.3967085  
139.888009  147.4677671  32.55393673  221.4652756  392.6801768  540.600403  147.3885808  349.9658067  352.6515032  358.6899676  671.2330381  223.3746071  389.9297638  308.5530692  -152.6820481  88.31814835  321.3551503  212.9863121  133.4504665  58.76031826  656.081655  20.36200766  29.44731204  15.25891276  178.416061  -97.85482469  -73.38467482  265.0296843  356.7599278  133.3865922  
135.7200777  153.2721875  19.58443019  232.4349494  398.4415404  540.7186927  148.6993222  349.4869318  343.4279837  357.559511  672.4491595  207.6532117  390.7372535  303.1502693  -157.2086364  78.44628641  333.7021503  207.6185808  132.553554  58.57086178  652.1042189  5.348690289  30.20159709  26.87351526  172.127545  -96.29740084  -83.14835357  275.0105728  358.7196954  128.9856066  
135.405413  152.3242455  25.39942672  221.7601222  401.2079792  542.3933166  142.2030635  343.7049423  341.3473023  355.5062229  676.063697  214.379509  391.0066817  293.9185687  -159.9462215  73.96717209  319.0014817  207.6736151  131.9470909  54.15876442  644.1487204  5.155396885  21.0271813  25.99740817  184.8749438  -93.80711961  -88.54818615  273.2379927  365.9649933  129.995258  
136.2935779  154.9248734  22.97072861  218.1682712  388.2228734  535.377229  136.7002654  344.2926077  325.8120044  348.0412512  674.7342467  212.8167958  385.7766887  291.2380437  -160.5619215  76.21892585  323.0975714  209.0844961  127.0132858  56.34216493  642.0241283  9.939985013  17.70966061  29.29057591  172.5504908  -91.68213143  -93.16192479  275.1189637  362.7047745  135.1658782  
141.4635092  156.1773422  30.31406572  223.8818527  398.2758006  539.3478436  135.8168262  332.9825437  315.6724669  349.5176229  674.7570291  219.8225928  382.209575  282.2990753  -158.1905075  72.76083368  316.6742789  196.4757577  131.2863889  57.10103095  644.433247  9.414386229  11.88238413  29.26022264  170.149224  -98.59614795  -90.42135552  280.7854249  366.0846396  135.5235152  
141.6272155  150.6322027  30.6466899  216.2240032  396.127879  540.9918872  135.8061738  342.1511911  333.951508  357.6075435  680.757758  213.2898659  383.7666462  291.0485483  -161.9262904  76.53988665  315.5475945  200.7589835  142.68068  56.56687341  648.0320616  10.03109353  19.07677398  17.67519255  178.1625177  -106.9817754  -87.72822006  268.9527642  365.3284852  141.758929  
146.7189782  152.8810712  37.5373077  222.7206692  395.6633434  532.5853233  143.7813225  336.5727314  331.88138  352.4368077  682.8763456  214.6806751  377.3142082  297.7247598  -156.0941186  68.19604374  322.303628  201.1466682  134.6460614  57.93325193  652.4703143  7.650735937  20.37794655  21.01891489  173.1966282  -106.6319774  -88.99214699  275.0888679  365.8358218  135.8028363  
145.7576287  148.190148  39.8666718  216.6595346  390.273562  536.3513395  135.0690271  344.8065998  342.1538336  362.3032449  677.5750344  220.9877174  379.1252429  290.4848503  -160.9204498  80.52943711  312.5850972  196.3946211  139.1788579  61.12930557  649.2554635  10.61235256  25.61633622  16.3033685  191.7794748  -108.0223183  -83.73301855  264.4923312  362.4332295  142.908445  
148.4637304  158.6332167  46.5389018  218.1576472  393.0155949  538.0536686  132.6724255  340.0883236  338.067318  358.2845086  680.167148  222.2618105  374.3430822  287.5127268  -155.3915697  78.61512597  317.94798  194.9216782  141.3142762  55.03677087  648.5579116  6.697682175  20.04651949  14.99111529  186.9244287  -119.3302128  -76.50769663  270.7084832  363.4367683  140.6976023  
155.3436499  145.8066763  54.54303881  212.2402724  392.4807824  535.2012251  139.4669478  338.7878793  334.9271001  355.7886334  685.3483418  231.2484147  374.6201577  285.5921515  -149.300278  73.92819652  309.2569929  196.9868911  135.8736817  57.01891946  660.1092776  27.83039697  23.05338907  15.730621  186.9027063  -103.0374447  -73.27070334  264.7925475  358.8035245  130.5644237  
151.0986499  151.3228854  47.17607068  210.1416409  388.2531949  540.1981329  140.2137246  335.7496386  337.0913728  362.208297  691.2908925  228.8847443  375.1055419  285.0481454  -142.9673512  63.34914345  300.7062618  215.3918878  117.0166667  53.96592759  647.9399882  32.71954211  39.57770478  22.77019293  189.520238  -89.63980719  -73.17788057  252.3566417  350.283452  119.8531925  
155.9806328  151.5155448  51.10800728  215.1289686  386.2898755  529.3511123  141.3224869  340.7881738  339.3104968  352.389775  689.1897944  228.2997981  381.4121628  285.8216138  -144.7234553  72.98049978  306.1987866  212.9571031  117.780242  56.07207547  644.6680079  27.64663117  26.63107844  16.79960067  178.9812201  -96.76257478  -81.06891017  258.9420035  355.5872848  121.7593465  
162.0048566  146.4211994  56.66543095  222.3738847  396.0958551  525.6099273  148.3048347  347.8923939  346.2418008  362.2738946  690.2106103  227.541071  377.518491  283.4957169  -151.3459363  77.24893417  308.8220123  199.5372445  136.3011358  60.40319035  649.4453143  30.5735965  30.6163383  16.22049427  185.823633  -100.1967143  -70.41436448  270.9814156  355.9398607  131.247933  
159.8366591  152.6987745  52.62777099  214.0460813  392.2739719  540.5987714  144.7602967  353.0515367  354.8883839  356.5842908  678.4247475  225.847743  373.987841  286.5333061  -147.823369  82.3715406  308.2903907  206.7363319  129.2291008  58.02743414  652.448696  28.49556747  26.86848573  10.0907447  193.1794131  -96.77393929  -62.71027924  266.1434303  351.2889023  123.7032714  
150.1379907  158.1641244  32.78058433  214.5002768  394.7879161  536.2337898  138.6507859  345.5580904  338.2574447  350.9988412  671.9946341  220.9169684  383.4407394  285.0137408  -153.8327519  84.72758649  313.3299971  197.0948297  126.0641991  53.37651863  643.6332168  12.6093326  20.78040769  17.06635985  180.4356764  -105.7351025  -76.00323646  271.9648816  358.2356768  129.5270574  
138.4080026  154.3283594  27.0104327  214.8976305  398.8469992  542.1783925  137.7932951  340.1071894  332.1390353  359.7682972  674.9158132  221.4336201  388.5164395  284.7617945  -162.7114181  78.06505078  316.8110068  201.5848499  124.7611856  52.79847279  648.7886839  7.974040912  21.70818996  25.60188995  187.9399663  -104.5071392  -83.37579394  276.3668757  364.9987919  142.7578111  
136.7047876  154.6153696  21.09658468  222.3118444  391.3594279  540.0872384  134.1840228  341.2344434  332.5370305  358.21963  667.3159543  219.3141458  381.086305  286.6575704  -160.3085528  83.30336669  315.9047264  185.3398694  139.9396113  50.96312448  648.1527606  4.642701832  25.42313876  14.64372202  187.1966721  -121.6111285  -79.30928033  274.5557276  359.4554255  145.4648119  
138.6356099  149.78723  30.94038382  213.3979307  392.7774493  540.5739779  127.3633551  343.8951537  331.2946377  352.1189688  663.8874349  217.1916496  386.8272838  287.4220334  -162.9791759  78.79774809  321.6123944  194.3175141  137.1379104  56.04881007  647.9054144  4.992895313  15.09057468  23.63859243  185.3811284  -104.0656702  -80.45532872  268.1722679  362.4505488  139.6575035  
146.6838006  148.3144477  27.13510173  222.4638465  397.3088886  529.4112905  127.8473296  350.3000246  331.5409661  356.930341  662.4377691  213.7828639  374.7556964  283.5746093  -162.6634125  80.23973449  315.2083381  182.3922614  151.5919726  52.60913304  639.7906483  4.840662206  20.71062464  16.26934351  181.1202463  -112.6800989  -72.2811295  276.2336069  369.3786014  136.9320781  
147.4784391  160.1101526  40.86199849  227.0550796  402.2949859  530.3267068  131.9658557  346.4887884  333.1285495  355.9364455  676.9726749  220.4426823  385.1412423  288.3431214  -154.5478159  81.56966742  315.6245309  191.4008835  144.0963592  55.84911482  644.8698071  2.477033629  19.45347058  22.76061636  172.7779714  -122.8182159  -77.8736097  285.2631533  364.3120445  144.037104  
146.8420906  150.4261764  46.87014459  218.8742097  393.0564176  534.7095555  142.9089378  341.4427495  347.6761384  358.8988625  684.9325444  229.3084432  383.2937864  290.8991314  -148.5895355  74.69500843  307.1695563  219.3529149  121.7991226  56.75849728  639.2209421  20.23767806  31.23580969  19.67993708  189.0125705  -93.98857337  -75.00710985  262.7685932  351.2905391  127.7922885  
145.0709187  147.2388965  28.56572335  219.2430169  384.7005876  537.2513195  136.6770738  356.078602  353.0737432  356.5991024  667.819087  206.4830612  377.6967594  297.8695075  -153.0694952  82.18524467  307.8670569  195.2250708  135.2192052  55.8711211  645.9529374  10.69899917  28.74572212  5.918530255  184.0293923  -110.8909572  -64.38618192  260.9618149  354.2495077  128.569384  
150.0069274  157.6170759  35.1004436  234.4438273  403.5184743  536.7326523  140.0043414  347.45609  339.6654201  361.5189175  678.4448629  222.4239043  387.565787  292.3332937  -150.6886335  72.06324803  315.4733579  192.9134526  134.9607623  60.82417583  649.8452409  5.684450103  27.20678517  18.78924997  174.3631764  -102.3920596  -83.56098696  279.9580681  354.6360138  129.3783028  
141.904876  148.9992012  34.59341705  228.301327  393.8461189  531.7200152  147.6107719  340.9959117  346.4775358  363.8458103  677.9619007  228.6634192  381.9983751  289.6506842  -145.0624501  72.61397594  304.5176338  216.4233292  118.131645  61.25652846  635.0561641  19.69660627  49.18686446  23.52313914  194.5336382  -88.78336426  -71.33581253  260.8969386  346.3607825  125.6746806  
146.1186931  142.1130825  34.63754798  223.7614054  381.6153358  513.8191172  137.4715235  348.5805136  328.6204193  346.9650235  669.9380204  214.6973754  379.0548298  282.5175329  -141.9415176  78.69306056  296.4670553  201.3216853  121.1697673  59.27061518  627.4746678  17.28288966  32.77169159  13.40436867  172.6838348  -95.23971251  -69.06200093  256.5615741  348.6127402  118.8562128  
