364.9341307  354.1841907  425.107092  -210.5869548  296.5123752  283.0406179  77.66342181  434.9465068  201.8374247  200.8096137  1070.757487  93.21980389  347.3080464  223.6926283  -294.4849547  -116.633375  153.417013  76.66434783  146.3471957  89.12201074  551.9760853  111.6162449  16.82857577  61.95528256  38.71527982  -222.1315546  -75.55416138  124.0127488  396.2018186  -66.44455676  
367.320967  366.262793  416.124025  -213.1607347  304.7705694  268.6421751  89.27805145  412.9132357  200.9969548  176.3364771  1079.771585  92.20496344  352.0053811  226.0009946  -289.9694027  -128.3931884  133.7697295  88.26423143  126.0210587  121.7690574  569.0844264  95.57936567  22.10271473  68.66759205  46.64330579  -239.1116239  -87.73025312  118.4199393  403.1559699  -62.16177994  
370.2986572  372.9178357  419.5279736  -212.5600862  306.1978328  271.2687027  91.83863522  411.5484305  198.089969  171.474651  1077.853663  92.06230444  355.8515162  220.1636381  -291.5440011  -131.2643552  134.9536012  91.48455074  126.9649815  116.4047416  568.4283729  90.7688028  20.91243101  60.67796624  55.0220913  -233.6336946  -86.88201713  123.3398072  401.9753016  -64.85736478  
366.4908106  369.1109242  421.474259  -212.941065  307.5014546  273.7209841  83.24309724  416.2177592  196.8295975  177.5496542  1072.974588  92.66219836  338.212441  228.8369634  -293.2764043  -124.2107304  143.3749447  88.7965269  129.2497767  116.6131547  560.357712  98.81026772  25.04988322  64.88591888  49.04766889  -229.5916704  -87.95202773  123.739677  394.09593  -65.71089367  
371.0192975  365.5161577  418.7621892  -205.6394353  304.2592194  272.5044377  88.47778841  425.5284298  192.6296642  186.5102675  1069.624601  91.71760555  344.8789936  227.3570844  -295.0276826  -138.5132062  142.4176166  83.21898595  118.2131839  111.3415639  567.6388522  95.59996763  20.27566933  73.96199245  36.45341654  -229.9443207  -86.42128112  119.3350077  393.0385826  -68.32596744  
376.3789943  375.1370827  415.7069579  -206.3838068  314.621595  272.4631425  92.68817133  419.5562998  185.9817815  177.8984352  1082.442174  95.15594992  364.2754921  229.3885147  -290.8791679  -135.2121906  141.2063867  106.5652738  136.1480613  127.2891732  582.143513  85.88856911  12.96616681  60.96212697  51.82875517  -227.2112745  -91.27338624  118.3525413  405.7993651  -56.52744427  
376.2255066  370.3489747  417.9035771  -204.7503422  294.9791447  270.2866939  83.33508127  418.2379674  188.9394268  179.8644352  1080.823809  103.3531797  341.2461038  240.8621053  -301.8649778  -130.7367901  141.7218822  84.16788497  128.5879515  112.7328578  577.6924151  89.78070315  14.38028241  73.17525231  42.25102389  -230.3589286  -97.74456278  127.4485564  389.9845392  -81.82186366  
377.823282  378.4520838  406.935293  -203.067341  326.7050667  267.5941857  97.41446195  410.1233318  179.6378121  178.7277205  1083.953716  92.86610683  365.2456977  233.3415089  -292.7755851  -132.6870403  136.876108  107.5624655  132.2714316  149.2195931  592.7388317  76.6644922  15.01974384  69.47923784  62.78708518  -228.0267896  -100.8337486  117.675045  407.0815013  -53.35364197  
378.3073796  380.6637696  399.232254  -199.64353  313.5306346  267.0735331  91.92510447  414.7367748  174.3262379  181.7489681  1084.570788  95.83995034  359.4709273  236.2481651  -304.9062325  -138.9510888  136.3010575  113.1037959  125.5646861  140.6224583  598.249405  71.46550928  7.642828638  78.1493625  63.58460287  -228.601439  -104.2574868  124.9383137  401.8032711  -65.37715919  
376.9207499  381.6075958  400.1441686  -202.4559986  315.3193661  268.1132297  99.6140585  408.0388939  171.7445715  161.7564456  1083.019078  97.11595704  340.7060527  231.4669709  -298.9832708  -137.9117405  136.9080259  108.6655771  107.457723  158.0227996  595.3574389  66.80726418  17.57942961  73.26095673  63.39345074  -238.2852543  -113.1759394  123.3506609  395.3754858  -61.18141056  
377.2391083  380.9295829  398.6379  -204.6746896  311.2326269  267.2976159  93.98711367  414.4661945  167.4293099  165.6709325  1078.07114  95.14365616  352.386425  230.4748227  -309.1049069  -130.611039  136.6655885  117.2869222  113.3721418  150.5489002  593.8434188  69.20335973  10.68872263  76.63495781  75.09792556  -235.4045286  -109.5811141  130.5075942  393.6497905  -65.01575582  
380.5121028  378.5992418  392.9615505  -200.6369587  318.4569608  268.1309503  100.4089579  415.910083  176.8512468  169.1031824  1082.475434  96.26720951  340.0549157  224.7419049  -298.1753041  -151.3299732  139.4878243  96.44509077  107.5280846  144.2008114  594.0627691  67.70519331  24.23221094  74.40013864  63.31861344  -232.1661117  -101.9500917  119.4893914  410.6558706  -52.21329396  
376.4246545  376.5264922  386.4572547  -195.6591144  305.7656831  272.504209  91.224276  409.8008773  173.7669113  172.1536266  1079.895413  95.76681591  338.3881143  230.6444268  -311.4012284  -134.8543975  125.2016026  91.84222056  103.2976123  138.6734532  584.7500886  61.71500318  17.39366387  105.9231959  62.24055788  -242.8900377  -107.8162046  134.8320987  396.9766512  -73.7926519  
374.490238  380.5171358  388.4306903  -202.5543394  316.6860031  283.0560159  89.63414607  415.4435731  176.3666331  166.1377665  1087.170591  91.99725169  323.9425823  219.2483989  -305.6602215  -142.0282532  143.0099733  97.64083057  113.855716  126.9131479  595.7277809  62.1951927  22.12202872  67.71373437  65.6255101  -228.1151347  -103.6241752  123.1991687  407.9233861  -54.71838033  
371.9646143  375.1596849  393.3630955  -199.1903387  304.6358098  275.2345345  88.13783999  413.4700729  172.69776  163.7927675  1079.118573  91.28410906  327.8223092  225.7497422  -307.6759051  -132.5131161  133.0102921  95.50452509  99.19093317  131.75967  583.8529216  64.20490848  18.21622463  93.20720118  57.82013523  -234.5022073  -105.6013286  129.8956767  393.6130504  -68.12240076  
370.2631201  371.150385  404.5415401  -199.9692762  312.320077  274.5271891  91.99553034  427.6417699  174.4842288  174.4241466  1074.498704  94.46573096  320.8158476  227.766012  -300.6902773  -146.6890741  147.5853619  84.61034528  109.8754184  119.9643705  583.4262616  76.03040903  20.63314104  71.00993799  52.13496402  -210.9587505  -100.3875744  120.7054232  391.0953424  -59.52401706  
376.2770839  375.764584  400.7774496  -201.4935491  309.9391366  273.8878278  98.62441499  423.1887233  180.2575852  172.6312777  1076.965545  102.069629  341.3952068  226.8998824  -292.9934583  -143.4289131  144.492708  95.41814783  115.7516132  123.6052102  580.9561654  73.59622387  14.75829129  72.54070895  50.05640411  -219.9458244  -97.80327251  124.6407447  405.6745605  -55.91938815  
371.6883922  368.935676  413.8292973  -207.943875  311.5938076  268.4932773  90.86192461  414.3054909  187.643035  179.267116  1075.511344  105.4149792  348.3535048  223.3843414  -298.4218793  -119.0707339  131.7986276  84.42961395  125.7544141  115.0123908  582.5107316  82.14116876  16.96237329  77.50741574  60.5025899  -226.3819682  -95.71775445  135.5214681  400.4789712  -75.15393549  
375.884878  371.4259651  414.3438517  -211.6264218  318.1340012  271.4918789  98.71975663  414.5666633  185.9925863  162.4482585  1075.364917  103.2521487  348.5234142  223.4967107  -292.5676281  -122.1780276  141.8360109  95.07849307  121.0329255  128.2672271  578.1630975  83.88795008  21.57828975  57.08195683  67.29634956  -227.5032836  -97.11092779  128.9796606  407.1969354  -64.19937177  
374.4246639  373.6299725  417.1450636  -207.1123954  316.1155117  268.4147111  98.23632783  416.2398424  189.7573041  182.4636893  1076.321917  98.31449262  367.572636  228.0417967  -286.9411761  -118.162906  142.3646042  97.60119446  134.6387049  132.0353773  585.6644981  92.83730337  16.60615165  69.63291504  54.67465352  -224.5064636  -90.23512212  126.4867274  397.8592194  -57.69267802  
378.1956335  372.0152548  413.7596887  -203.8978813  318.7287544  271.2171738  96.41198156  421.2259025  189.2255317  178.1067439  1081.189896  97.12084614  355.6338382  231.5980658  -290.5519229  -125.7187372  153.6000144  89.53350683  131.420646  128.2916961  585.512824  84.89917125  17.96751186  63.4901144  61.73724616  -226.7811195  -94.85106107  122.6916564  412.7639948  -56.73341421  
379.3599212  379.2462816  416.6291494  -204.235886  305.1981228  266.5036306  102.9860237  413.7444968  180.836391  170.5358854  1084.413876  99.8376475  353.785257  233.2953109  -293.6001414  -119.8289891  145.9798641  98.94642988  118.0549855  133.457775  579.7954555  83.15466279  17.02158955  79.07176948  57.22479556  -239.7810292  -102.4436765  129.4075836  409.9941901  -68.67808008  
376.4292746  376.7847921  412.02225  -209.0156101  318.3798361  262.4444642  106.8644296  409.7533326  178.379006  161.6020731  1086.44437  99.7904935  341.8345374  232.2379854  -296.470799  -122.7043402  146.6067432  93.8032664  112.3930194  132.6424407  583.3519867  77.06834742  25.52273777  70.04830563  73.00458235  -227.7539163  -104.4824954  131.2168523  412.2098773  -68.27254284  
371.8770255  370.74516  421.231737  -206.9107147  302.1718581  259.8258145  85.08282745  405.0907024  185.6271795  167.2310731  1079.569923  106.4956118  345.7633792  228.6858403  -297.8094942  -113.9007802  127.5014759  100.5295383  115.6436432  125.2327239  575.9019339  80.82698798  16.47721658  93.60928235  58.54477976  -232.6340297  -98.98371938  134.5007331  401.4352936  -82.48628061  
367.5603424  366.8317568  418.4682305  -212.7748391  314.6296911  257.6828876  75.05403643  409.5862644  184.1411414  178.17629  1069.336677  99.83703629  363.7674187  230.0734149  -292.7768526  -109.1962877  125.178477  112.8684112  140.5284144  119.2098709  579.5258393  88.35718768  10.76227768  81.45309612  55.80582366  -220.3593299  -94.06792712  128.2641845  401.6513025  -78.98710076  
364.6468221  372.1131351  425.5752108  -213.9204336  313.0627399  251.0857217  66.25061076  399.0947313  191.1242431  165.7872174  1076.441259  98.37753733  365.1655398  236.2986424  -289.250199  -106.0853484  117.7925  108.0548455  141.3041427  130.5863783  575.1598377  89.19230341  11.03058234  76.12149368  52.18117449  -241.5447251  -97.21899908  123.5718287  391.0924331  -84.94048078  
366.150405  369.6833064  426.8846064  -215.2231935  316.7576742  249.0418828  76.67696869  393.5409237  182.4890072  158.2747132  1079.084806  98.65669428  361.9643256  240.6695891  -293.7572556  -94.42853224  115.4425803  109.8291059  136.7678  133.7485272  571.0184062  89.79113939  10.4246088  87.00797357  64.43100307  -240.1212811  -103.7459938  130.3737613  394.7619701  -91.38362441  
374.5268673  373.0762934  421.382095  -210.7846023  316.3789165  246.9259984  88.99301621  400.5780566  184.9156793  157.1984339  1085.416727  94.00739344  362.9182461  239.8879703  -290.3491084  -113.1669889  127.101807  101.7411663  122.3227671  130.3292689  568.3967159  83.98466661  14.77400894  73.95818675  63.68867287  -250.0646211  -105.561035  125.3303035  402.7311712  -81.64742356  
376.7446972  377.9250226  425.2030313  -212.7021535  315.8207495  251.5438394  85.10371949  390.5298763  194.4564009  160.0470928  1091.902819  97.01392521  367.0946855  235.4703616  -290.9742007  -108.0413554  121.0441164  103.3084961  126.255586  131.6626517  575.9614906  81.05050148  16.23866636  82.89583525  65.20067056  -249.4896549  -101.3723904  130.251055  414.1189046  -85.21697781  
379.4654495  376.7099897  420.4098951  -211.4327168  304.0420548  247.7408536  88.63690356  398.672375  186.8446278  157.5820942  1088.716994  101.2228032  360.4389569  239.5175116  -296.9850484  -106.7597924  118.9007413  96.92146273  124.9219501  131.3078566  574.6918535  85.38517627  9.462924953  79.76799111  56.10196299  -256.6502976  -107.0106205  131.2599227  400.2538367  -89.55331261  
376.7752377  381.6120097  418.5920969  -217.5446067  315.12377  249.9810364  92.73286014  391.9706784  189.6806945  146.0232643  1090.779459  98.37006285  357.0353178  230.7114371  -294.2777748  -102.6075674  127.4859766  112.3171745  122.5997533  142.6348991  590.8371107  78.30128851  17.71204522  73.41682787  74.87801115  -254.6130235  -106.079114  130.292084  415.5207027  -78.84751442  
383.2497497  377.0006041  409.0495839  -209.8744149  309.9717578  252.3766127  97.53892631  402.7031713  178.9361363  151.3095025  1084.313861  96.25284305  358.4363054  229.2244867  -301.0286987  -122.522154  127.9257335  113.7083374  115.7789891  145.4670949  583.4476324  75.05158427  17.55869181  72.53244663  69.17166253  -252.8175079  -108.4787112  127.1377715  411.779177  -73.87027215  
380.325373  374.3015035  412.4549828  -203.6773082  307.4846226  268.3543831  97.57499151  417.9192942  180.2190923  161.7464981  1085.820404  101.3623749  322.3250035  235.8985101  -300.4498067  -137.3069092  152.3145131  93.14416145  107.5062361  135.0594648  592.2450854  77.48147973  21.54219794  74.26543747  56.75989615  -233.8370965  -106.3302516  127.6995318  400.782315  -67.38340759  
377.9730834  381.9187464  392.8092606  -205.2926403  333.1442197  271.8996101  106.2157327  407.5557746  177.3436485  158.8057144  1085.709844  88.70537394  347.0484048  227.3177867  -291.0247443  -150.4775995  141.5696422  110.2166235  105.8591648  162.6843702  597.7273605  63.58482563  23.06662462  66.76763134  66.6323557  -236.7065512  -109.8307976  112.4043378  414.226528  -46.68317351  
373.7006205  379.9384847  392.3232238  -200.0318478  308.420905  277.07988  92.940174  417.0062638  164.8598863  177.2848122  1074.499904  94.2238318  362.5801216  229.4094221  -303.4813092  -143.2047642  139.772433  119.4059506  117.8362953  142.4294803  595.3578215  63.94535543  5.993706314  82.13483447  68.52334926  -225.0252889  -106.0543708  127.9586955  394.4297903  -59.38618314  
368.5658652  381.9819862  391.7753919  -205.675303  308.7708484  286.1168532  88.89379175  424.8350674  167.3574078  173.3115094  1078.206818  100.2319364  319.225421  226.6723353  -300.9787553  -143.6685319  158.1968514  108.4122122  114.3507153  131.4014711  594.1095412  67.17631631  13.05604414  59.30426769  58.89085037  -213.0804372  -106.0323296  125.5469713  388.0246183  -57.85359304  
374.1929569  382.1235911  398.0921012  -191.9727799  294.4687246  275.7312432  92.93729408  424.9164664  178.8591273  183.7589922  1080.675937  93.94246279  350.2165958  227.1523917  -295.6897562  -148.6188476  140.1313203  89.96423623  111.6519355  122.2709761  586.6900596  67.40120997  9.71764377  77.4627587  39.70629274  -233.9420537  -97.29733301  123.3889408  385.5230498  -64.16999812  
367.1477138  375.769134  401.9440634  -198.7934376  301.1447952  280.8328742  83.24993561  426.6493329  174.9895594  177.1540484  1070.508246  101.3142895  324.0987397  222.4608227  -305.2158785  -136.9170473  150.0306369  88.05489553  115.4661846  117.8010477  582.3626743  74.24691595  14.0976248  78.06222362  53.17310218  -220.635542  -102.7858724  132.7128902  378.6942727  -65.90356416  
367.4180995  380.2944716  400.0737918  -205.7161459  308.5370023  281.5769287  88.74430873  406.2498621  180.6678168  162.5245528  1079.585858  91.02289301  349.563941  221.2590805  -296.0292642  -137.7416792  119.4272473  102.1691987  117.392187  136.7506653  579.8332662  67.45288801  15.25814072  71.99863783  52.25887074  -241.4852296  -102.9643915  118.9843394  398.3250872  -63.71850313  
368.4981282  370.4181725  406.5442826  -208.1973387  303.7308766  275.0223488  90.95936376  422.2018471  180.1882918  171.7966227  1080.025329  95.53591914  352.7623486  226.6634306  -304.7557284  -129.9398963  144.2915625  101.449402  121.4495251  120.299436  576.2876924  79.95756258  11.56187242  71.80685546  56.522549  -225.8950276  -92.77340906  128.7236544  389.0538621  -65.81784444  
376.032507  369.0487777  407.4017911  -206.8212481  330.2105507  278.1055654  105.4715495  413.1597179  194.3113409  175.1262779  1084.727491  91.04873199  349.2742935  218.7708733  -297.5649728  -125.9342044  137.7011574  74.95861963  116.1000399  134.7361751  578.918928  80.66107381  35.29957503  64.40474459  62.99349566  -229.8329393  -86.03389106  120.0894578  408.9118715  -51.27234585  
375.4848777  363.2511313  415.9840129  -202.8450357  302.7834401  274.3163205  97.52497361  426.7605435  196.4189688  181.8221077  1083.073198  100.5177379  345.916072  231.5852251  -300.667539  -126.3260861  139.8884551  72.34797567  121.084158  115.4719104  574.5852685  89.08943282  18.37805099  81.67819406  43.4590057  -230.337833  -86.00892367  129.9187377  387.2854059  -68.17301438  
371.4510688  373.5984874  413.297257  -208.8672084  319.1075851  271.3139332  99.69155227  414.929074  194.0750601  172.8626113  1076.180424  95.43439992  355.6250923  220.8800231  -289.0729015  -122.3041426  137.4009884  90.93391306  126.1803948  140.1645205  579.5908595  88.12118961  24.88164753  66.17173187  55.76341915  -229.1036835  -89.06565924  126.025671  401.1546527  -57.04550321  
379.5107911  373.8432102  409.174787  -200.9570016  299.1862544  270.9283619  103.5565445  426.0938656  189.3501246  174.5270885  1082.106711  101.8784383  350.2000039  227.8714351  -296.8603894  -141.9146277  144.2453223  95.14931748  115.9084149  118.6903552  579.1674108  78.44183191  14.20751513  63.16700444  51.99190398  -223.1016219  -91.18934728  130.0779188  400.8051915  -66.62259594  
374.1903214  370.2496895  412.9096727  -213.8328246  319.0710463  262.3869993  96.24320743  416.1884019  195.462726  176.7044458  1085.874098  100.6247985  360.7709675  227.4539965  -289.8014173  -126.1041824  145.808007  104.8234786  136.654188  129.3066189  588.9392996  93.84152676  15.38985946  55.54418651  61.9686241  -225.3425452  -87.42562356  120.395101  412.9034597  -57.34423725  
381.1757485  371.8977656  415.6374799  -198.9446253  310.3725096  269.239765  98.24688493  426.0872586  189.065713  199.8506493  1080.415109  94.51681689  352.3717109  233.655976  -292.0960955  -149.1246095  137.3994021  89.90548008  118.8356854  122.8873028  580.9152614  89.59709028  17.71150297  75.85318816  45.78177839  -219.4042339  -88.70912385  120.1941272  406.5652597  -59.05041271  
379.6616166  373.24696  417.3968728  -206.084504  309.4905085  273.5459488  96.24877072  422.7962881  190.6183221  188.6815054  1082.41164  99.38147189  345.0818283  236.5514607  -297.2366244  -132.3975088  148.1439642  87.84247873  127.8647207  124.150107  583.4288181  92.31077459  15.92375104  73.09785941  53.77014445  -224.9702081  -93.37277404  126.462957  399.9115913  -60.556693  
377.8453975  373.3141927  412.2786469  -207.2799957  308.4386145  271.1520274  97.93881852  416.9925226  191.0768315  180.0557087  1078.287323  98.08746304  346.7543247  226.00381  -295.1392782  -133.2423501  140.5273326  98.22042293  114.1152706  128.7210027  585.1801322  84.98795841  20.18654982  69.03108279  64.0810685  -224.2124724  -96.23332223  128.8411318  413.1422236  -63.26732623  
379.9189452  368.3006771  418.320517  -210.1479831  303.9499537  270.0723486  96.22888673  423.6591233  187.255687  170.3414458  1070.110078  103.037034  333.3048257  223.6217159  -302.6833454  -123.3513008  147.4377893  87.87472776  116.8597042  117.8928639  579.6315839  89.57750716  22.52094868  66.65895697  71.7809199  -218.953228  -96.00182481  137.7323985  398.7625673  -65.94461313  
381.3224991  369.7543521  416.4800951  -207.4990546  320.442209  263.8417694  96.40353521  421.5790265  187.3668822  185.4695241  1078.380238  96.21175915  353.1952797  224.6624376  -298.0469408  -127.6622546  136.5870835  92.56609807  130.4248956  123.6323069  587.5881887  87.39437426  22.94662319  69.48875238  65.75535941  -214.0138409  -89.15202376  128.2064345  410.2137032  -55.37682269  
374.2913121  375.6638734  410.9725538  -204.0117102  321.5591441  261.2876971  95.28570428  408.6662271  189.0117299  181.8927865  1078.303451  95.67894479  346.9373981  225.3685986  -286.9117712  -134.0626251  123.3682727  89.20790527  118.8365596  130.4927479  587.5318573  87.16303817  26.284534  90.41567911  51.31947733  -221.2792392  -94.32972494  121.8057578  407.4555973  -61.09158495  
366.2450793  376.534429  408.0286641  -207.8111706  315.4615052  270.164774  83.73661534  405.1018598  184.8325441  165.3547421  1079.339783  98.34987849  328.1432106  229.8072237  -294.0146909  -121.7910121  135.4531553  89.41009108  123.6198269  128.1324886  584.5642679  81.45408457  23.16379345  72.84778122  61.82091533  -227.9850784  -99.89426499  126.7334702  398.5730036  -69.21314907  
361.7163527  370.3956259  410.3672152  -214.1283443  323.7284072  275.8818367  76.94350472  417.4781613  181.4008844  168.3353567  1071.017536  89.11351084  345.8005326  229.7350504  -291.4215543  -118.8113478  146.280845  105.9035482  142.495352  131.4630609  575.8062513  88.87748718  19.70131606  47.55064689  60.55480298  -222.5050626  -95.10006902  117.8628777  392.3336073  -57.97604292  
364.8100254  371.132073  414.4656675  -206.7492119  311.230523  262.7280812  78.46195521  414.9992483  184.6535579  172.0981333  1074.988904  94.01904087  351.8557389  238.5712238  -292.5225654  -122.6771356  138.007892  102.0164391  136.9164883  125.6540706  572.6162221  88.532491  11.653267  68.76771707  49.92023634  -225.5140756  -98.78181071  124.2376042  390.0746992  -71.00119997  
365.9860976  380.4258329  407.2602038  -206.9749297  316.755509  262.4678686  85.55105064  400.9165787  180.2310147  156.9190269  1079.831333  95.48096737  339.4229951  233.4953084  -296.1290755  -117.9204568  127.0378585  98.13244319  123.0869288  142.8836724  575.7892774  73.65248493  19.46840533  77.80647257  63.90358856  -241.2594848  -109.7667224  126.3026574  403.6546723  -72.13014064  
365.5441327  380.0095831  407.5880331  -204.2736249  315.949149  273.8595635  84.67311488  404.3201288  176.3411682  170.9041249  1072.908438  97.98519401  349.2248484  226.550809  -292.2079623  -113.4350171  133.4335724  105.5830275  134.9490923  136.1483771  581.9969014  76.56300725  18.18094972  77.44291738  59.32416395  -225.7657851  -103.8915291  128.2546155  402.8363938  -64.74332877  
369.7082968  375.5993982  402.9883127  -200.2932054  297.011863  282.4684087  80.71488504  418.7511281  174.5670619  169.2706382  1078.355619  100.5304092  321.3710789  233.0685021  -307.0852907  -133.8307446  147.8771235  86.96191545  113.9253668  114.5302765  574.9566646  70.61551532  16.45419343  74.93057445  49.53653014  -230.486032  -105.5074784  127.4384722  385.717423  -71.7093752  
370.7068903  380.1592214  396.3542838  -196.681218  297.3034168  287.1474716  89.7601504  418.5136071  175.3531561  187.4714896  1075.9325  95.65201275  342.2708731  229.056754  -299.668944  -144.2792874  140.3862454  95.64128796  114.1199757  122.3437027  578.6484272  69.95343948  11.61995514  84.53370141  43.13994247  -230.810942  -101.7961544  125.4260227  390.010641  -63.86306372  
371.4199452  376.0235506  393.3357652  -202.3887641  305.6786896  283.5106389  85.38157948  423.7210645  174.6042736  173.9742824  1072.892658  97.30519145  340.4303478  225.7289169  -300.6037886  -142.6065225  151.1626039  97.79337284  127.4406153  120.4325168  584.5082588  69.69241731  14.18812366  60.72133998  53.20089611  -226.6467939  -100.8537271  124.571109  390.7049939  -57.68394333  
375.3850878  379.1045254  394.3153891  -194.7506814  300.6405052  292.0934347  85.62566729  420.3920282  180.625532  170.278672  1074.36477  94.94936333  334.7308626  218.8813625  -303.8549982  -148.8959413  141.0672421  83.37175566  104.6593906  123.6713188  577.2276258  60.80437397  22.50778179  69.45318028  55.14533748  -245.3668601  -102.5952688  126.2406515  393.5526074  -62.41033985  
378.790846  370.9266929  402.2409431  -197.1178828  294.710388  289.8150892  92.99126019  435.620961  183.2313779  166.7105201  1074.035252  101.5634213  318.0455679  221.5166683  -304.2200699  -153.6318116  161.2432004  77.20012621  112.7777668  104.3033787  572.7595945  69.74244119  22.77926981  47.98920884  51.54201208  -219.3209288  -97.0939403  126.7628395  392.1717491  -56.99300518  
371.5653228  363.7497243  416.427759  -204.8334756  322.448046  270.7604886  87.13616984  414.4176662  193.9927352  187.3656091  1077.723289  98.63135284  354.3289093  228.5601413  -296.791845  -125.1761385  126.1817556  74.41706693  133.1174973  117.0089548  582.2806933  90.17581759  19.21249854  79.78906293  46.21778324  -224.4744922  -88.97475566  116.5496356  401.5619935  -68.24782695  
371.6370785  372.4343162  412.4062758  -206.1673791  316.8389164  269.0935229  89.86380695  418.7333167  187.0385734  186.3965034  1074.77486  96.08846108  351.4056544  229.5399248  -294.7292543  -137.3470478  144.6691922  91.81003214  128.2789893  121.4560957  587.5182876  93.13776191  19.46306322  77.02556371  54.37739998  -220.3801138  -91.37048423  120.6589542  394.7148073  -59.86194141  
372.7589541  367.9802635  413.9702268  -209.4873442  313.8116292  280.54757  87.76471528  421.1076694  188.4794567  184.863081  1080.278961  96.72074577  363.8288383  225.8972166  -297.3626983  -132.1334497  138.5006242  100.6042637  135.3363106  126.9978875  585.3817614  88.31253952  12.21307911  67.46383217  46.77706475  -229.4879334  -87.50794868  120.8168817  394.8819355  -61.6806841  
380.9832879  366.5002892  405.5720903  -194.5685581  292.9421206  281.0896314  99.14816218  436.0329909  190.2810351  196.6103508  1091.155665  95.94291473  345.3650673  231.8578745  -307.4165642  -151.9558525  145.1641662  94.46825574  113.4659157  123.6796509  578.7364816  86.13549828  15.72990075  69.85972635  41.61721214  -232.1730089  -85.48018636  123.6575637  395.9028144  -61.45401988  
378.0975614  371.4737842  406.9152171  -203.4308546  313.3409134  276.9230897  111.9209814  419.033716  191.3170167  175.776896  1088.072882  91.51380997  353.3748776  225.9168037  -298.0520238  -139.5584184  140.122424  89.49684313  114.0689289  135.3355145  579.6949528  83.63769038  25.97878201  57.41879769  63.45181766  -236.5160636  -90.40250473  118.2946274  416.2208993  -51.93855925  
378.8482823  363.8953463  413.5364022  -204.2566744  311.9307499  267.3731641  101.1495885  423.4792605  196.8841798  183.5079435  1079.592979  103.6738235  344.8515895  231.9412116  -296.1095546  -139.7829346  149.6663085  76.41103569  114.5114633  117.4689304  580.1241563  93.12537804  21.98976238  76.0979304  52.89523677  -224.1489581  -89.28612272  123.8960994  409.5988464  -60.43053983  
372.0266389  366.6805167  420.2182945  -217.7701062  326.4613974  265.523498  101.4995693  405.6328615  182.1447313  173.1548185  1072.33573  96.87493639  349.5730447  228.9144153  -298.717421  -99.38365308  131.1410849  89.55855748  120.3052591  137.7914741  570.2655871  91.27471342  26.69499773  91.90020966  71.09050952  -230.0108992  -96.60861575  133.2754163  405.5079827  -71.79766397  
383.8572109  376.4138477  418.0087843  -209.1014581  300.2459924  264.0465127  105.5316577  419.2684978  178.9167999  151.7030614  1083.211754  105.3350317  321.5635696  227.3599667  -300.3333611  -117.5892298  140.7068431  88.35281821  105.4458512  114.8674668  577.9515918  79.48572031  15.8295322  73.68459865  62.42150515  -222.9841703  -105.6708859  137.0770029  404.9107047  -71.94343801  
373.1678366  382.5423704  420.0894722  -214.7995406  312.9046309  261.9517487  98.13413421  404.7163391  187.3680161  173.6499062  1073.84805  98.91948403  343.9663872  219.3347378  -286.3693335  -109.2200839  135.1961675  94.52717226  117.0258079  126.0038504  583.5604582  89.87983401  19.10962343  91.22398001  61.46382336  -228.976653  -99.74023351  131.9786579  407.5965413  -69.42460563  
368.6327406  379.4602363  423.9983246  -206.6327342  317.427292  255.3765678  83.8334166  412.7865065  189.3747233  191.0240991  1084.408606  92.50722936  360.4120338  230.561769  -280.9540386  -125.9853641  127.6353292  106.8947347  137.4812619  118.1041603  591.970645  96.46664593  8.615300479  75.52575676  47.36355243  -214.6652195  -85.89050131  116.9903313  403.6248207  -62.11422859  
366.9336568  382.9789166  410.460421  -208.6185533  295.4864823  272.3186026  85.19876709  418.8524363  186.6319639  179.1715278  1091.952741  91.37373987  350.8656606  227.243587  -295.1242776  -137.6304601  141.1873113  115.3081044  128.3312428  116.6381539  585.7608822  85.23321928  7.933028786  63.0932514  46.72621445  -233.3437712  -93.34248774  119.7339305  398.5013444  -62.18886651  
365.7831662  371.9619059  417.462655  -207.5492019  295.1486519  266.5304067  74.66599554  422.4569238  197.3637116  193.958572  1085.231695  98.71244592  354.9550902  226.4176523  -289.1417113  -150.3945444  133.2108415  102.8837652  138.09199  97.9847425  592.7740126  99.26026011  5.50383115  62.56144063  28.08008043  -220.3472235  -84.93262181  108.6645737  398.4927369  -62.97111586  
365.0585773  379.0940467  403.5121601  -207.0176272  311.1372551  269.4979982  77.68495681  411.7675592  189.2398755  181.9705029  1083.702886  83.09194766  364.387257  223.2681284  -295.049107  -144.8664407  138.5197417  120.0195695  136.9830885  123.6646097  590.0669764  86.7518841  9.932775408  52.90167256  63.0339314  -232.233563  -91.92998648  108.9704165  415.3198693  -47.94199204  
366.5161027  375.0725754  407.8969063  -206.1782769  310.7894005  265.6154341  84.34702506  413.2182459  182.9768498  180.1435447  1075.34996  90.48279516  356.4643175  234.72774  -294.8181023  -133.3629582  138.813031  95.187817  126.7033379  123.861468  578.4027852  86.2009012  13.67109998  68.01894262  61.80713673  -230.2139553  -100.0014685  120.2105078  398.0110784  -61.29197785  
364.7964725  377.8184787  414.6416372  -216.4116849  323.8779478  250.638691  87.17820128  395.1427211  184.4732184  152.7038666  1078.204907  92.80999206  356.9263311  236.3408767  -287.0726019  -118.0207624  127.3680633  107.8873847  121.6578918  145.7512156  581.3352052  79.4413081  15.21488602  78.23859208  55.70281647  -237.9976648  -102.5534251  118.4198353  393.5110791  -70.14228729  
362.7321504  375.1518732  416.6141307  -215.1086873  328.2942759  251.4189249  80.57137906  390.5787631  184.4971622  149.6184706  1076.258877  92.45020087  360.0931654  231.0581131  -294.6862588  -104.6123584  116.7952709  112.0806534  132.590621  149.2507601  578.9586254  77.25479478  19.0480149  70.3588304  70.37555532  -243.4244864  -105.0920767  121.6097797  399.1247672  -77.61727467  
368.2998127  374.1766768  406.8713778  -211.3554788  314.8898088  267.0116692  82.55089116  405.5005042  182.7240981  149.3895755  1074.983075  95.04048942  328.4683678  229.8364142  -305.3857923  -118.2897207  137.7665286  94.58354351  116.8418682  137.2540176  572.0379556  76.03109587  29.0125447  60.56459933  66.01334875  -247.0836632  -107.4619518  126.5504206  387.0975045  -72.13084806  
371.6820604  358.3346393  421.7251365  -206.6691916  312.4623574  264.150158  79.92667821  413.8102938  188.7990056  170.5395283  1077.297508  96.92489958  324.988629  238.1596629  -309.9006069  -117.8238535  128.2632928  62.75372331  118.4537766  111.3965772  560.3991824  88.1665698  32.1518054  87.47695521  53.99738435  -235.6961668  -96.63666637  127.2982912  391.4067479  -83.79311911  
375.8282716  364.9841519  411.6327022  -205.9660967  328.656583  266.6500242  83.57417812  406.861734  190.6123668  170.0450949  1082.458162  89.92079158  347.377964  231.8256662  -302.7246052  -128.298838  122.3041542  82.24942079  125.6252346  136.6685117  578.1899647  85.27530891  30.60232928  74.66143881  64.8229336  -241.5074542  -97.83739723  116.0374132  409.4010622  -61.75490459  
381.9247308  365.939911  414.8910995  -197.048516  316.5127291  267.9616847  93.70305606  417.8602317  190.5563744  176.5373868  1085.465015  94.13420679  337.2663216  232.487859  -302.7968042  -135.7893505  127.1709837  75.2342577  112.7308386  128.3329628  586.7400897  83.88745102  29.88756255  84.46082991  52.3137449  -227.2560017  -94.97299916  124.1169511  400.4758851  -71.22070496  
395.6038741  372.5077327  402.2972103  -195.7442258  318.1937585  279.944854  105.6009185  440.2906413  180.2818993  182.7942322  1083.939925  94.14958704  338.273805  225.6076517  -299.8063549  -164.5936395  159.818477  94.79204481  110.2296904  124.4693421  591.4250052  80.62375492  20.77408083  56.88059381  59.95368153  -212.1243197  -92.78707058  120.1027906  413.6741961  -42.17629184  
392.1832873  368.4529152  411.9596094  -184.4520388  312.8272703  275.9585264  106.8662539  432.8635079  190.0209513  206.8064239  1079.552052  99.21343151  363.0561815  225.9429982  -294.8361764  -144.6409569  141.8756571  79.28946852  122.2529227  120.365818  585.5427152  88.70510914  19.78774713  78.05426943  59.5866798  -218.0500585  -84.40606808  122.0184179  420.3510666  -46.84145346  
390.0016131  371.4704499  417.2566981  -189.9833022  309.3959475  273.6351677  109.4852608  430.5396922  189.8730656  183.0610329  1087.086009  105.3917172  332.1999722  233.170412  -291.4022757  -150.2713348  156.3288284  72.78044267  107.0177403  115.5344523  585.427879  81.83389991  21.92819552  74.09359196  54.02126564  -212.005071  -93.66068682  126.3820975  406.1377326  -54.77700466  
381.8882194  363.9794601  430.7320814  -203.046094  314.9517393  270.2698819  98.13812666  420.0418027  189.3040997  187.7262875  1076.976425  100.8147583  360.7182832  232.6753812  -285.5949117  -118.3753489  139.2779087  87.68713536  134.5734832  121.9702832  570.5040286  90.25714507  16.05063802  90.81042441  51.08194431  -212.4447758  -92.24765377  132.6616525  401.4028927  -72.82689256  
387.4695711  364.3549204  430.8513615  -212.3070985  313.9688982  278.5769989  101.9999471  416.4011769  193.162748  182.5021109  1074.822908  97.39804473  357.901742  229.3754161  -273.3633162  -120.0182619  138.9933183  94.523788  138.7664648  139.4807449  561.9145593  100.27029  17.19960919  80.98862142  38.92876454  -216.4772151  -88.73536923  130.4934644  410.4788642  -62.16542407  
378.4515065  368.3426382  417.8336066  -216.7988442  315.5207304  284.7137717  102.4390021  417.308333  189.3126766  175.5489746  1080.346043  88.6453037  364.47149  225.2398289  -280.5137645  -120.4862512  153.3577479  107.3912048  138.4949648  146.3327349  568.1041398  89.96662553  14.00764035  68.67117908  55.79794584  -227.3024589  -91.53702021  129.0732872  406.2089136  -53.77148963  
365.196545  372.2571526  417.5631491  -211.8019766  287.2244214  284.9628746  100.2161161  431.5230405  184.6316566  184.2318463  1079.905558  108.0460453  350.1830621  238.3160117  -284.7887935  -128.4442195  157.7986012  91.23987694  128.7390253  120.0783888  568.5512734  88.51502832  -0.8775222299  74.7991463  30.65391356  -218.4727525  -92.00215719  135.4370017  374.6327882  -74.53587736  
351.2975755  370.1978221  407.2726952  -216.7802921  305.844101  281.7341623  80.63863879  410.9660128  189.9726161  178.6509421  1071.61019  97.39238311  363.3130584  231.9184144  -289.7828579  -106.2971628  139.4986168  104.9397756  143.7119057  139.6604079  572.4032255  89.80140165  3.360819861  80.32636849  41.51397282  -236.4077568  -95.33134967  124.7641315  381.6843517  -72.38869775  
355.7797454  378.3341123  392.2562989  -215.5353242  312.6722105  276.7527744  82.67348051  405.1203848  180.2477709  171.8896422  1072.001906  91.209385  373.2778972  230.3553029  -287.7568966  -126.6139094  136.7130446  132.3556559  139.6888049  149.2138795  577.8841806  75.1587512  1.196149492  68.44265869  49.46146696  -238.3963628  -103.1126575  114.1110307  398.8276227  -59.2289612  
369.3671453  375.5142584  391.3069472  -201.3621754  292.5916075  277.5635676  90.62273523  424.9153603  172.7813989  173.0451473  1071.290939  100.7792567  358.492828  227.1069577  -302.9491026  -150.0780282  144.5923268  119.7335393  123.1565897  119.5727265  578.1431485  67.81658726  -2.169429008  70.77587306  45.37229944  -220.0503987  -100.1072883  128.6387024  386.8086758  -69.26810915  
363.8073882  373.4183872  405.6754443  -212.052623  307.958788  278.8706239  80.00797432  423.51747  177.5891501  176.5629967  1065.056582  104.327328  338.6312036  220.8465941  -294.7527674  -131.9859077  148.6109089  111.8070711  126.5017018  123.5862742  587.7059636  82.87463722  10.27899007  56.68210084  48.46350127  -216.7962709  -98.34062155  127.0938101  383.8578789  -61.78563841  
366.3959914  371.6438392  417.0086075  -204.645959  292.7662898  262.6789095  78.7652977  409.2664345  185.7071278  171.0035286  1072.097117  97.82305057  342.8483024  228.726068  -309.0285541  -118.36293  109.9048811  96.84369977  110.9025514  125.7852051  575.332905  78.16716313  19.29709024  85.53676731  51.56400217  -241.7013774  -98.06582283  132.6359175  382.3809886  -87.87172871  
380.5307204  370.3989221  409.9071708  -207.1358305  294.933264  264.4551229  84.5933702  415.7815911  187.8579088  156.9411536  1074.712202  102.402137  339.1394161  218.310632  -313.2659127  -122.0448311  133.8661364  98.9898171  117.1528677  121.712  583.9068047  79.691415  14.91943528  66.06826442  69.42922065  -242.3742633  -101.1673032  138.0371411  391.766078  -77.02680168  
380.1528494  375.2365911  409.1653446  -212.2349197  313.4166206  262.5956882  91.67536056  396.8051142  194.6966004  147.9258703  1086.600176  92.20605717  349.3654246  217.3311155  -302.0793447  -113.3778495  115.6090046  94.46926495  113.5398172  146.0198473  585.5555782  69.88597573  26.39713531  69.62580168  74.11619968  -255.9634831  -100.3382577  129.577318  408.7587132  -67.39481385  
377.7540236  371.1302089  404.0041365  -205.495677  304.6052048  268.3043268  98.33575499  410.956272  180.4918458  166.6185946  1088.5147  97.79963086  352.0970299  222.3381424  -310.6912162  -124.3932029  128.9970366  94.89255638  115.9211792  129.7261891  581.040716  74.16991947  19.89827847  82.05667854  71.08815702  -241.0896281  -95.89147944  135.1863453  409.7797992  -73.32813207  
373.2654613  375.6122057  400.1155352  -212.259119  306.1193817  270.1739337  97.12812845  402.0238962  185.3990513  158.3563423  1094.041812  89.58706118  346.3038876  220.1742184  -305.4222446  -123.6098432  122.6524762  100.3431081  114.3857404  132.9250939  585.0241589  77.06562692  24.91481824  75.50211342  68.89495473  -246.0766244  -94.93633846  124.0341433  423.6712616  -66.63027654  
379.0196927  377.0731852  398.7610305  -205.0634991  304.4425856  266.5121763  95.62973434  413.4866024  182.5774926  167.9990274  1083.715048  90.83660985  343.7393871  221.1297975  -311.6477313  -142.1002409  131.3688455  84.60264127  100.0238944  113.9653095  580.8010528  72.19960148  25.37280916  84.88849109  69.04494709  -242.1297534  -96.82374175  128.0670489  407.9311465  -70.63127689  
374.576661  373.2552055  399.4493835  -211.726453  312.5747659  271.8484952  93.72187537  411.4417216  186.4569816  173.1561131  1081.98343  89.70945642  334.8054829  222.4447114  -306.3870175  -126.766668  130.9683355  83.11315113  109.074675  126.8651208  581.3953642  84.34642054  30.12023443  78.3223442  59.67502173  -243.1229914  -94.61256086  122.9537357  407.1927072  -61.89757342  
373.796943  370.1647993  399.8030586  -211.5740595  317.0844775  272.4610286  99.25033507  418.0106025  183.1467479  175.0699509  1076.697442  81.57037589  333.0811652  224.5714283  -306.0681687  -134.7980205  136.1394759  85.12949829  103.5631644  126.0402511  574.9115308  81.46165698  33.44247664  74.18205602  64.45775309  -233.3707213  -92.84782289  121.4948496  413.763511  -56.68344164  
378.0971277  369.0536063  401.1340521  -210.3057763  298.8869222  270.0008532  100.5558747  417.5810875  180.7705902  151.3104423  1085.14565  91.06536471  321.3757174  227.1846067  -316.338111  -128.9309614  147.6976781  83.40799851  103.7672658  122.127459  572.031308  76.56160144  25.40351151  61.5488234  68.32286085  -240.9576193  -101.6398231  128.1647611  402.463888  -69.85260863  
373.0769059  360.6686567  412.5149527  -208.4310128  329.2058853  265.6617518  98.35300921  421.888876  185.0181698  186.8477617  1073.114264  94.87651177  354.6692652  229.7196458  -292.6305222  -130.1026151  147.5535149  86.06604288  131.284431  122.394006  580.7322849  89.849231  20.60759118  68.17228521  61.00314276  -210.9178194  -88.94657211  120.7227491  408.4033197  -60.46027324  
375.6746157  369.5070645  405.7511618  -206.2613103  320.3310974  264.9573391  90.09708082  409.0890854  196.3983743  174.6028078  1082.819742  93.14524805  343.9451752  230.1046998  -295.1206901  -131.6655452  143.004227  78.19268761  123.6807783  129.1311169  590.5424478  84.41004573  26.80926772  68.8742133  61.32416986  -238.5742039  -97.45978506  117.6721248  408.8137209  -61.31756585  
371.7090842  379.3589767  414.702123  -211.1466696  320.5804341  266.3001837  90.19922224  407.0650799  178.036821  172.8105116  1076.190199  92.42741727  361.5023593  226.2468511  -293.657977  -121.2173603  131.3329303  104.0360091  131.2188721  133.1145656  586.808893  78.81670534  16.37200902  81.59864909  60.44193409  -231.6576679  -103.505233  123.1393944  401.771412  -70.10601673  
373.275585  390.8149929  408.1137944  -210.8503444  312.242434  257.1899701  88.5119871  402.9160689  170.5004692  158.7763875  1084.080236  102.8782825  354.2206356  238.4468604  -285.5866931  -129.0157515  136.0504888  118.6177272  125.0829276  142.2574601  590.2845218  70.21218193  4.917900763  66.56283088  57.48479602  -241.4125207  -117.6080802  124.5907636  395.7071978  -75.28236695  
358.3284756  384.8261172  421.5345577  -217.1649303  302.6210397  267.6706227  61.96973376  403.5564593  167.9029217  175.2599968  1066.517957  101.1646884  348.1679965  248.1672924  -291.8926753  -106.9267484  148.143256  116.4827188  144.105732  131.9301977  577.7468677  85.52621227  1.718921308  79.23388988  52.82288731  -233.6775458  -117.6239237  130.9029107  380.3568703  -85.32556558  
369.2495698  388.0439845  406.8005291  -202.5056861  304.1461368  266.6659394  84.45126481  423.6298392  165.8590937  176.2046034  1076.46333  100.5448548  360.0524425  239.3408613  -290.1108576  -139.8916964  153.7722173  122.7367606  136.5915865  128.3400919  582.3928942  78.52536731  -0.8991047561  56.58726765  51.62160117  -223.453197  -105.6497517  124.1671471  382.4016116  -60.81898771  
367.4293292  379.690786  401.5211288  -200.5945408  312.2699638  277.4360857  85.32781062  411.1282759  185.2638665  180.5170794  1079.168446  92.27754682  344.9379019  224.5015221  -301.1195341  -145.7564346  132.9374985  101.5784314  116.0281014  139.0238429  585.0530195  75.71804426  28.77939592  70.95444916  50.72895847  -232.9765033  -94.98871495  121.5656224  392.8585722  -59.47065458  
370.3039682  371.6395456  399.3919075  -195.5771068  294.9196548  276.3112355  91.37644545  419.3499067  180.1612442  174.9062067  1078.619913  89.45567238  351.4246294  228.0552478  -311.5446923  -154.3119188  134.4597643  109.8594948  124.7461276  126.6594459  573.0201277  80.33995113  25.33242039  59.54832704  58.68430693  -227.2741276  -93.42499921  120.2692334  399.2921948  -58.72720414  
369.280408  378.8191284  400.0225397  -198.0082548  304.4562358  277.8766031  91.04244413  419.3344393  180.7073485  176.8449352  1086.493362  87.40099462  355.5861051  231.2349597  -299.1858894  -160.0367671  143.895532  113.3390127  121.1241421  134.2769182  578.278355  76.35705262  17.78665512  52.96545643  53.89307977  -236.609304  -95.08310439  115.7074399  403.3819289  -51.89775955  
368.1594225  369.4165494  418.6010783  -202.3353382  301.4141481  266.3422674  82.89069448  412.1169367  185.3800009  171.4290172  1084.750109  97.198186  344.2928878  235.8088273  -301.6921846  -125.650955  132.2589262  101.9292184  123.4798825  124.5139428  577.4406929  84.90653677  18.89449358  68.58856731  50.22169754  -232.8797187  -94.99179398  122.3749742  397.2794166  -71.16853875  
376.2896325  362.4205178  419.2833764  -202.5023611  290.8128304  261.6788438  78.78174208  420.9684659  188.0982961  166.7557048  1071.944556  94.76036418  358.3927329  233.623607  -308.3259105  -128.8426385  136.8854926  104.4370589  124.2319874  115.6618069  568.7638526  90.59409631  13.96880886  65.25528752  52.00004958  -246.3838721  -93.31276519  125.9298387  399.4525428  -78.2311506  
387.312026  368.4948936  419.2753327  -206.737395  314.3994906  253.7047893  97.74832851  407.9545678  188.7767833  151.4459431  1082.420359  95.1129715  362.5046128  229.9759112  -295.3992466  -125.6236872  127.5394698  100.1710857  111.3673924  134.8915864  568.5622218  84.91719858  24.23135375  58.84096131  71.33772249  -254.397908  -97.20970097  127.3379346  418.7120014  -74.03693767  
389.2708378  370.6254386  432.8881994  -205.7761091  320.7567911  252.8164007  107.2607885  415.0925516  187.6406281  161.2077965  1084.251614  93.82751863  342.4645876  232.5871162  -288.6543817  -109.4805753  128.7174863  75.46684606  103.0166481  124.2455878  566.6849225  90.20699149  33.23321249  81.6811965  61.01253289  -235.3630894  -92.08234229  134.3533913  401.6242903  -77.02809812  
376.9343887  371.1634229  429.4520061  -214.4997563  321.237487  269.2829608  107.1646273  415.5451596  188.3323263  175.712863  1076.902826  105.4807328  328.9667312  233.9458471  -292.4608077  -97.92900985  147.4731878  60.92625713  116.8892952  117.5818458  563.6667292  97.05462426  33.06300652  86.18772674  59.47396655  -218.7110262  -91.6251122  142.0276083  388.0925586  -76.18065751  
368.4824249  370.8261487  416.5253782  -216.6514808  324.025223  275.3824464  90.88461012  407.239476  190.7046967  182.3068758  1071.399694  92.9804211  339.99342  231.5669264  -286.1589096  -119.2146473  142.6611431  85.046923  122.2369407  138.932261  568.274473  95.19441899  22.71231925  81.05078297  49.82332039  -233.4257214  -96.0274008  123.4105497  399.3137929  -62.42567664  
376.7595334  366.3555376  406.0716991  -199.8589831  304.2153127  281.9255591  94.09157637  432.9688687  183.2356512  187.7454575  1071.367738  93.32492468  344.6736087  229.1743008  -302.677693  -152.196875  155.5734214  85.50359551  124.7130687  119.0449842  574.45862  81.93312275  14.00499546  68.49971602  58.41530442  -220.5786865  -97.22500985  121.7844868  405.2464518  -55.22857589  
383.3245079  367.4365729  407.3570788  -202.8912403  316.8282796  280.4205598  98.20906368  435.722233  192.1245705  183.9379243  1083.492867  100.7458943  336.4601881  223.2796623  -295.0572144  -148.5246796  158.0970265  86.35188231  129.6155779  117.4479239  593.5378344  85.87574947  18.13865606  51.46572599  61.00062439  -210.1365765  -91.17863217  117.4491027  413.9616311  -45.28830399  
376.5316581  371.9319888  407.8078901  -200.2081066  312.8133836  277.1363445  98.23266308  426.5415485  190.4920995  203.1736655  1083.406716  97.92752928  347.447155  226.6813451  -292.8456148  -149.202856  138.5445329  79.37959355  120.9263288  120.6129122  588.6910624  87.45911033  19.25093813  70.34392039  45.8400554  -221.0472355  -90.7678615  113.6834607  406.0883977  -51.42941779  
376.6340482  366.834198  417.6220582  -192.0055029  294.416543  280.3363356  79.41162464  440.3637714  187.9442332  202.6292333  1074.677179  107.1963226  327.2798234  236.6654524  -295.4594441  -142.236895  155.0243643  78.30061512  131.1142969  104.3541994  581.5198489  101.4810933  13.00993231  60.26631859  33.36262087  -215.5985394  -90.19744341  118.3568925  393.1971645  -54.4295896  
383.5655942  376.5866447  411.2521781  -195.1248973  323.8579005  281.3265847  100.8423486  430.9134752  185.7206342  193.4895321  1078.424994  96.95659714  362.2083876  219.9882049  -286.4064803  -148.0453799  146.4495035  98.61729298  130.4661904  134.3971495  585.2435219  88.526012  21.73811219  46.83699057  64.52288177  -218.5245915  -83.57193793  112.2819968  419.8462939  -24.99031118  
400.8049159  372.320499  418.4810294  -183.2914051  315.8004517  271.7346933  121.5573687  444.2965911  196.399621  201.4952784  1087.531427  115.0666495  353.4675775  223.0225713  -286.0761115  -151.8486432  143.0562599  62.17094479  125.5745366  104.3254482  592.9690954  86.33227304  19.39561682  63.64864543  59.56676743  -195.3942473  -79.18390021  128.9706287  420.5573059  -43.48023144  
378.2546209  369.4847678  422.9030314  -203.0172005  325.9657187  276.0774061  103.4844251  422.9278837  192.7228895  204.8103352  1072.821493  115.7773021  339.7208181  222.159835  -278.1405361  -119.4055711  142.1584284  73.99198938  132.3551501  121.6815178  588.4562687  96.46556007  19.3847141  81.29540974  52.35010974  -195.608982  -87.99022671  131.8887803  412.7575599  -53.20549614  
357.4723171  373.689529  425.214179  -206.1784342  313.5795908  276.0205794  80.21825597  404.6189142  183.212405  191.3817526  1065.49235  102.9099455  349.5609679  236.0622411  -286.5950163  -103.5153533  127.65957  96.61015538  132.0078992  141.4399888  574.9444141  90.26187024  13.54827882  109.6420744  33.41422796  -223.4718825  -101.174264  128.5072088  383.336516  -77.67135778  
353.2035836  370.8915468  414.2660501  -215.8232964  300.4908421  278.155263  62.80519605  410.730153  180.4459318  176.5463906  1066.472564  98.34545748  347.7243644  239.8623439  -297.4907401  -109.6894453  155.9699847  120.890113  146.7145056  129.8087877  578.4727597  87.73055989  1.02089853  79.30116881  40.88122068  -231.3735055  -106.6743399  125.7334774  381.4495966  -77.01991099  
359.1070038  385.398023  397.057659  -220.5666424  313.0026017  258.3377758  79.61867896  388.6142873  178.3592159  145.775166  1086.274235  84.95575216  361.1071149  232.0846687  -295.9722669  -116.0974439  125.5400556  139.8481364  122.7852883  164.2644445  591.565165  62.90772924  5.656067399  77.91810023  65.09907046  -256.978574  -116.4173839  122.5752389  399.7139319  -75.77629002  
362.826888  382.1019154  397.5906192  -212.1172426  289.0980924  254.9664912  79.58702091  396.9275973  170.5286928  144.9340476  1089.742906  88.11931802  365.7134783  230.995323  -311.1231411  -117.9007098  128.0075748  138.4041541  120.0234941  145.3051539  586.3932529  61.84831761  -5.797588313  97.59031695  61.32280284  -253.4996092  -112.0627128  132.1007631  388.2263504  -85.41198715  
361.4768494  384.4687705  396.8759224  -219.1098323  304.7966853  259.1068012  83.74940073  397.0590652  179.6658748  144.8724271  1097.643708  83.50608483  354.065286  225.9608767  -305.8516487  -113.0180752  128.4230729  135.4871459  122.8777491  150.5110023  589.9574499  68.54587057  4.399624021  70.44221296  71.16769107  -254.1792415  -107.2764474  124.5750195  403.4496749  -71.17989826  
365.997653  378.1043948  406.9083116  -206.5551062  298.4049817  254.830165  77.08955286  404.5584611  177.7785085  162.6897896  1083.918273  81.80459914  354.1575043  235.1758441  -306.2578835  -118.3171959  121.8201012  114.2050893  114.5747536  134.6941497  574.0764864  74.81341685  7.270525917  88.38502793  55.34732578  -255.7236331  -106.5247821  126.2843545  389.9521425  -80.00778428  
377.9307639  374.9876688  409.2910465  -202.9016603  304.2801717  261.6732891  82.88634546  422.067539  189.2606919  161.4291906  1079.475423  80.0822451  341.3977275  227.5586167  -300.956102  -142.5345682  144.269884  95.66230481  114.8882205  118.8685857  577.4735728  79.65393139  18.51122356  50.56466547  62.54114684  -242.3189378  -98.42157199  121.7180571  400.7580207  -62.71681714  
393.6346503  378.5092975  418.6205223  -204.606783  320.3851813  262.4718198  103.5194543  418.1269845  203.8906212  156.6901255  1093.892564  89.76986389  337.1828508  218.0260285  -294.7702273  -137.3888004  142.0843075  68.49090314  112.1585701  122.3452109  594.7648915  76.18386312  32.21334127  44.43611368  78.33431005  -239.8321992  -93.35043561  121.9623711  421.132243  -52.32689718  
396.4843621  375.8170409  428.801521  -196.0421794  334.4467644  258.0565187  121.0944626  417.0636827  202.5302281  193.8657888  1100.498269  108.5352829  348.7919894  222.7371042  -283.7622121  -132.3410952  118.1397214  43.65377554  118.184643  114.8734153  598.0358153  85.86112363  27.87153775  81.08423593  84.19890346  -216.582508  -89.4095946  129.4801115  432.537552  -63.67655272  
381.4658838  361.5428319  423.1933067  -200.844481  316.8598317  269.8250091  108.0808909  421.3873064  201.2522596  191.9275761  1075.932481  111.2093819  322.2992216  229.8491295  -293.6121845  -115.1045973  138.4502044  29.35879085  116.6500066  93.9194384  574.2291365  97.39485903  37.3292714  95.7523227  50.07916477  -211.4525872  -86.34705509  137.3397431  392.0541855  -75.94186332  
358.5249072  362.6510835  414.7953627  -223.1372619  324.5612168  287.3830757  80.66951226  401.9403478  193.9953031  182.5798547  1071.159477  97.29951783  339.379191  224.5559804  -292.4045584  -104.4033463  135.1118252  83.62724462  139.9391642  124.5811122  569.4872759  97.49206781  29.54938429  86.26563121  40.54608845  -223.6627812  -91.11464664  118.5611902  399.4235184  -67.35563605  
361.3274255  368.6531621  401.289945  -212.0877642  308.1337544  283.6435001  86.04128105  412.8369397  180.641098  181.1088614  1071.258533  88.69211111  359.27996  225.6283482  -300.4332297  -138.8880224  138.2931592  106.2713402  122.7045435  121.8153048  566.5543877  81.0793929  13.26982667  85.26639045  38.41826139  -223.059829  -91.88491898  119.6881543  396.5593248  -65.1249768  
359.166621  370.1712212  404.2994424  -213.0593876  309.1516769  286.6141549  79.1635702  415.3934834  183.8427407  172.4109823  1073.390137  94.28147272  340.8483503  226.012912  -296.5751218  -133.0820785  145.5845884  111.2701534  133.5935033  127.4587308  578.9072854  84.73101525  15.37985731  61.2514168  39.10620754  -224.0927857  -95.24473991  115.0887453  391.9081146  -57.92150829  
361.9177333  376.0942679  405.1711386  -204.9458432  303.1722797  279.8050059  82.56056272  413.7446336  176.5232188  179.51452  1062.059195  89.99759002  349.9218647  228.7045115  -297.721495  -138.9920273  136.5206517  111.381504  115.8863862  129.7607893  570.8951869  81.42303913  15.71464331  79.02134069  41.16605226  -225.7427598  -99.23443902  121.9143451  383.915633  -69.01008663  
367.0710342  371.8946553  406.8318267  -213.7754933  316.9270295  271.2195321  81.1641153  412.5503342  178.3108932  159.4268197  1067.828267  91.29810235  350.0883044  228.757337  -296.4258824  -129.7784576  149.5849467  110.3216862  130.5559455  124.8132102  576.9527715  83.3401845  14.20292746  54.32662238  62.65786425  -230.0400172  -102.4773456  119.8342426  393.2197273  -64.30655222  
371.3203884  371.49377  407.4562437  -207.4567306  306.3280546  275.8473092  90.03138611  416.4189044  177.7162467  170.2262763  1062.473766  95.66314568  340.0133762  225.923464  -293.7730734  -146.7393577  141.0802291  97.43972568  108.7574559  121.6741625  561.5154717  77.20781916  23.30603174  73.00391285  39.87041303  -225.2049246  -100.3557759  124.0311899  390.3641631  -70.44737268  
368.9350989  365.2165687  408.7303637  -209.6149299  306.7794229  283.3677825  73.69679316  424.1920901  181.6339451  182.5658218  1064.77174  96.06179182  338.0036721  227.4055807  -302.1167394  -136.3150929  159.0370486  90.18711648  131.0347692  106.2173591  564.8441447  88.06336012  22.47119806  60.58043116  48.4216216  -220.0516969  -95.02358245  127.3444295  391.3922768  -67.87405902  
372.0556659  372.1617665  404.1651489  -206.1575067  321.3601421  283.2017358  87.54402824  419.1497695  189.1461406  180.1894555  1069.360912  92.06060688  345.7649538  221.3733521  -292.7465189  -155.0624847  145.6051005  83.5377463  117.4131263  120.8821397  574.0248057  79.93809003  31.62002242  50.46028644  41.81315837  -228.176978  -91.9203493  116.4977852  398.269219  -56.47568208  
373.7705216  370.1293141  405.8295479  -204.0475277  308.4695257  278.7145178  88.21336626  424.3121881  180.2341316  182.8683965  1066.914127  93.44313269  351.0088267  227.3041741  -304.9067093  -141.7579853  148.8128959  89.696  128.1467504  118.7775854  566.0150767  90.78041892  27.18937891  52.00054873  59.30193368  -226.1142802  -93.08830208  124.9634387  393.5431729  -58.3673807  
370.1984831  370.307115  411.4543922  -207.8460512  326.0430391  275.7407945  89.60557941  412.707961  183.0418609  173.0421081  1071.582923  92.56145221  337.404453  229.2596456  -295.8270093  -129.052486  147.8987678  82.08489136  123.2043724  137.5649691  572.4343661  83.43464209  30.84048931  62.01852131  63.21474805  -229.9772799  -97.83221032  118.9886806  400.108062  -55.57900206  
369.9882222  376.573514  422.5560176  -201.5125917  317.5964128  258.480106  84.04891747  404.7342047  177.1263091  179.807859  1082.055075  92.06324805  369.4273187  246.1791685  -293.5256352  -117.2773771  130.2707119  106.7333091  132.0952306  144.3400639  575.5848805  76.98689814  5.712674845  88.30317038  65.24967748  -235.070749  -106.0223978  126.7574402  390.4924866  -76.30976008  
375.2257071  375.7152023  419.5118261  -196.0105218  300.428494  267.7392543  90.65654789  420.2508039  183.0039684  171.2212391  1088.672839  108.4614316  341.4778948  243.4118685  -296.0945214  -130.1721216  158.5296164  95.37834283  118.8591218  137.5202108  589.2164438  78.89821051  3.703500211  76.09371508  53.33671313  -236.9165889  -105.9137259  124.7690874  389.0039408  -69.97547244  
379.6645013  381.4224245  408.4596194  -187.0356977  333.0621517  260.7460403  102.9972552  414.2698577  186.8825901  184.155843  1088.273624  98.70190875  366.0977289  231.3231123  -280.2685375  -139.2660826  135.2857609  97.55204096  121.1446695  146.2919457  599.667772  76.18492884  12.48491381  69.4361142  69.88848358  -224.637379  -92.43582808  111.6344873  418.5767266  -43.15138024  
384.2804072  371.9870019  408.1576816  -187.378963  314.1454699  264.116154  100.4079778  424.8195908  180.602692  188.2149714  1083.435769  115.0297267  349.7624266  234.6200753  -292.5074499  -137.1531759  144.4418513  82.27533437  118.2115302  121.3829475  598.0904982  78.48455448  9.364390396  87.06672385  66.63345833  -216.004428  -97.05269752  131.8849062  399.6502079  -64.07756124  
375.3631532  371.7647759  408.1596251  -209.3768578  331.5125784  268.2909189  88.28858619  411.2714354  187.7463441  188.5121931  1078.074537  102.0942634  343.86395  223.4980933  -288.1328357  -121.0156223  126.1762117  88.51988869  125.8536872  131.3144801  591.9159027  87.88485913  23.23728762  86.98499901  59.34539978  -221.709914  -93.27330426  127.5918178  400.4233195  -62.62234572  
381.1179941  369.4453346  409.3169824  -201.9688979  294.5008869  269.9544963  93.92546913  415.732148  176.4517896  170.4162738  1079.634176  97.62335063  327.3242511  231.9878591  -305.7626486  -121.898471  120.9826326  90.43797401  102.925096  125.6197375  558.4976994  78.67015966  24.21699439  107.699577  47.97017369  -236.1864602  -102.5661366  140.1912856  388.5577613  -83.38090481  
374.2341944  361.9788069  403.7187205  -206.627632  301.8288632  276.0100469  89.74736702  421.1599782  187.0142414  171.7721991  1089.483277  93.17463616  337.881595  223.8876919  -313.4725069  -129.9782718  130.9408659  97.33631159  120.9082043  121.0936859  564.5855706  84.27917232  25.51127806  80.3048859  51.06020396  -236.0464  -86.0346507  129.6918383  401.257103  -74.22002966  
373.5573107  360.706493  394.7243945  -197.6022601  293.0282662  277.7484488  91.71875456  427.3022592  193.9347675  187.8977024  1092.640136  89.35004197  346.9701504  228.7430654  -310.4061411  -149.6789214  129.6431551  92.45624957  117.1178051  110.8225659  559.128133  83.69405204  23.6803074  84.47716756  30.80675066  -235.3319924  -78.10850535  125.7566362  402.1417685  -76.07476779  
369.4898397  362.2153785  395.1637878  -201.4614545  295.4308675  277.9166735  87.03510926  426.4873022  197.1970198  193.3473403  1090.214334  89.28560736  353.9129895  226.7880795  -309.0151821  -149.3382642  133.9484197  93.93143364  124.1115025  108.1285043  568.7833839  89.29190911  21.7775434  77.4563112  36.31299774  -236.6162193  -76.41161397  124.9438821  404.7761636  -70.05686069  
370.9238742  367.1561603  390.381518  -200.9990363  304.0184204  270.7959982  90.49443587  422.3802491  189.9425974  179.213571  1091.751796  83.46188271  355.0233724  227.2265753  -312.6730794  -147.8717735  129.9214873  92.9854572  114.3238871  123.8072654  568.6429735  76.60940822  21.66959196  73.85964194  45.5876677  -249.4167744  -87.61501816  119.5554641  401.7231122  -67.90088422  
376.5840807  367.6982799  397.770902  -200.2074195  291.1015692  267.9932533  89.73931432  427.9424466  191.168613  173.6143456  1088.740498  92.29520633  338.6986459  227.9187615  -314.3561248  -147.1692366  137.9848238  87.98645524  121.2869445  107.693487  580.5138415  82.01768974  18.21602549  66.31478816  38.06754995  -237.786711  -92.3452877  120.043327  398.1245148  -67.43578035  
378.7487575  381.0985119  394.376066  -203.5410588  316.7813145  262.2444738  93.12261342  416.5996331  187.0161135  171.1289813  1087.148646  86.56323192  360.2794093  226.2591124  -298.8365205  -149.4332763  132.5140051  100.1472108  123.4739481  132.6119252  590.3030132  76.49176236  16.66785268  53.64791864  55.19876652  -243.8548858  -97.71247903  111.6289644  405.9212551  -54.87957223  
368.8435081  375.2640047  415.0260957  -207.0215109  312.6953936  264.5549127  84.36920949  415.8789249  185.6372251  176.3954178  1074.534173  96.56952816  336.3091107  237.6053989  -304.1151132  -116.6445875  137.0856809  76.86991574  126.5102522  126.1327438  580.3685957  83.47233856  23.09416754  61.26000717  62.94931157  -232.6330145  -98.63994408  127.2389216  381.5382451  -67.00426246  
367.9910091  365.3696719  414.1595125  -210.3953468  329.8689166  272.9921108  89.12331541  419.4763878  189.4285688  188.4521841  1070.024273  96.94173981  348.4634094  228.5752299  -296.8043989  -119.4239381  137.4293037  73.79807003  143.7375042  129.3458681  582.2101733  94.62247041  29.54793456  63.6360168  63.0028656  -217.5028545  -86.39092373  120.1012281  392.3703946  -50.67062287  
374.9516446  368.2765987  403.8640297  -199.5143726  305.8049612  277.2171821  88.79989942  420.350203  197.6759918  181.0041909  1073.649755  93.76471121  345.1318416  227.4524347  -302.220313  -146.1689755  135.6914391  73.55520742  124.4195967  115.5351766  577.7762088  84.29337433  28.68117268  69.17964705  52.34110471  -226.8716661  -87.11641272  121.3968937  398.2763002  -55.72208756  
373.0944093  371.815394  408.0476731  -205.2655263  311.7591239  279.3426131  89.57217611  416.9177986  187.3546325  168.4393921  1067.782263  94.41151078  341.893722  223.0534651  -293.5084643  -151.3456764  132.4606525  90.94284687  123.2503953  128.461885  581.4607375  83.35312435  26.97746338  57.16848437  48.12352689  -220.6539017  -95.53549372  116.2556906  401.9426058  -50.87411804  
372.1537586  372.4608823  402.6685324  -205.7658605  303.2420691  277.316845  84.81148739  425.4304387  185.61993  178.5542177  1072.491506  94.3672884  340.853547  222.6987337  -299.9242112  -149.9639973  150.2240022  99.70032342  132.0360514  121.8212426  583.9615579  86.53698229  22.27562741  51.72082441  58.13422044  -219.0280446  -96.33230479  120.3676881  409.6690016  -51.10487409  
378.2271527  371.6369879  407.7544985  -203.3740142  297.5594547  272.7525487  86.32159333  420.5081508  185.5068141  168.6722773  1072.29855  96.6415911  344.9417939  217.4439967  -304.1548053  -143.957293  132.6635855  97.95549537  122.8150218  114.5943551  585.5294647  78.80264607  23.63577565  70.5841261  55.22182888  -223.529876  -98.53955244  124.331634  411.3817731  -66.75893931  
367.3814955  379.4978091  409.9914223  -214.8542781  310.1643739  262.1458699  79.50688432  398.3836289  184.869087  155.3432863  1078.54124  96.19541936  345.2528848  226.0205419  -290.2847923  -116.8559496  125.3725137  115.6718996  126.3231606  133.7608858  587.749318  80.14974432  13.5845512  83.14630586  54.58634558  -233.0486587  -103.8442061  124.2748543  401.9490409  -74.6200408  
361.6510337  378.0557357  413.1652052  -219.9962201  301.5346667  264.0967099  77.52930648  400.7681393  174.7620669  154.5564957  1071.860383  101.0893044  351.9415448  227.8691258  -293.4459069  -106.1236571  126.5012355  127.0663956  132.6148378  130.6524449  580.4417169  80.48356715  4.238224572  78.7975238  56.42559743  -228.5938434  -107.3417097  130.9792627  390.8718173  -82.25239295  
366.2200327  380.5639766  417.8538516  -215.6786909  301.7967007  263.5500755  76.14131688  410.8054177  175.1192564  170.9198897  1075.114481  102.5986389  358.1612456  230.237236  -289.6722982  -118.4876139  130.9251673  129.2253691  139.1671871  119.8777408  585.4069608  88.94857569  -4.578788023  71.58315179  47.06167531  -226.1727086  -101.9255406  123.738645  391.9417654  -77.09323361  
364.7890735  384.2991002  419.2356717  -218.0370364  304.6324634  264.9480998  69.5924952  410.1785392  177.2300665  168.9999861  1074.23024  90.89772738  357.0860946  229.2928367  -293.8083254  -120.8843134  137.4332177  129.9514465  142.9642545  121.2935096  582.4153432  88.83759827  2.705672466  61.73028565  54.70831864  -237.0934732  -103.1633931  116.8044814  401.4348977  -66.58829987  
372.575329  384.7384141  427.5119452  -215.4177815  309.5714238  260.4156505  77.45076455  412.5482231  179.8692007  169.4403398  1080.973736  92.42886538  357.7947995  229.1391331  -294.867112  -118.5303694  125.7732584  117.6294102  136.0771642  119.1572857  585.7997512  86.11865304  4.455607579  60.12151346  54.05737083  -232.5975645  -99.07245788  118.5911977  393.4024032  -70.98773544  
372.8262588  378.3756058  418.4827218  -216.8528987  317.4473938  250.9768725  76.13331614  401.8745477  179.7167865  161.6383828  1084.022591  89.90508537  352.0460041  228.3019116  -297.77152  -113.4172575  129.6891437  126.8312884  138.4035164  133.7270666  588.1067458  86.24523845  12.42841931  53.62571383  73.27103596  -242.9751952  -101.2024598  115.4499409  418.9409302  -67.07877767  
381.3999715  374.653229  423.2795689  -217.1571982  308.5555723  258.5040422  87.00930656  406.1249678  183.5627516  170.4649986  1081.622465  98.38070156  349.2218884  225.5276162  -305.7938392  -108.2659241  136.0438058  96.58996755  117.0089216  124.9212342  583.6951979  84.35289234  19.05635722  82.26214145  81.27987694  -246.1435898  -104.0340329  131.3261873  420.0838499  -75.57680656  
404.2289611  370.8910616  428.5300667  -209.1215819  296.9703312  267.0008374  112.2869946  436.0439321  179.0235655  189.9858695  1078.482753  114.251335  324.9134386  226.7194006  -294.6859215  -127.8351152  158.7189166  70.5580569  94.38521524  105.3744242  569.8365642  91.46675428  18.60590228  101.6890002  57.40677016  -223.7797765  -99.62041724  153.6335433  403.5474416  -77.35261259  
384.495309  368.4444651  426.7729356  -210.5931763  316.1843707  278.3670557  96.45605936  406.8301091  188.6627678  187.3320666  1074.888405  98.85104838  335.392001  229.6483701  -289.3894229  -97.43382576  144.2174628  75.73605184  112.4449676  141.8591245  567.2574296  91.3494794  21.63039652  115.6487165  60.52108874  -238.4196343  -101.187726  148.3300004  394.9070659  -76.77822974  
376.9669859  374.4490532  409.2720376  -200.9106494  300.9329425  282.8183371  113.2639685  402.424176  190.9576343  153.716013  1088.929796  99.42804198  325.2922289  228.0589092  -289.5026811  -123.2172303  140.6551998  83.908001  98.82880308  155.417071  574.9711272  67.83539153  22.26025368  95.49698312  57.58101039  -246.1552821  -105.1940121  136.5920778  397.7477521  -72.70614554  
365.2432004  368.5152024  401.2794257  -199.6885441  310.1133486  283.3876699  101.6424009  418.0658238  177.6466632  176.392812  1086.388212  97.1378371  385.4440925  228.1454029  -290.1830627  -142.2966974  147.9985923  125.7193965  140.714122  138.8213112  588.5654954  71.12340072  -5.176323192  74.02426978  55.78169326  -215.8084099  -91.09358302  121.4438157  400.2497116  -59.51939368  
364.8428377  366.7162146  397.553771  -200.4823595  292.8028107  294.0418892  99.71298857  427.081149  188.6057521  180.1323384  1086.177766  100.7478389  337.7960864  229.2583989  -302.6526154  -139.925573  161.4933677  91.29525228  116.1222577  131.6569652  583.0706761  76.68133565  11.54988397  75.52189449  48.34336488  -228.133218  -92.13977912  131.3966005  389.4097085  -67.34320156  
365.8764285  373.9432557  400.7370002  -206.3560695  313.2322973  281.0026036  109.8211707  410.0504293  197.9712739  168.4503316  1089.371635  89.29845795  387.4628878  222.7896412  -287.3994711  -136.7079079  136.4787531  104.5347553  126.2398241  154.1481888  585.3429469  75.26454819  10.77434614  55.81376905  54.61501947  -242.4929023  -88.45411798  113.9231603  402.1594184  -49.57394263  
370.6339188  371.7761293  402.6767428  -196.9081147  300.6584818  270.0273121  107.1175656  417.6596472  193.1961954  181.0456803  1088.680986  94.53670774  365.4381149  229.8327475  -299.7284039  -139.0290999  136.440722  85.39660034  111.2133986  129.6476575  574.8606933  78.69884414  10.65328081  82.04864708  50.61237973  -235.901516  -88.43163203  127.9002943  392.641306  -66.8202617  
373.7769433  366.8910891  400.201048  -203.8944837  325.6582671  273.5351115  106.3001977  422.3401725  195.2314495  182.3923461  1079.591453  92.74292673  343.3295429  225.3063479  -298.321024  -139.314205  151.692232  71.31606372  110.4255753  121.818379  577.7489461  82.12723116  27.29568815  66.55541591  63.57282775  -221.0354367  -86.63360534  123.415527  405.9440549  -50.56216807  
376.1875735  366.8689237  409.0725867  -202.0730724  322.0817588  264.2286192  99.81170635  417.0547687  193.0314773  184.6538943  1080.890949  94.9219741  343.4066871  231.965187  -295.2919143  -140.4386566  136.0123032  62.32050289  102.0784252  116.515874  568.2811515  82.96676741  30.0024583  81.32211633  50.32263789  -237.5846235  -90.11605942  122.1863368  400.8904616  -68.04961707  
382.2676693  365.5253673  413.9522177  -206.5549395  331.7972953  261.5073652  91.56745744  426.4303328  192.7557481  187.2303264  1076.447943  99.81975946  353.2589773  233.922037  -290.6168999  -135.5579886  148.4146924  70.13387625  140.2605773  108.7657865  582.9791801  92.43482881  22.24494605  52.54977931  53.03067856  -218.2682788  -92.00757824  113.4711379  405.2951106  -54.30458931  
377.5419524  372.894097  418.3548346  -206.8531343  318.823861  266.3405033  87.07862455  413.1100772  191.6735166  193.0512119  1079.65707  97.23924293  354.628949  237.5723749  -287.3121644  -137.2777064  129.0372352  81.23264184  129.0101101  121.3866851  580.1708748  88.27255491  18.91397355  76.04879394  38.91978636  -235.8201168  -98.27678246  114.5981963  402.2895766  -68.8025948  
370.0366185  368.2527646  419.3947751  -204.6589302  298.4665291  262.5115412  74.46712262  414.9261883  179.1308429  175.4677151  1074.485301  96.88567658  334.5717282  243.8685248  -297.9515151  -116.0929757  141.4089694  95.90690176  124.979972  126.3821876  564.0460421  89.04841547  13.52045286  84.44575058  45.7387478  -240.522654  -104.3355563  130.1079649  388.0161544  -81.49982921  
370.8346488  370.3820803  401.6200856  -212.9596164  307.6009956  268.8057241  99.97495509  409.4218129  178.09182  140.1581025  1088.122304  92.47599605  335.407283  229.9327554  -303.0747303  -123.7782359  150.4580087  105.6870554  114.4450932  145.9687653  575.3939881  71.96883878  27.03309603  51.48286141  74.09738977  -244.2661073  -106.0773407  128.3838207  404.9924523  -65.6724169  
370.7883529  370.0731968  406.5096928  -205.6051273  319.03755  257.3682244  93.51229695  410.1789276  180.322446  178.5247246  1079.176079  96.44221948  358.9488007  228.1095096  -295.6415838  -134.8668484  130.4620483  95.48300337  118.7948226  138.9026138  577.4967571  79.12241413  15.00196004  84.76281713  55.67569734  -233.4402408  -99.30644215  123.3532343  397.460041  -68.64489012  
371.6278509  373.6599194  404.9965898  -203.4741765  302.031095  261.385576  83.64186133  401.2486134  182.2105939  163.2450961  1075.655411  87.27087611  348.973065  229.2133469  -308.088048  -123.7110372  123.9884796  99.07673595  119.8057299  134.1979647  577.2326197  78.97254495  22.34605298  80.63108802  64.23470508  -245.1608842  -106.1008682  127.772176  400.9950287  -75.47018672  
379.9102548  381.5575857  406.8936668  -211.9290658  314.3526415  265.4365877  90.66309057  403.70772  182.5841657  141.8896558  1079.710822  89.07675143  343.2399654  220.4833654  -305.4489273  -125.510707  133.3032828  99.45292148  113.2814321  141.826706  580.2742263  71.36696718  29.33574409  51.24558298  77.81766267  -257.0698062  -109.2731261  123.8194698  404.4336724  -63.39440654  
385.8496148  381.7831413  410.2203524  -209.1425685  317.7084187  256.3205571  98.79670418  405.1718038  185.5060542  140.4916549  1082.270666  94.73934684  357.047145  225.1218118  -295.1519634  -122.9182311  125.0867115  103.4114555  118.6727498  140.4394859  587.0759572  71.81398914  21.96683427  51.93164808  71.69970292  -251.5639002  -102.6089245  123.4546989  407.7222179  -63.37148045  
379.0245981  379.6082701  409.7142914  -206.2064503  322.622943  266.914594  97.47291746  416.2364737  173.3072719  171.1889364  1075.007845  100.9371881  361.8047404  228.9596589  -297.2616601  -128.0749661  140.7590355  101.2934324  128.3913808  127.8629238  589.1665577  75.83554688  13.53485452  70.38172001  63.78402119  -228.6746979  -100.4283522  127.6779493  397.1341146  -68.40566261  
366.6811025  381.0878635  414.3819066  -214.7763837  310.3320059  273.1299692  80.50725481  404.1725938  179.0602195  169.2407747  1077.257421  103.3172428  350.5860259  232.9143135  -291.6224071  -112.8657722  133.8293334  121.0627198  132.831536  136.6541909  587.0846407  80.81405143  9.700082612  69.19350523  56.11398426  -237.1502217  -103.6898359  127.1150211  399.0375772  -76.47455479  
360.2831613  368.997007  425.510886  -210.9358646  287.722163  272.4598318  62.75999773  416.2423158  176.4621511  178.6865476  1064.774992  104.0433149  337.5364284  241.8569684  -303.8499561  -107.8806559  139.794905  108.423265  139.2795315  118.5637125  568.8978147  99.19259192  5.481846471  74.75976499  39.11582679  -235.6376326  -104.987196  125.1310067  374.1946041  -82.0837975  
371.3200282  380.123504  402.55505  -210.9739216  317.9223257  267.6973215  88.88159792  412.1235321  181.6184648  175.3721506  1078.030164  90.52910398  358.907561  232.0824148  -293.9625092  -139.6516647  143.7117268  116.8846747  130.0118471  135.7578965  580.9455143  83.04227432  17.59109766  51.46493852  62.84305743  -238.3328018  -99.29860737  113.0375712  411.0278733  -52.86692071  
374.7098496  379.997586  410.5524315  -198.9758813  290.8698558  269.692432  82.47329304  422.898703  177.3984169  184.2240017  1079.868105  93.51339308  356.1718983  236.1282157  -305.7604309  -135.5945652  143.7992302  102.4249088  131.7203164  114.0853189  578.302055  82.05321862  11.10725173  76.4808576  42.00640997  -237.9637642  -97.38632983  122.545564  390.9718317  -69.27918261  
371.1630665  378.6435696  402.5580183  -205.3296299  299.8464858  279.821074  91.85520988  423.1198582  180.9411911  179.5217999  1082.948322  93.29145263  343.9143585  227.2259195  -303.2073145  -134.55574  161.4258879  110.5025308  127.5008399  125.9499126  584.5028541  84.33844672  17.1910271  62.14248913  53.33681015  -228.2151258  -94.50967074  123.4572407  405.4329774  -54.50212664  
378.0442018  377.2983278  395.32813  -200.9642919  305.2146287  271.5303856  105.9850553  416.4002655  182.2099866  166.1700355  1086.775786  87.3326653  333.9196728  226.2604745  -305.0893513  -143.0446891  142.7785534  95.44935656  97.82218214  133.6230465  578.5059431  70.55210766  26.40187482  72.26835033  59.37270649  -240.7196451  -96.92242173  121.4028006  411.1354745  -55.11788888  
384.0997448  375.5091053  402.7647493  -205.8242891  310.3452512  267.8688708  102.8523516  423.8790094  183.319473  177.7874778  1081.055329  87.6687682  360.5887391  222.2755746  -297.756501  -149.8275376  138.1321925  96.00189937  117.3739366  113.2110991  574.0267862  80.73069697  14.61144098  65.60462811  59.3210375  -228.4195118  -91.71791128  120.517494  418.9059466  -55.57164995  
386.7473765  368.395045  424.2135168  -203.1499287  319.7874003  272.6462925  103.5434045  427.8900345  193.2721839  193.6610071  1080.847761  99.7104447  346.722249  223.6376991  -294.7012682  -128.9220182  133.8624479  75.26875143  126.9919038  104.6462473  580.8617218  92.8304232  24.17829333  80.56151822  60.90920089  -204.9340978  -87.58958222  130.5302673  416.167244  -61.01620129  
380.904033  367.9422105  419.3836854  -201.0959386  327.0830162  268.7703006  102.5030823  413.3509102  195.1623338  178.5932155  1085.560084  102.9730973  344.7622818  228.6232611  -291.3324809  -117.8556703  139.3308955  71.40337447  130.0979078  127.8653078  582.9249474  89.41474645  26.32585329  82.33015452  59.97983171  -225.5136759  -91.51673907  125.4115627  406.274402  -63.55340813  
368.2182312  364.4058566  412.913813  -204.9332901  319.5889379  283.5796473  98.47142465  413.7725533  192.313526  185.1706099  1073.550787  101.1068031  343.0900855  223.1414546  -290.1220793  -118.9424429  142.2854161  79.53646595  120.8450426  141.5865263  575.2035479  88.29099305  28.17489219  91.56896973  53.62492754  -224.893472  -91.02957941  129.0063737  400.9332454  -60.42324331  
365.6928397  368.9000761  408.2008428  -208.1073637  308.941264  275.0008619  85.01741753  423.001864  183.3428088  177.7903052  1071.460673  93.93102895  348.7402825  223.3519004  -294.5973483  -131.5333052  143.968055  102.0990922  127.0101429  125.5495346  582.9381813  84.81910122  13.627858  70.59191616  50.97391758  -218.3109413  -91.08617441  125.868915  383.3792838  -60.75108058  
364.7895128  372.5427263  403.9903316  -210.073371  308.0116668  271.5013077  81.7964582  408.8906791  189.8424066  168.2677048  1077.576303  92.63547406  347.6857851  221.935977  -294.2954931  -135.0803458  130.2419553  106.3623159  117.9603093  137.4742083  585.1096857  79.82000833  15.02897304  71.03045235  53.87450393  -235.0177273  -96.47678983  121.2970846  394.8470185  -61.64753424  
362.9068497  370.8629974  411.2665363  -205.08122  307.6465493  271.8448574  72.90968423  418.2474097  185.4469718  188.8034888  1073.338441  92.3250036  354.8649379  233.9002829  -292.6020009  -143.0055841  131.5083499  106.2628688  129.7855005  123.1863344  577.5699261  84.2270287  8.751612505  75.01027142  46.06819971  -220.0402754  -91.68526755  121.387898  392.2903415  -67.4920106  
376.0841606  367.9569995  414.0973373  -204.743396  296.1228305  267.6025228  86.01332912  418.4899083  190.2937762  171.2905607  1083.789304  102.4464899  327.6935945  234.2353152  -301.1383424  -133.3771043  135.7055742  76.61379629  115.4151178  109.6828951  575.5047898  84.22856408  13.75980256  76.02724249  45.56034108  -227.1360652  -99.48321232  129.4481269  394.1777295  -83.9189834  
