223.1855289  255.3226439  313.7665859  -45.4232879  325.5983824  476.3525021  84.49400241  351.5638439  325.8528229  160.8373446  798.3980639  -58.1236731  314.5751262  271.5985076  -390.2599398  -102.0252612  175.5891261  148.306762  130.7471868  -12.49025622  596.8031137  47.72360095  -43.96670017  27.54036231  140.3596892  -150.6479937  -48.34794302  85.8241368  350.143182  -64.2487499  
227.8737983  253.78187  311.4062662  -39.87640449  332.1827766  464.9350563  102.1264178  352.5243748  332.2585601  167.3885909  810.1608605  -81.42762025  316.5886641  272.590894  -384.958926  -108.7636358  157.4233376  125.0931279  120.8990659  -3.705738357  601.6425618  30.20001813  -42.81355063  17.63605131  121.7498366  -171.1303035  -68.43629831  76.59395719  361.2529909  -53.68546089  
227.8272774  254.7350176  305.9855009  -38.17383652  329.4667212  457.6179583  97.48643943  352.3009189  334.4757921  167.2287823  809.8418583  -90.13191771  317.9891527  270.8348736  -387.1119547  -111.5976436  144.8348352  132.3777654  126.8824571  -5.836153926  604.8596257  27.3304097  -44.33454719  17.82244844  126.2930143  -183.1554358  -72.53498002  76.53096301  366.4895963  -53.35352907  
229.9411426  254.6174662  308.2525377  -41.02411272  322.1710954  458.9006042  83.41787669  355.4264627  327.0839131  159.7267621  802.9534199  -86.63510222  315.7603914  268.7075652  -392.4258988  -112.7709906  148.1764297  143.2470343  124.4513346  -10.51975094  606.7080735  27.12813187  -42.11637745  14.85666918  131.2233436  -189.5875881  -79.12370542  75.2657263  370.3940267  -51.25191903  
230.4791209  251.7718995  312.4025985  -39.76465456  318.7701932  462.2163422  76.62922878  357.0938799  325.3991719  155.4875662  800.2054346  -82.61158508  313.2784249  274.6198936  -393.4088791  -113.1165855  147.3750417  143.1977834  117.5262526  -10.65777928  606.803686  21.88689212  -41.10700469  20.06662952  134.1847772  -186.9129454  -73.31500535  75.10458624  370.8542468  -53.07925467  
228.1144773  251.747538  312.4926339  -41.48542937  330.4230824  467.0661518  79.06150899  357.5315595  325.5981785  161.9411767  802.7274887  -87.37865291  312.2427327  275.6498951  -391.0263087  -110.7319591  152.91239  142.5987551  112.9179287  -11.65485395  604.2392346  22.24099857  -36.41817582  19.3996651  125.7134108  -180.6385163  -74.53942886  77.89928681  367.911742  -58.51682686  
225.9082133  256.6806976  299.0302849  -33.91742967  340.6295415  463.2792616  78.36006104  361.2865696  330.2816866  165.8534007  798.7682868  -81.53670863  315.2514785  279.0845311  -390.4917385  -117.1471764  161.7439896  140.9100972  115.6674342  -7.955065942  595.7230851  20.32334823  -39.76317323  23.72664438  131.4317287  -184.903484  -62.20051023  74.24456034  358.6879558  -55.05950884  
223.3378366  257.8459371  305.4966645  -43.91552724  324.4624579  466.1595894  83.0807598  354.6272678  328.8008963  167.6224127  796.8903785  -82.64364635  314.2048394  268.1929469  -392.9425094  -111.8652919  161.7612311  144.1256871  122.6123121  -9.414385714  597.2444811  27.11229782  -32.22829368  23.0180124  136.4338306  -176.6124028  -65.21947616  75.24865527  369.9307505  -54.1684996  
226.809103  257.7159974  307.429119  -49.3456606  318.5665181  467.2975157  74.63886079  354.0367509  332.528226  160.0864947  798.1691061  -75.56314959  308.0430326  267.8134179  -401.6493183  -112.2537845  160.8022089  150.0691949  134.4674393  -12.86222988  599.5283759  25.77372535  -41.12954272  25.01839368  135.8843979  -174.7117837  -62.46183063  76.65521525  369.4385287  -55.52714081  
226.0380424  258.8812024  301.3351063  -38.50168842  319.3002952  462.9596775  73.00752806  348.5855315  334.7814582  163.2948069  791.4628289  -74.61769088  315.7815877  278.6894442  -395.9446394  -113.2183698  161.4228902  157.1840917  123.2951225  -7.734144866  607.151415  22.95226399  -36.02175915  30.89775791  143.5410178  -186.1774167  -64.71916917  71.97934744  365.5240705  -53.19273821  
227.8072948  256.1562425  312.3083263  -36.53581124  315.9657137  469.5423426  71.74377364  347.7951924  328.3384359  161.653138  791.5820288  -70.96789559  309.3316693  275.5538515  -405.5586553  -103.6616519  162.1642677  150.9627045  114.557794  -17.0516286  608.5895543  13.35990612  -34.38173805  31.88901284  144.5826519  -178.7756146  -71.06952732  74.41808274  359.9036087  -53.55381507  
229.2893562  247.9290233  302.3216694  -38.09221691  330.5774346  465.6092794  78.4333167  343.6132153  334.8467616  174.934523  789.3684432  -81.93419607  321.431453  274.5840846  -393.4310191  -101.3561888  156.2992443  159.6795741  120.9008936  -11.06678959  604.4238572  10.46883903  -31.97002602  37.82148461  144.551787  -191.9578723  -64.56310268  72.55165121  373.875707  -48.46214061  
223.4715827  248.3994974  312.098159  -40.34567419  318.694321  463.4756765  82.20718089  345.5766939  333.9877986  162.9684637  790.6943775  -78.76369976  305.4993839  268.2182051  -393.9866586  -99.06818505  142.7515124  153.8379076  127.76835  -10.81532216  595.8719164  16.65836813  -39.43257978  30.44461043  123.6375266  -178.8940863  -70.27627033  78.06585487  362.1335809  -51.95624624  
229.9116803  238.503627  313.2115491  -35.57982189  342.8676063  454.705726  106.5056808  343.8208459  330.3847785  174.1479265  808.1304656  -83.2705154  314.8265057  270.0734591  -395.4760777  -99.9804792  138.4689078  118.1154336  111.4597473  -8.939339338  596.8897312  23.45205504  -38.18527236  24.58838101  124.9086887  -166.8834705  -82.97581779  75.09572126  351.4345306  -44.57494553  
244.8161569  242.976318  309.6507796  -31.47034692  342.2281204  450.2010936  100.8550897  354.2076962  341.7364328  161.3426705  805.2060459  -83.68430501  312.3287338  275.9529447  -381.1507466  -113.0509542  150.7039961  133.0851191  111.2835404  -10.78275177  590.3908016  7.938989347  -43.16481521  37.50846057  115.1868145  -192.9071089  -72.65020009  60.31532356  359.6255843  -50.53587144  
240.4848835  242.9279566  311.3308639  -35.30144536  344.5581489  452.3334752  92.43656872  350.9795537  346.0173719  172.7888726  799.7097391  -78.55792916  314.0856775  293.3382637  -381.9142554  -102.5507764  153.7404173  144.2528296  125.7055603  5.837925238  574.7321654  31.39944144  -46.20741015  36.18980187  120.6661232  -155.5098936  -72.76182976  83.62994173  350.6607274  -66.72536196  
235.6819878  235.7894645  324.4774128  -42.15587635  342.9141356  463.0564705  105.0607353  339.9968374  341.2188298  192.5402959  808.0867445  -94.12402978  320.4959917  287.0787455  -393.4689808  -85.31855702  147.3778719  146.9456741  128.8676739  8.365740664  578.1278501  36.44815139  -35.78090177  41.58482391  130.4524303  -148.1856084  -83.27905839  88.84893635  364.3717732  -63.5534904  
226.0401397  248.1811465  326.6861937  -47.34975626  342.1406631  470.5740165  104.8024809  347.4862136  336.8353264  187.0558481  810.2452371  -89.47285188  320.2317064  276.5107591  -397.0069439  -93.91746099  163.0214214  134.8564346  121.848301  -3.863159006  594.2654618  36.4288368  -41.12955898  29.24226846  133.3908098  -149.5861875  -68.73178403  87.04476596  357.6202703  -59.65328047  
216.501118  254.2408947  311.6350188  -35.58552238  342.1726901  471.2468568  102.4791646  349.1035987  337.5115217  195.5651209  807.2341401  -92.07275487  311.1040652  280.2158238  -383.9128777  -97.8683315  154.5512534  126.8276362  112.9478119  3.786237633  595.0757523  32.00521636  -37.16306634  25.98035628  139.6990188  -167.7322798  -70.40801323  83.20139457  353.6744059  -60.89387611  
220.5964157  247.6198611  312.9881313  -38.10675837  325.162889  467.2214974  93.121985  346.5279879  332.7070023  176.2211465  806.3189443  -88.62333405  309.8536126  269.1675669  -388.3284069  -100.5279453  144.4690885  149.4703903  127.6973408  0.2646677793  599.9823926  27.93417832  -42.63351318  22.56413966  130.6584122  -171.6507721  -77.3782121  75.09592151  361.3210047  -61.30880182  
220.4634197  256.3305246  317.5692317  -40.01292237  329.9933652  465.437173  87.65872028  352.0419485  328.3124166  174.5780755  809.3706587  -79.06689449  313.3688772  269.9805729  -391.4650198  -105.878331  163.7359152  142.2995962  117.3537539  -3.318059625  604.1731617  39.47127284  -38.63512214  23.08338833  144.4088686  -155.7163547  -63.80327643  80.66306637  350.9944657  -61.40902243  
219.9077283  264.526808  311.5097997  -33.01035924  323.0463035  461.573725  82.47868182  357.3019599  334.3157189  174.5638681  802.857884  -68.89385269  309.7245726  272.1735272  -388.0037501  -112.0317504  171.7360397  136.9978886  108.7641738  -6.87601999  611.560029  34.46537474  -38.62537444  18.0866168  149.8355343  -178.2662858  -60.3787249  77.90379299  347.1632827  -53.79892387  
223.2897198  273.101379  303.8252427  -31.98017269  310.9273386  461.910532  72.00281881  363.806444  334.4294443  160.6572991  794.5662953  -58.93150888  313.3544723  278.0851714  -389.5319068  -120.1385581  172.5385655  147.2998737  109.1659085  -11.72421379  606.6396897  36.28236519  -39.71327152  18.43593916  152.3476876  -180.0162162  -46.88435413  76.34193048  349.9632065  -54.26582724  
225.8831285  262.8038258  307.040031  -37.87239959  320.8052141  460.266268  60.5305612  358.3968491  326.3977929  149.5209792  788.1722427  -61.22885669  311.2006286  278.000408  -398.8342809  -117.9726441  157.3762721  144.3606292  127.3334211  -23.07593813  597.9973393  32.50526852  -44.96421273  23.18391099  142.6319877  -171.2975788  -60.97533241  79.01388163  355.4904531  -58.56840503  
223.0178871  257.4919916  308.1824322  -41.53966414  322.259683  463.6933163  64.45277859  354.4270657  323.8741561  150.8089167  788.5293981  -66.48200766  313.100029  277.9041246  -391.9942178  -115.310967  154.2755398  145.3523775  127.6196639  -23.76873508  603.6735186  31.69625451  -43.4419067  28.99332046  142.19593  -175.3583837  -61.61539289  83.62626429  361.2280522  -53.68544967  
220.8708299  257.776324  307.4652794  -42.76173531  314.2283621  465.5406347  62.1553072  355.0369231  323.5218357  149.0181037  793.9130823  -64.99112558  310.9663047  280.1189338  -392.023908  -120.9777763  161.6719323  147.0797301  112.3082801  -19.27774492  606.0754671  30.04778043  -41.21660747  27.85681423  144.0102045  -180.8670003  -58.66810191  82.45843976  363.017613  -54.29700062  
225.2489974  254.2703416  302.3962569  -42.61109593  315.9585126  464.1150408  72.67495342  354.1949228  326.1838491  154.092452  795.0796378  -70.25552859  311.3762173  274.2534207  -396.5567597  -114.0703166  162.2719597  151.8473869  120.9566932  -16.6340939  608.5665638  30.08471976  -45.60168089  24.88956726  143.9035641  -182.750703  -66.51325695  85.65741604  366.3132476  -55.94101511  
224.2716599  265.6623614  307.6601474  -47.75354658  311.6964146  465.5473345  71.18463641  361.233695  331.0324627  152.717178  795.421981  -67.33670781  308.946502  275.5667512  -396.6194684  -118.4607269  167.4439249  151.1371935  128.2480961  -21.29971712  606.1516717  36.04887382  -43.68584261  24.61424801  146.0775498  -166.9169466  -66.50960947  91.04226507  365.6432935  -62.22345779  
226.0066256  256.7274076  312.667002  -46.43281959  312.5993158  468.6828098  74.41828073  355.3572283  327.325157  161.3656045  791.8430341  -73.09545309  307.1733775  269.7296271  -397.0910897  -101.8366856  153.4407908  152.645144  129.9943465  -16.65259806  608.5159256  25.40958904  -38.29872174  30.00294435  144.741377  -168.929393  -81.11744374  88.08775333  369.5814559  -61.28884365  
226.1624856  255.5480239  310.5774837  -40.87703613  325.6355697  468.5824413  74.93545305  354.1345451  328.0988541  162.7437127  789.0220804  -71.69846049  305.9990026  276.8386422  -392.5713787  -103.7141021  155.0606549  140.6436711  120.4939349  -15.56770704  607.4498949  21.94783191  -37.7117963  30.05510777  139.4586399  -162.8792473  -69.63912072  88.75935104  361.7820634  -61.42085728  
228.3689182  251.6126791  310.7516564  -38.33199648  323.061382  469.4667384  80.32912462  349.1754602  326.5053114  165.3582923  797.1225919  -78.12016031  311.8093302  274.5628042  -392.5725243  -98.42999373  148.9429531  144.4737909  121.2356771  -13.55579022  608.7872743  15.22779354  -32.75141432  32.69215889  140.6402423  -173.028959  -80.23743958  82.19485424  368.7277871  -56.94422983  
225.6248611  254.8262297  309.7205642  -34.18540561  325.8331929  462.4692336  88.07418622  351.5722375  331.5611736  170.4047606  798.1372235  -78.86054479  307.9410864  279.1915234  -387.6738201  -103.739727  157.13524  137.182599  121.0328565  -8.062752702  603.2647243  21.32840973  -36.83453984  31.77802867  138.2093918  -174.9191632  -70.2365749  80.43369758  361.6750188  -57.67290055  
231.2465023  253.4701681  309.9910459  -30.11032217  335.8164981  462.5596034  103.118832  350.2048761  337.8055354  179.0211331  807.1941848  -86.14891988  310.6506064  273.1608517  -383.2403665  -101.7054742  154.6735985  128.706593  120.6693495  -4.843816741  606.0555327  14.72035586  -37.59705823  23.90376694  126.0677192  -190.4303319  -71.48703342  71.37493565  367.3611668  -48.12000735  
230.8234341  262.9132424  306.1235032  -32.4076336  333.716903  459.40755  85.04302462  349.815592  334.5217269  170.0262023  800.0805783  -83.16356353  311.0994392  272.7341611  -387.2545946  -117.9560676  157.7788153  141.1737373  138.5306291  -1.435319915  605.6008884  31.38106927  -44.40807865  21.68539953  123.9326553  -181.1101581  -66.09814369  71.40961411  366.3817528  -49.20553202  
225.3379904  262.1093109  308.5404748  -41.86346559  322.6895608  465.1221184  74.26792037  347.2365023  334.0670099  163.5276312  796.8932057  -78.29403609  309.4049815  264.4011142  -397.3781525  -111.0027514  156.4103752  161.9444001  144.7502742  -6.013436838  599.8157235  33.63895399  -42.99408985  21.32203769  131.0190249  -179.1351073  -63.74561676  73.45075913  366.9078745  -51.91319763  
228.4660735  256.0583953  299.6044659  -35.80792807  328.3390234  457.1891838  84.62329536  359.4719285  337.535798  162.6535723  798.1164995  -73.59170626  304.407365  274.1634458  -384.4754547  -109.7943557  163.3413629  134.6157268  123.6160156  -14.71961307  598.4763792  15.92446305  -39.39315586  22.10442811  127.8206827  -189.9493944  -66.33623178  66.82461925  361.8911342  -49.63034671  
227.812486  250.0893458  297.534977  -35.89975937  330.2138434  457.2934624  78.85443013  355.0141067  334.34989  152.0291543  795.2974426  -73.99184769  319.2084278  271.0430975  -383.1925747  -116.873351  155.1094963  153.9287207  130.1390227  -7.566624142  595.9921857  26.41557024  -41.43773059  23.43285483  129.2358049  -196.5822051  -58.49495104  64.49543996  369.0226941  -47.16949189  
226.096451  247.7278201  306.7467516  -42.7383111  325.5609036  457.5606631  75.14966832  350.8902879  327.9853075  144.4641093  797.1160587  -70.05233019  319.4221736  272.1265988  -392.140969  -116.6289722  160.8903107  160.4404204  126.0118954  -6.415006598  594.9556861  35.95559753  -42.38513221  23.19811512  123.0824648  -184.0520155  -56.12239989  65.14563513  367.4723815  -51.23003017  
231.0120069  247.4760873  307.8443924  -39.0295786  330.4095915  454.00269  78.00094871  356.6860526  327.7246318  145.6308818  798.7395321  -77.92200397  313.8622789  275.5072608  -392.2326063  -118.0583751  152.4187913  137.4360269  116.8430436  -15.14334863  592.31156  23.1287991  -39.47624477  21.53942287  115.9123068  -192.7363056  -67.18408414  62.44005711  371.9884964  -50.89240752  
226.4847742  255.9290475  306.3474189  -42.42463285  330.3715448  456.2833484  83.3467104  350.7258675  329.0494931  156.4090263  800.8313461  -79.44528209  316.6250058  277.8318936  -393.3209295  -114.2635621  156.8039637  137.6169966  127.2437071  -10.64082218  590.0224097  29.40798954  -39.86706204  19.95614475  116.2575613  -175.2831116  -65.45117992  72.82710015  371.9033314  -53.46261296  
225.4460436  244.547879  307.3775081  -43.98014782  336.3598435  456.4325156  99.54062199  351.3985922  333.080346  161.0530985  806.1830211  -85.32154566  319.314743  276.8582444  -393.4534022  -103.1773526  165.2739091  135.0396251  125.0087867  -7.617410693  594.4916285  29.41792655  -33.34203307  24.28846472  125.1961455  -163.3102897  -71.3201011  78.7614092  379.1297945  -55.43031566  
223.3127244  243.763396  311.8600047  -52.4100743  334.9887827  463.9942466  102.3009765  342.0088602  330.9583409  165.4990953  806.534143  -86.66404597  323.6601193  270.5257007  -390.0263692  -96.83564356  148.5329957  136.6651892  129.3879804  -5.385677104  592.1633207  34.37871843  -37.19667272  28.72078293  128.3756344  -158.1232824  -77.05862959  87.83712872  381.7057449  -58.0319576  
227.5364234  243.6945697  314.8869627  -51.50319383  335.9400685  462.9088532  101.9444114  344.2549873  326.9759923  165.5942041  810.3155861  -88.8383131  323.9297538  270.2211116  -390.4705393  -98.69989812  143.2506076  131.2098938  131.6174509  -6.967279693  588.0014425  30.83202145  -37.84144309  29.76043591  127.5427995  -149.535748  -85.39452412  86.59563672  378.3569823  -57.50572223  
226.4268364  247.3492748  316.9629672  -49.34322872  329.0638915  464.0974073  94.80013701  347.637788  327.4201281  161.6917486  803.9796612  -83.2419849  320.1414079  276.0066966  -394.1720828  -107.2232847  147.4746172  134.5672793  122.6551215  -7.694495897  595.4948888  33.48044202  -37.57587337  29.25812641  132.6996495  -164.8937579  -80.21047358  87.12177426  371.261147  -58.46067228  
229.4344022  248.6380169  323.4026685  -48.59690078  324.2575963  465.3715668  90.17683991  347.6589891  331.9301495  166.0887158  796.2013501  -77.75746325  317.0169515  276.9572819  -393.5840188  -94.90741858  141.6287938  143.5873145  124.0725231  -9.307032202  601.8402795  34.21558074  -38.4304337  33.25367721  138.8677618  -171.3659171  -78.73910332  87.9532336  362.5464333  -59.17060845  
223.5184807  255.5981325  319.1091946  -42.84417303  329.0805386  469.5535689  73.62137599  348.3344107  331.7502025  170.8832403  786.1429591  -70.35974509  313.8149958  277.2747411  -394.4673077  -101.7255944  154.2019859  152.2802096  118.7544368  -11.51588915  605.6319608  27.19357123  -37.87707042  35.25238061  145.8873957  -174.425742  -65.60870937  85.1288576  355.2201063  -59.86248351  
231.4426429  250.5492178  319.8802493  -43.49234944  320.074394  468.6441902  74.89125534  345.0476322  328.475662  164.8611572  793.9606429  -74.16331593  315.4547784  274.9298948  -397.6966848  -94.99448708  143.431343  157.3528242  121.6897861  -12.50825902  607.2532057  24.94079243  -38.49719644  31.51097138  139.9835865  -186.3249693  -78.94531363  83.02676707  362.1833331  -56.558649  
224.0882801  257.5317019  316.1642361  -44.73720597  319.5403031  477.7155232  65.89268297  345.1633091  325.5177058  169.0402291  792.6036558  -68.24506964  317.4545456  273.6917366  -400.9227716  -103.623254  153.8289481  157.2620787  125.5811682  -12.57706501  607.8095274  28.77121752  -40.63166664  31.04913927  147.3494497  -178.2131578  -70.98275707  78.80185408  357.6327378  -59.71507813  
234.3110317  255.4055265  311.5754411  -40.16068921  315.6879274  472.3318392  76.8665416  348.2257461  324.5394788  172.0398496  799.5710808  -79.0851332  311.7935951  270.1293262  -397.0780229  -103.7706155  144.6107632  151.6081462  110.8876178  -12.23674789  611.6079435  11.88899903  -38.56949396  26.87934486  139.4819318  -202.1593213  -80.28309333  71.59448197  361.1674721  -51.11521939  
234.5631764  257.8829539  307.085206  -34.33569119  321.4807059  462.701231  77.75082827  356.4899563  327.4350976  172.9256252  800.9128895  -78.61838774  311.8149392  270.2606585  -397.7475708  -110.6948196  151.1584662  149.4434632  113.8525864  -11.70657095  608.5963787  12.45263469  -40.04398622  25.65383222  136.5120577  -209.2321009  -70.82346596  68.01860353  354.2966481  -48.38368784  
231.6013098  263.7893802  304.2077891  -38.4762932  326.0274222  471.5869712  73.53117422  351.6968652  330.5213664  171.1062251  799.5821806  -79.92715159  313.3182797  271.3698976  -394.8000733  -113.2206831  157.3213987  145.2433808  118.6133023  -11.26758018  606.5395648  21.10070998  -43.15634113  17.96941175  135.4535907  -191.197939  -67.74867443  79.52836782  356.1587159  -53.60904273  
229.8420687  264.1954676  307.3272383  -44.40501631  318.9109071  471.845164  65.62782226  351.0695813  325.3958191  157.2579503  797.6948562  -71.57698798  314.3789188  268.9481483  -397.0697526  -112.6599401  165.2615706  160.4971338  132.254524  -11.26228664  605.4597915  35.98418022  -44.78882536  18.41040337  135.0287476  -173.603591  -65.39374148  85.15636288  360.0559028  -61.45429076  
231.4184928  259.6136495  310.8684928  -41.66236795  313.7064572  474.8710188  79.42280852  351.2528786  329.1247965  166.0236612  799.4174849  -76.33872832  310.0147448  264.1947999  -396.4414019  -106.8834112  157.2779734  153.1631918  115.5786974  -9.395188671  609.6456389  21.86515695  -39.36039179  16.7763857  132.5803904  -187.4195361  -75.33209038  76.50489892  359.047025  -55.38184502  
229.5404956  261.2481253  298.9607308  -39.51487513  324.4217047  472.2123683  68.29246421  356.0401748  327.3025891  160.6589891  799.0701578  -72.78516377  313.8094666  272.9516902  -399.5689734  -114.0749168  160.3884705  154.118777  132.4409952  -13.36546101  609.1995081  25.11730323  -47.00580013  17.00358632  133.8133472  -185.2094533  -63.58864607  78.23600971  353.058984  -53.69652083  
229.0992579  257.3641388  306.0682171  -35.26863625  319.0876075  470.1466867  77.96267293  352.964439  323.4120729  170.501292  811.7150443  -83.24862579  312.0099144  272.8874468  -393.6648522  -117.2021891  150.4270395  138.3871886  118.6120226  -2.835597617  610.154987  17.03933835  -43.56026239  17.168049  122.2878199  -179.9040398  -73.85418319  67.90234906  353.9777439  -52.48339988  
232.7054347  252.6174573  309.6296422  -36.27827315  319.4081607  470.3027704  82.90536785  353.763463  321.7779458  169.8747747  814.643115  -86.57576012  316.0926791  269.3788643  -399.3513228  -112.6695473  150.9470553  139.1963062  122.2905871  -8.632196238  615.0955745  11.52859992  -43.24863977  14.15968988  123.800047  -192.0301292  -76.83473383  62.74599973  359.6552441  -47.9445273  
227.6808247  260.3656922  311.7639017  -30.61174863  329.9875885  465.9957427  87.16609779  358.4983367  330.8154049  182.7822258  809.2975483  -95.06368501  314.825753  276.9087426  -386.6592949  -116.290309  152.1830018  121.4755826  101.8885444  -4.698004246  607.7359464  18.48656326  -38.55928541  12.59059118  125.3976791  -187.4574716  -73.08895534  64.80377601  355.5257831  -52.8612173  
228.5702551  259.1086687  305.8495131  -29.43004409  332.2032791  467.916007  74.17955663  363.3535442  330.1648246  178.8181904  803.5561814  -84.99908294  315.1508367  273.5136826  -392.0878275  -111.3490623  152.2668793  145.3651312  114.5253756  -10.97132711  602.7672844  23.50768684  -38.12235676  15.94787195  138.9187635  -188.1622029  -59.93659094  71.87398418  350.8150247  -54.07372132  
227.2570864  257.8762064  304.3930693  -35.73265188  322.2798578  471.4289511  80.9118713  356.3499169  327.3510518  170.6797267  801.8906696  -82.47676191  315.0094898  265.8844847  -393.8921268  -104.2399551  154.2632008  149.9768613  114.6163245  -12.15617828  600.6194016  22.98875173  -37.32852967  10.93508291  137.0261303  -186.8482132  -67.79728967  76.69755741  359.0343529  -55.35369375  
229.6569456  255.5724331  307.2492821  -39.56672073  318.947677  466.920794  90.2652481  355.9613001  329.7230859  165.6781106  803.6375862  -74.6618477  320.0139306  268.2763422  -395.2854841  -106.8194459  159.9640614  144.0756436  113.2041607  -7.409180513  599.4600553  26.82102338  -38.46495987  16.67653163  131.086701  -182.5119238  -58.55607085  71.32265858  358.1520712  -54.04976497  
226.1046795  260.116564  303.4137079  -36.36752797  319.7842536  465.966449  92.38499541  356.0415854  332.3399101  170.5642607  807.524244  -81.37794271  316.9611285  274.1993281  -393.2010522  -113.5955964  165.4446878  133.8751707  107.8084333  -3.729947794  603.8633506  26.77918613  -38.91830617  13.50729955  133.8495518  -182.3343114  -55.38121743  72.51510741  356.7687479  -51.65373879  
228.545216  251.0795564  305.4948536  -30.29670492  337.149916  455.2931255  95.70692716  359.473899  336.2223508  173.3454847  807.6764768  -83.42852315  316.9786797  274.1407211  -388.3580723  -113.5047409  161.9678107  126.011071  111.6048432  -4.378533782  597.7057515  20.47247354  -38.27171052  19.53957111  129.8759709  -174.4691543  -55.76733121  67.68934603  356.1726788  -50.49209885  
226.6362766  241.2915457  303.3244985  -31.3132701  351.8928219  459.2098213  108.1357475  356.5018453  336.7836682  178.4629004  806.9904271  -88.09051068  312.7422648  272.2257544  -383.2382817  -107.2503506  162.6094738  124.1600085  113.219445  -1.779151255  594.3632292  12.16739301  -38.42513386  24.43104701  124.8087315  -167.0876689  -64.40235193  68.41781577  359.0471002  -53.0133546  
222.8131878  243.7042186  304.8630317  -29.83013162  349.5024171  455.0701417  110.3526657  357.6551235  342.2717328  179.5320641  808.6919005  -89.73938492  311.8954934  279.6469641  -380.1894342  -104.532648  155.6940855  124.8246841  120.712723  2.923091872  590.7572266  22.28587192  -33.4388917  27.04374616  124.7977663  -157.6672068  -66.23032288  74.12010273  358.0036189  -56.24270662  
227.0993941  245.7688437  317.3908065  -37.2677481  343.7458075  464.5068295  119.1999153  352.6070122  341.3371781  182.2273457  810.9903228  -93.46306392  320.0248329  269.596394  -390.9067038  -97.69477057  156.2407134  127.0327885  112.9389583  1.184668314  596.9670268  27.88924786  -38.0431907  21.08131363  122.8967679  -161.8927862  -65.47353293  79.12445507  358.6749476  -55.3509421  
226.0782568  248.1117828  308.5038465  -34.24435456  349.19885  465.7069092  118.4628307  350.3515962  343.8171221  189.4199333  808.1634136  -97.25691907  320.9598022  271.0941459  -383.7395238  -98.78535763  147.1807449  124.6822065  113.8431281  12.14925742  587.1750195  26.27010828  -34.19512941  20.44581652  120.5188397  -169.5313575  -71.32060181  76.51946484  360.608209  -52.4578986  
227.1593016  259.8237005  306.2076655  -46.75440685  324.0717705  463.7041803  97.43310953  347.0021996  334.927188  166.9486818  796.0467819  -86.22185931  318.6312486  268.1226604  -383.8713783  -107.4296408  159.6110123  153.4505608  125.3866419  2.331935162  592.4483111  33.18781981  -39.6904095  16.72841172  118.1991922  -174.3939872  -69.14851407  77.93462357  376.3821727  -57.42457986  
228.8948873  255.1566204  315.8701626  -55.29568358  323.6737375  466.5620317  92.18571524  340.6161234  326.9379891  171.5884207  806.4973506  -89.51474717  318.4817736  266.2071481  -391.9750432  -103.078377  158.4765023  140.3273967  131.2047097  1.472621148  596.698256  37.86294933  -36.41765445  22.95135235  131.5668634  -162.4177231  -82.27047602  83.79288348  382.7204719  -55.49541037  
224.4028156  258.9007514  316.4493982  -57.28474405  330.0076248  463.1758271  98.78032668  348.242316  331.7715846  171.7475839  812.1229661  -88.84205777  320.5413218  267.8614368  -390.565241  -113.6062943  168.1585255  124.8660251  121.9020018  3.015212181  599.9852781  47.722479  -38.30760381  18.90458601  134.371455  -155.3184933  -70.49624591  89.34684874  377.7030921  -54.49707877  
224.5380133  256.634721  312.8700409  -48.14513679  321.1988849  454.7920249  90.02314693  354.9945058  339.3115176  166.3444384  805.9922021  -82.81948289  314.9123768  274.9287818  -389.578628  -117.5141699  168.120756  139.6111232  109.6726375  -2.358795285  594.1687001  37.19510865  -36.30226949  24.50849105  139.2984859  -174.4120668  -61.65931417  77.30270763  368.5665248  -55.0828756  
226.7566515  253.5385003  309.151696  -45.84520893  325.0523604  455.0292778  94.0931172  356.9323713  336.0167577  166.2972735  810.1979499  -79.83949309  319.7059632  273.3047544  -397.7801488  -116.5908883  169.7284942  142.408  114.5969728  -7.53785034  600.5665693  30.34933358  -37.89855486  28.36306395  144.7097501  -176.5713732  -58.46434022  73.41431835  362.8354123  -53.50549994  
224.8181673  246.241274  308.9405479  -40.21702235  339.0990767  452.4987911  98.21937185  357.0407447  340.15415  165.2296082  804.7060851  -81.79513926  311.8036823  277.6982514  -396.5006142  -111.5012105  163.8943528  131.0688075  117.5161887  -12.79600747  592.5593698  24.87972447  -38.05689907  36.40087472  136.3614476  -160.3840748  -62.48574816  79.50496273  359.1270615  -56.91811957  
221.4895955  245.7183508  308.711692  -35.08568781  338.9111944  457.9061838  86.31898471  350.2341184  341.8101347  165.7839743  792.1042116  -76.41704925  312.5819764  280.2688135  -387.8233729  -100.2148973  156.4857609  152.3436291  130.5311085  -4.95380435  590.058111  23.06276212  -36.87111929  35.51301324  128.1656621  -157.5124613  -66.22065979  83.04835467  364.8282769  -58.16294582  
222.6124408  239.8038891  312.4524616  -38.29965322  340.5467487  466.2260297  91.84670351  343.0557309  336.4609793  172.1200738  797.5402666  -83.81899753  314.4436402  275.1760376  -398.4831748  -93.95751271  140.3888637  147.3088656  135.5913291  -11.63767538  593.7942567  18.14233051  -39.03409598  35.23483235  130.2487555  -158.9149283  -75.86083677  83.62029323  363.7942069  -55.40602943  
222.468359  244.1442492  316.9634276  -40.22004114  332.2257749  469.8911293  90.72149926  344.0696729  335.3395236  170.0989752  798.1174634  -82.66843659  315.1627471  272.6325372  -396.5498383  -95.03986103  139.1992311  152.4854965  129.8224101  -5.47511177  598.1672167  25.58689896  -39.43948302  31.11684228  130.9061814  -162.9347316  -75.75832897  81.20681339  361.0921554  -56.35007396  
226.3742806  246.9711169  318.0320171  -37.86270551  325.9433979  466.3092863  86.82169535  350.4083009  325.8025747  168.2383029  799.1750308  -81.21246266  308.5271886  274.2341257  -395.9398245  -92.97544802  135.7357735  139.6725017  121.9802489  -11.50333538  596.1739091  25.45570786  -38.49863288  29.93423739  134.61661  -168.4838876  -79.02329346  83.70410811  354.9226026  -58.75398799  
227.9413223  246.7812904  318.4736882  -41.62985651  324.6390908  465.0327546  72.66647825  344.1027732  324.1259252  157.0453703  788.3590478  -75.43397784  310.5042862  277.7033601  -394.9786462  -95.0610713  130.7579608  152.1294068  125.8384332  -18.52204736  594.0662336  19.73964733  -37.34952758  32.43883139  125.3598587  -173.8749854  -82.98405341  81.60428695  365.9968223  -60.39093601  
227.8359617  247.4661113  316.1545956  -38.13852505  327.1154671  461.3679257  72.64998572  345.6365415  323.8821165  155.5167698  787.0238431  -75.69933288  312.1838949  278.9232958  -394.0373712  -101.1673178  137.7901376  150.60402  128.3364332  -20.92640213  600.1019631  22.31985081  -39.42868873  36.63871384  126.5699325  -173.6925393  -77.84097601  81.78762193  367.3902867  -58.27807532  
226.3713226  249.5262919  312.1078148  -35.76567334  326.9661146  461.6256993  68.63032016  347.431164  327.3800038  161.0059248  791.1717693  -76.95483185  319.8042285  283.1714086  -389.3845471  -112.3153088  144.0582954  146.3084077  115.7143399  -17.16291056  604.0142347  22.11082593  -38.37932896  31.41655193  132.6333094  -177.2550917  -73.82775372  75.30025742  367.9622906  -55.23009683  
230.2080973  251.3933759  311.7005516  -35.84675459  322.8973565  464.9393141  68.81735198  350.6706677  324.2312014  167.243909  795.9478988  -75.00284264  319.7886081  278.6782792  -394.6388675  -115.3511073  150.8071602  145.2285335  110.4657626  -16.66135764  609.4025918  22.91803585  -40.21008572  30.01491851  145.5194364  -188.7566594  -65.20453442  72.86656511  363.6137015  -49.14590632  
233.4737456  255.23418  310.7678048  -40.54305868  324.5037695  469.2169448  70.90921366  351.2520309  330.0300214  169.226742  796.2065875  -75.73193411  313.5801184  274.0259839  -394.5416188  -109.6351188  160.8039189  148.0868614  114.5614722  -23.47505526  610.8426251  18.81541985  -43.24236184  29.76771816  149.3584152  -192.2453351  -63.14943798  76.11737173  363.9895205  -50.21647492  
229.7794508  253.3045654  309.4512405  -42.45069833  317.5486662  463.7858942  74.91245756  350.8006134  326.0369501  162.0972332  800.0690403  -70.50432889  312.8671158  265.5447171  -396.5717381  -105.0416554  162.040306  152.9820954  125.1237137  -19.5598089  607.3371841  30.24260327  -45.66344218  25.51878418  151.536204  -186.9820725  -57.54386862  83.96237201  358.7899454  -51.3963077  
229.9228725  250.882151  309.4551293  -44.07558143  317.3424571  460.2937693  81.22429239  348.4687967  330.8289182  161.2821571  797.4925226  -70.67913329  312.5231644  264.4564371  -395.8313783  -103.0855917  161.0696478  162.0300151  127.9535755  -14.27352147  609.4908861  26.69417845  -44.2399705  29.16406948  148.3275887  -193.8595978  -60.29160119  82.919357  365.9637193  -50.21796387  
231.0106297  255.7352459  315.1288945  -45.42647108  312.8551298  462.1145132  65.8596183  353.5105512  329.4717778  147.7078631  794.5410136  -62.49861606  304.6969943  268.4377808  -392.705389  -109.4671164  176.5682868  156.5451262  129.7644059  -21.21942143  607.901723  33.55068276  -44.47442388  33.17426688  152.1620617  -178.4097674  -56.60963329  79.92427642  363.7850473  -56.71702209  
230.6413233  259.9831289  317.5929162  -48.92901813  309.8811518  468.1085694  64.35028394  344.1429365  325.3742078  154.5521882  793.7639964  -62.48367073  310.9221045  265.9881917  -395.6583717  -105.8693663  168.8900377  159.1911383  125.4395184  -16.58979191  612.5250763  39.75989169  -45.29146787  23.90057686  147.0901711  -185.1027889  -63.22804956  81.80742513  365.774103  -55.70069718  
227.9087293  261.2389443  313.753043  -45.16182576  315.4787227  468.4754904  62.70739174  349.3728449  321.6105857  155.6074874  798.8698833  -64.64722108  309.0232596  272.7678697  -403.9625202  -114.2279554  159.4106429  154.0805301  126.8990812  -12.94845138  608.5597299  34.37502698  -44.86782809  30.52753425  146.0262519  -177.2927158  -63.43229485  78.84627943  356.075119  -53.40729104  
230.0203758  264.0058336  315.0998362  -37.9215553  314.2353428  466.9075149  81.43137091  358.7371365  331.8513011  170.903334  804.4168275  -69.48643439  306.8599238  276.8756795  -394.7149337  -111.9229436  160.2300856  136.3990612  105.6563183  -13.45895512  610.7618295  20.53466997  -37.37457019  27.99762668  141.0223844  -198.353372  -69.8006005  64.46132952  352.7517692  -52.01014281  
227.8090428  259.5641687  304.824574  -37.94887704  325.4669335  460.4877138  94.10283456  355.3630835  334.9841474  174.3199138  806.4276579  -81.08621613  314.0058039  273.7159369  -390.868219  -110.4473234  154.3254129  140.1132746  116.9440339  -10.52923696  605.6229153  24.63789358  -43.80484164  22.01657248  136.9786656  -204.088385  -72.4361291  74.63088758  362.987539  -52.85183204  
222.3278635  253.0398293  296.4282651  -37.33754683  344.1227379  456.0603895  97.16533412  359.7406654  339.3251759  166.5606646  804.4962735  -85.01818161  317.5582601  279.816437  -383.3905151  -115.0030466  160.4360829  137.9363504  130.6089567  -2.495800231  587.8142068  33.70699711  -46.15638161  13.87804563  119.2134073  -165.3403947  -61.1239393  78.48322254  362.4455783  -58.89259353  
223.3832188  244.841781  306.3308158  -36.14471248  347.7326474  458.8584043  113.4444059  360.19412  338.7702565  175.6597506  808.8066417  -100.7652737  309.3186892  277.786275  -381.6113804  -100.9726247  145.1562616  117.0172149  122.9075837  2.261546783  584.4016224  19.33234058  -34.71058292  15.54941201  105.4681059  -153.2524227  -84.83801411  77.99012068  365.7341577  -62.2547009  
223.4337414  248.8313248  307.7243291  -45.33047967  337.0220289  460.6437523  91.73591191  354.8992544  331.7845298  160.9169423  801.4666234  -92.28314601  319.3855086  270.3021784  -389.1264067  -104.1058292  146.4045013  150.3254928  137.1658147  -2.324799519  584.6290613  35.98176056  -37.12718243  18.42330537  119.7889542  -154.8245201  -70.95579426  83.19193556  370.5247645  -66.09624109  
225.7182358  245.7234098  321.2188293  -50.14186997  340.7673085  458.0473917  97.52656166  353.1342323  331.7216888  167.1322615  802.3603544  -84.13826225  314.0853724  268.8891386  -390.6884035  -95.14280245  145.4423445  142.256262  135.642979  -7.289548251  587.9318354  34.13959778  -36.54383897  28.48874828  117.8909058  -150.9116444  -76.28070934  85.82166454  370.0952088  -59.23128996  
225.5224998  247.531259  316.8996417  -44.18163557  342.7251357  462.1887813  109.1792357  343.1837963  336.1128184  177.2253347  805.2459897  -91.87976357  316.0100073  271.047341  -386.9832208  -94.2066637  147.7414826  131.5968228  129.1684709  2.679675233  591.8514737  28.38728683  -35.53196235  23.59763106  110.9375529  -163.4529553  -77.32898707  80.88873355  371.6689005  -53.9790964  
232.5557307  257.0161696  308.7781952  -43.25636266  329.6708025  462.5778941  94.00394922  355.3711627  333.1832687  163.3922653  802.8437659  -81.80407797  321.0407561  272.6559319  -385.0013629  -114.347452  165.9234773  137.6876018  121.9738282  -6.327856817  604.3332397  29.6476273  -41.57789757  23.77029517  129.4724965  -184.3107966  -60.24851788  75.39441353  374.2358505  -50.38154837  
230.7375706  257.7620891  316.1421065  -53.17404173  315.0341107  474.3967783  81.82901251  344.3864454  326.7886404  163.4536687  800.9710513  -79.36632203  314.0255221  265.4668943  -393.9180187  -109.3037832  155.4523756  142.3019449  129.9718321  -10.92529829  606.1591508  29.38287672  -40.18390723  20.71232414  132.3597627  -181.3264845  -72.27106246  76.44739694  380.188196  -52.27849298  
228.1221621  263.4467044  315.1459357  -55.31359869  319.6994972  472.8567867  68.86447259  352.2956651  326.8966424  158.4551783  798.0150256  -74.07136664  318.4561386  269.2540562  -397.2237112  -117.3806247  167.1611859  145.8556916  128.2306792  -18.39674723  602.1700144  36.52428338  -38.34916108  24.1877723  145.9748045  -177.1311402  -57.14129075  77.37831069  372.2204934  -55.13366937  
226.0889273  263.3412563  308.0240211  -45.13666048  321.4746273  474.1207347  67.43214828  349.2596223  330.5734784  163.7916547  791.9648283  -73.50071907  320.8002729  275.1924291  -398.957975  -119.9714617  163.4040496  147.7793631  124.3059063  -10.10824271  602.7099531  35.69794301  -37.81599426  20.91116741  143.4329404  -176.7102485  -62.82683989  76.44201651  368.2922356  -55.25126939  
227.6014721  270.8138002  313.8403762  -43.57684213  310.899996  479.0315705  69.02221934  353.6699844  330.9585218  166.895074  791.9955229  -68.20078223  320.2971264  272.7337954  -401.1963816  -115.6609283  169.8027459  150.3847466  122.175048  -11.42358437  613.4970494  40.90157318  -36.99447633  15.24817952  146.3836163  -174.5534768  -59.83648417  82.54773436  361.4171164  -55.74602684  
228.6537232  263.8567007  317.1481872  -41.52949766  309.2356062  476.5001364  71.13768435  356.1483019  334.9842074  168.3009915  791.6361829  -67.1723982  313.4009294  271.7469931  -398.2584802  -106.6955753  164.3297373  163.109864  122.8378074  -12.75301159  615.0281468  29.59300219  -37.26757771  30.8593252  150.1811705  -187.0985074  -60.03759181  79.20911227  362.4612522  -55.54066872  
232.5742131  256.2845154  316.9018765  -41.93999885  320.2996006  465.2596525  83.86196507  360.0579741  331.4321362  161.0576822  796.5619302  -68.42859121  314.0909149  270.1407074  -395.7121668  -102.4804661  154.2350682  160.0972469  123.5243901  -15.84320984  606.5771498  26.8305742  -40.91320058  32.84287403  139.6778723  -181.797406  -64.02907448  79.93571722  357.8831984  -55.3332359  
235.5152797  247.6457208  315.651137  -35.97995457  327.110518  461.21596  90.65340985  355.3233843  329.1392223  154.8408755  792.0061978  -71.38762844  313.9116274  273.1977944  -386.197595  -103.1821811  153.0804173  141.007149  115.4112136  -11.53978493  600.7721984  25.796998  -40.29085461  27.4880914  130.6516515  -174.5876946  -81.08698789  79.26716996  364.0227219  -56.91732561  
239.8679584  247.4450404  319.4353066  -39.14553191  334.5211468  460.8590414  82.56452588  361.880362  328.7313864  153.3001346  793.5174904  -68.31094089  312.9685249  279.3957534  -385.1827402  -108.76345  154.800443  143.3023595  117.0740095  -10.70905571  599.6524033  29.40791941  -37.02933721  35.50509407  130.5541443  -164.7551666  -74.80273433  79.57799902  356.063421  -60.98920583  
240.9529038  245.7975316  321.1240097  -34.28490414  332.5031  464.400564  85.94222047  368.5365409  327.2162492  161.0700473  798.2317026  -72.88234257  310.5788359  274.0937119  -389.3003924  -110.446336  151.2447296  140.6130216  113.3119626  -8.72742876  600.1949522  24.77949413  -35.09587149  30.98584249  136.5317612  -174.552098  -72.19352358  71.94434825  351.091973  -54.40145642  
236.4078699  252.9822271  315.339041  -37.30587276  322.7599187  461.8297679  84.98836479  358.6803644  333.2402565  160.22533  797.1683347  -75.65459089  314.5980517  273.3919574  -387.5952081  -112.188082  145.8715094  141.1191986  111.5787854  -9.256498928  601.3776665  33.17520035  -40.31421009  22.14893058  132.5774003  -181.4301554  -74.82376861  70.07519128  354.0708539  -56.49852348  
228.7761451  258.5181189  295.8998026  -32.188794  323.6464176  462.3534687  69.42808872  355.3730061  335.3715606  160.7558956  795.9277026  -77.27773094  317.8164998  275.8613183  -393.6189289  -117.1240485  157.3807547  144.2604132  115.7694901  -16.81991564  606.3888772  25.19809154  -45.69255661  19.83254132  145.113767  -192.6498289  -56.19477215  66.46567209  349.3455435  -51.61295334  
222.0988191  253.982957  294.6147425  -27.66337085  326.5505026  465.1281152  67.99607529  352.5128113  335.1348804  167.4952485  804.3288643  -88.16966288  317.5452785  271.776149  -397.3140112  -121.4624312  150.9080153  138.3290947  110.3357259  -14.06536606  604.5090787  15.07277667  -41.20117489  15.88137728  146.2020257  -188.8465832  -59.43659711  66.44612185  354.504791  -46.71612985  
222.4614473  252.8172855  295.0023791  -29.81986311  322.918178  464.126171  75.87650051  350.587294  336.5768665  170.9740428  807.7076131  -89.7113677  314.4051961  272.477374  -394.8390508  -114.2916955  146.8186543  138.3828302  106.0544608  -7.393487993  604.2498789  8.524502376  -41.85796948  16.77152005  136.6178486  -199.0393799  -67.97202481  62.22368742  353.8447931  -47.67308239  
216.07465  254.5383046  300.8443497  -32.59792216  322.7195841  471.8809771  71.44549407  352.5749759  334.4951484  167.709587  809.2898974  -81.74151724  311.2802936  278.1346712  -399.7879153  -116.8041523  160.7845083  138.3934528  100.7721516  -8.048282249  605.4907274  12.04003488  -38.21759173  21.30640019  141.0000315  -183.3851328  -61.63527691  68.24697121  349.1816068  -55.97136417  
217.8407282  252.9403401  299.7502064  -32.46096931  339.8567339  466.8815004  85.51862925  349.7313497  331.0391217  173.4912191  808.447062  -81.89842751  310.9790555  279.2639265  -399.2833891  -111.8527742  158.3026568  132.8893366  111.1345458  -4.954200498  600.0274765  10.0540462  -37.60785982  22.71807761  125.0946527  -160.7445726  -70.05995307  71.37869238  349.3954771  -57.68362889  
221.309284  244.6700837  298.1154213  -34.51087926  341.3841424  463.571643  105.2625119  347.2202594  336.2597998  176.2603521  811.7712834  -90.28558058  318.3108843  279.9251923  -389.4457893  -104.7232123  155.0009733  139.0146626  124.222578  3.501244866  590.5184783  16.48295738  -39.22487473  21.98804806  112.1649728  -160.274512  -77.32091846  76.03788648  365.4483703  -57.4313334  
225.9230753  243.258068  309.3645059  -41.70225133  342.903344  464.3727289  111.7921231  348.0599298  334.8802423  184.4876265  813.0932995  -96.6394976  314.6545768  273.2601819  -390.3046854  -96.63067329  148.5417656  126.2751503  128.7748181  0.06901876915  594.7805005  15.46114979  -37.94270476  23.07569238  110.9079934  -160.6522145  -86.68904358  78.43944481  371.5831178  -55.25254277  
226.2740765  245.6706894  306.2565438  -34.57894431  345.1076605  463.8018982  108.4795111  352.3607364  332.972986  179.4173484  813.0874479  -92.46334077  314.7117366  270.6161701  -387.0857472  -96.72230835  151.1392576  134.5061933  136.8164122  -1.778645308  597.2942722  18.57607121  -40.54932988  22.85209346  121.1285358  -170.0934296  -72.64724404  79.3611022  366.4853455  -53.03181774  
220.1475338  246.8711892  306.7170508  -33.98026713  351.7067955  468.3289863  110.1302194  345.7311026  337.8435359  187.8460119  806.9629137  -93.67631715  319.9093328  278.8796914  -385.1056249  -100.6631929  149.8350265  134.0088038  129.250233  12.20952872  592.1977607  21.9518584  -38.76297282  28.19023123  115.104417  -156.2883557  -75.96039038  84.43712169  362.4173466  -57.7804169  
226.7484078  249.0346624  317.2090755  -39.93154423  336.4305843  467.2735375  106.9616243  353.3287003  339.5033269  180.2000642  807.5074726  -88.79714862  317.0016873  274.4793002  -386.860169  -97.22831412  149.7764261  137.0607266  118.1214396  0.3949535838  599.4195915  22.69530002  -36.92124966  21.82415038  120.0222573  -174.6950884  -73.24431756  77.8300112  363.7795624  -55.96021167  
238.5081131  252.4261515  315.0447223  -35.81909375  326.9959724  457.7386171  96.87662958  365.6965516  330.8948646  167.2783683  808.5134281  -80.67693002  320.560558  268.770793  -385.2634202  -113.2091349  152.9878904  130.1953961  117.7824219  -7.240271644  606.0166885  24.02333327  -41.31366788  28.35726667  135.1305746  -189.3561393  -62.92926759  69.10814902  355.9053032  -49.27639002  
242.847229  249.191542  318.5689461  -41.42966012  322.6431223  456.698998  92.95418619  360.8689265  328.6666215  158.0580369  804.1729497  -75.12612404  318.3857165  265.0304323  -381.6318457  -106.5581971  160.3178185  132.147756  109.828619  -12.86936333  602.5335886  25.41350825  -34.80989584  29.43718887  136.1760601  -198.7420261  -70.58397041  69.35633988  367.8040014  -50.00939857  
232.4187892  254.5620951  301.6202473  -44.46429947  326.4791813  451.3279074  71.41482928  362.5131246  327.508214  145.1419361  796.9555182  -71.18462738  316.8791423  269.5984937  -385.2039321  -123.7769462  169.1413725  152.3695594  126.5299745  -14.86498513  597.6835508  37.77528355  -39.89462405  27.63633897  149.831399  -187.8630448  -55.18821995  72.94351001  367.5852717  -55.35972669  
223.6158552  260.7767155  303.8922945  -49.68049043  309.6313329  461.061982  73.93376989  350.7672645  330.349818  154.3958003  799.9831044  -74.92777835  310.7904942  276.0423716  -387.7494618  -121.7957924  165.9442323  143.5041209  120.2935176  -8.490569958  598.7824824  34.99530875  -39.77307026  20.13365102  139.0232651  -175.8119118  -64.98728777  72.86366922  372.0923683  -56.24825359  
221.0317199  257.8992279  308.1213865  -50.52160008  329.3241191  464.0058558  78.21717294  349.8594689  329.1338968  162.8286373  805.7371444  -78.37577047  317.1590288  272.8287285  -398.323614  -119.1776181  161.5196757  131.8009893  121.7765708  -14.22007942  601.1047258  35.44819042  -42.39362285  22.27204939  138.948497  -166.1160445  -63.33275509  78.98285512  368.6702989  -56.01114229  
222.9585837  257.7218675  306.7756387  -41.06979521  325.1675523  455.5931274  71.06885918  355.930933  330.0870047  157.4090569  796.3696885  -74.81404622  306.5723691  271.9756383  -394.9611748  -118.0362665  154.3978951  139.7867935  128.585738  -22.97916089  596.2537883  26.10550385  -36.02827712  27.16460816  135.7140649  -175.9505723  -61.07161753  75.03837695  363.2363823  -50.97818927  
222.3263525  252.6242431  309.3060268  -35.41252137  323.9925906  462.7108249  69.73529864  341.9014578  329.7289234  164.2684032  790.045638  -82.01914532  314.8278221  271.7072391  -401.9306898  -111.9530113  146.2695644  149.5294434  124.691993  -10.88057961  599.5959111  24.48450217  -35.98891087  24.0770657  129.5056664  -172.0719274  -73.93611736  71.59999957  367.0058916  -54.60134977  
224.0301844  251.3537968  310.22167  -34.55186371  325.718761  461.9481252  84.77570486  346.3358007  334.3141234  169.0322878  793.2610056  -76.16443107  304.1838986  275.3439626  -399.971748  -103.4281233  153.9494922  138.8986676  114.6144957  -15.82926451  603.9145493  16.68742344  -38.18996781  25.88877145  131.8429716  -177.1970505  -76.28070109  78.27264618  361.0879561  -51.16413957  
223.2482089  255.4298592  313.2060425  -50.19872438  317.3169531  466.9315538  75.85686428  343.9317308  329.6427183  165.1373876  793.9091827  -74.60036733  317.6651049  269.896167  -402.9611806  -102.367116  162.4976733  151.3548641  118.1427716  -14.79388164  602.9329745  29.90862774  -39.25875235  25.41198077  138.4271033  -175.8250067  -69.182054  82.47236579  366.6517597  -58.3104472  
225.5828607  255.6919474  310.4896531  -44.32966938  326.306469  467.7865453  87.52966255  351.0371407  331.154171  170.697232  801.7845075  -77.61166142  315.1681288  272.47374  -402.2060305  -102.3958399  162.1807304  144.6190284  112.1283515  -9.152649141  601.4718617  32.38294843  -41.13812579  19.94877527  137.8317869  -177.486847  -64.42702818  82.6261404  361.1728783  -56.66007468  
223.3527052  246.9309409  316.4294722  -48.36445996  318.4930587  468.0833211  90.35022504  341.6326571  327.381778  169.9313463  798.7793112  -84.09128678  307.0249104  275.761422  -402.0332294  -91.48228103  138.2881248  158.0913288  134.1517854  -4.123006114  588.0985796  23.49632345  -39.80098917  29.66830657  123.2481616  -166.5331556  -83.91726946  86.904364  370.6075925  -59.85690053  
229.5470071  249.9391372  323.5018678  -57.38260934  320.1832385  472.5627045  86.41452831  339.9456154  326.5312492  168.5887339  797.0929834  -81.06396162  320.3335158  270.3740709  -406.7436586  -94.10122735  138.8987525  153.6588891  137.9617745  -8.841893484  601.3713541  28.49708511  -40.02941483  33.86383598  131.9587612  -170.7613278  -83.93806405  89.91262595  376.2916965  -54.52307939  
232.1015985  255.8792186  323.3704691  -59.08586808  318.1685661  468.7021992  78.05164701  340.6537918  322.4032567  154.8541128  795.8350902  -84.92404135  314.4226336  264.1724833  -393.477037  -107.1552294  139.7639363  140.4565848  129.7766296  -16.9841996  603.7373862  31.63578448  -37.39213468  22.30039968  128.9340893  -165.8160215  -93.25113362  87.16833297  385.8722563  -54.43038379  
227.6084762  259.3239123  320.4025535  -61.24569395  302.1565718  466.3929426  72.10659326  338.3332202  319.2108001  141.0820236  792.2161838  -75.46847504  311.231356  262.7562257  -396.627548  -110.4004302  149.4021626  154.4172773  132.8132395  -15.19905737  601.306029  39.79599522  -39.93677739  19.60921807  128.2960843  -169.6585804  -91.37339457  88.27716489  383.7233569  -58.95655947  
224.9215038  262.036399  314.4078081  -55.50128211  315.1779885  460.9545029  73.55195531  341.2964402  324.9439053  149.0940286  796.4706622  -71.5618  317.7423963  275.9161071  -399.5476233  -115.6174666  155.7423288  146.5996149  130.4068157  -17.02851323  604.4616216  40.54399522  -45.28177947  24.33934669  131.7359109  -161.3878409  -74.02343224  92.12739158  375.65434  -59.22063132  
227.8681754  253.8258425  314.8703077  -48.8548758  320.1102447  459.9542368  84.67908817  346.5443591  327.6796696  162.8097583  800.4852555  -72.81767175  320.6878919  274.2720683  -398.3710852  -107.9492458  152.8665118  152.4430534  124.3714633  -10.09652534  604.1353699  29.84479129  -40.1426517  32.03429143  134.5956086  -174.7271553  -72.49171255  83.28022342  370.1202576  -52.86545632  
237.3508437  245.867554  320.8801402  -35.96169461  339.9921018  461.0437055  92.41654148  358.1014548  327.2356429  173.0663136  804.99241  -74.68687509  319.8012762  286.153635  -400.630261  -109.7828194  153.5753619  143.5040851  117.0323454  -5.492127012  599.1629154  20.23075845  -39.2642361  38.07724532  131.169773  -163.9222374  -69.81654764  78.08581964  353.6281784  -55.01019915  
247.0974967  245.367368  330.2970426  -32.48638403  333.1819797  460.5833115  97.1563634  370.5885685  330.8217888  168.8906263  808.929637  -67.7127574  308.4628927  279.4288906  -383.4587179  -102.5924096  166.6521815  132.0293875  111.1732464  -12.34826345  601.1056089  31.81494476  -35.58663426  36.49572396  143.3715621  -172.8880332  -64.41641129  82.37470331  348.62208  -53.66447536  
244.9036985  247.6477004  332.4318625  -31.92935319  333.8295352  458.0843201  103.5225306  370.4297752  335.201432  170.8667676  811.506914  -63.95673279  295.9390814  276.9831622  -372.7274403  -95.55420416  169.9845783  124.4083049  105.1479319  -12.18070962  599.6438931  34.37416733  -33.84453079  42.84790408  149.4234678  -172.6261365  -68.73563902  86.48908797  344.7983535  -56.77445802  
230.1207864  245.9075044  312.1337419  -27.99296693  348.4476195  451.0116265  107.8842972  361.6772988  335.1991871  175.1413834  808.7447123  -73.21851365  291.8911933  276.6703179  -368.3346294  -93.00517732  163.3583794  129.3166803  100.6728915  -6.619902554  586.4178465  23.24006004  -33.13951766  43.19760886  139.7443314  -169.6578583  -79.44723588  79.10033008  340.067988  -62.04962385  
213.3834056  248.3316762  294.6251065  -28.15642788  344.7141229  463.5381745  90.2272565  347.2365598  341.1614535  185.9788702  793.8507141  -90.61972307  300.3394967  279.0518585  -381.3560188  -97.43209624  148.4085459  156.6279804  111.8069555  5.862295276  589.3098661  12.76900466  -32.62828171  32.76631319  132.5147498  -179.1144579  -72.2359324  73.54451536  345.7629136  -65.32748039  
208.5352026  249.867892  295.1941548  -34.31970315  329.7719889  472.1969713  77.72072632  338.6732048  335.1493666  185.9255358  794.5812759  -90.20914996  320.7241347  277.0370697  -397.8112644  -104.515462  140.5069798  166.2224074  117.1335143  11.18396881  593.4028239  23.23706494  -35.41904824  22.98733715  132.8504841  -180.5531211  -58.54482727  71.30160675  354.1447377  -57.42126747  
217.1976446  256.0063615  307.8695234  -39.33791892  309.5650276  468.2827344  70.32200932  342.7726158  327.9953151  166.316253  798.3696399  -76.00778346  324.2934691  277.0903708  -405.3511413  -107.5843805  144.9643456  173.1361433  124.6752018  1.881720665  606.16391  37.95511375  -41.17802011  21.37349557  134.2211137  -184.3655179  -51.64609978  78.74873503  357.7991164  -55.37409347  
231.8514931  256.8415099  311.1647325  -31.75874478  307.0682096  457.876336  76.14992529  362.1796036  328.4095472  156.7029842  806.7745006  -68.71414126  316.1148157  278.9779651  -396.5840646  -116.5295571  158.3348445  159.5803371  128.9422249  -7.028926564  612.5779837  35.25358827  -42.89948374  21.00566971  139.9112584  -193.2296215  -51.22241678  72.17508025  354.0372495  -46.10590165  
236.8151167  256.3977241  307.4466128  -25.6542717  320.1369257  455.5560145  86.55158295  372.7514751  332.2696777  166.2090185  808.2899807  -57.80029426  301.0720362  287.8413491  -384.8925037  -113.2635767  165.8000862  140.9003809  127.3031628  -1.550669686  609.1774162  26.84630874  -42.77886988  37.51607327  145.3684662  -187.9507019  -54.12747847  79.25281605  349.0444744  -45.25969223  
237.6040936  264.383268  305.1702768  -11.98623596  339.7988931  446.5371238  87.24519825  387.2441115  340.1249605  171.4822216  809.6304436  -53.96525914  295.3555033  299.1620565  -365.8654642  -130.3672265  183.1422769  117.007524  111.1795931  5.598816673  603.3866515  33.54586472  -42.70648984  44.17865547  155.3956914  -178.3322133  -44.0519953  72.29921172  332.5588588  -51.18475712  
238.7919225  263.6435969  311.1559006  -14.79945737  337.2001919  450.0468295  89.95326381  384.6923749  341.6367038  180.0035474  809.0079873  -57.31584262  290.6312386  291.5661722  -369.1894698  -120.4993972  186.895627  121.1803813  102.7317513  1.308647312  600.9437076  30.9710393  -33.79600398  48.56384991  162.5714595  -180.2844046  -45.06296821  69.8247385  338.5083512  -55.25916832  
230.585535  257.7173345  297.5835998  -15.48342818  351.8877869  446.0194775  89.59832023  368.5978619  347.8833371  182.6628557  792.2134228  -67.89498487  288.2032858  283.654519  -364.4020604  -105.4286306  182.1234575  130.4765487  107.7651097  -11.3515689  592.8946099  15.75224961  -32.16546517  49.44230675  159.3389125  -190.1261841  -53.12731036  66.31373568  341.6211037  -61.94984171  
212.6266318  248.1791285  293.9268158  -20.71457571  339.2291743  458.5696853  84.79214337  342.2583282  343.2675613  175.2703647  784.431394  -90.35811642  295.3591118  286.7622284  -374.0044397  -99.62672798  161.7182822  134.574559  112.3490465  -2.066714079  587.8074903  15.73823684  -35.3319488  26.71913419  129.5281314  -168.9666033  -72.62063766  65.13644503  350.6128489  -65.85131223  
202.792978  243.8592003  292.9602801  -36.09618702  345.8068474  477.5652037  78.16227105  320.0427908  332.150978  179.3172224  788.79652  -101.252891  321.2905869  279.7991828  -390.3055531  -92.39830728  151.4472702  139.899853  133.1747055  -1.45851411  591.8987107  34.09281162  -41.57782706  17.91197903  130.4432604  -144.1344561  -69.48462471  85.81184292  364.7557254  -67.56281908  
214.9683606  241.6582392  292.278965  -33.50217084  342.9822562  478.1212227  85.23639833  337.0323054  332.475956  175.6436678  800.636729  -103.4486926  329.0336246  276.2663806  -395.1907499  -105.320785  156.8008635  137.8825402  124.0416032  -4.658167074  604.1766875  19.46300858  -44.00118748  13.73433725  136.4066978  -169.165789  -58.2894903  69.82433986  364.1723764  -51.32329452  
216.4831414  246.6498759  290.1448408  -35.80130874  337.4721345  476.4721548  80.72743229  337.860699  332.8685047  171.9281279  796.3332377  -97.72973692  326.1771005  273.2818783  -397.169755  -105.7808035  159.7089851  145.4370794  126.9441961  -9.644840473  604.2446474  17.244424  -45.47553025  8.299041558  134.3306669  -175.1334095  -58.43671482  71.99089865  361.3880473  -52.9452254  
213.7576209  246.5466054  290.9564723  -34.11368097  337.4124859  475.0460752  81.04650655  339.4946777  331.1863724  170.3625094  797.6306227  -92.50154331  325.0331474  271.4762473  -394.9922459  -104.2975052  162.6170713  143.4292326  119.4335795  -6.47758612  602.2480629  16.63513691  -40.8829637  9.691869098  130.8284665  -167.0654244  -59.35287311  71.01598614  359.5216112  -55.02543055  
222.0418302  245.8410082  290.5136084  -32.5925449  329.9957363  473.3653393  85.19592574  346.0809665  332.2535157  167.5488731  797.199136  -93.42258858  318.5114093  275.8900079  -395.6466289  -108.3678666  157.5241367  143.0187005  122.1095958  -2.231010833  602.5505784  9.109609725  -44.16668962  15.96708334  126.9375316  -173.7145146  -63.0267252  70.43306105  361.0010706  -54.16649067  
227.9859905  248.4515928  301.8183925  -33.48953617  330.5187301  469.7489342  99.87619873  350.5320981  331.179959  170.9352608  807.4176685  -103.3268454  319.1288537  272.1510598  -392.7155747  -99.77934914  152.7664056  128.1869872  118.3943497  -6.690723515  599.3670657  10.83170846  -43.83921821  2.922265958  113.9191441  -181.2146219  -76.26224502  70.287966  367.1857089  -52.40305363  
227.2822644  249.2418897  299.7861685  -40.4388245  330.6999739  466.8266198  102.0303495  348.6206746  329.6238469  175.7597984  806.9791976  -103.5628754  322.2701383  262.62562  -388.6061848  -99.64260323  146.4230347  135.8348713  116.7682772  -8.079647483  604.0606944  18.34567435  -40.47952461  10.03780229  124.2750265  -194.6957212  -72.32689258  79.00040871  370.0596418  -50.84465156  
228.0525644  256.2031905  302.4104212  -51.61467773  317.602169  466.160136  79.04295634  345.038015  322.7292684  152.4950512  794.1293439  -77.36216279  319.374662  265.5398241  -395.7663208  -108.8832245  152.1427128  151.0013596  137.620537  -15.3977309  594.4682193  29.54673715  -47.85485987  15.75337287  123.6063228  -185.4652734  -70.52741347  81.44901729  372.6676059  -56.63804137  
228.0338308  253.5616831  311.8146427  -57.24429359  317.0702778  464.3492139  76.74445696  346.9062138  321.2915976  155.3839869  794.1551808  -74.75247785  307.1442296  267.1596844  -401.092595  -108.0983762  153.3373143  152.3851232  141.1135074  -13.71866339  594.7495565  25.30334908  -42.5367128  27.86016863  124.2740832  -168.6712216  -69.6762955  80.93988602  372.8209984  -58.50852174  
227.0676893  256.871831  320.8203949  -57.05069769  327.096697  470.3729906  85.29109282  338.6117294  326.5409326  172.1450923  796.4345705  -84.85624329  319.1842685  262.5975857  -401.2348326  -96.60747859  147.3494171  153.1287684  133.1404443  -9.559934474  596.4172257  26.74528161  -33.79968989  28.87393823  126.1377831  -165.0570661  -85.51799232  88.74836214  379.2063467  -58.27289542  
228.3562567  257.2164172  318.0439093  -51.71066743  326.0415636  461.303672  86.54917157  346.0913043  332.3407883  171.3430629  798.5376568  -87.47219886  312.1277677  267.613657  -398.588519  -108.6238328  149.7438331  147.5586634  127.7199643  -7.064356949  600.2104619  21.4027635  -35.72965884  33.21776419  128.860211  -173.2239117  -81.46511519  80.82646513  376.4139832  -56.54753202  
230.5278325  259.1033463  318.5415866  -54.25287732  326.5760098  459.0229725  94.28163683  349.5373087  334.0846828  173.0955907  801.9097945  -77.89140668  315.4979408  269.0103751  -403.1250454  -109.8245805  157.1851463  134.2655341  117.4561207  -14.37197715  602.6555876  19.01390801  -38.92094573  33.8022412  129.9726435  -173.55822  -74.92070884  80.84989988  369.5441333  -54.43006818  
233.7413297  258.7831841  318.1970388  -53.88111026  321.5654575  452.7218107  96.54068105  353.1773377  338.702335  160.1210468  803.2212934  -81.25389686  316.4489791  270.3756563  -402.0579864  -111.9105015  156.7180387  142.3244449  117.8196212  -13.09862432  599.4812883  19.50315691  -40.66910207  33.49576966  126.4140182  -178.12229  -76.53452028  73.20370496  370.4315656  -57.09256258  
228.1982127  258.623584  307.7519162  -44.72950111  327.9441907  455.3872219  89.38654566  353.1617347  335.989022  165.5527376  802.0562041  -82.19929185  317.6544697  278.6198903  -401.5973048  -114.6072877  156.5261237  142.1161271  125.4251665  -7.874545906  598.5207693  22.76050937  -39.74298318  25.83701131  129.2495704  -168.9653037  -73.34138159  80.24662996  369.2056565  -53.00776161  
227.3470364  249.6798939  317.6058966  -46.55172705  331.9288077  460.8555834  92.98584466  340.7360432  332.0464912  170.6159411  795.7926808  -87.41700155  318.978626  272.8315069  -400.4846176  -95.51259083  135.9091969  153.2052725  135.8496377  -5.460141226  595.0546166  21.43418923  -40.2019962  26.52649851  113.0571545  -166.4062168  -85.9949855  80.20212177  374.8028529  -56.29485547  
231.1409434  250.6013173  322.4210718  -47.5801626  326.5365788  465.8496432  91.02192817  343.9051621  321.1113084  169.7408274  801.5510429  -83.49970482  323.6939986  268.7669832  -398.8769497  -98.92535717  137.4897167  143.560427  129.1460732  -10.74796427  603.9353763  24.20028108  -38.56296593  25.89243494  120.7248146  -176.3189852  -79.51240787  81.77414135  373.7679636  -50.51365152  
232.5374543  252.3944143  315.9954329  -45.54725071  329.8550921  460.4637999  92.19221494  346.853598  321.6125253  168.7650352  803.4399904  -84.59022897  319.0055366  268.1872994  -392.2664069  -106.0941963  144.2090639  123.9304414  119.7582783  -17.00191907  607.8104497  17.99801541  -40.80371996  25.47550502  124.3051127  -181.3691795  -81.09809509  79.15932997  370.3694209  -49.65088376  
234.1538723  257.9619123  306.8417904  -40.32553786  326.4518683  452.4261559  80.96570419  359.1810503  330.3130519  158.0430829  801.8479567  -77.06694665  314.8160656  275.2468561  -392.109807  -119.522422  155.3469642  132.0458509  122.1353548  -20.47030088  602.2903677  20.10134335  -43.69645017  24.47296772  132.5027352  -184.5946463  -69.27143856  74.02447176  364.7293008  -51.70262362  
234.2593851  252.9645697  315.0679041  -43.64530294  315.3928783  460.5919396  75.01762104  354.3311557  331.6687535  156.3476896  799.9508334  -70.82265946  317.6256497  267.2299126  -403.3107366  -110.8867631  160.432275  155.8734405  130.4563873  -16.17115078  604.5751321  29.23487478  -44.31054531  21.92629213  142.4149833  -180.07126  -65.02399455  73.7623224  364.536532  -53.84824526  
236.2432819  261.105523  320.1261098  -40.70224695  316.525425  464.0279835  74.41689981  363.5204768  331.2139683  158.0147572  805.2480656  -65.38580954  321.7198229  268.5468804  -400.6733131  -118.1015291  173.1923403  152.556752  118.4854109  -13.38695352  609.1203765  42.60678101  -40.636058  15.63221768  151.6059026  -180.5066906  -49.7097289  75.0893888  357.3824074  -53.65292423  
243.221579  260.2173223  323.695904  -32.17485397  323.0110282  459.124159  85.82691636  375.5079002  334.7695999  165.4572693  809.4688784  -55.45533856  310.6256359  276.7768066  -379.8113036  -118.9420307  185.8816508  126.073448  100.8757794  -9.077637534  610.3670676  43.81718253  -38.10912818  25.97297334  155.3805213  -183.2777799  -50.51940814  77.53512364  346.0053814  -48.90672467  
246.3508984  256.470558  322.3916221  -29.98809461  325.4986308  457.7523695  84.47712143  375.1829393  336.358433  164.7883468  806.5606342  -54.76660802  309.6545294  280.6540907  -366.7144277  -115.7447496  181.1318063  135.7192732  97.70119132  -2.590482658  602.415187  48.44905315  -37.00995317  31.40888076  151.9578841  -182.4170458  -51.12696391  76.49469505  350.8024891  -54.58398679  
244.2662572  247.2017089  323.6187592  -33.34627555  326.0349247  459.7676645  86.27415706  367.9963068  331.9030377  167.7307373  804.3949892  -62.99951171  302.9026899  271.3771365  -372.6399324  -108.0320829  161.0862262  141.8688018  104.269958  -2.330652094  600.9886112  37.65463147  -37.06638066  32.38836637  144.2568327  -185.7708522  -71.2075293  73.65009031  351.5640451  -55.21388908  
235.6217763  250.7132063  317.0183755  -29.63346572  342.4547282  462.6069852  87.49617897  366.005825  336.5416254  173.293096  803.8520928  -71.59893451  303.3595776  268.6619851  -377.0663863  -104.6843084  165.3489596  133.6946305  103.0210324  -7.485780677  597.3926465  34.29901268  -35.1156601  28.70376907  149.7919443  -175.3625983  -70.71222123  78.6082821  342.5815353  -62.72913403  
223.1180305  256.7066468  290.8469406  -20.06266182  356.1918263  451.4690714  95.1307525  370.5206141  344.9890099  170.1653141  800.4673082  -81.60352105  302.0816249  277.3205973  -371.4753961  -114.8227766  171.9427841  117.6705853  100.1343599  -12.74658517  587.4778305  27.11864501  -38.72628063  21.14607733  147.1666721  -177.5126829  -60.68142227  73.4139555  335.1115944  -64.64047357  
212.1003209  253.643515  293.8817933  -33.05592542  329.3372987  454.8771398  91.35987923  348.944368  340.9526332  162.3868482  791.8777182  -88.92637806  306.188413  274.1145283  -380.6000233  -107.4219907  152.9024025  151.2103651  120.4718149  -2.668780694  583.2679586  26.58568951  -42.8903395  14.86429695  117.0352584  -174.2418305  -72.35321055  72.86767664  353.8826699  -68.08329438  
208.1199333  254.2356514  302.2027851  -53.46522462  322.0671023  466.2569986  78.22135463  333.874395  328.0333032  153.1079936  789.1350884  -79.53722729  318.2956941  271.1227579  -398.1145768  -99.58262293  142.4384835  167.7627497  151.0572884  -3.172329204  585.2307138  45.84039056  -44.33944892  18.71996042  119.2994841  -153.217642  -69.04436494  93.24218753  371.6152045  -66.80532399  
215.9997636  251.4645154  298.9022061  -55.81432677  324.2218129  471.0378371  71.72318252  337.2805276  323.7922198  158.4343308  791.6528253  -85.26538259  327.8319775  271.4866736  -400.3096268  -111.4509769  134.3628103  162.5697069  145.4986975  -13.08025998  593.5961856  35.08296356  -41.09022852  17.77026459  122.9233009  -170.3328671  -65.402898  85.995247  379.8544872  -50.52002688  
218.5116283  252.7033749  303.71941  -53.24645033  318.7773385  475.8449725  67.15297573  338.5933803  318.3965538  160.420933  799.7191646  -85.95153094  333.7096871  273.0037757  -399.0868094  -119.0844394  141.3413136  139.6699007  130.4687161  -15.64995458  601.8283916  32.51207933  -40.93314825  13.29285497  127.2817537  -175.2821813  -70.38565685  79.52091602  378.9760919  -46.39336343  
220.9125998  254.5013932  300.0184339  -51.33744276  316.8786503  474.0226382  70.51774601  348.0085056  320.278833  159.084026  805.5371073  -86.85164694  328.0741932  275.2169698  -404.4845483  -128.558048  142.6067438  136.9136754  121.5024986  -17.36496776  606.5123262  24.07683972  -46.01178836  14.8344955  130.1579129  -181.7779874  -61.58485577  73.81302928  369.9943084  -47.1526374  
219.0350689  252.6677456  301.7001541  -48.67174248  318.7068445  474.795806  74.3890459  343.1146781  322.8323672  161.8927306  804.2487896  -87.92379117  330.2094473  273.5705371  -408.3970746  -119.2909997  146.2296789  146.2179785  118.8953396  -11.07970115  604.0253814  26.8973149  -42.52336322  15.46562504  130.4182902  -177.7498925  -64.96753138  81.82016646  369.0053558  -51.14595176  
223.7915145  253.0732033  300.068594  -41.13040129  318.0510488  470.3064872  72.88870809  343.8370767  323.6964823  161.5264417  797.8408544  -86.52690861  321.7185581  271.8082398  -413.1014932  -109.8398499  139.4751336  161.8506286  124.9450861  -12.53183488  604.0850662  12.49188096  -41.02463212  20.76160712  122.3836419  -185.7851684  -72.27092127  74.76226461  365.6185136  -49.52929496  
229.4008513  246.0433237  312.1312065  -42.07608737  327.4994345  464.3219746  84.10463758  339.4598488  321.4076076  168.5714958  799.9145942  -95.02979151  318.8495352  274.6153482  -410.9196221  -91.53226441  133.977387  152.0323108  127.9617273  -17.09363469  599.1727296  9.661779917  -40.76095205  25.18540588  116.046373  -181.0675031  -86.70715866  78.90826598  370.563747  -54.70723868  
230.6347295  242.3637792  314.598267  -50.08216577  322.8306704  466.3191981  90.24832692  341.6669702  326.3256724  164.8590549  806.4771117  -91.10824851  318.1569408  272.3466709  -407.1639832  -93.30672545  139.4723841  152.9215431  133.4576048  -19.20051136  600.6193363  7.952840981  -40.68786046  28.4651103  120.7524714  -176.0518355  -80.58553782  81.64052486  377.5802436  -54.67443483  
233.4141831  247.0060127  317.6016585  -50.72627139  331.0717077  465.1062513  90.58386674  352.0835969  330.2639829  168.1555451  811.6001455  -87.95395438  317.5524148  274.1650014  -400.7506104  -104.0655681  162.5274891  136.9412177  124.2942013  -16.84458758  603.3010016  17.63000002  -39.53454584  26.81084438  133.9717884  -164.272977  -68.25788527  87.08549716  375.1223156  -56.02149159  
241.3991004  254.7098518  320.5065634  -48.02297204  326.9068634  466.1694135  94.62214655  354.9307609  333.4232745  164.2869481  808.1102383  -77.75165152  317.4643166  275.8040446  -395.1792595  -104.4950413  166.2859602  136.1161637  133.6434454  -10.03143818  606.5414343  35.36896565  -44.03203488  22.49621167  138.4468575  -167.5869137  -68.54798772  93.7564866  369.3588228  -54.88620712  
246.7583613  253.3492915  331.1730206  -48.83375174  318.2656993  469.3583864  102.1044203  360.6973659  335.4851006  170.2791627  807.8355092  -67.58766361  302.6210962  277.0002806  -381.5354776  -97.53192032  163.7385174  126.455696  123.7257232  -5.744846117  601.5697869  39.33306593  -36.88003264  34.08310249  142.2330517  -170.1546084  -78.61117492  90.95618672  364.4824184  -54.23886083  
245.4357709  257.043652  317.0866238  -31.52427346  343.8792268  464.7684266  109.9375412  377.1719375  347.6215874  183.8020889  811.8476311  -67.00498141  299.2242758  286.532144  -366.6588353  -111.1338437  177.4552511  107.5518072  105.6175176  -0.08555101868  604.6490358  26.38471041  -32.94082079  45.05277433  151.8240408  -183.6414841  -63.99463442  76.06289609  350.723684  -48.08920201  
230.58026  256.4925254  298.4334551  -17.83223458  356.2321772  451.0382688  100.3890187  366.4706628  347.1591243  183.2955358  800.1540294  -75.77415558  305.5773376  290.6803952  -362.5170802  -110.3589086  181.1520652  116.1279963  93.16725708  -4.469268632  593.4899106  16.80954212  -35.25615528  39.81195008  145.2054889  -188.9410763  -61.05324216  63.40860095  344.4872667  -59.20497283  
209.241114  258.1082863  295.8275383  -31.10534965  342.426793  466.6101845  74.9870659  334.9569518  335.8559929  173.4529844  787.7861406  -83.78197159  316.5405071  275.5855035  -387.9077843  -103.2008175  166.1525241  149.3292679  118.1006238  -9.561450884  590.5871189  33.45842777  -44.86778966  19.54795992  138.7583838  -164.8811826  -58.99864798  78.11261232  349.2242876  -65.96242471  
208.7459373  254.0826592  294.6820263  -34.64545041  319.3780117  466.1115397  74.45693497  331.3606584  331.4017361  161.2426587  790.094337  -86.64243676  328.7642864  269.4378327  -401.669518  -105.1032825  145.3181068  152.3986899  122.3752575  -9.818081766  596.9329262  29.04473438  -43.44702328  9.647440668  128.79139  -176.0581305  -67.09289698  75.23614037  358.9309709  -54.06233299  
213.4337247  262.3974559  302.1982872  -43.13811832  306.3314571  467.8360926  68.66507063  335.5576148  327.9846154  150.978467  791.7950931  -85.55400628  329.1038853  269.1690949  -408.6502763  -109.9568131  151.8251472  158.3897538  125.8431678  -21.09394517  602.1282883  30.25022006  -41.69074699  9.678966874  128.3187146  -172.6811571  -62.85277586  75.51804961  367.2280995  -55.71292186  
217.39109  255.0932773  309.5931778  -51.89420337  308.6237206  465.9384692  67.88255308  335.0610998  325.6896947  148.3235601  795.9293831  -85.46475596  330.3195865  265.138172  -411.5030816  -109.177087  147.2559303  158.0494762  140.5335716  -22.67525262  601.3210814  33.0577268  -46.49378493  10.73609447  124.1523526  -166.4879997  -63.52308774  78.54776494  373.6965276  -55.36437427  
226.5933727  249.5831781  322.998965  -51.88098417  312.9044525  472.7774748  71.75051351  342.1795651  324.2142851  151.5853815  803.1517907  -77.61468378  328.4264115  267.1817069  -408.939111  -106.0486318  152.8763558  154.2326459  132.1507142  -14.24398317  605.9360464  35.13298402  -40.1847387  18.34169216  134.698404  -162.3237546  -58.64688815  87.40876251  375.3855425  -54.24426081  
241.4823213  245.0902856  324.3979555  -42.06723947  317.4991808  469.460916  96.62407773  354.7424741  327.4388018  164.4356498  806.0242021  -74.77267234  319.7453301  266.5063437  -388.7886012  -98.48018542  155.593123  138.5456053  120.8703494  -5.150086658  609.9822529  31.30517942  -39.17969318  22.83289367  131.0650931  -181.2202137  -64.75895584  85.78439865  375.5793977  -42.18684646  
243.6878102  243.8538973  313.5623553  -32.06420677  335.9275826  457.0238851  98.18451203  364.3437246  329.2396977  161.426808  804.0548412  -78.03601909  313.8844366  270.9299248  -371.8301323  -111.0198074  163.2285378  124.8498275  114.2279875  -9.826286028  599.4687323  28.77690461  -36.26873285  24.17475377  129.9439435  -170.8744311  -63.14632052  80.65325628  369.5069759  -44.886501  
231.8257873  242.0556257  308.6016001  -36.06952771  348.8537398  463.322268  92.23681184  350.0035063  330.5715753  163.1732956  799.2786911  -86.77804717  316.2290513  266.6146838  -389.2102575  -101.000639  154.9632674  139.8165075  127.8394536  -12.48709331  595.6136733  22.30379643  -40.61285137  28.29381508  125.5157165  -157.4972502  -74.74406076  82.39535564  361.1216609  -59.86497959  
217.0251793  251.1142205  298.6872316  -37.0051718  336.0623141  471.6398647  86.1295449  340.6926331  332.6222191  165.0302993  792.2492386  -88.26140706  318.9152602  275.4154517  -397.2761186  -106.5872686  159.6677892  143.5462141  123.5772943  -6.524134404  602.8456652  22.34870083  -41.10661557  20.63955957  125.64439  -161.9594382  -73.5976663  79.14745785  361.0966987  -59.54616111  
221.4869828  252.3281635  316.6314564  -49.19439084  325.4015631  476.6948426  79.8407879  343.7080022  328.0836496  179.7683424  801.2880644  -83.8881941  309.709289  273.4069962  -404.0900364  -102.6510399  150.8181033  150.5737234  128.500187  -4.683746269  605.6564083  20.36590894  -35.62228702  29.13023385  130.7072996  -166.8495338  -78.3504768  77.56849534  363.4149949  -55.33914087  
233.6728597  259.3486915  316.3688094  -40.08604535  327.0766623  473.1471982  93.2486714  362.7592998  330.7515384  185.8176502  813.4490681  -76.19973127  312.1546292  280.637721  -392.7610967  -108.7874313  166.0816694  131.4464064  120.4511732  -2.286981608  607.2651014  29.57237465  -37.28462938  24.12989582  142.6080646  -186.9275741  -64.42001651  75.18074188  362.5701418  -46.60161048  
241.5745829  271.4269982  303.3565235  -25.61747694  333.8226421  458.4440791  95.80541138  383.7953911  345.0572249  177.6767429  812.5433209  -61.85954278  306.0035914  286.3407152  -372.7271145  -128.2836908  177.4339316  119.0026411  113.6047806  -0.7594534493  604.1110371  33.02431909  -41.75726127  25.12169723  147.7034944  -203.9663577  -46.40849796  69.11798056  351.8712475  -42.09560457  
244.4698124  269.4040376  297.7156969  -21.56392122  341.9649632  439.8055205  93.46214537  393.0777412  339.4683023  170.8290633  814.4084224  -61.8337538  298.8685767  290.3040981  -368.8503561  -136.2750324  180.5044356  112.4416866  104.3546369  -2.052743018  589.8750536  32.67067964  -42.74121878  32.7036709  152.1486027  -195.7522883  -42.00788954  62.98475682  343.7590955  -50.75239313  
240.6299683  260.2469863  308.0993362  -26.41346532  343.1116756  441.1040165  108.8296921  382.3861082  342.6321682  168.3147488  806.4015469  -68.59381016  290.0775134  277.8198027  -375.654096  -120.7657647  172.9990767  117.7177693  101.4965083  -9.939449365  590.4165095  11.2392668  -38.10342032  40.23929543  133.7461141  -196.6652138  -66.42832673  58.87582301  347.9953675  -59.39609255  
217.0857277  247.8488247  300.9724188  -31.44569666  344.9020016  445.9426147  92.31713458  359.5549182  339.6814371  159.5784951  785.8106739  -86.80866018  283.1693822  279.9008954  -375.0735606  -107.2538386  154.7974697  136.6497754  100.7838845  -8.516446399  592.9934597  7.261666498  -35.22387266  38.78351282  128.0145799  -171.6760647  -84.82001946  66.62368139  345.0746289  -76.67651231  
204.9665059  248.9571522  311.8273945  -55.32302675  310.9417011  474.963669  59.18349123  318.3241696  327.7396516  160.0727139  777.08841  -86.88289893  316.3852552  270.57834  -408.4473755  -90.9535838  132.329065  192.128546  135.2125643  -2.597603383  595.3461125  34.66936395  -39.69974946  25.15651638  126.3339868  -155.157666  -88.03734599  82.9940613  361.5047831  -77.52482656  
221.1457816  242.1172985  318.3277168  -54.57092533  304.3624515  477.7369461  73.24919674  330.005626  319.7609752  161.4073053  800.7354152  -89.88767526  330.6780852  263.8517183  -413.1069973  -98.05792356  126.7307008  165.8064469  131.8417886  -9.550756089  606.4011594  25.84369676  -39.93645193  16.18690801  124.6712597  -169.5021662  -83.09988977  79.64198052  377.240942  -52.66605272  
226.6810764  246.881597  315.7587616  -46.86736995  323.3297644  468.3627839  75.12336022  339.6617613  320.282352  165.0541192  802.8946298  -80.06587837  330.4589046  263.8548276  -402.2779645  -98.87449197  143.5141946  156.1543744  141.1945122  -14.10970699  605.1599685  32.17286767  -40.73883259  23.08362102  134.6728681  -177.1901097  -68.92495974  93.63652734  380.8985667  -44.24102172  
