329.3735156  46.18868911  195.4544203  405.8360748  161.6672342  461.6714133  517.3687037  578.1000869  487.4804914  139.2069014  661.9557015  130.082426  409.8721942  195.9095343  -17.18342895  299.8643171  309.2371578  92.65620657  132.482349  37.26578485  643.0362556  331.2354367  -0.8967739114  38.34607299  130.8901452  -120.6317634  -15.2157116  221.7193175  310.5805428  170.9505584  
332.6961189  38.23004786  202.7140607  399.9781319  149.624182  458.9075757  505.9983943  583.16267  487.6103761  141.4612555  667.4472189  125.7584329  398.5101036  200.5245055  -20.56830056  300.0084605  320.8015266  82.79054348  133.753735  33.05950146  642.8397764  326.1499906  9.018793128  32.59070838  116.500781  -118.1919497  -19.87589453  220.6323316  316.0269861  170.1451147  
332.8846197  44.12902993  202.3740022  405.3031032  151.012646  462.7940829  501.1723457  579.9004244  484.0375702  137.9092425  668.8666853  126.2845751  393.3051362  188.7656073  -19.93613355  295.2709104  316.2332578  79.67288513  131.4443616  35.89389149  636.799646  318.8927228  9.325327262  31.05712407  111.7644563  -124.7395246  -23.15247129  220.7043281  321.9350378  169.9153638  
333.505206  39.69539626  201.4620164  403.4880903  154.9501136  465.0618968  505.0832787  583.4561129  472.0318089  137.6824096  668.4320491  128.8280091  388.3848954  189.1544279  -15.96916166  292.9421063  317.233323  79.90900942  129.6038118  33.90934105  637.4671523  314.0863349  8.167654284  27.36354688  114.2429892  -123.5824406  -25.97664416  218.3721  322.1238945  168.965335  
337.1564442  36.02823749  198.7899805  401.0991196  165.5930856  460.1222842  506.9376201  578.4088772  474.7160226  136.0299814  668.809204  128.1489663  390.9057374  192.3267696  -25.20191864  295.0221637  313.6871778  80.52702122  132.1120061  38.58606721  639.701456  310.5870664  11.6895974  32.93478299  118.4888334  -119.9707322  -13.50059293  219.2045937  324.6490346  166.929  
341.2696995  37.84341069  207.5038413  409.8438322  158.526339  464.5443657  502.8759057  576.7155674  477.7663638  129.8569441  680.5062822  129.4340843  395.2064982  187.3140824  -14.59165258  291.7448174  322.2530304  83.07745974  127.3970668  32.65209433  638.2663326  304.3847618  16.00183694  27.53464384  114.8190985  -124.4087627  -21.94014095  223.930077  334.4697668  159.2777314  
338.3874218  34.36585724  208.5781084  406.4314612  147.3514592  462.0944359  501.1540596  590.6985279  480.8358062  137.2538671  670.0605823  123.4304418  400.9430431  194.8027812  -12.91511296  298.0099052  316.515262  89.12464107  125.2566896  37.01235595  637.090561  327.1235247  11.27555393  28.73500921  116.0152364  -119.1975574  -26.1042515  222.5784382  328.447636  167.3334885  
334.1123212  32.40455361  204.6721914  405.0206029  151.8070389  459.413049  504.2389452  588.7656924  477.2669235  133.926239  666.0660528  124.4254728  398.8466138  197.4738429  -13.98131674  300.9105708  313.8953024  87.63318883  126.2981133  34.52918917  635.6103121  324.2215236  4.859927767  29.57235952  118.4759969  -118.91538  -25.37249129  223.3901967  320.1991154  169.5759724  
330.7493268  36.07309618  199.2539881  405.8702366  154.8112093  458.392697  511.124034  582.0373391  474.9610185  127.1181761  659.1301234  130.1495861  396.4913047  191.2087232  -15.36657719  300.5169732  308.6393468  81.99099433  123.6571021  27.37344037  630.1384371  307.0847256  2.155558195  36.09834352  119.8707198  -125.3887948  -26.56193268  229.5345387  318.9619991  170.6492164  
328.454957  43.83893916  199.430113  403.4898382  163.3328135  464.2088561  510.6548798  578.8145403  478.9516673  131.0689311  663.8136188  132.5819357  400.4868123  191.1662768  -13.36934889  292.5719457  312.7078299  78.64753804  129.9004448  27.25330592  638.1258711  304.967716  0.1202866224  39.96283746  121.4996108  -123.2969601  -27.0936904  233.1387154  318.8247098  168.7760184  
330.3088312  34.07217819  207.4539294  401.1635846  160.467002  456.9003175  507.0529145  578.6830735  488.9549886  138.8128846  659.0019694  134.8018447  392.3229694  199.0288033  -6.984598332  293.9525971  309.3774722  73.8162537  135.8440521  24.74981803  647.2958098  318.9638865  7.975589291  35.63583364  109.9966233  -119.6832359  -22.77541285  227.9891655  311.9678343  168.3544125  
331.0525493  33.01325054  204.2867427  406.116099  158.5650416  453.7779638  504.8395073  577.0434936  486.3350371  136.9353537  661.4001065  132.967264  393.8300571  194.7634387  -20.99306919  304.7022682  307.2025412  78.28263454  139.4179191  27.99301983  645.8773105  321.8549076  13.18607471  40.27667673  106.5877999  -116.3347874  -19.09998835  222.9590283  304.2735055  167.092095  
334.0904759  40.52998739  204.1303646  407.0433883  155.9130579  467.5242507  502.1891926  579.9364763  475.5261927  131.4972649  665.4278275  129.6378585  391.5151731  186.2053308  -22.61084452  297.3986146  316.5095699  82.46700259  131.8185107  30.61954756  637.7424821  307.5682509  11.49271752  41.86444271  111.2808099  -116.8042069  -29.44180009  219.4865683  315.8065342  169.4187602  
334.3220672  36.69104234  202.4337541  402.8733162  158.8811233  456.5075533  495.325748  578.5324964  470.7305296  128.9249004  667.487878  132.5727857  400.0851379  192.6035923  -24.11154669  296.1289486  312.6213842  85.99502552  130.7155579  32.49761792  642.2488251  306.5264438  21.23944492  37.26621718  115.6908751  -115.0224938  -18.00138076  224.9822929  317.6925971  165.1619492  
330.535569  33.90795006  205.5883908  406.867314  159.8090258  447.4114489  497.6438752  571.2617896  484.4674264  132.0848672  661.212651  142.2439597  402.1264838  203.3021777  -25.81492331  300.261053  308.9749797  86.10044844  135.5648647  24.4177517  652.9386323  314.6392751  17.38902283  47.0215587  108.2198036  -117.6334389  -16.43848829  229.0801411  304.871085  162.4878152  
334.9852832  33.85723146  203.6891795  408.1478838  165.4453058  455.4275658  509.722096  573.6398906  482.9973955  130.7497623  662.2939657  136.7462498  385.1303563  194.5734887  -27.62086825  291.9990874  310.831298  80.98283733  137.2111669  21.31752259  648.7455947  304.3062762  6.416034887  49.63778334  108.3138948  -117.4451679  -23.19336468  227.5277634  303.3623629  163.0527548  
337.5603826  36.3629858  202.7228444  407.3217183  172.7173562  458.2999141  512.7348096  576.0259348  472.9883482  120.6116159  664.1804297  130.2820614  388.9481897  183.3914549  -39.15123512  288.6391276  314.8562116  87.36559606  138.3171098  23.19089708  641.2772791  293.9718399  3.648913847  54.78135382  115.233375  -109.4360352  -22.49953412  223.52667  305.3015586  169.6708174  
333.7407861  45.64252431  197.2666872  413.8231825  168.6205861  469.7637235  515.0998567  574.1955925  480.2341125  126.8254821  668.1361283  132.8614539  396.3191804  182.9651007  -32.2356245  287.0996234  314.7040127  89.52189031  133.932474  24.81819593  647.8075939  298.1692386  3.839128966  52.58776477  114.2566922  -120.0366063  -26.97636535  230.6586295  306.5863584  171.8513773  
330.4854553  37.32025347  206.9626322  406.1859397  169.2574748  461.9139967  510.588048  574.1396107  484.6742076  127.622022  668.6549859  127.3397551  401.1739925  193.7243883  -28.20038506  300.370018  310.6352285  92.43418298  127.7694909  32.29291157  647.1778052  300.8324347  13.82859018  39.81116836  110.8447283  -119.6238299  -29.58436321  228.1812741  310.9861793  172.6424095  
335.4639711  37.666115  205.5028917  413.9686097  166.5796895  464.2300901  512.4985599  580.5937624  479.791161  123.9923333  674.6687418  132.872389  394.6173317  191.2278832  -22.86863982  291.1016533  310.8386287  96.3599897  118.451708  25.31687474  648.2236166  297.5237331  -0.1450688389  42.77489216  113.0096027  -131.3609346  -37.52671023  233.7773273  314.378786  167.3335371  
329.8674439  45.19743047  205.6059565  412.4276928  162.370694  463.1861249  509.2340077  576.8480291  482.5304086  130.4947256  670.5338109  128.0982972  399.8320404  183.383176  -29.5738308  296.6032444  304.4357712  88.22303098  129.4716039  31.98565662  640.8414286  313.6650953  4.325924173  38.75624942  111.9092592  -116.17961  -24.06153636  226.7369119  319.9965295  173.8590666  
334.0674822  47.64990931  201.8250605  414.8508232  164.1087113  458.5820705  513.0610242  583.7700959  482.1843658  124.8426944  666.2919444  132.0716911  392.5701872  188.4750491  -30.53257182  292.7725421  312.6273978  86.71122891  129.7481119  26.68982867  644.4885609  308.4568546  -1.990989546  46.78946236  112.6289794  -117.6173543  -26.95362816  227.6679132  310.3685002  175.8368057  
335.0254897  48.55457807  199.251666  412.2216691  158.6864904  460.1961869  520.0855224  583.3176038  481.5526298  130.7593937  662.1285639  125.235419  396.2516288  183.4051043  -27.76597659  302.423471  308.9532373  86.74447681  132.7950953  31.75352524  635.7174279  313.4428687  1.911671246  40.07565207  114.2110623  -124.1012594  -27.19825341  224.4317148  315.7201788  175.8139044  
341.516917  40.46852897  207.4438901  408.061915  166.2340088  458.9854116  514.9061684  584.3889431  479.770694  130.5583387  664.8540423  123.7839451  398.0138589  188.7148354  -19.05280647  303.1492087  311.9683153  86.1655107  129.5207782  38.42699344  636.344423  313.7004283  5.688488017  35.62353652  118.1220612  -125.1192105  -23.6787794  223.2362569  317.9619047  172.7059056  
344.7519134  33.91763894  219.3302366  408.327064  169.5385832  453.9877434  506.1249598  590.6633591  494.1666612  132.7484514  670.7789705  126.5924809  397.5690299  197.8072161  -10.75375875  307.3485288  320.6624428  89.55553357  134.4645409  31.4006201  647.2336041  325.9149659  13.95359082  44.23056939  109.7548936  -124.0442692  -24.3829206  227.8062755  318.2292797  168.663545  
335.3822966  36.27834086  212.8250543  407.4171691  164.0350336  455.8729523  511.6355418  582.2921867  506.0056447  139.7351643  672.008856  129.6647117  406.5145867  196.4289854  -12.23261808  313.423425  319.4764672  92.91856765  141.5747076  36.20231811  653.8963749  346.5853997  18.33523215  39.3486612  105.4784984  -117.6619616  -19.16037391  228.1052786  317.5371458  174.3939378  
327.4972897  24.98388359  215.0193938  402.654214  156.1933808  445.782837  491.6501225  574.1012421  508.7496374  148.7713341  660.3945737  135.7768151  401.7623239  221.6309221  -11.47575106  320.8419078  314.2752158  81.55956502  140.5216011  29.64878881  661.7850232  340.071828  23.27762389  31.47833382  104.208181  -114.1045686  -14.48753677  219.0474505  300.6213006  166.8139093  
328.8136431  41.03630021  211.9530241  404.5974719  160.2112569  455.6455261  502.4896245  572.2915263  497.0184949  143.792441  668.0135547  133.0036043  398.6555108  199.5427921  -16.15999167  308.0960992  302.1841102  88.26498457  134.9095243  35.00777751  658.5491919  332.4959646  11.73237776  30.58131865  112.8104333  -120.6417121  -18.75806526  219.1467842  308.4318415  167.8795162  
332.489221  39.72321078  217.7211462  407.1944782  161.9081721  447.7015393  503.1274465  578.2799505  497.0810951  136.2985261  671.1751354  131.5142102  398.9627452  201.7346511  -29.48631394  310.45529  293.1940564  96.39073145  130.1613038  38.39892069  658.2093745  335.3167249  12.65477898  38.09848797  111.9811693  -115.2424624  -16.97069189  219.6760435  298.4600044  168.795926  
334.4278043  36.37891232  217.0009127  407.3282054  159.3199609  450.574114  502.800345  593.1369634  493.8767818  141.5108086  669.9517571  131.859304  400.7195283  203.6657168  -10.58824376  314.1959536  306.0753977  93.87567048  133.9734684  36.82971849  653.0865045  349.5037825  10.59355087  36.67458204  118.2816799  -114.4906514  -20.42271751  220.219897  311.933921  172.9781385  
326.7358404  50.89134675  194.3639749  405.846404  152.5617259  469.2950633  508.3437797  581.3482331  496.145173  136.9133949  669.2627323  128.8612209  404.8392327  194.3758489  -11.13375281  303.4956631  320.6107748  89.96544077  131.1446781  35.41254458  641.3392775  334.5910395  5.403739784  40.96486372  119.7535489  -118.6388341  -21.09374513  226.4037998  314.9225966  174.70481  
321.829977  52.13454379  179.524912  402.8515805  147.559906  475.1125041  505.455076  572.55572  481.8357658  138.1966836  656.3378578  122.3673814  395.9778037  187.3772922  -29.09462664  291.2444465  318.5836198  74.69197368  130.6190329  29.29946312  631.9465165  305.8909094  0.6000351065  38.54180044  119.4712414  -121.753894  -22.15571666  216.5786096  313.9247258  171.5098733  
329.5232145  51.25549182  182.8444293  403.6849554  157.8706267  480.4484981  511.7077082  577.5465501  463.5540184  131.6567599  662.7005318  116.1953864  382.5169068  176.0029114  -38.64019749  276.5444364  328.4781396  76.44375408  123.6995638  27.60185229  624.8956586  274.6212959  -3.792874909  40.30650799  121.6002985  -122.772023  -29.17687394  217.5470272  327.8458065  173.3526731  
331.7494554  48.37179212  174.6069038  407.9479017  153.7055447  486.2056667  523.4391819  578.8609245  452.8579768  122.1612245  666.0419657  121.2187809  383.9973531  173.0693328  -22.42644104  269.8461311  325.5064231  76.02139099  109.7358985  29.03154222  619.7024221  269.8708861  -10.21422563  35.86856068  123.7305399  -143.8337158  -38.07896986  233.7089838  339.1652813  167.4144627  
333.5072385  46.75898546  181.5266152  406.0370137  174.530636  475.0438814  520.0829699  571.2997722  452.0033984  116.1029049  665.4801936  121.5580708  392.4502939  172.7083621  -21.23850871  269.3592075  318.8671662  78.84423072  113.2736741  29.9453993  623.3456737  262.2918073  -3.012367768  33.73863231  128.6189562  -139.9434056  -25.06312444  237.1553798  343.69831  168.2470789  
337.4169198  37.80509799  189.7106009  405.3996724  170.4567393  464.4083003  519.9385462  572.6267239  456.3043654  116.0159502  665.1245175  130.9342129  386.0426382  183.8182316  -19.24700934  268.8562453  312.5034339  73.87923003  114.6880352  23.83023047  630.4366069  269.4065758  -0.8947574342  32.26166731  117.782295  -138.205442  -27.29706253  240.6920183  337.0759395  160.4117223  
341.1246469  38.85772807  194.0910903  407.2573281  178.535647  459.3896984  520.4770242  574.326969  455.317188  116.7294355  666.0205342  131.3585042  395.0739352  180.5875446  -18.11115918  273.7898412  305.5876187  85.02992966  121.3846174  27.28320649  632.2315254  277.9707231  -0.9362868528  33.86666963  125.2089375  -137.1861619  -25.41708809  237.9310863  339.0379285  165.1126069  
341.9491655  34.44930519  205.8803679  407.1505523  171.6293045  459.3006572  515.9985482  583.2998469  462.2407846  117.184238  669.2869833  134.2529155  391.4926195  187.3393158  -11.61515053  279.2210208  315.1996902  84.11617667  116.6340407  25.12588795  631.3511603  282.5786731  0.1327643887  34.46679136  118.6458902  -133.4162376  -31.87751805  237.1594745  330.7217492  164.1602195  
337.7225955  40.05943504  201.0714847  406.9778739  166.1999863  462.6438957  511.2291037  583.5652779  474.7955015  122.2056549  674.4558195  131.3531896  396.7481997  182.1026367  -19.80558828  284.11026  310.1265518  84.66091732  128.8966738  31.77593981  639.1392815  303.2604099  6.402621056  37.5083635  112.6495817  -125.6373467  -30.31486038  237.5375176  326.0450116  164.9333441  
339.4655862  35.46549534  218.8356088  408.2742499  166.049782  454.6375313  502.7338223  587.6283298  490.111145  129.1039638  673.4072238  127.5527145  395.6751087  196.3169031  -16.3978465  295.5953499  320.8565049  85.25183432  129.8501109  26.68513182  648.7628606  315.98645  8.042226174  42.03320786  105.0157544  -117.3970711  -30.48699025  233.3212859  311.9098895  169.9702956  
335.237946  37.78946649  217.1186829  408.0790148  158.231796  453.9940744  508.4309992  588.6595615  500.9161352  138.5879751  668.7585632  130.0914079  403.8237801  202.6204441  -20.83338705  309.1086694  308.2446189  93.03683151  133.9060081  38.30150774  654.2005178  346.9038278  10.03548477  40.42663491  105.124755  -114.9030233  -20.80921359  227.4795511  301.0830223  172.0883839  
334.5494533  30.17591053  227.7013741  407.5030113  155.3802796  444.2722017  497.4667625  585.1946069  511.8189512  143.4162715  668.9284896  126.4788329  402.792065  206.1323884  -16.87436411  317.9780872  315.2330612  79.32979576  142.986389  34.85646026  657.4451717  348.3480056  17.24892538  38.67455988  97.04492629  -105.255194  -17.53430295  222.6208052  304.4227394  172.7385983  
326.7637878  32.62148675  212.8132357  407.6882623  149.0026482  449.3931549  501.3721414  581.0684301  506.8973179  145.6829664  669.396621  134.6842161  405.8190348  210.1169708  -14.57919103  318.5546008  312.489208  88.28488755  140.7657648  37.55313093  658.2894252  355.8370866  19.825466  32.2087812  105.9158487  -108.8769735  -11.6829355  220.507966  304.0634365  170.8152224  
323.913272  30.1578298  211.8998802  403.4254879  146.653036  443.0967181  481.0907797  574.9050129  502.0373131  150.9393899  661.1682589  138.9911783  401.7691029  218.1859694  -15.44831023  317.1381768  309.095453  79.65870273  146.2753789  34.00017387  661.604471  346.3632486  25.82019339  28.42106717  102.720182  -103.218397  -7.316438372  211.2921749  301.8843632  164.6909767  
325.7887939  39.04096277  203.9346719  407.3452259  149.370769  459.4953485  502.4674939  578.9183481  486.8966095  143.8639962  668.4542721  130.9819178  398.7376499  199.5479859  -24.2677005  301.766941  316.4452703  88.49574804  134.1259913  31.35898977  654.7984541  325.2846874  6.168969541  36.75715935  112.6733413  -115.370296  -26.15016056  221.8929009  304.9727694  170.9052156  
331.8787658  40.99449036  213.1719503  407.1462948  151.1515198  454.018153  506.4553673  587.156709  482.7835909  137.2466049  672.7325706  124.2914144  400.2694003  188.9516682  -22.91794278  305.2923099  300.8936535  92.11788713  128.103554  37.61423769  646.328866  328.3483503  3.327833004  30.31836316  116.4501217  -119.16886  -26.56016828  220.8164463  311.2532814  169.1530368  
338.3703395  41.96355287  216.4469638  407.4341605  148.2574673  459.8853531  508.7572447  595.3972685  489.2025181  137.848364  674.6446299  122.6070457  395.4450162  186.4296893  -8.448677264  311.7729449  317.7637173  87.92945174  133.6786274  37.73309586  636.5432159  335.0712532  11.93272182  31.71758009  114.1437334  -117.2209947  -29.37989336  223.606846  326.696985  176.5169135  
334.836566  38.19211104  209.5763076  406.5105836  145.4277284  460.220655  506.7270333  592.1161326  498.45141  147.8299762  665.979343  131.1859627  400.8718889  197.0102119  -5.111525395  308.4337616  314.3739446  86.94544692  140.7765341  37.51864258  644.4779239  355.9733583  10.87982999  39.09361413  115.7214699  -113.2305587  -22.09830394  222.6424862  311.8604934  174.275619  
331.1964982  35.95375131  216.540283  405.4743857  141.9460351  449.9430309  482.6017289  574.3017674  497.5983384  150.6142029  659.0396994  136.2398187  400.7157642  204.1741643  -25.82253079  319.8411257  310.6682476  83.83838411  155.438163  29.59857122  647.9919389  352.3599623  25.41731385  47.12860758  108.5451054  -99.19630519  -11.3880071  202.6215186  292.3240342  169.039855  
336.9933445  40.38414045  210.5223692  410.6679365  142.4177411  457.7536304  495.2303922  578.0904741  477.8525275  136.1047894  659.9748718  140.260431  395.2395037  200.8898451  -29.83598228  303.6076497  316.9764346  78.75751151  140.0125848  23.25556889  636.1322743  324.6082915  4.714468421  42.45962086  116.0313889  -108.9853522  -25.31685817  207.8854305  291.6283318  169.7662761  
341.5899216  38.06866521  210.4473337  412.6308349  165.2688396  455.7988468  503.809397  581.3635797  474.718859  134.9347757  663.5537297  137.7430587  404.4683167  191.8077378  -30.18738648  294.9025782  315.2248165  85.83656502  144.705632  29.54949625  639.8339704  320.1292536  5.330947039  47.42822456  122.8151001  -110.7730801  -20.80827627  210.2156642  297.8490373  175.0187039  
341.9243309  35.81589549  214.6501444  408.7074154  159.7387008  451.7482771  513.6706607  582.820227  479.9103233  133.8291346  665.0117163  137.8178479  399.7512478  189.9655184  -15.5536971  298.2454892  318.4417386  87.05293094  141.2776757  33.97400999  643.2641787  328.2595297  7.928420348  34.41280617  120.386213  -109.5023127  -21.55249743  212.1429696  304.5096913  167.024093  
340.0810966  43.90893801  204.7983457  402.8113091  166.18876  464.9142021  523.7583992  581.0066039  482.2132265  126.9416628  666.3833242  125.0403252  392.4834853  168.6975862  -23.40839658  296.0981846  329.7638354  88.95545521  142.3781909  38.51314644  631.3305773  327.8521097  8.301810741  42.08342852  118.6561728  -109.7727305  -21.0165421  207.9782294  315.7496393  177.4504382  
341.4479046  35.77381999  205.7327234  404.2655649  166.0176939  464.5767688  522.7141609  581.9958522  477.4921908  129.7003645  664.3615278  126.8496685  382.7591669  173.5135301  -17.89837398  297.5938965  314.1348374  89.01447237  137.8379603  35.53737914  633.2045565  320.6036255  3.22084018  44.94073873  120.7458101  -122.1910972  -24.72680496  211.0863202  321.9755296  166.8245735  
341.4219959  35.32837735  199.4507191  406.5478705  162.5128661  469.8376844  520.6040604  580.3315391  477.1156508  136.7551451  666.7987088  127.3745558  391.1643801  175.1116447  -12.60346074  301.0674709  304.8304166  86.91030539  139.3156549  45.3676698  625.470082  327.9362569  10.81207686  38.23807679  127.733058  -117.6545067  -19.83362296  212.8833613  331.1652236  166.5586205  
345.4201861  29.41586961  212.7161976  405.9759613  165.7669121  459.8741338  513.9139711  585.5713747  482.9767505  133.9271882  672.1344058  132.229093  391.1551171  188.3604185  -1.598644388  303.7383192  325.1321794  84.62074143  136.1972332  37.99287372  636.4731111  320.5942917  15.93482482  36.40532754  121.3842561  -116.3244688  -21.58135532  222.2257936  327.4489051  164.6145177  
328.4497483  32.32446801  204.9420085  403.7589596  162.5533983  459.5122303  501.7582679  569.0437567  492.6410835  140.8738498  659.6905795  128.9690912  404.7663632  198.0414141  -14.98303982  306.7998467  308.5123848  81.7256961  135.5644925  39.251177  640.6670569  332.0826823  19.38586254  35.2628629  115.3985194  -112.8554839  -13.57110921  210.7758867  311.6383949  168.2073915  
322.3663031  35.92817439  199.2899754  399.2684218  168.1041077  462.1076736  493.7911793  562.4377525  490.2500656  137.1076951  667.0856858  122.8442609  400.9072461  204.3553814  -33.26385873  306.3859519  321.8019681  81.82360741  129.4852336  32.91078523  643.5685027  306.9374227  19.6093374  42.15380712  111.9626386  -109.4619944  -17.88302385  215.0153553  308.0687285  172.4305969  
326.5336148  47.62443678  175.857593  403.0095045  159.8468396  480.4624003  511.4334854  574.1888892  467.9058099  125.9254588  666.5373824  124.3689019  383.2392225  191.8552402  -25.36874715  285.5410912  328.6362769  74.63509082  109.8370163  27.78466964  628.0260934  273.8889375  2.554473506  36.79568862  118.8274249  -135.6782168  -32.01677544  230.8167457  327.947034  170.6184869  
327.3867696  52.64556941  175.2150109  406.142278  167.7611612  475.9487412  517.0041679  571.7158574  455.368368  129.5240338  666.5433128  127.4767771  393.8167089  176.4518392  -14.25498681  278.6807713  305.9405817  79.6450418  110.9882258  36.12224851  630.5771848  273.7931413  2.189086266  26.10940211  127.5291068  -146.344589  -23.15328468  240.981055  347.5547389  169.2673019  
328.7142439  49.35964072  193.994769  406.8888808  164.0955356  466.7041278  512.2750365  577.6387338  455.8417122  129.7792487  670.6376112  135.5128926  397.2042626  187.3711819  -12.69887531  286.8883795  309.9683394  83.9985833  116.7863133  32.35491073  643.7354426  283.4019651  7.289273445  21.43354364  125.3051294  -129.5360622  -23.12688367  239.5564392  339.8137937  166.1830792  
328.8996705  43.64934283  205.1157757  413.1674603  158.2519081  463.780296  506.1129316  585.070172  474.4294935  139.5926653  673.8282723  140.0801274  396.4224989  199.8442597  -7.332682802  298.5741288  310.7199658  89.6925727  117.7748086  32.01685871  653.0212247  315.2471591  9.507764038  27.26092884  117.6306131  -126.2695217  -20.91139403  242.1638634  326.0484431  168.5796524  
335.0303295  46.25234825  205.3365444  412.7546308  148.1316933  462.0895806  507.0937251  589.4634671  475.7865146  135.0666351  667.9186877  137.8367115  394.7762082  185.3116217  -15.34849867  305.9037604  310.2375774  85.41662926  129.5001118  32.692771  636.0276481  320.7999071  8.364179683  36.44802858  117.6805558  -117.4500762  -21.85863997  230.1181095  324.4492623  173.450355  
338.4632106  39.22205639  207.3447844  416.9894187  148.0907212  456.0641023  510.6521894  597.6385038  490.3310579  136.8756386  672.2127442  136.2505458  397.3574979  188.3611613  -18.15712373  309.752638  317.7308668  84.92530108  135.2853263  30.90851118  642.8963653  334.1485483  4.961655543  45.10650809  113.3881413  -112.8234996  -23.60440972  232.1395955  310.9897901  172.3705088  
337.0747538  36.92163619  212.165302  411.059277  141.5649838  443.8066963  504.4047666  593.1442506  496.5022322  140.4333596  668.8356012  140.1839346  398.6988669  189.598287  -10.25092058  311.9184122  311.8399469  79.90317337  142.6677454  33.37267888  646.9990201  340.8129949  19.84234978  29.81869274  103.7716189  -114.0800564  -14.26270106  224.2282965  317.1478885  162.9620848  
328.478997  40.44271214  206.955943  406.1075683  145.9047846  452.7911362  496.2092689  582.2790459  506.2557843  144.1508562  667.3424693  133.0679405  399.3279737  201.9883309  -20.67870525  300.8977595  320.3601187  79.24402176  140.3883471  25.42669143  657.2753967  326.8046511  16.72585965  40.33128855  102.3180839  -113.2257782  -25.0535916  220.1385886  303.7604111  167.8459272  
319.2797729  37.61037394  208.2054081  398.8502719  162.043976  453.6425981  484.9047755  570.6885027  488.0880687  135.7695237  663.0367551  128.6401251  405.9848919  207.7479505  -24.20366204  295.3426591  302.6682295  81.56437329  129.5616867  28.96206008  648.7309975  318.5983447  13.13978223  34.15137187  110.9806807  -120.7890654  -17.8578853  214.2861709  301.4525797  170.4965933  
323.2083054  24.08686051  213.3271354  391.5033419  167.344734  440.869144  475.0502686  576.3855963  472.5105821  136.827658  658.0063788  133.980974  400.1308397  218.9180962  -20.00364144  299.9295979  293.8713167  76.59325028  127.681331  29.37063466  652.2485055  309.7901732  11.74545991  28.48746753  116.1269159  -117.8875393  -21.33176525  215.3732332  300.830208  158.6649283  
320.5989235  30.80495801  203.3323148  393.1499603  164.6722068  448.2724972  485.8489402  583.4381875  470.9695927  138.1680205  660.9287664  141.0737053  392.4275859  214.6426906  -7.68520654  292.5719181  296.6422958  77.06766807  124.8909467  35.2502776  649.5976908  318.3098062  5.193205714  29.10604077  119.7485395  -125.7535307  -25.21277348  224.9347485  308.1871275  161.1142222  
326.0137486  31.265457  201.3246791  400.3592263  166.9092042  449.0025871  490.634306  583.7907019  474.6465339  149.3108982  661.7399713  143.7957169  386.6526986  207.2873265  -7.663485766  294.6499715  298.9766084  70.05121644  138.4497927  36.98115751  658.0771605  315.9832064  14.43851581  24.41338707  114.4781622  -116.7559728  -19.48419456  218.0430878  312.6170252  161.0811221  
333.3872965  42.50508258  196.4176711  407.16008  174.5079551  459.9102572  510.5676987  584.2554965  468.2202905  140.3750391  666.8122492  141.3155403  395.4244437  185.7888239  1.473289549  287.0366401  308.1618877  79.72284839  133.3841342  37.3453263  646.8183588  297.5828038  7.38614536  23.49824891  127.1055148  -125.5600227  -26.48449487  228.358958  331.7795274  164.9828617  
342.1701863  46.04767498  207.8875253  408.641901  169.1469165  466.6273257  516.0309219  598.5457302  467.1306737  126.8554371  675.9750942  130.7222496  391.5187124  174.442779  -3.30121497  296.3408439  324.3398932  87.71018954  123.95889  37.66249623  633.768416  297.0234769  8.535083056  30.70597691  121.0374501  -121.9933168  -42.94155237  233.1044255  335.734635  171.8228895  
345.5078203  42.47643865  216.3066033  409.287096  154.9148605  458.4118471  514.5001184  598.0376869  482.6055744  129.6277121  677.4943967  129.9195625  400.7503524  189.8462223  -5.090854931  304.2957602  329.8064039  93.84214129  126.2248784  36.26619569  639.5420552  331.8263344  15.12029321  27.87282504  115.6531649  -120.0735983  -28.32765662  227.1918546  327.6841192  173.1651837  
344.6179911  37.59327544  209.8297663  407.9292554  143.1495641  446.9486012  501.2118227  585.1789031  496.7622169  133.7114892  666.748735  120.2341692  413.278859  192.5625988  -28.10508295  316.5663108  316.2081492  93.52587247  148.5889333  31.77325597  629.7389502  355.7822545  20.8419685  49.24898421  113.48021  -111.8787825  -13.60979978  210.4689761  315.8049468  176.5309914  
339.6493202  36.34893472  206.9396609  407.9800729  127.5129153  450.6072843  493.5585437  575.5181028  510.7631362  145.5326645  662.8740238  129.0894638  394.906187  202.5125122  -26.67173055  311.2546061  307.1511765  77.49877188  146.140507  29.66445091  635.3475421  359.0993749  14.586067  49.58276711  101.073866  -117.3542625  -12.9931266  207.2847454  296.8059403  171.6170011  
339.8508989  30.78009696  193.8551843  399.3291559  150.3390102  466.2523352  497.5686897  563.0599768  505.9482378  142.1431348  661.1660254  128.675525  399.8369177  210.5054412  -39.069139  292.4873444  318.8770861  72.10601171  146.7286913  24.03331412  635.904525  309.941086  9.987549532  52.68937546  110.2149071  -117.4605788  -15.89429752  218.8226713  299.1166043  167.6411978  
333.1969128  49.85119394  179.7875074  410.7348957  167.7099064  478.9269999  529.1693006  568.7733233  472.4471923  114.7779664  667.9963  123.0532873  381.3842583  177.938902  -37.87622072  268.6538474  318.8468095  77.06813852  117.2381333  26.12701243  629.9141217  259.9631092  -13.99776024  44.10794576  114.8588533  -135.6520239  -41.54349548  234.5350791  323.2822848  172.610721  
322.1305005  42.04834166  179.2266581  410.177336  185.9070348  473.525807  530.3232741  569.4733792  455.7713019  115.3730582  660.7261213  122.9477097  393.9408384  178.1585561  -31.30964842  282.1469739  300.7249442  95.9304278  112.387398  34.89880417  628.4458128  273.2529845  -8.008593999  41.60854881  128.7280552  -134.1443828  -28.24156491  233.9007367  331.0148294  178.5925783  
321.4041758  40.04988756  187.285046  410.8658363  187.6972422  473.2338363  519.5464797  573.610786  452.9871033  114.0392784  665.9675708  129.7672804  382.1883315  178.9100423  -17.477672  289.137585  306.8730055  88.19971184  115.3516986  27.97034859  633.1553644  270.6416649  -4.250826146  40.30578171  123.5229482  -130.3524168  -33.46069742  231.6753606  335.2925588  170.7648541  
320.7357183  35.51208044  185.2551567  414.6540054  179.9976933  461.8150993  516.2655481  580.6542002  459.6849  123.1557531  668.1144457  141.8778727  393.5310519  185.7270102  -7.74207128  293.3475921  303.8566992  89.91503486  125.728658  25.79425126  645.3339088  298.8448622  -2.358328893  40.20651711  123.2618472  -136.8269206  -31.9797163  239.6306845  328.287754  162.8087428  
319.5098158  33.3677857  204.4786425  408.0331988  165.410433  443.8065692  503.6166355  573.8734254  482.2470506  134.4854853  668.0035776  144.7422378  403.329653  204.7018062  -15.45570591  310.5162464  292.577298  94.70309246  134.6572994  32.22685229  657.7117115  335.2734511  13.03107364  33.27529955  112.3099021  -116.3259444  -14.89020452  225.1178798  308.6100867  161.0019356  
317.8422407  42.68527901  207.1069638  407.588099  153.7403734  454.7450168  495.8582781  579.8492835  489.7125592  137.2718365  663.0307366  135.7016022  411.2785564  202.9009327  -20.32685269  309.9545598  302.3342472  94.04644816  133.5823767  26.75762249  657.009457  334.4046305  7.65717773  39.71554069  112.5308136  -112.2663788  -28.18087024  228.9933883  299.8334259  170.2647766  
319.7883563  42.48258439  212.6698225  408.1832579  156.2049051  449.6509503  489.220531  576.7605082  490.7239803  143.6871307  658.4431067  130.5389377  407.685218  203.9773129  -33.62763533  315.4926367  288.2412718  84.01162413  142.1126663  29.39514984  655.2359277  338.3062904  3.267907315  47.04172243  116.3057352  -111.3392932  -20.69301815  212.7863125  282.0652708  172.6414599  
325.3822173  47.69017428  209.5015205  410.5175191  159.3424241  453.5536921  495.7446313  576.1404008  489.5798899  136.89508  662.7700858  132.3223705  410.2824683  188.3380608  -22.53026109  317.214253  304.254533  85.49496774  142.469621  35.9821472  646.5553447  328.3697638  14.81023203  43.47765948  116.8815184  -112.0012566  -19.723074  222.0711594  306.3682869  171.619815  
327.3064838  42.61050727  207.3755423  409.9766852  154.9663528  448.9435462  492.8811102  585.6860137  491.1233402  148.5242737  670.9465289  145.0905473  404.2227078  203.1530772  -4.286862688  309.4018119  313.6451139  81.15541471  144.6593685  33.05640763  660.5835097  342.5744893  16.79557338  31.6432873  112.9347027  -112.7312801  -25.19141833  227.4096877  309.881391  168.30531  
329.4150413  41.32561122  206.2451905  410.0793209  152.3756507  442.4649464  484.5052852  569.1421348  505.6014299  148.6181735  663.906897  138.1762825  401.1241374  206.9970465  -24.94045762  306.4678099  298.2688246  80.16101848  148.526867  24.59332526  661.0217693  331.5476306  16.0286005  49.5985419  101.4931143  -121.3848089  -21.90534049  220.6784109  298.1074444  167.7166702  
342.0635806  50.0715128  201.8595019  411.5604489  171.6752764  461.9656914  508.3332512  566.4660049  497.5354312  124.166295  666.9474837  124.808207  400.3726638  182.1031617  -41.60696187  298.4981662  310.0909577  91.89637605  136.7283635  30.48814026  636.3428951  304.3289879  4.700000482  66.83509135  112.8040435  -120.4553079  -25.38487516  219.8447853  301.8331048  185.1056836  
346.3837937  36.49370569  207.1237683  399.1784732  158.7629046  463.150703  494.3025228  564.4361599  489.7375061  124.0037035  664.5327247  118.4645925  399.0141769  199.5164102  -47.63822388  302.8610572  315.9877226  87.54137388  134.3669275  19.7550766  625.5042996  291.0241144  12.35519431  56.7396615  107.9854125  -123.7107158  -21.05725362  221.5237602  306.5306804  170.4511855  
350.8404915  44.75712785  201.9780615  409.2101998  160.7959613  473.186399  517.0410518  575.3018039  491.130765  124.9654674  670.8456915  115.5787765  378.2533704  187.1879697  -45.42791136  290.801901  332.2410411  86.20845126  128.3826893  27.01540884  626.0659723  296.6456738  1.656524347  58.1539183  102.7391675  -126.0216884  -25.88265501  230.4519362  318.2843439  175.6804879  
353.3906799  42.77890208  188.597123  408.2578775  160.6543297  476.7776272  519.0680615  584.6267585  473.647063  132.9405017  667.1394029  111.6858785  394.7188749  184.8464485  -29.57154318  280.2116532  336.1024736  84.85667711  124.7144873  38.63366182  620.4704863  289.2038994  1.894876011  30.40008489  122.8875304  -131.0765855  -17.75108847  229.7504084  342.8875993  172.3806235  
348.0468329  40.09969903  193.6861688  409.163579  168.0446084  477.6050809  519.5456765  581.8633352  465.24958  123.7494857  671.0992109  114.827984  388.9222387  187.5052828  -29.80964858  278.5211986  339.2520341  84.03816159  114.530736  34.08287121  625.3540144  275.3684313  1.178043424  31.18691052  122.3066125  -128.0078473  -23.702552  235.0041773  348.5941969  168.6287951  
337.2176051  44.70017027  183.6282323  405.3112945  167.7608063  476.001178  523.6941682  580.0340334  458.1443655  128.598723  668.607674  117.4100811  397.4063054  183.0377402  -20.06830147  275.2924888  322.1785156  92.27935488  115.732662  42.68452219  627.4404367  289.5339285  0.7684503813  19.46907408  132.5630563  -133.4727777  -16.11270445  234.3512897  356.939203  168.4626217  
338.6593075  45.78186579  198.1080241  401.4490842  158.0695526  478.6455728  517.6277075  584.9047218  463.6244042  129.7328989  666.2943973  110.8617569  388.0270431  179.404457  -18.18737091  280.621775  328.094818  80.56180881  117.679712  36.80041596  624.6483825  282.8814762  -0.8774430861  21.05329155  122.6319005  -124.7051573  -27.14116695  226.5036764  346.6260543  171.9585448  
340.2303804  25.37223784  199.602781  399.1920756  149.7822601  458.3792748  512.7536706  585.8633742  459.3869705  126.8451688  666.4621549  116.8740482  401.2272732  192.6988155  -30.68851768  284.4329394  309.8783032  90.42606049  118.5002674  35.64914704  630.6298739  315.3254156  4.218854266  20.94368861  126.5600232  -130.1010604  -13.33069852  224.6004559  336.6754344  155.050368  
341.2833683  32.24575784  212.7497021  401.4862565  155.0988981  455.7857396  505.7154526  586.2737371  472.9787009  127.9185924  665.7780354  126.532171  385.438816  200.9417063  -17.31255113  286.2025782  314.5567338  82.09810905  115.1931942  34.03609301  636.4946378  310.0101482  2.213654331  24.68240263  110.5676566  -122.392272  -24.38919009  221.1197437  321.3264375  164.5916207  
334.5635115  36.39817515  197.0110095  405.736667  159.9422923  463.9402736  513.2838563  570.9524595  477.2743582  128.344294  668.0421144  126.8553228  391.8227907  191.4539919  -24.20502601  289.2037189  326.1811071  78.66553429  122.6317883  29.42308062  638.9148598  305.9579796  11.58239517  33.62682088  110.5829464  -117.8400155  -16.90089998  226.1673098  324.6369815  166.2366299  
332.9369895  33.36073891  202.0277715  409.2341615  161.7708204  461.6092326  509.5992093  571.399295  473.4346497  129.9893054  666.0673119  129.26915  395.2521208  188.0418287  -21.38957105  294.5983934  317.9039837  81.20510096  126.8675593  27.92310188  639.9554518  305.6967866  12.70154763  36.31804175  114.7261215  -120.7989738  -14.29341726  226.4693852  325.2131651  160.7238101  
337.2450944  30.7405014  203.0291997  409.7294206  142.7414734  469.3712317  519.4645859  594.02825  471.087761  128.9329146  673.5928595  126.5567432  402.600617  198.9351825  -4.513699859  290.5985551  334.6587507  94.90310833  114.3326205  26.09840876  633.8811857  322.5081953  6.342033812  22.61896574  122.4120139  -123.6020961  -24.18374361  241.9595843  338.2891787  162.2064856  
334.7264179  21.13618316  206.6134885  396.7923324  143.0009711  450.6742621  505.2934949  584.5713161  489.0435921  145.8643863  666.6782043  125.8985583  405.3862606  204.8177802  -8.230229813  296.2401912  323.5989673  78.1820455  136.2268952  32.06965476  644.3226488  349.0618521  17.227357  22.35796567  116.5342403  -117.2080187  -2.086239384  226.9216157  324.9717805  160.9828008  
335.2834632  24.8695522  215.5808255  396.9293304  146.2412699  447.1572142  494.1379641  579.9728566  482.8993082  144.8304466  658.681426  130.3211897  377.4542782  201.6279035  -14.11172715  293.8325082  314.3847614  65.99807974  136.6683442  18.9022702  645.9759735  315.7477442  13.19018288  31.20144255  101.9318315  -113.6846833  -20.52363513  218.5125474  314.7185867  161.065394  
332.3992362  26.04809777  202.5742028  398.9564544  158.4598086  452.3691541  507.4788028  575.5726243  471.8429983  134.5856861  665.866295  140.2991409  382.483444  196.2297956  -16.96178418  285.4344835  310.0461729  72.36664096  131.2263328  27.96673628  644.1116245  316.322921  14.15109695  31.86764608  111.5657103  -121.5279782  -11.08177837  223.514372  316.7999423  155.9298221  
336.9392483  32.08477118  205.8117048  396.9176182  172.6909124  470.532115  519.2370892  574.2618816  481.5803303  130.4275889  666.4592348  128.9314951  384.4135619  188.9516714  -23.90568065  283.2194243  315.8400172  75.53448171  132.4846145  27.93269894  646.6386438  297.0651398  9.417967921  46.40198099  107.716885  -112.4226718  -23.26059022  230.8998328  301.6996762  161.8866131  
339.3255424  24.92241741  216.6317217  403.4090078  160.11367  471.2213908  510.872737  586.6119879  477.8593961  130.6724589  671.8029476  124.6135946  389.9517113  197.8089791  -6.952201326  289.4111367  322.7682045  81.11392126  118.0712847  28.94559766  645.7079985  305.8533984  8.049975019  28.25017866  113.3142482  -115.2551734  -31.59466195  232.3138314  322.1905769  156.8719453  
337.3659534  25.94809085  202.2885812  403.3823408  150.6064603  468.0267023  511.9133572  591.7484125  481.5772582  137.9723615  675.4341595  119.7010999  401.097793  190.6820149  -9.279661882  301.4765855  332.9637682  87.65000378  130.1127761  40.09085788  639.6882071  339.7278106  18.32308479  26.50083041  118.7817273  -112.2390251  -14.09457897  225.0278102  334.7275972  162.8139114  
334.4061605  26.75399679  203.3122326  403.9320192  133.1233915  458.1560298  500.1510083  595.0716746  496.3218097  152.6794609  667.8693371  130.1352879  401.351816  208.2677692  0.4791462054  301.2461347  322.832261  79.59215187  133.6794362  40.58252227  652.1343277  353.6268215  15.97305148  18.78708086  112.0454315  -119.5576965  -12.66507217  228.3145936  325.3363189  158.8101376  
332.2561644  31.14676851  203.3502655  400.4716909  146.924725  459.8016265  494.6766744  578.6024372  485.3417292  140.5557498  666.1018419  130.4862761  393.2095472  203.7359697  -15.95862812  289.5591872  314.3824529  75.48010145  126.9019575  33.71693011  645.7915717  322.9679596  13.01406285  26.14369411  110.9789226  -116.4492134  -15.69478719  215.1887253  316.0720759  162.3163308  
332.0573671  40.65702138  204.2627677  403.2282664  164.5011003  470.3144469  504.1748356  576.9570248  473.0215829  127.7595732  667.983834  124.792236  386.9909146  188.8439558  -28.95858428  281.3814795  308.400655  83.64554902  119.8572248  30.36671838  635.4893152  296.3586738  4.704535998  42.02959562  116.6160194  -116.2539695  -26.74541205  224.7294864  319.8404734  169.7301842  
332.0148042  31.79151155  202.4930795  403.8942798  162.1948283  459.0740023  500.7189252  580.213242  465.7913995  128.26165  666.2323479  133.650823  389.5909947  199.562376  -20.72388784  282.2364854  301.4269094  78.54092587  119.3350154  27.31919214  638.7104617  303.2345156  1.951506352  36.9368884  119.9427138  -125.6636498  -25.93554306  227.9194204  323.9578817  164.4948073  
332.6307791  37.67562232  199.8008694  404.2043162  163.3990817  463.793572  508.7377762  582.3545274  472.7361974  128.9324958  665.9642867  126.3996025  382.3105677  187.2326424  -21.42515857  287.1932793  312.0972315  80.86054813  124.5884748  34.50618299  635.5963692  309.37854  7.672693603  41.21752681  114.717903  -120.3065712  -25.63256344  227.5678832  329.5782298  174.1284895  
334.950456  42.58994211  191.6518539  411.3621887  168.0829365  470.2409321  518.8939804  581.7130188  470.1826462  124.9803813  667.6661291  133.4743621  388.9739852  175.0251513  -14.04452173  282.1497925  319.6275929  78.80342256  128.3974679  32.26937297  640.049512  298.6488012  6.623200543  38.94197758  114.6597761  -122.7934481  -26.46542467  235.7786138  330.1385655  171.6083953  
336.720946  37.46940275  215.003581  405.2666192  163.8386836  463.9711465  512.506848  586.1009765  477.7973772  128.6746327  669.0303977  129.4649471  388.1420787  185.3102053  -13.47149878  289.2294986  315.3472687  81.0592641  131.8891166  27.36458481  643.7300973  306.1279318  8.580574557  34.04165818  108.5508214  -112.6756606  -35.69409333  228.3107374  316.1454593  170.9680189  
339.6668509  39.29385937  217.4156591  406.6051378  168.758906  460.0963322  516.170146  591.3721615  490.6885972  131.7226389  666.2596254  130.9547064  391.1959752  190.5626405  -16.97569752  299.597214  310.1831734  88.04039274  136.1653027  30.77477573  646.9361892  324.8211138  8.619526843  44.43015475  108.485595  -113.487284  -27.91524643  227.5716752  307.5748353  172.9320333  
341.6459191  42.35681013  227.1283138  406.0103982  170.9192925  451.5833391  512.2719629  590.2953082  501.4192085  130.6730467  669.9997333  129.2718279  396.46907  184.2841735  -21.22920563  305.1564684  312.0967868  96.30376019  146.6196609  30.36155619  653.2362027  342.33008  6.367270197  58.0950336  106.3130206  -109.4109445  -25.90816224  222.0711178  297.1917335  175.2448227  
334.980297  31.55312588  229.5071464  397.9065816  154.4927881  431.454949  500.2311141  590.8723056  509.2089281  143.7115908  671.1460688  133.5369446  394.6438892  204.100458  -24.43128029  313.6234058  303.0983569  82.9815278  152.1545487  37.87849535  665.7214648  369.0735347  21.69011153  40.53291768  91.72315126  -95.87952855  -13.98195446  216.3980335  292.2981687  169.324505  
324.5609104  32.17699235  230.5595841  399.7907134  143.7253879  433.2810656  485.5483213  583.0739766  509.225331  150.1246407  665.3670885  137.6212269  404.4299346  209.6828534  -14.21095875  313.3758525  294.2845052  81.83473864  148.6616354  35.24169227  666.628584  368.6544231  20.65011781  27.15340299  95.76012603  -98.51607053  -14.87623669  209.2233405  289.3707579  165.1216394  
318.9079074  27.23632696  213.1512053  398.5820182  148.4080724  444.5483383  487.7808559  581.3982542  502.7734921  146.8242932  661.6674057  135.6666662  409.7437474  212.7574841  -16.55752602  312.7027836  300.0480114  81.32985107  145.281812  30.46506288  656.7758958  363.6346608  9.062184324  41.19718982  112.1672156  -101.4462274  -21.1299232  208.2490483  281.7442397  172.8299768  
319.4875384  30.19005969  191.2358805  397.1651214  151.6553564  457.2830944  486.6566042  578.4819185  494.1426837  143.4930865  650.6963548  134.3497385  398.5939975  213.3590688  -29.536689  312.4724279  310.6021424  73.21774396  148.3482563  24.27536807  643.2705741  335.2376041  6.492889319  50.44177426  115.1681252  -105.626244  -22.98232979  200.2456133  281.0849521  175.0186036  
324.2768318  40.87044533  182.492514  409.9223412  152.8461554  471.1519208  504.2800271  573.2042197  484.7652326  140.8915634  654.0038393  133.1742838  388.4963894  204.9873043  -27.80091948  306.0354406  311.0378518  79.47677666  132.9718619  31.2292307  644.1929124  311.5339483  2.3325342  43.23328466  113.7415051  -131.0390538  -29.42035066  211.657613  298.790043  173.0581344  
330.3305104  51.67152641  176.0793356  408.2763149  160.5910002  486.0166991  521.8223955  576.9742511  459.2790484  129.8124712  661.3780178  119.321068  395.3601399  178.6336078  -33.56533959  298.9849791  316.4837362  90.52801992  120.297496  39.45489933  625.10417  284.4289661  -1.246862642  31.68684494  129.7194678  -137.8541998  -26.03104752  224.3378299  326.3870323  176.1018201  
335.4724071  44.96292163  188.1352778  415.7023575  162.9209043  478.9570658  524.3058158  585.122838  455.0419094  125.1715481  669.6669887  122.0735025  397.9984657  179.0338134  -13.71253463  297.9511257  323.719719  95.68407763  110.420646  41.20143409  625.6669298  285.5031609  4.89557436  18.88100903  132.0789908  -136.5536258  -24.87766502  229.071533  347.7746866  175.2724008  
332.790723  45.58935194  188.4107503  416.2429552  161.0614495  475.0424534  524.2208886  584.1700305  465.2645244  127.2499677  670.0723996  129.4843887  408.5053813  178.2736681  -8.71926001  297.7684181  317.293419  98.57097692  116.495035  37.86779714  634.115814  296.4976745  6.734556742  26.13550675  130.6182986  -135.6718025  -28.48918129  233.740514  340.0391223  176.4201927  
334.816112  45.04101187  192.1230415  409.6406149  156.905868  481.4219248  520.0848996  584.4282561  469.2792728  129.2785288  662.2614951  129.300153  392.4836078  184.172016  -3.03930956  295.6003627  323.0184622  88.34754217  115.3393464  25.99881238  628.889256  292.3424566  2.603013939  30.49614875  123.9628211  -132.3149091  -33.22079747  237.941831  339.6941477  176.0128504  
339.1403052  48.19456837  199.4114495  406.1616718  159.6596853  477.0030902  521.4229671  580.0873934  480.6462678  127.7378403  669.2845712  121.9401747  397.4079176  183.0870219  -20.32139097  297.0194607  318.21816  93.32202025  122.8699796  28.69285239  625.2122546  297.779728  0.8821700594  40.82148014  123.3526502  -133.1683671  -26.21745213  233.8172085  329.6875666  178.3558928  
341.4812309  43.63945965  205.4538123  402.4347034  160.3968009  458.2489852  512.6315324  586.771146  484.9765663  132.9309134  669.7388638  125.3796184  403.6413688  191.7905414  -21.8983066  297.1309363  307.7678733  86.09168158  132.1152018  40.04918404  636.6887541  327.807504  1.502787647  37.72504049  122.2501093  -122.0404313  -16.48114963  226.5675279  319.3896013  177.7855351  
341.6758564  41.26545768  225.0594545  407.557428  159.3644259  448.7277668  498.6954322  589.0627863  489.7533335  142.7697787  677.4174825  138.128791  400.1477921  193.9354554  -2.756915194  303.7866166  308.848864  82.10564619  140.3355995  39.53717075  649.4107517  343.5739479  13.71657518  22.93994525  113.3694754  -112.2017271  -20.42315653  214.0279614  321.7786879  171.9732744  
332.902117  52.05331229  222.1373981  409.30718  152.709725  454.5916798  501.0501407  584.6079839  498.5021966  141.0349004  672.4274845  140.9203473  398.9705813  193.4795813  -10.8915568  308.8614435  318.1908565  96.05370932  137.2731089  33.4444179  649.7180689  345.5409654  10.14725619  41.78302823  109.8834852  -114.52402  -20.38490587  223.1133217  312.7910713  180.412908  
325.9953317  48.64269489  206.4533667  416.8605811  148.0263778  458.8733396  504.2846374  577.5469122  492.5248661  141.8490814  661.469178  140.8636724  404.3873909  191.0515362  -20.56542272  314.6294324  309.7375427  93.41092718  138.9332182  30.64714767  645.1893328  341.2866836  4.396781237  53.92863009  115.6698799  -113.2066478  -24.68553273  214.0071134  289.500118  180.4849463  
324.762477  31.64976555  209.8650488  409.2654581  153.4060767  440.1077948  484.1685594  566.254944  497.9422643  143.518873  658.8934316  140.7223414  412.0311819  203.4431457  -16.70311728  316.6183708  308.2911253  87.72273187  148.6851488  21.31940852  645.2571703  344.074712  18.4948897  55.96121397  113.8194254  -116.6567876  -9.920295121  211.6094068  301.6734286  171.8619583  
321.2738835  28.69983497  210.9630651  402.7801607  152.0625656  429.518035  494.3598954  564.4030684  503.7500892  139.7420077  654.4005301  142.3889097  411.7117993  204.7159503  -23.1985202  312.9862339  283.5755851  82.54112352  152.7262489  25.40390041  656.0730831  351.3578259  14.85436314  55.59958052  111.1388466  -114.4576518  -12.73609543  217.5176755  281.6316631  156.7243637  
330.5661987  36.13050535  213.4957495  391.3385788  159.1242131  444.6530984  496.1328935  568.4825787  490.8788054  136.1417088  664.5351303  131.0109416  396.3169806  192.9046583  -16.07481834  296.4697024  322.3342279  66.44479936  146.9791732  24.40398292  648.7015607  312.2457487  18.7759028  28.75283967  104.3980066  -108.1627662  -23.18924406  208.7066048  302.2742706  156.1667648  
332.1499797  44.36289623  191.0395216  392.3313688  171.7391274  466.1530836  510.0814007  573.7236379  487.4964763  129.7504839  672.58114  125.7838808  390.0198336  194.9104661  -37.31679098  275.8943151  328.4754333  73.07073954  129.8589066  31.18493638  650.9651889  299.9143457  3.719621256  43.25324459  108.4197984  -119.9879085  -26.22672658  225.0702502  303.6998436  167.1336761  
340.1049958  56.68062897  178.4576569  399.6910359  176.8635219  478.2967691  524.0592856  570.9130865  460.3357913  114.7105826  669.8011556  120.503036  390.6242625  172.007213  -34.80266757  264.8412665  318.2433912  79.73195137  113.7970032  35.13184144  626.6870737  260.4089789  -6.873300222  36.06235567  125.0664638  -134.1372835  -31.77603759  230.7064568  329.0115759  167.312848  
345.3320017  51.81315252  179.1814202  406.115076  172.7881989  487.8665346  528.2612537  582.074445  441.1978313  108.9561727  669.5758795  115.0039358  373.3958163  168.4169649  -37.21903967  258.8521893  329.7443851  80.46184609  101.7845793  24.8768325  619.1971967  238.610063  -16.33145512  35.6648195  125.62739  -141.2114409  -41.81230718  236.8618843  344.8681102  169.0866161  
338.2762031  49.54370315  178.9400083  404.6807088  163.3791452  485.8224779  526.9305251  577.1526369  450.1623656  119.1257374  667.2578533  115.9082696  389.3320664  182.1023085  -33.81760192  267.9474683  319.2009011  89.74084936  101.6274476  34.18264046  622.605106  257.4445649  -9.976722679  28.79838664  130.3625729  -147.4132489  -32.69504257  235.9156813  340.6572854  164.4890675  
341.1236822  47.51238284  182.8333618  403.6070894  177.4519213  478.9033675  519.7684342  576.8066029  450.185425  116.0024974  667.2295043  118.4264874  384.7572429  177.1846128  -28.92154052  272.575834  327.8343293  88.34241703  110.454848  33.91604183  622.5676214  255.5175842  -1.706893819  31.68505181  125.5998232  -141.0471224  -23.96497796  236.8754299  349.6085404  166.7967557  
340.2609464  39.92928842  195.5549812  408.8003879  162.1515853  470.077879  523.2797642  582.5030789  459.1261598  125.2878863  669.2488946  125.1488703  391.8936311  190.5216857  -26.16448559  283.902142  318.9782366  95.01369143  113.8829414  33.41639445  634.9265645  283.6496881  7.197102907  23.39402899  120.1312851  -139.1371623  -17.20898427  237.2207887  337.7315389  163.5508462  
344.8077622  37.89278595  214.6040141  409.2609696  168.7178468  459.4684516  521.7892586  584.890547  474.4543994  124.844535  674.4108047  125.8051819  395.8849947  187.898314  -17.11396865  300.3999807  313.7212715  94.40514597  121.6380143  38.92013942  641.2698505  298.9516515  11.79846862  24.89623916  114.1145359  -129.4472612  -17.78830131  234.6891897  329.0968262  163.653413  
342.6109766  37.40793234  220.9060583  413.7176534  153.3978214  459.0362951  516.3325493  593.0677347  488.1398994  141.3358306  678.923551  132.6888725  396.9045064  197.3682331  -6.228805385  312.0658573  320.8332774  92.02843474  128.3129559  36.79044759  652.1064881  327.7444913  13.4815816  23.93646206  111.8218357  -119.9562552  -23.62975514  236.6069111  323.284795  164.0567371  
332.567138  34.68560082  222.1299742  412.0742841  143.101523  447.6862075  506.8034209  591.4439921  495.5597769  140.4075122  670.1663523  128.4548981  404.2760902  193.9550767  -9.152973685  320.6201724  311.6930173  93.47618999  136.2686342  35.16242244  650.9437266  354.0453387  18.77941152  30.37922554  106.9043661  -111.4073668  -21.22074493  226.6735856  313.1297804  168.8520373  
327.3891272  38.05037629  212.5343776  410.0265201  140.6423442  445.5183894  496.2527897  582.9038937  489.0747723  134.3484138  662.8977018  132.6610376  406.9131446  198.6214129  -19.82181931  314.8292825  308.0907794  95.47372712  135.7868017  20.28734201  646.7998846  342.4764825  9.205883718  45.0485908  111.2135586  -116.2933533  -23.55190507  218.4475279  299.5416563  167.409108  
315.5764764  39.55930484  205.926813  408.4602919  141.7211824  447.2588684  482.9178425  568.9899803  487.2383001  139.905399  658.9970722  138.3151659  410.534124  196.8105299  -27.02351836  303.6442126  294.3110504  89.90817735  144.4136224  23.03592498  651.0533663  347.3429081  8.404563239  48.5734927  116.9611552  -108.6058512  -17.61246686  212.4446004  293.9545451  167.0805193  
318.5695529  29.32666976  214.3445728  406.5230713  155.4812192  424.3526894  471.4771912  561.3623114  501.332804  148.0983532  665.6223488  144.623505  398.1757663  212.3730266  -28.36454597  310.4799084  291.2378233  77.47616863  158.1506106  22.14642885  664.8586588  345.3721778  17.98544749  47.93606761  100.6799967  -105.000235  -7.083048367  204.9510473  281.6669085  161.1319129  
328.4679056  37.25655359  199.3116149  408.0819036  152.1776448  445.72187  502.3199849  574.5117722  491.0453088  139.4019633  667.5323336  143.9262028  401.8985427  197.4737298  -16.00773136  301.1375462  311.0630344  74.93997475  146.2110126  19.98559047  649.7395001  317.6223681  5.324146087  42.015891  113.6110866  -122.341466  -22.17383718  219.737524  288.8811471  160.4643821  
332.8847756  40.37508678  198.3082649  407.8084844  168.9985067  455.9563518  518.7098391  576.1213068  491.0981443  130.8644263  663.5362334  134.0647657  403.409886  187.5461346  -18.32408479  297.6744411  314.7223885  86.15149484  139.1703404  27.26068136  645.6932655  313.3940368  4.07615416  51.69838179  115.9396897  -118.219527  -27.73490126  225.3154608  291.4631657  176.9996173  
336.5106498  41.02889174  199.844393  409.6239752  165.7111613  462.6004844  516.5965074  577.5073699  485.5283936  133.3077507  656.3514375  126.1073342  397.7561514  179.1070999  -25.94380357  302.2291105  313.8339006  75.64569479  143.4933203  29.9513244  632.4162256  310.942187  1.546017143  52.81204896  120.8181561  -114.2146654  -20.48339338  218.645616  306.9467345  183.5144947  
342.7525439  34.9619746  209.9380095  415.4009259  158.9115026  457.0591718  506.5253628  581.5182567  479.4169717  139.0289274  660.5571696  132.797344  389.6198978  186.0928573  -13.34222257  299.3249911  299.1878875  71.3333496  139.0429447  30.97228718  642.5054549  315.7941025  5.77611272  38.03226447  115.3458831  -120.1053213  -27.46978836  221.6612072  315.8228942  167.6665043  
348.080035  31.84175722  221.3673499  414.4135055  156.0743522  452.0432257  501.4308179  591.0818535  483.4688962  140.1706063  668.9800981  132.6678249  396.0643921  192.6657572  -6.146748804  307.9741543  312.2418876  80.21270308  134.8682117  33.70697031  637.3334801  320.649841  9.283899542  36.45556983  120.3943878  -116.6996182  -27.14839617  225.750802  323.2944196  167.4312632  
342.0141169  40.83307481  206.8694028  416.8564006  156.115437  453.4952739  505.4393101  582.7669543  488.7758399  139.2590839  675.9880379  142.8385918  405.7329928  194.7145805  -5.403447665  302.610969  313.2094997  89.94669164  140.0791771  35.46111468  646.6329467  329.0462196  22.69057281  33.93214795  118.2978925  -122.4863105  -15.70187786  230.44474  323.8309541  161.8099819  
340.29375  42.63562608  216.2126879  417.199509  146.2869215  451.2689385  502.9902624  579.7815437  497.1594874  138.1745717  668.7266776  136.4651203  395.3134926  185.687545  -16.66239816  310.7049495  306.6786242  78.5194923  147.5621706  29.04458529  645.9303126  328.9892143  15.44951007  41.45783092  111.8336901  -110.6985512  -18.53023632  220.6541279  311.4890498  167.4261631  
340.6382617  39.45078749  211.0788043  414.0915504  155.7994879  459.256278  503.8624524  587.4883234  482.2718985  127.6779108  667.7173303  133.9008564  400.846413  185.0293964  -17.88282958  306.080691  326.1340301  87.44511401  138.8533025  29.05377064  635.0907641  316.906738  8.274047109  43.57725171  116.1594354  -109.4677334  -26.8216597  218.2359713  308.5205126  171.4381685  
330.4494556  37.17185581  201.8052179  406.6751741  157.1321506  465.6844248  509.3638798  578.2032626  498.9878242  130.3817798  666.9995407  125.3112366  400.0466678  190.9329028  -34.46114125  298.4888164  328.1727988  81.38027888  137.1257874  31.29094996  642.0726974  318.2743901  8.769601087  48.24552483  103.3014805  -100.1871436  -21.12628012  223.1715785  302.6310082  171.8397513  
326.9932255  48.66451635  182.6179472  398.6555335  166.9283183  481.7088906  507.4093768  568.0600113  491.9049063  124.5026795  666.0730092  117.559652  383.3187427  188.4457623  -47.07043691  281.5324782  325.0958143  85.09217981  125.1616502  30.69077995  636.9408055  288.1110666  -2.511587495  53.55402097  107.1709474  -120.016514  -26.22727899  221.9275519  309.8198251  172.8923583  
331.2817391  46.05563199  177.7344414  398.0570982  164.8817709  475.8992633  514.7126498  561.6159365  471.8573839  127.8506395  664.0430149  116.9995938  387.6990075  187.5369541  -49.90638795  274.8165821  305.8564735  83.23078731  121.3665459  32.39492908  631.6900648  271.1424294  2.399963193  36.74446943  114.4993249  -135.0883644  -22.83376893  227.9452703  325.7440223  165.086697  
334.3927303  48.13831615  182.1670944  402.2782322  171.0643081  480.4250354  519.3652736  571.035082  446.2480809  118.8020352  664.4074163  116.0350313  398.9099981  175.8510031  -29.60687586  278.3890318  307.0306161  89.95030702  113.2590336  34.19440136  617.9025062  263.1495094  -1.788607478  31.8911498  130.244163  -137.2012624  -33.62607976  236.8612088  344.5991271  169.7354232  
331.8765948  40.66165613  201.1754744  403.1489029  166.5099024  475.9879743  508.8995026  583.6526647  457.6947346  123.5914516  668.4463523  124.5327417  390.6405975  191.286525  -8.500885982  292.0804038  312.2907659  92.17289857  108.8141778  28.86113865  631.0976936  287.4286942  6.230297365  24.37901137  120.8764486  -136.7172624  -31.46659895  235.9312052  338.2079453  169.1187963  
329.4852875  42.41405673  204.87926  406.6952393  164.8103859  475.2523723  514.9931976  579.0875816  475.6398214  130.8609778  673.338495  131.7500853  402.8564338  195.7294391  -15.70428388  306.9045633  320.8290306  95.71923513  121.2501346  27.77220242  645.8410667  307.3508354  10.07552603  36.13054303  118.2269553  -127.8206719  -27.72519415  241.7094284  324.7261119  167.6150594  
328.0336449  42.52320664  206.680802  409.8872147  150.6089113  468.0173412  506.9121679  579.7315014  485.4364651  141.6257316  673.0572713  130.6525238  405.958621  191.5054516  -19.61776867  313.9034012  306.3029629  92.68150593  133.1451043  34.92171763  647.2226341  336.7189819  16.98912998  33.86756357  112.7155546  -116.3842001  -18.53087969  226.7104052  316.5030635  169.1337813  
326.8689043  38.88691207  222.6132852  407.0152169  130.8142394  446.6511719  492.9985717  587.7478185  489.5845242  146.6240657  670.4659691  140.1170936  403.6014683  210.0147741  -10.51419828  321.9288445  304.1358353  90.45128775  131.3065695  29.68845133  660.9205452  347.2438718  20.88376964  23.352399  106.5266032  -115.8347443  -22.94846686  220.6481204  303.2398656  161.0972641  
327.4252284  41.54425424  218.4057406  418.1059782  146.6953974  450.3871063  503.7757841  579.9687834  502.3215349  148.0445567  667.8620892  136.5262749  403.6929542  195.2959324  -13.84645708  310.4850364  315.7282062  85.70142686  145.8684032  24.74785032  663.229955  346.1705653  12.30197777  40.17269571  106.8016766  -105.3272852  -21.21292225  226.4447055  296.2701164  165.8964184  
329.2605025  35.80823102  226.297343  408.7336016  149.4189214  443.9825378  499.6196955  579.7341936  503.6237659  139.4020844  664.0590593  127.7361811  401.262222  198.4539252  -33.13051706  311.7440851  309.5960373  89.04038146  146.4761301  27.77145703  657.7188797  351.9621241  13.65382836  46.22661101  101.5958224  -98.18735661  -15.86079236  210.4723426  288.058022  170.9368088  
329.9427231  25.71061742  218.6638905  401.3911654  158.8502649  441.979267  496.8488765  580.1042572  511.4213837  141.9366256  657.4264647  127.715025  397.660173  201.3275964  -27.87680274  313.990058  309.6197755  82.12613095  154.1395928  33.17631435  653.6130404  361.1040125  18.51319131  51.73301468  105.8915213  -99.11278313  -7.666236802  200.7998857  293.050593  172.4826674  
335.5089927  27.89858156  205.1280938  404.0012557  156.6794495  446.5792278  501.5494112  585.2000675  487.2615918  150.3357618  661.9217662  139.4871826  390.4645787  189.4077729  -2.441311203  304.2967935  303.6025507  73.78769913  149.187896  42.97262415  647.7117167  351.426043  12.19922117  29.09989945  116.7045749  -119.1029283  -15.54418492  203.3638698  317.940354  162.4431017  
334.5706959  32.07454032  212.9060779  401.8674477  162.0811178  451.1670228  503.1623638  583.0920304  489.7321461  145.636774  669.1501965  131.9297465  400.5172084  195.5340111  -8.256720837  301.1794947  312.9765936  80.17681736  144.6177198  43.92357541  643.5727814  345.8653311  16.55877513  28.72868363  114.902407  -104.1523724  -13.94194672  211.6739228  318.9640438  171.3227169  
333.6274784  32.2970872  203.8674107  394.7222632  155.2111739  458.7421357  506.1887158  585.2962063  484.7971736  140.5220283  667.6150553  133.2168279  394.4347017  198.5250328  -3.944522398  289.8579433  314.723911  76.44587542  130.7666885  32.52508554  640.9698106  324.4368876  8.016974962  31.14866538  114.4025381  -121.8689304  -29.22267855  223.3806204  315.7815341  168.8336781  
329.1133608  30.91691772  197.1480348  393.3055214  176.4556974  451.8739329  504.2384027  580.4605508  470.4711308  134.8792889  660.1590483  127.9808881  384.7803041  194.6114609  -18.61551868  289.1089376  298.2656977  76.10357535  129.9864177  36.14289772  638.4525672  307.8435035  2.686572736  34.42878381  119.0376236  -124.9626224  -25.31166843  213.8538899  313.9053309  165.6146194  
333.0169255  32.73448884  186.9345351  397.4157703  164.2911212  464.5846111  509.2745664  579.7242103  459.3496641  133.005259  662.7866586  130.8549301  398.7099502  189.1848779  -6.032094647  291.0024885  308.9488382  75.61099321  125.5132792  35.01636991  628.6080619  294.3814243  5.483593394  21.85954712  131.9261631  -129.6201235  -24.10205676  227.5330164  336.6919611  162.8650564  
335.1995041  33.64045023  179.5630608  404.1190207  158.1185757  478.098001  509.1819708  577.2618977  466.1363131  127.2746103  672.0485165  134.9951339  399.629453  196.5866732  -3.133002938  287.0297875  324.0168236  78.59248087  113.6794574  29.32449227  623.6433591  274.2577778  12.99724667  25.68373042  127.5174385  -140.882658  -30.62734364  243.5357899  343.8290871  158.4393246  
341.0691021  55.58211477  177.1102488  410.1634697  157.7303063  485.7326001  523.7425565  573.5744992  456.0329287  125.7762619  674.3578501  129.6529609  395.9593627  179.6987519  -14.5732444  267.8850765  331.3396102  82.6850053  107.5159052  29.16052787  622.6256347  253.2424233  1.259503258  18.79585922  124.5615485  -151.1442132  -31.39209359  243.8419429  354.2068835  165.9253597  
339.3842891  48.25826094  197.9885334  404.5102384  169.2312183  470.6908784  517.7386784  581.714065  453.4287684  116.100308  670.1462923  117.3197053  397.0635173  178.8693556  -27.49713947  276.4420801  312.52491  91.55814191  110.9594266  33.44488521  625.6234795  275.5280907  -2.555782169  24.60603406  127.2641105  -130.7837971  -28.11610489  238.6490712  340.3170658  173.0697591  
338.6706588  42.96459257  205.9423359  401.777021  163.0376564  461.336479  513.9647988  583.4036846  461.9913271  124.7647171  669.5080125  122.8626427  386.6004796  189.3291177  -22.99233317  289.3638157  309.1377092  82.99075991  122.0917753  36.31864171  631.7836548  295.098827  0.008589073527  27.79725966  122.1848854  -127.1529853  -27.81894194  228.4980348  327.0941046  167.3219029  
336.3975688  36.80427161  201.8500569  398.8765439  158.3521203  462.9351887  515.5779511  590.8883125  470.9578524  131.8111337  669.8531771  126.9942875  401.3869262  195.7091508  -12.69865823  292.839468  319.3635386  89.73854659  129.6801869  32.14802571  635.38024  315.1519752  5.733988893  35.45516388  128.2916403  -124.661212  -27.41282063  235.5696992  330.6241271  165.9029018  
331.8537974  38.42635313  198.9782331  396.4775853  157.4404035  452.444662  503.3791537  585.1562383  477.0861099  137.9976258  669.4406176  126.1396668  407.9476379  186.8957755  -17.97577542  291.8053088  304.5192924  82.75346098  142.4339979  34.59488284  639.5256407  328.2983018  10.25277368  32.39194139  120.8546059  -124.921451  -19.01439254  222.0719393  321.8789479  158.1768952  
328.0291775  24.66737479  212.5208455  390.3811393  159.3314254  443.930585  488.0956683  582.5701991  484.6604036  141.9651816  661.7729057  134.8034048  393.2467319  214.0527316  -15.03781554  297.0718838  302.7163058  79.4567513  136.48781  21.61654837  653.679657  321.0204183  12.63036147  38.42774466  114.6912321  -120.7608612  -23.15300283  222.465779  299.2432277  155.9676268  
327.5681705  29.17461814  204.2361066  393.7402516  160.5676689  454.4596133  503.6315056  581.8957213  481.7050802  134.9895801  658.2708035  131.9876055  400.6114247  205.7523947  -19.31950048  296.8186794  305.1458731  79.51803892  130.9564568  25.18570995  646.3745421  314.5486794  6.06979517  37.74545221  114.9365494  -124.1480637  -26.53023606  225.9911295  296.7690832  158.3805647  
329.5095209  28.37315341  203.1551419  397.258516  168.9042609  448.007497  504.8014302  578.1798785  478.7616462  135.5465527  657.4249114  131.1778077  407.6269956  202.5644743  -20.94153836  301.9723724  302.7042793  84.31610948  133.3152672  33.02576052  651.9273373  315.6765114  9.176506584  28.25921021  120.8518358  -117.2085643  -17.4822632  217.2615296  297.801297  162.7360991  
330.2807251  31.29219798  210.7945715  399.877962  166.0117917  465.9697338  515.8651623  592.3793235  469.3403071  136.6784517  663.2736887  127.6308756  394.0064741  196.8008281  -7.877093668  302.722578  319.4468651  91.72920681  120.0647753  36.30376615  649.3760596  324.6709959  6.236410604  20.98342149  118.7660951  -118.2732995  -26.35944443  224.7370992  312.8462568  169.8349126  
332.4436885  30.15636332  208.6540451  411.0187149  167.530089  465.008284  527.6454228  596.1329313  482.5419808  138.3185573  670.4243761  125.3615201  399.4538685  196.2597937  -14.09331135  309.9204688  329.5716284  89.3822072  129.8756056  43.80910382  651.5099156  330.4495792  9.321895828  26.01738193  118.8781828  -104.8869869  -22.68563216  228.1272401  317.9296183  171.5447737  
333.45876  36.91820051  206.1985854  405.5677044  158.6157323  460.8643523  518.3297412  592.7608463  493.9925152  147.4247124  667.8033547  122.8985617  398.1342895  190.8533699  -12.5359091  315.6834967  329.6343493  89.93621774  140.8251703  47.30055941  647.093729  353.4639293  18.57982662  29.79545851  113.8036606  -104.2817042  -8.02660851  218.646787  322.0363433  176.3414664  
331.3513877  35.20355925  204.2374874  396.7385868  139.9529841  458.5474409  507.0203653  580.4893648  499.3698126  144.7706466  661.4206211  126.0799241  414.9758204  200.9935917  -17.31177181  312.2866046  328.7149871  77.89019704  143.3126356  36.2017142  643.992997  339.522324  20.78560693  28.44864869  112.5681036  -111.1350032  -13.58638856  216.3667356  312.560271  168.0638223  
331.6456341  38.3489832  207.480937  398.9175967  137.6685686  464.1491717  495.3491714  566.737366  489.0832178  129.8950151  666.8053163  119.203184  405.1865279  200.4886992  -38.87690957  306.3851191  317.7837154  85.91105911  128.3224611  27.73086757  630.0418084  315.561425  11.11746767  37.72143974  112.1191753  -115.0921664  -21.95996258  213.3842058  304.3184636  174.0170963  
334.4417798  52.305384  198.1989859  419.8819397  143.7930733  478.3343372  507.4818512  572.1221367  481.4180051  128.9037943  670.1140065  127.7454308  394.1467914  196.0693609  -26.14386461  299.9250704  317.9924249  88.06628194  116.9044756  25.33838812  629.3281693  303.1547686  -2.193105706  41.63978228  116.6781871  -130.6634117  -30.10753563  227.9787724  313.0877125  177.7064637  
329.0684237  50.61362617  190.176528  430.1701966  154.9822124  472.4164663  508.4652139  563.3101934  479.6539587  129.6505257  663.4949098  142.1106232  390.5920727  186.6094117  -19.81468231  299.9341014  309.5718349  86.25228237  123.7633558  27.9077116  636.4768767  301.2246329  1.317478374  46.34369375  118.0194519  -126.3729476  -24.09205121  223.0633966  314.0681483  178.0452779  
330.266095  48.64675387  185.7669332  434.1012889  155.87961  467.4428361  506.6346186  565.4891499  477.3943711  133.6301152  656.7511089  144.1192687  390.8366207  176.4925197  -20.24659155  292.4593136  302.9201949  73.36644191  135.2278751  22.62328056  634.6896506  302.6233335  -6.722965263  54.27691245  116.0812727  -120.57244  -24.89678478  221.8027055  311.8952765  179.2451971  
332.8646405  41.71302271  189.3526716  425.0579593  160.8038605  458.4717269  501.0985553  569.4563996  468.3614066  125.6045289  660.7779826  139.525642  398.6104362  173.5068271  -22.41990213  288.9917272  294.2722642  77.75336145  137.7023626  23.76319279  631.3430078  298.0367766  1.178590675  45.52907965  120.5793851  -116.3209729  -22.34559245  222.4753731  318.5029903  164.8240721  
335.8228226  42.73607976  197.8690524  426.332805  154.0627352  455.1006773  508.0045376  580.4391901  469.1159261  123.5071927  666.3047696  143.2877447  399.3306293  181.62521  -12.27264756  288.3216924  302.7981317  77.50100677  126.6940636  20.63988585  639.9125402  296.2060851  -6.130448876  40.49158078  117.6335616  -127.6097477  -37.87642683  235.4203118  315.0751623  161.9333556  
334.3063748  50.19498369  210.4239191  423.8717814  162.7324644  458.6245765  504.9777749  588.0497015  481.7891264  126.0637463  665.7893675  135.1824498  397.7377682  186.57355  -18.32505527  305.0185765  308.7046542  91.60496796  125.4823135  32.91977937  640.4718278  312.5804732  -0.7451735073  46.24383124  116.3980138  -117.86306  -28.28681636  223.735299  306.0520411  180.6504735  
339.6310591  49.44660837  209.7185358  417.5250506  168.1355703  453.2478603  505.0421642  583.2789707  489.3086733  130.0142543  673.7953158  139.6865241  399.3206489  189.8935026  -18.84890204  311.3786418  318.6751825  88.99881694  138.9422451  44.71036158  647.9263813  320.3893032  16.81597052  42.3977139  111.6202361  -112.7887102  -12.19964435  227.7888669  315.9617106  169.8336636  
336.2471491  51.1159969  215.0034966  413.5267945  142.3320331  458.7758598  506.1616071  591.1992111  490.7018468  146.7948944  674.2591446  143.8902134  401.6977499  196.7571895  6.518007492  310.399894  319.1105218  93.44885643  129.0084749  40.75089168  652.3264384  338.8022087  14.68522582  21.87264628  117.5785056  -119.224076  -19.17616916  233.1773943  323.115981  167.2690221  
326.5046214  46.655377  212.5014662  404.5752002  136.7066289  451.1634776  493.8688808  576.8030692  498.4041126  142.7199159  663.3837396  132.5737852  403.0155482  198.122243  -15.75966826  308.3190851  315.2574052  90.32522381  132.4415756  29.87902174  650.0419519  339.6994133  18.07818028  34.07892371  104.3322869  -113.9346907  -18.59155123  222.2942425  308.3845758  168.2905122  
328.0939068  34.67759123  208.8315217  396.0320818  145.9492826  444.5152345  481.6769816  564.6459299  493.2718874  138.5238489  656.5645902  120.8798693  397.0740259  207.5659115  -46.3524995  309.1023965  301.0289798  80.15828032  138.0572169  21.34193772  640.2754566  320.7263423  12.46863539  53.85368137  103.6339181  -120.1322367  -18.99082793  207.5325238  290.1461892  167.8069126  
340.4007806  26.33349751  206.9205881  400.3138806  155.8501237  442.8198152  502.7682752  566.1466903  478.9163237  133.9549295  666.6216444  124.8809895  389.8193491  195.1002151  -36.40308498  304.4984415  304.5150334  81.19637148  134.5740959  25.2394118  640.731049  313.4304759  15.13419911  44.00306596  108.7378481  -130.6216114  -13.68579582  217.5226994  315.6336596  158.0956819  
344.6332899  25.81735597  208.3753848  400.7328113  160.6282364  451.7072216  513.6239441  577.2775465  475.6943839  131.0945562  672.698261  131.5813785  396.9475788  195.6196524  -19.95849175  299.8095425  323.5252465  87.38551881  133.6037671  27.44180802  644.7868818  320.4872872  17.37877244  37.98406749  115.7325738  -123.9149902  -17.80647356  225.1163761  324.5649732  162.5254758  
334.6079575  31.78177616  203.3191549  398.9102783  163.4998388  459.4057763  506.5365815  562.6357975  492.8495856  140.7904402  667.0596997  137.6379175  395.3803209  202.9943387  -8.180725993  291.1567074  314.2507236  85.27668217  132.6455154  28.81598413  656.6737327  320.5776451  18.20596548  33.24143224  108.4200253  -127.793984  -13.85571497  225.2069726  326.2193442  161.2211363  
331.8137673  31.92250577  207.3882785  397.5838465  175.7753427  461.5253628  502.0230009  570.5396586  497.1994686  132.6240604  673.2182164  122.0606297  391.4423508  204.1915256  -41.96212623  291.295334  314.6188486  94.27729619  135.2666362  32.39815673  655.1987678  322.7441971  12.00007241  52.03044706  107.2089251  -107.7506622  -15.30924882  214.0519515  298.9331883  175.6173341  
327.8724313  35.40258125  201.7083955  392.0636838  169.8533985  463.9905258  500.0507051  578.3477682  480.7926231  131.0758231  663.6512377  117.3895814  389.8512166  196.3893203  -36.18828765  288.6027292  310.9326486  82.25944258  132.3340385  31.12405451  635.9587301  305.5574381  6.84827368  41.20925809  112.7130038  -111.4208694  -24.49262719  215.8814529  314.0267299  170.800343  
330.4469613  32.23567299  202.2910554  393.4105366  162.4918189  466.8778238  496.38484  588.6925501  475.9369533  129.0320761  662.8748778  120.0307197  390.9507595  192.4791648  -24.66250471  288.9395276  318.4813887  80.41963358  128.3090067  29.0632747  628.0219055  305.9517047  3.903993429  42.64186136  116.9029901  -121.0984665  -28.5080202  217.4369238  323.0277575  170.4290977  
326.7868824  36.51393928  193.037512  397.7890655  154.317439  468.212115  498.9404104  586.1455804  474.1264593  138.4508928  663.7203966  126.4791181  393.0482979  194.0966809  -22.08466439  283.9007438  305.9540233  75.96357646  129.3381939  35.81046131  636.4351254  310.4940291  9.090487753  27.73224736  113.2112182  -124.0683119  -25.47430675  220.0897198  321.6179484  165.0061203  
335.3029967  48.75535618  193.1775857  406.1910921  171.3310177  474.0076889  518.0146403  580.3288975  466.4494913  128.3368322  669.3885108  124.3839416  396.7281768  172.019001  -21.78235982  279.8574287  313.2518463  75.53869204  133.3502106  32.27983956  632.3706868  282.1204072  4.20522214  30.10141338  124.427115  -118.7870845  -28.08039241  229.5383957  334.2566731  168.7332656  
337.6460646  38.34256951  208.7425903  410.2838774  165.5447125  461.1484052  517.9551421  596.1851625  469.5620903  133.821557  668.0458609  133.0994269  399.3057371  190.5092284  0.5932408556  291.8841142  317.3911149  85.52538722  125.8616491  29.26359412  644.4849869  305.2407014  1.442266755  23.53421215  124.2053318  -127.2756777  -33.78718643  239.7019034  327.8679231  163.1633129  
337.8093245  39.48300671  201.252799  407.0349303  153.5909514  463.9504122  534.9896769  599.7427098  480.2736451  132.0681228  669.5798756  129.702206  398.8469582  189.3261035  -0.1054160833  307.3653162  325.5833547  88.68404378  124.4750522  44.37097956  637.345654  335.5963213  3.963096847  23.56458823  124.5577987  -124.4119195  -26.42732816  239.3587075  322.1931998  174.4674441  
