279.0447645  -19.58308949  22.02154669  568.9812576  283.1037772  617.8980154  430.1965338  521.0899036  482.5835105  -32.14847914  651.5961661  -8.346121556  469.978439  441.0553426  -211.4781036  116.8942061  318.3764926  80.71023515  108.4606281  -15.04362826  805.3844332  200.682568  -22.13366917  54.60227305  204.4351695  -57.92284554  20.00786552  300.0059442  508.3419202  195.2348464  
282.4314259  -18.4510482  17.86423874  571.3176262  282.5838215  608.1910209  425.6205601  517.1467077  483.5322175  -37.54723138  653.6050158  -0.1543997103  459.9763451  441.8907352  -215.4705772  118.5630151  309.4539268  78.26733168  101.9247796  -12.3079435  812.3167722  202.0617077  -36.0613028  51.92372534  203.1446469  -66.5340003  22.49740833  300.9637599  504.964874  189.3517396  
278.3765618  -17.97546968  11.66930889  573.5898471  285.0139058  614.5250191  423.9880789  520.8048844  477.9249557  -34.6275558  654.6973298  -6.036072117  463.043951  435.1436811  -215.1139046  117.9661512  309.4514858  82.83413498  109.3608427  -20.39585701  811.8505589  206.8876224  0.5044315033  44.300854  212.0939721  -62.23626414  38.78638818  304.7095712  499.680106  206.7440547  
281.7222046  -17.11618895  13.18394754  571.4503509  285.0155875  613.0945652  431.2648755  523.9640857  471.0722236  -28.34354046  650.5687773  -8.35217578  458.3253268  435.7386302  -216.7366523  127.0067462  306.8637968  76.5258152  102.3838167  -14.62018748  804.5454462  198.8921635  0.1991757594  32.01586119  211.6398587  -69.69710851  36.70504514  309.7656208  496.493727  201.1893795  
288.7740405  -16.80712861  21.08690023  573.5119623  271.0176155  604.8079287  430.5404552  529.8701647  470.2381837  -30.32483656  652.8177046  -6.228425227  458.1720932  438.2485153  -219.0551733  130.3952196  304.7576447  69.01017247  95.24830456  -7.862845008  794.808961  194.1587215  -26.21279116  32.23280157  205.6707376  -80.42233981  23.85103901  304.2618465  484.5231619  190.1738043  
286.7730804  -12.46750946  22.76097289  568.5307535  284.7335894  609.6801591  433.6617024  523.8705487  478.0646526  -27.85313742  652.4184126  -6.266531832  469.2679706  440.0601762  -223.072281  125.3477837  304.2463339  75.80044571  101.9132427  -15.95042745  800.9967996  199.2994551  -17.55842306  45.5217726  210.2598538  -62.95463517  25.00061111  302.9831934  498.1017002  189.7912881  
282.4032802  -15.89172916  17.67364016  565.546283  272.053453  603.5179633  430.2994638  517.6358709  492.4620656  -36.08416858  648.7294084  8.296702699  469.5678328  434.4403283  -209.714943  115.0419905  291.5976606  79.85979978  110.7784215  -13.46667839  812.3115108  193.5138013  -21.30941708  44.63498654  204.0960437  -46.39455032  41.21727609  287.3673809  504.7561018  202.3533353  
283.1980869  -14.95864338  12.99993956  564.1187365  265.9191387  595.3639232  430.2421586  510.2037764  493.3781968  -45.42748592  651.0349046  11.20907033  458.9493624  435.7823598  -207.8411413  108.3135865  294.4585833  83.90123889  109.1230405  -9.493138491  815.8129657  195.2954614  -48.69407886  41.45676057  205.5537353  -55.46272604  35.88157011  286.7486421  497.2853153  204.6918921  
280.1710515  -12.8505837  16.23948447  558.3656788  276.3039954  602.3687098  427.6071387  514.4343276  492.3039056  -38.17900012  643.3228733  15.3453917  474.4517307  433.9535369  -217.0403348  109.2874829  291.4398577  86.4386352  114.9079998  -14.06833039  814.6795509  203.1460864  -43.46678191  51.39937079  206.9033519  -43.07359522  40.96892831  292.3883455  492.8462245  204.7888163  
283.15148  -12.07254255  8.090188156  568.2828738  287.8404602  606.3048855  433.0728862  515.0076231  482.8672918  -36.98730495  649.9554693  0.6151535839  462.3710333  442.0161545  -214.3036104  114.263808  299.3086386  91.98430228  104.5657856  -17.27378352  822.650792  202.0702855  -33.15830201  38.83286516  217.4086463  -51.04190854  34.44001899  296.2607954  496.6352344  204.4599231  
281.792738  -13.18299313  10.27138518  570.8335954  280.0204078  600.8342609  433.935337  517.7891708  487.9011853  -35.29547338  648.2493901  2.922129843  463.1952561  444.7237654  -214.6550059  109.4571645  297.7386929  82.63560743  100.9291733  -11.44940862  814.5354892  204.9404052  -31.77256195  44.79658968  215.914415  -53.63045803  38.45068312  296.4843737  499.9209189  200.0440902  
280.6076586  -18.48009613  14.52810897  571.6822423  273.9611063  608.1440046  434.360322  521.0069156  487.8137909  -31.94032139  654.7046188  -3.273905731  459.0385601  443.0203757  -208.8495266  110.5687803  309.3384806  81.48211749  96.86855229  -16.6750793  807.1779913  200.1936332  -19.83026463  43.58787483  210.1450247  -70.14982016  31.24387348  300.4175592  504.0610925  200.6397075  
278.1629155  -8.580082154  15.34225696  571.2199509  279.6865016  615.8711989  430.4611876  528.0421021  489.0468575  -27.54225597  652.9386851  1.258114211  475.4876294  447.5053612  -218.5013006  119.8524162  302.0595447  77.96534527  107.5012576  -13.70863171  812.1561716  199.2964435  -22.0153861  41.99757194  211.9174722  -62.33516215  39.17486755  304.0547161  491.767394  200.2544519  
279.3277792  -9.133303008  20.79492392  576.3246603  275.7359668  615.2336644  428.6749946  519.6703853  490.8575265  -35.03701496  654.4648121  3.846875633  473.813359  450.0403497  -218.2584896  116.4514888  296.7346049  78.76929316  103.1721428  -17.63371864  812.5651696  197.1075759  -29.42809556  48.6842813  207.8384009  -58.10058905  30.89846332  293.617126  502.0193529  195.0380337  
275.1976661  -12.46905547  11.50482687  572.321142  267.386063  615.3474975  426.2809854  513.0730067  500.2432012  -35.00537217  653.1630851  16.07192054  473.4932677  436.4008111  -201.2155869  108.4111339  294.7566246  74.83085321  110.1503826  -12.76551701  816.3018474  191.0607411  -22.28835512  46.68901351  203.9687684  -45.26633916  36.99171782  285.6015565  503.8499184  211.2406931  
276.118943  -11.62427709  12.16353957  567.1185262  278.2033608  610.161709  424.9754997  510.3802252  495.4819897  -40.37507633  648.8432559  13.54331622  471.5058267  438.7202964  -208.517289  107.1746698  296.1413999  85.47290132  104.7462227  -16.81397283  820.2122429  196.9378478  -33.00158472  55.68203184  208.4776306  -42.87901617  33.75884452  292.9323514  506.7326202  201.2066261  
280.7760517  -14.39967793  9.624684559  566.9978138  276.5129955  607.691861  431.2512079  520.9882629  487.4759298  -35.50375749  650.2183741  2.918905548  465.9798353  440.200796  -217.7066982  119.1056875  303.9919889  78.29523096  102.4025846  -11.57313652  818.050325  193.0523724  -28.54745357  43.31235303  212.1497517  -63.64293083  36.96655483  298.2948716  493.0198477  198.8744305  
278.6669437  -12.01595198  10.34330485  565.9500388  289.1028717  609.2023828  432.1262403  518.8571304  491.1875749  -30.57568344  651.5966883  0.3683037317  465.98676  446.1670373  -214.372206  117.1442329  307.1911607  85.20323484  99.02290689  -14.08304919  818.7222277  202.4270804  -28.62694558  45.7122899  209.2490317  -57.91167264  32.29366224  306.2488656  509.2357724  191.8513988  
279.6652999  -13.92786929  12.50228625  572.4105522  285.1295421  614.0577394  431.2289709  516.9790011  484.0893793  -32.29331613  654.2994296  -3.562018187  464.3304906  443.174817  -215.0497877  119.3127671  309.1818298  78.40181345  101.3234446  -15.70684769  811.6306268  200.3924126  -14.99647218  43.69373033  209.0027425  -67.54015194  31.06848654  304.0770566  506.3801526  195.0392184  
281.4173293  -12.26144671  13.57848266  570.7885355  282.5035334  610.3020971  423.4059523  521.1041891  479.8068736  -33.42711158  649.8204228  0.4792536107  471.123229  446.8615655  -222.9235927  128.1354563  310.2203646  75.93892992  106.6756982  -9.833108491  803.3662283  197.5272364  -21.00221629  42.01590075  214.2423627  -67.8935468  38.13915388  306.6636348  490.9846163  194.8310126  
281.5656724  -12.58669169  15.27203439  567.69272  271.95751  602.9998545  425.4726506  522.1969427  474.2180155  -31.78719304  647.2744346  0.03317392511  455.2404994  437.3206424  -215.8947277  129.4854876  309.982346  73.30900148  104.820656  -7.466056569  798.2217586  198.0540447  -16.86070789  33.13442219  209.678934  -78.92208341  37.69120449  308.9663442  488.9191309  202.4315341  
287.3081443  -16.77171438  16.59242174  571.5124429  293.917507  615.3950622  437.82028  526.8197219  474.5007352  -27.17005973  659.3481626  -12.95730436  472.80436  445.7109277  -224.9424065  130.0252012  315.7424112  76.42341909  106.2036895  -11.94094504  805.0806744  205.0196201  -16.63923027  36.66759143  216.4736686  -72.72512014  28.76438152  315.0867043  485.2074006  193.9812909  
286.7653439  -17.4015558  22.53752917  574.3031826  273.2331875  612.2738253  437.8288748  526.2881699  493.7770789  -31.44541716  652.417403  -9.352994331  470.2975087  453.8920003  -213.1551073  119.6148671  313.8811254  74.88841336  106.2009534  -12.2099786  806.3614348  201.4715957  -13.08204061  44.04732566  209.8574595  -61.09787197  38.7066332  299.879384  501.770734  200.3435928  
281.4851461  -15.56513117  18.24292168  572.175371  282.9798199  615.5203931  435.9033181  518.3056435  496.1790095  -34.21824237  652.7238599  -8.366169032  467.1542477  448.9270173  -204.6617129  118.2829165  311.8050636  80.45044432  107.7813496  -13.28883548  813.2220196  193.4907829  -17.5961496  40.80976977  204.6506053  -61.9332172  31.80171182  299.6359247  509.6372424  202.9283634  
279.3933865  -11.79208106  17.34253774  568.4017856  281.4333597  610.541054  428.8515383  517.9388453  489.1041623  -38.00410644  655.6814492  -1.985799621  462.9096785  440.3492476  -207.9828735  123.2319573  306.0594778  79.26305234  113.186656  -13.88443554  808.6957103  193.5999695  -28.50219667  39.79296073  199.277745  -61.59372175  33.77427696  299.5040496  505.6217732  200.4137982  
279.6759397  -9.424696245  22.4390978  571.061129  281.018599  604.2417408  430.4993209  521.3899725  491.4677442  -31.94938713  650.3489282  4.004285595  463.5168278  447.8367511  -215.8860471  125.8729802  306.9439069  73.39759378  110.4682622  -8.049995548  812.6618083  199.42133  -35.26352768  47.76820529  199.4696287  -62.05632119  31.81408656  297.6481735  505.9206235  197.0115195  
283.9861195  -11.65629289  16.24029004  569.4121722  285.1685631  605.3037159  430.8297044  529.9242841  480.4540291  -32.41105206  648.2431265  -4.615838849  465.5374229  447.1439337  -222.1729472  130.1231375  312.4856689  80.36352753  106.7433805  -10.68399398  813.6906139  196.7948921  -19.43940647  36.02478997  213.1459879  -72.64938171  37.21317433  303.0238718  494.4430104  194.3631486  
279.5764238  -12.86812901  12.34661295  567.2317542  287.780615  613.2723196  431.0594009  527.962176  487.6883834  -26.86263903  649.9681206  0.3587756387  471.0085745  439.8074313  -212.3720117  123.0958925  309.1596727  77.53912607  113.2279816  -12.53231156  814.7079115  201.9110895  -10.64009322  43.91311231  208.8215725  -58.54636078  40.83455154  304.0657659  502.4775835  196.4019736  
281.3476077  -16.30389189  19.30977714  574.215647  280.0115291  606.3317078  431.8383858  524.9365197  479.2967701  -37.46428473  658.9120796  -10.46874358  455.0515442  441.6034823  -207.5109052  121.3631639  315.5192735  78.51474095  102.1159051  -10.59114244  805.1440905  200.4637127  -20.58770726  40.75614615  203.9504905  -72.27848557  22.64714658  300.2140513  506.1676471  190.9289087  
278.2485597  -12.53394543  18.18381108  573.4228403  289.8957783  612.1434391  429.6475883  524.6460926  482.7131  -29.21435006  656.9792584  -5.217676723  467.6140621  442.2371658  -221.7932067  126.2076169  309.1282534  78.89346629  107.2235433  -15.23111488  811.3633301  207.5381925  -10.31544713  51.73552013  213.4797874  -62.14757876  35.67299781  303.5859694  501.2571894  194.5349144  
279.4355328  -14.71165717  21.57667729  566.2290854  288.4308896  609.2255502  426.8176206  525.4996716  477.2382283  -29.90172284  658.5317258  -8.909712141  461.8080976  443.5864434  -221.4907187  121.1919519  315.534468  77.16328876  103.2504603  -17.36188291  805.59278  207.3513068  -27.38475699  54.48726433  207.6901202  -72.92318445  21.1578513  303.5039212  501.3145783  184.3158932  
283.7650175  -16.97973345  17.17698693  568.6120099  278.6678309  610.1828105  428.6388633  529.5461111  478.7519272  -28.95032756  656.2283168  -8.467577607  464.0727978  441.08935  -218.303894  123.9120387  314.8448663  75.32467883  100.9966605  -18.1024629  812.8570712  204.3532738  -11.01230335  44.40973422  211.0680084  -75.23185096  28.66584575  300.026143  499.1036204  192.4239398  
287.6546101  -19.40047794  26.36895192  567.2195905  281.521922  615.6254648  436.7849715  525.0651247  488.3139744  -30.54267294  652.2387954  0.2375871474  469.1872482  442.5969364  -216.1472541  117.1927353  309.6449795  72.03851049  102.5340812  -20.41404298  814.0252401  204.5263055  -21.61824137  52.51297878  200.7847904  -59.68951471  24.21838166  301.1633858  508.9965304  190.1864135  
287.280338  -17.52367453  24.22058218  563.1997193  281.8371833  608.9286451  432.8256942  520.7783645  490.7744765  -33.93367871  648.6127902  7.285925232  470.1238233  438.6818139  -215.6611479  112.9639864  300.234787  82.6656594  106.5679095  -22.15242059  818.5297063  208.9917581  -29.0557308  55.03343231  201.1700868  -50.77561716  35.91099319  298.2166591  507.5399967  194.0466785  
282.3869759  -20.27426267  15.36003528  558.604276  291.7213385  607.2767287  435.5016589  512.2968979  485.7340955  -40.49494267  649.6570765  8.241582959  466.5930674  435.5241291  -212.0758266  108.7611992  300.7683439  83.61183102  112.2192817  -18.97222162  819.0468366  209.8857703  -26.78809537  53.00461002  205.5149069  -46.5390369  38.0924331  300.3611577  506.3562316  196.8106103  
286.8590079  -21.54410771  19.51355833  571.5614091  272.3733869  598.3488531  432.67343  516.1580385  478.383294  -39.96322393  651.4983283  2.769432922  455.0313185  436.2801826  -211.0441224  115.2869373  305.8019376  75.00574112  98.69559709  -11.12672609  804.048253  201.2255203  -31.42056934  43.12144211  201.9285874  -63.77018296  26.30847446  295.1421073  501.7792857  193.9778594  
287.1925024  -21.00856474  21.13380037  572.0936645  279.8353369  604.4555022  433.9264051  514.5119241  472.8910263  -38.9537556  648.706507  -3.610924482  456.1133205  440.6133169  -218.5989573  120.8386347  312.6176784  77.03521366  99.1337392  -16.37866356  805.1810809  204.1724684  -24.20696322  50.61389964  209.08044  -65.42066027  26.18804879  303.3313539  499.0923656  193.6571826  
286.1327769  -15.59203878  21.78341949  572.0992046  277.2885022  605.910523  432.7204211  513.9806231  478.2382657  -38.89015936  644.3949698  2.344638525  461.2517877  444.0580336  -225.2862439  119.8949916  306.8001934  71.55341703  101.4373704  -13.02368183  808.4205314  203.5591968  -33.4630825  52.07660969  210.8870584  -66.7397307  27.53702903  302.1375267  493.6051589  193.1138334  
284.9776564  -8.766371456  17.85397105  576.3346207  275.5946376  609.4045002  437.2538008  510.6793858  475.8869847  -42.31442267  648.1276121  -5.712383183  464.6702274  443.4744304  -215.5242352  110.2008966  301.5402966  73.93361309  101.0873251  -15.0264232  806.562008  199.3368173  -25.32055677  40.14341553  212.4389274  -62.4804146  31.78757442  297.4524399  491.2086055  200.3027085  
285.3257998  -5.883159805  19.64952346  576.6767521  274.2034338  610.9170967  431.2504352  515.8647338  474.2832483  -44.60398251  647.2967875  -1.366844429  470.179324  443.8722298  -219.7727385  111.5692113  301.8778751  70.97822577  106.9371037  -7.851742571  798.5257047  193.9018703  -33.24432406  37.47268056  214.1807407  -63.43994744  34.35219432  297.772376  483.5968252  200.1394393  
285.1286402  -9.963366119  15.81844172  574.8688841  276.8640215  608.7793082  432.4779495  517.3241296  474.7119149  -39.2832176  648.6485134  -3.301085133  460.9678403  436.9879017  -212.7741743  113.0090709  302.8067396  77.7083531  104.6803473  -11.55776339  802.1168735  196.1495201  -24.01060262  36.70108581  212.8246912  -58.52187789  28.70270237  298.5639441  489.5320757  199.5054538  
283.5310226  -13.15967327  16.65334748  572.7316377  288.1633922  606.8707234  434.4065856  513.0753698  483.554553  -37.20660676  650.8177615  1.745635301  469.5656241  438.1332924  -217.169894  105.1261985  296.9365521  83.42540776  106.3615958  -14.09068657  810.213698  203.1896992  -31.22364211  54.33116022  215.8743728  -41.0486339  30.81091845  289.3345468  497.2434226  195.2822543  
281.0575042  -16.16631068  11.34429738  567.0404762  288.9197414  604.3593497  433.9665664  509.0662249  481.7142923  -42.74310447  655.1802769  -3.719445551  454.630609  433.6681899  -202.8759018  105.4977047  299.9427854  96.5057122  106.7503329  -19.74154139  816.1324612  202.4621935  -21.35753237  45.32133653  212.4133179  -46.89426433  32.69659507  287.9379143  509.8160888  198.023066  
281.375154  -19.20504174  11.21600077  567.3076296  276.3251407  604.7625451  430.9796622  515.0945518  492.0842786  -45.17542629  657.460959  6.366331351  467.347376  434.2058514  -208.1551592  102.1027367  299.7640185  85.64392872  108.6084657  -12.53222477  816.8440646  204.6785378  -23.77189264  52.66273799  207.3085897  -48.84443122  37.29634472  294.6560725  506.4361475  202.899808  
285.8642009  -18.93958516  17.21112056  572.4658125  272.5492451  607.5035889  432.7959463  519.9733857  499.906004  -33.2726838  653.6785071  1.474851718  466.2002389  448.3480365  -212.6159033  119.277636  300.9898737  78.8851476  99.63427976  -6.169197782  817.8206334  204.1510768  -29.17902527  47.67363233  208.9633025  -57.20619443  32.91962751  302.4104931  505.3888525  197.9826871  
282.0751558  -17.23525769  19.30205675  566.7698556  284.0517189  613.1634062  436.6250203  524.6224352  497.0047918  -28.76449958  660.3820844  -3.669334401  472.0289473  449.1303702  -213.8052137  115.4050843  313.2678896  77.91735027  97.35064405  -11.30228797  817.6678712  204.3951004  -33.52499934  52.61242938  203.6663269  -61.01493378  21.08759609  305.817058  507.9790836  194.9004864  
279.0253107  -17.09769537  14.50796791  569.3677411  276.3595876  613.5393175  430.146539  520.84378  492.8078967  -24.78130495  649.4584729  4.025844075  469.4768734  438.8827754  -211.877436  121.1020618  309.3610071  78.0186501  95.81994843  -15.14477976  820.1813171  201.2666718  -25.21679257  48.10128642  203.3739383  -64.41600719  24.80061134  304.1523011  509.4020357  194.770115  
277.8854152  -18.3923644  13.36211726  576.0901149  265.3905988  610.1164701  424.9347885  518.6644753  488.2074286  -34.72863928  653.105597  2.50250543  462.2058809  439.410687  -202.2832655  118.4647071  305.8779316  73.37392678  103.3616689  -9.727023042  815.1732646  191.9431537  -18.51351994  37.22091773  201.8391381  -65.5996808  31.82310492  292.5800988  501.6966474  202.8419456  
279.8868626  -15.2345171  18.52274843  566.9435431  288.544888  611.7416271  419.9852674  515.1959548  484.0680869  -37.50495557  656.1969374  2.792669462  466.4154339  437.9128161  -216.2200071  119.284845  305.6723289  88.49127385  105.8983567  -22.91971727  813.5030344  204.9893079  -25.62082682  50.30024528  201.013504  -59.60523541  29.75920816  302.8054375  513.8986277  192.9410008  
281.1681941  -10.67973911  13.75555787  570.2226753  271.4664082  609.7026899  422.8858723  519.3572371  486.2158129  -32.03911637  651.4143493  10.33862797  467.0832815  436.9820707  -218.4079186  124.2766732  302.1750275  77.33838222  107.3934648  -13.37253314  809.2464563  196.9269861  -32.51251374  46.44614764  206.2507467  -70.37842525  32.70613962  304.8724395  495.8016308  202.9568827  
280.7122991  -13.28627341  12.81318431  574.7299707  270.190369  608.2915814  425.4404823  516.3718265  478.718988  -30.11123802  647.8265115  7.951829777  463.9365232  431.6899397  -216.5331529  120.3883697  299.90171  69.16223686  106.9963286  -5.840877968  805.0195533  198.8568955  -23.40390727  44.05895463  210.1400188  -66.33996801  36.44380821  302.9654685  488.7913002  209.7690467  
277.7461223  -10.83818771  14.93195734  568.7590597  289.0688473  609.0438707  429.1511515  519.5242688  480.0781973  -32.14297674  651.4932464  5.827998566  467.2713257  436.2968081  -227.1369244  124.1232017  297.6577329  80.95466004  105.2708301  -17.80209957  810.0606231  205.1826731  -19.30506099  42.61862379  209.9275059  -64.08559443  40.04123391  309.9889725  493.6361865  193.7143688  
282.1087202  -9.202699368  17.10722086  568.8191457  287.603293  613.1514862  431.4318317  524.7309393  482.5122793  -30.34437682  649.4701526  1.592113409  472.6109755  443.1447176  -222.9951979  126.1233584  304.685948  78.26715488  103.9838373  -14.46301695  805.4894993  197.283331  -25.64432107  42.6636595  210.2373459  -60.73094892  32.35926564  303.088281  497.6680494  190.894327  
284.5961697  -3.395152358  16.83392555  574.2033708  280.9847799  609.0670973  432.3790998  524.1148602  480.8043825  -32.30686978  651.033919  7.443473082  472.4564374  440.015354  -227.018726  128.0497871  299.6131956  74.22438843  107.0137441  -10.00593447  804.3521133  189.4029291  -26.65884193  39.37242236  214.0080648  -68.97610753  36.54278482  302.3695766  484.4785771  199.1897241  
282.0183122  -7.677977109  16.48894158  571.5218073  273.219683  599.9028276  429.9613817  519.6047591  481.9200191  -36.8779247  649.6277958  8.813039675  466.2693518  432.7184607  -215.9154841  119.2417941  298.5851045  81.18635801  103.534678  -10.76359276  801.6395445  190.3353197  -34.63308996  38.00393946  208.3264825  -60.95331737  33.59867656  294.6928091  488.231758  203.1556745  
280.8508536  -8.957519287  16.38361867  563.2068923  271.8423253  606.1500318  423.2808443  522.989463  488.6419333  -28.36430518  647.4516859  9.836328218  468.7037806  436.0466597  -221.9331237  120.1771537  302.9978186  73.21112152  113.0109811  -10.93777321  811.1629176  195.3430503  -36.59141072  51.78839803  210.9317419  -68.61615857  34.65927927  293.5396046  489.7889713  199.9028654  
279.3199036  -12.5308388  6.789706825  560.7631494  280.2839836  609.2084934  424.0749064  522.3090073  487.1482444  -27.20272137  650.4971043  5.016807142  474.3030493  432.5314417  -218.6865617  121.0814678  306.4204517  80.95565006  112.896037  -11.46563759  814.3844721  197.242647  -18.1968569  44.42351807  216.6460803  -66.51780946  45.49551069  302.6662999  490.8902269  206.5916259  
279.2528677  -14.27834329  17.38784059  565.5223765  287.8595823  604.9840937  430.8940935  519.8407216  483.1822484  -36.10883456  653.2512163  -2.006181778  465.6597969  444.2471036  -221.7842891  119.4016455  307.7089429  79.77219072  103.4691481  -13.24229608  812.7562988  200.7656636  -35.12262882  44.1171704  210.9622401  -69.95839702  27.30031315  302.7658926  497.3385845  191.2403299  
274.6002487  -15.78086841  12.42946751  569.158783  274.9181727  612.9792126  421.1538753  524.0925262  481.0453705  -31.42976066  648.3743584  1.561392757  468.5220681  437.8446578  -217.7132164  122.7688153  305.9157502  84.08918379  103.2886959  -13.34003932  808.5896982  199.4028026  -1.411091835  41.60810464  211.8973058  -58.88157551  37.69343899  302.9793979  503.3438292  203.6615476  
279.9343689  -15.12085165  20.47567776  569.1412036  282.5792143  610.7263546  425.4893214  525.3086884  480.9396179  -37.39061002  654.2106756  -4.832954071  461.0377079  447.0708379  -223.6731471  127.2494122  307.3204891  75.08421923  105.6052645  -15.44435191  814.7914878  193.9082713  -30.91073535  47.22449512  209.6659686  -70.72702288  25.05906056  298.3642005  495.5626564  191.2859016  
283.0690234  -17.83758101  19.03771856  566.1769652  276.5243983  607.6552767  430.9591414  527.015651  485.7525644  -35.42128194  658.9339901  -9.121738835  458.7603843  438.1125827  -207.9337763  116.3337142  304.7778256  83.83961995  113.0731645  -21.15751355  809.7890973  201.3405287  -18.31742566  38.92525172  209.8886868  -64.21748493  34.67201936  292.4524293  496.4281627  206.2854337  
282.1931304  -20.63692918  16.94997933  567.246591  268.1453955  609.0164973  436.2108688  523.6008062  497.3793445  -29.97304114  646.8545396  -2.957546576  457.6867379  440.5798849  -194.6961284  111.6716666  307.9837808  82.16439222  109.2530793  -13.42754344  813.2421807  200.3793164  -6.491652929  41.11462142  202.9791476  -53.22588846  42.31502116  292.1463866  513.6246207  212.5003934  
281.7218889  -15.54667596  17.495918  568.9170555  276.5086549  605.9400505  435.3486501  523.2671448  483.5057692  -33.88929887  648.1477769  -5.096815697  458.599964  443.443043  -205.9045631  124.233225  300.8542147  78.25225594  102.6156794  -12.94997121  807.7440249  198.1245414  -21.51571375  29.89116573  202.1658853  -66.69257863  35.1873494  302.7454958  501.5668546  196.9771046  
280.5133482  -15.14138561  14.65232638  577.4473439  279.2734807  606.3874435  430.8201003  517.8770356  478.6486437  -38.08859223  655.9115977  -8.728561236  457.3529115  441.7485808  -202.4479147  118.2190156  305.6855949  82.51776019  107.1321841  -12.70070174  805.8533623  197.0187242  -20.89169396  35.50639142  205.6913546  -55.84217051  34.18536953  292.6704691  501.7155782  202.4961175  
278.352827  -14.83679637  12.51503811  563.0534764  294.453406  608.4426759  431.2065486  519.3362955  484.9692825  -33.80605053  652.2185153  -6.256434071  471.3355091  443.5290888  -206.2164144  112.1951168  309.4864019  84.7726915  117.1246038  -10.96604399  802.7590273  196.5135105  -21.58424091  44.62841368  213.6056519  -42.88298323  38.37449325  293.7098789  498.1609813  204.2312441  
280.741602  -18.48640549  6.903540268  561.9817946  283.0943388  604.6674057  432.1606428  531.9251341  470.2349563  -30.70816926  645.3404827  -12.4120741  454.7519924  438.4538797  -208.8990058  124.8544467  303.5217415  90.20763354  103.728032  -15.33057401  801.9167456  192.8726458  3.454959633  16.63937132  218.0449662  -61.57774333  47.29116711  300.3382763  490.2843218  204.9869293  
285.3150396  -15.51928366  23.31432051  572.2172115  271.5170859  605.6934526  436.7762079  536.0007146  478.6097499  -31.06704222  641.2457729  -9.473143389  467.5102249  452.7075729  -228.8987932  131.6889609  301.8275852  64.7369026  98.83854255  -13.57931412  797.5589985  186.9101483  -17.8352115  29.870296  216.2060126  -76.71737618  36.06609696  299.0862125  482.809193  188.4827652  
286.1709508  -15.74528325  20.49411322  569.1632844  285.13195  612.9776323  434.8957004  522.7046247  483.6038923  -29.66385563  653.281205  -7.674943764  471.8898819  449.9761196  -218.8430143  120.272856  301.5779284  82.60814677  95.8541012  -18.90006221  810.7328044  196.4183198  -14.12891141  39.61241953  210.9581915  -59.42726347  28.95393093  300.7392258  506.542621  188.8493845  
285.9511429  -20.78609045  20.71054436  561.2343545  276.7212302  605.6709887  428.0067292  518.4954807  489.584055  -37.43829731  664.651804  6.015088827  462.1413998  435.7682692  -202.9610225  110.777561  305.8813901  91.18786845  105.4987988  -16.99260295  806.6853068  205.7262288  -20.19228083  43.34949757  191.6966681  -52.20588497  27.24391131  303.125638  513.047162  195.6540585  
289.1037839  -16.3905406  25.72800641  567.6854124  270.8070276  611.4113372  434.0184446  522.2294955  485.4527265  -29.1868579  650.8393605  -8.853700409  466.8557706  450.5926573  -215.2979964  124.2514361  312.2955385  73.7453197  101.7328086  -11.36781406  802.8863231  200.8842712  -16.74052347  45.06935505  208.7780448  -64.69325655  31.85734889  299.6371916  500.5484421  193.4069684  
280.9493428  -14.48648092  18.96772  566.9101997  276.8191464  611.6237562  436.1398615  520.7723147  491.5303207  -31.86347447  654.6443977  -8.25376867  463.5075721  450.6230158  -212.8517477  118.6807926  307.4877993  76.65079327  109.0578345  -16.81157662  816.3705577  201.7617895  -19.28633584  44.48221495  209.143766  -60.96246934  31.25336865  296.3663944  499.9436843  202.9599034  
282.3354806  -18.06686314  21.86876377  577.6854284  273.8137366  607.1802417  433.6720884  513.4023336  488.5534221  -41.70330692  658.736456  -8.098209278  464.6259425  447.8730233  -210.6820551  108.662526  310.5045283  77.84088058  102.501879  -16.50171157  811.7044305  193.7972062  -39.56797693  50.42483109  206.2224556  -66.58891552  16.81054281  291.8092156  502.9557694  199.0078503  
283.3267184  -16.10990057  20.32424308  567.3818498  286.2399889  602.262075  438.0733766  515.5978091  490.9155329  -36.53917931  656.5178178  -5.687168244  465.541636  444.7870082  -205.6298563  107.0894039  304.0303841  97.82048982  108.3264841  -23.96579255  815.8505516  205.1253863  -14.92369844  40.37273621  206.4220623  -42.18268513  35.7596227  294.0593471  508.296605  206.0155546  
282.3563066  -16.8447859  13.51563046  560.7995878  273.9111708  609.4228476  437.9413248  527.7901005  499.2083018  -34.63394902  653.3204166  5.899464696  472.4895895  443.5361468  -201.4912623  113.6331838  300.1970388  81.9904627  116.7128994  -11.11729939  813.1565446  201.2178251  -18.2771688  35.51623759  200.3382795  -50.64096975  44.60044128  297.2397087  506.9313629  210.331346  
276.3658596  -16.135001  9.781523536  567.5542754  289.0002526  611.0900398  432.3412174  519.6988083  490.2908664  -32.88960106  655.6002779  -1.342107242  460.0711007  444.2000895  -204.0451105  120.1645973  304.0418446  92.01132868  102.5006909  -15.14755651  817.1830703  202.9889363  -13.9693121  39.48139496  203.2597444  -46.47443331  28.30038356  299.5595347  522.9674311  195.2996491  
280.9885727  -15.39564697  11.53766608  576.7654655  276.7124284  608.2690122  433.1298462  520.6883569  487.9401922  -35.11585495  650.8425455  -0.5633073617  469.7760194  446.3887846  -216.7500962  116.5181867  307.3177429  72.78331234  109.0697781  -5.171060435  810.9806998  197.1990823  -32.03730149  46.52915628  216.3526644  -61.62308014  33.12350721  294.9675711  489.8257328  199.303248  
279.8561346  -15.44610294  10.78038692  565.9188682  278.1425204  609.3619883  427.9876943  524.6704091  492.2433165  -29.2631556  652.7934742  5.644839452  467.8675211  442.5534463  -216.2528984  116.5550765  304.5974607  84.43707753  99.95186259  -11.06634527  818.1096723  200.4842198  -32.62183609  48.64491747  207.250569  -61.89423891  28.72388311  301.1906644  501.1477144  191.5690741  
278.3277328  -21.02670499  10.76887174  561.4395938  264.8250408  608.134088  427.3394102  530.1465743  486.4619051  -31.35440052  653.2988616  -0.3867328029  460.5145086  436.2998976  -206.7007361  120.2736666  304.6331407  79.18194998  106.3235501  -15.63984586  815.3948408  200.885023  -14.73966322  35.75041528  205.3559398  -68.4229003  37.61548699  298.746141  497.2523396  202.0277256  
280.5091421  -13.67885131  15.32143029  562.1866029  284.7391655  617.0191197  426.5265945  525.1749825  480.4975756  -26.29338693  653.7847334  -4.854742226  467.1707283  440.1544388  -219.791724  121.9809698  309.9712998  81.12755615  104.0548218  -19.94662532  814.5925085  202.2049968  -21.59443695  44.5893965  208.7213278  -66.18885289  23.38296977  303.8575582  499.5182094  187.194543  
280.450415  -9.735255467  15.43534691  570.0731038  277.7501565  610.9188496  431.3276604  517.738656  491.4295969  -33.10365761  650.1433818  2.08568425  465.7494171  443.6008313  -216.9840795  117.2865833  302.379978  82.80587898  104.4679815  -23.12697033  821.249719  203.6624604  -27.82065153  45.98891532  207.0839027  -61.26888049  32.09497655  297.8282904  503.9838016  197.7971031  
281.6938563  -12.30975156  14.83531908  578.8420189  274.8923783  603.8752222  430.576359  513.756752  491.9592429  -40.12742377  654.4635908  3.56165821  470.0636735  442.3436199  -218.9138857  111.1964303  299.3771816  83.13930223  102.8557942  -16.53061776  815.7202639  200.9037319  -42.69465034  52.38514353  213.8553735  -59.0844171  31.30263983  287.572985  495.1864844  200.9632758  
279.5691376  -16.3326141  12.3854989  565.1938356  288.4059008  610.3145672  430.0320864  517.2913826  492.7367985  -33.50996065  654.5833517  5.937595213  471.9318516  434.9718445  -217.2770962  104.4021941  306.7732044  91.14386798  108.71343  -17.03484744  812.7216397  205.8866245  -29.61201097  64.51729461  212.4590854  -47.42891275  28.9705752  300.6538599  505.9672635  201.8364876  
282.5646692  -20.27034236  11.63587664  562.4943305  279.076473  604.1965038  429.7231913  517.2782551  488.3153887  -29.91301172  651.0086816  10.59832232  457.8261716  431.6445718  -204.7871855  110.552924  302.3368286  78.80922028  105.267387  -5.290357086  804.8560571  198.0092663  -32.27374757  50.7802343  202.1679733  -53.80003678  33.74645187  299.7366928  503.4188251  208.3812244  
284.3251088  -15.76825333  14.28101124  563.5938795  284.1185383  601.1341533  426.0210579  517.4165435  469.8369564  -32.47173848  644.7956172  6.418927213  460.5795732  428.6242822  -217.4853585  125.1109533  304.8765371  74.97488801  107.3866892  -6.240061974  801.4530391  200.8209506  -18.53325481  43.86447224  210.4412787  -64.59788379  39.0219226  304.9584676  493.3206401  199.3414303  
285.8003873  -12.06344668  14.99773291  569.6212868  281.9375144  600.2930235  427.6635488  514.9489032  474.7474395  -33.67699687  644.3498675  10.23950865  464.8156167  432.7634297  -222.1266931  127.7112989  298.233328  72.75701184  104.3913905  -4.200763025  807.6978986  201.0052274  -34.30204714  42.9466695  211.793216  -67.3362601  37.46139042  303.6611083  488.219886  198.8738262  
282.5993169  -10.87195677  12.1712725  573.1760949  284.3610058  613.244811  429.1003834  517.3851284  468.7377718  -32.67376906  640.1031118  1.983709343  470.4047494  429.9697031  -223.3358626  126.0917241  300.5556576  69.32150048  104.7029089  -10.09639026  803.3073777  197.4901428  -17.18713751  38.61108816  217.4135744  -66.23055359  38.30977809  312.3785358  486.2151044  196.3212221  
283.834236  -12.73426037  17.03519442  580.2285776  267.4921872  611.7278672  429.1091462  514.5135442  482.1132032  -42.17209911  643.5238189  4.029308857  466.9016508  440.4598659  -220.4200422  120.5538441  297.7563334  65.64102505  104.396183  -8.809721765  812.7096993  190.3418192  -26.86070183  40.36299135  211.9456813  -67.7679462  35.00971275  298.4191767  486.8923601  202.3263057  
285.3405272  -19.49448394  22.66427755  574.3635398  277.6330858  615.6580784  433.6999163  513.8540162  477.7390261  -41.7134282  651.6478537  -3.266780574  461.8405876  435.7023075  -211.2539144  110.6421464  304.8469604  80.06304269  102.5902381  -16.65837456  809.3253159  194.4374056  -15.60128138  37.26468901  206.0737019  -72.37486613  26.03927227  305.1352054  496.5470225  203.6168854  
286.8290418  -16.49665749  21.73900098  567.6376915  271.5349516  609.8620101  428.1433962  519.5864766  496.3298732  -32.82584829  653.5360429  11.58076901  473.4348112  442.2134174  -215.8970676  116.344199  294.755181  73.78369145  108.4202977  -5.705598184  811.5582739  200.4576161  -27.86139056  48.34246717  205.5699116  -56.49696095  39.02020962  301.3272402  494.5717481  205.4160578  
278.6382578  -15.43743908  9.733526328  561.451201  285.2140882  611.9141082  428.620774  527.0301246  491.2304832  -28.93097433  650.7016208  6.038691529  467.0591989  437.8907462  -210.6839965  124.7024386  303.5391403  86.32849018  103.9731999  -12.46574796  815.8413381  201.3048458  -18.64911626  39.93478754  205.4629392  -63.04392943  35.51586046  307.9238035  508.0063604  199.5882594  
279.3789127  -17.31619311  8.33401503  565.9407849  273.905758  610.4528744  430.7959118  531.8724384  486.6245583  -27.21515101  649.621961  -1.233456708  473.5736923  443.3477181  -214.8696311  132.4079495  310.5199341  65.07034005  113.3344544  -1.559964935  807.8941804  189.7831249  -18.28397964  38.13583996  212.388835  -66.09965981  36.4295543  299.5047191  487.3195149  202.3024426  
278.3181218  -20.33925427  16.62549677  573.3341739  286.7910857  606.361003  433.3214112  521.0116186  487.9071589  -34.22769589  657.9221449  -3.810517006  467.9430517  442.232155  -214.8032456  111.6703204  303.4701453  85.45268818  97.65729021  -15.08717134  806.1949415  199.4638024  -35.56683199  51.11777931  204.6725661  -54.08444314  18.376833  296.777361  507.8841672  188.8206914  
275.5051614  -15.47127425  11.55897576  573.2737455  275.3225994  617.6350855  433.3178284  515.3294064  498.1220854  -29.00708411  648.9338479  4.237723811  472.2604452  440.1181435  -205.8764199  105.3857899  304.3893013  79.06123309  106.3467782  -8.761092657  815.7698282  196.1567712  -17.73363248  51.63079913  209.4014029  -49.84860511  33.68675866  293.6193077  506.6196632  202.21199  
277.7179562  -15.37511623  14.67488012  571.6215281  283.2163483  608.827771  435.2587264  516.1095424  494.2875372  -33.11583339  650.9516654  0.5982734068  463.5074959  446.33668  -213.8699371  109.6492273  299.4183842  75.24964028  100.5298637  -11.35144096  817.6888139  193.8031033  -37.65587212  45.48428835  208.9617857  -58.47458581  27.27860993  291.0894011  500.7723117  193.267587  
270.5994943  -11.59742624  7.749902177  570.462566  290.8583576  621.5136355  427.3746012  524.5959712  478.4905574  -31.22054721  650.4449598  -4.716546632  469.7436515  441.9960957  -225.4257029  126.4171406  306.8589172  82.47521229  107.5889853  -26.4460555  813.2741062  202.1532247  1.047630537  37.97259092  218.2918604  -66.15479626  42.06329148  308.3884935  498.1199033  197.3594872  
278.1989775  -9.677430614  17.68985401  580.1021862  271.3769464  607.8605058  423.2232984  527.6378004  477.7799041  -35.78241893  643.5881715  -4.583033075  464.8717749  454.3730059  -230.1951624  136.1443777  305.889154  65.77133171  101.3975851  -9.974755905  800.8896981  190.6676278  -27.67177171  32.7206888  212.7744018  -77.14405064  34.68388024  299.0012244  483.9120918  190.3577725  
286.4094503  -15.71256973  23.52521181  584.8558582  282.4121693  609.8417759  431.0745085  517.8900288  473.4921267  -35.44903011  655.4934046  -12.43646101  462.6942785  446.2451373  -221.7148783  122.5389771  312.1390201  76.68177567  92.0810962  -18.35821091  802.9314095  197.2751456  -23.61559795  40.06372281  210.8977749  -69.0183914  17.84645715  297.8048945  495.927999  190.3391158  
280.1389578  -15.48485623  20.96279738  574.1752719  280.7909324  614.7695393  428.0638389  512.048129  480.4426799  -39.07979536  654.7277539  -7.429430795  457.4676292  439.2335909  -211.9185848  120.2614543  306.1241539  82.16719185  107.1854456  -27.04832712  814.1848268  205.3303818  -18.07019874  48.40365611  203.7513393  -57.93559224  28.69610938  297.5367538  510.3264564  198.9405951  
280.8926289  -14.93893565  17.87971301  574.1107284  264.7406298  605.2626464  427.3625305  517.623278  487.7290004  -42.79420702  654.3228931  0.7646037682  455.2077952  440.3964784  -205.8134726  113.8902961  304.1461018  77.82533264  107.6238253  -16.80580113  811.3959137  200.1604766  -20.62552629  42.01960595  200.2606214  -63.65101653  37.16037926  290.2478263  503.864418  206.7523044  
280.9938229  -16.29067537  21.07681114  576.5757987  262.1119289  604.8724416  422.9209022  514.8347374  485.1567113  -45.13492814  657.5181072  -3.940295663  458.5105392  443.3260002  -207.3241339  108.8660843  308.5998103  78.49794944  105.9002699  -11.33586977  803.9430926  193.7598859  -37.2914307  46.71197743  203.5129176  -59.52178376  24.65886193  284.4612254  499.4929649  200.1512032  
280.6292686  -8.573485171  17.46043325  569.5147935  285.5870485  614.8059527  429.1673037  514.9448841  490.6670745  -33.34803269  654.3564523  0.08035999241  461.0947469  439.7221144  -207.2309614  115.6308571  305.7995348  84.00160835  110.5259754  -21.02815635  818.8418305  202.2304475  -16.32992609  48.64079815  199.8684221  -48.70572633  33.10987448  295.7204561  519.7273301  199.0635196  
282.2944456  -10.05016446  22.28873132  579.6989373  279.5948316  610.2197975  433.1667075  518.2844011  492.8024562  -40.26613396  653.5268891  3.621172696  471.1765814  447.5984032  -212.073133  113.4083868  300.5666448  75.27128978  105.840353  -10.27906743  816.7065101  199.093104  -33.32614187  50.22165257  200.6095039  -54.1417391  28.35152003  291.5930358  509.9736111  193.7566185  
280.333042  -14.01827171  15.97477937  574.4740611  283.9413012  616.7689455  426.2874174  515.7624448  486.7273807  -39.1586962  657.2458621  -0.8138016412  473.0412737  440.4277747  -208.5145881  106.800528  307.6888902  87.79054395  107.0273798  -23.08982382  811.3119093  204.0757792  -19.06606448  51.64183085  207.3618793  -50.84600141  29.71929338  294.1578166  513.2133926  195.3391476  
278.2489306  -13.62266021  16.04831238  566.8939755  278.0035454  603.7358666  421.7883272  516.3286167  486.1383956  -39.67627484  651.8984599  7.626633968  465.3726631  439.1888668  -213.859779  114.0893041  301.5450816  83.88091388  109.2488091  -17.28428078  813.5308546  203.1060577  -30.64618456  52.57000109  207.8849319  -51.02195387  37.82449378  293.6340498  502.9294391  201.2442147  
282.2994769  -13.99681821  17.816321  569.8266416  272.4009688  601.6293617  419.8345999  523.0274568  476.2713775  -37.26261212  657.4057082  2.737102158  464.3794366  432.8178356  -220.4354113  127.4765748  309.3579064  79.35087603  112.0721126  -18.13573003  806.4584361  205.7497766  -20.40497945  46.00081784  207.9392703  -68.95892488  39.89840488  297.1720839  492.2775614  200.4940748  
283.026502  -7.167063511  19.12102099  568.8010135  289.4264602  603.7107147  425.6363149  516.1610976  483.1062971  -32.9167907  655.295048  4.646232781  473.0976098  444.1499858  -234.5364926  127.2630016  304.564179  79.32839501  111.8692631  -18.24020168  818.4632418  210.4026135  -39.04378758  62.4466294  215.5298176  -57.93025605  30.13029676  298.6067961  497.4296652  191.8546395  
281.3753413  -7.758502585  15.39906477  567.4817299  273.4810636  600.5295862  422.3595733  516.7687573  488.265531  -34.57548987  657.3465035  11.05422039  463.9379361  438.6177779  -220.8237451  116.1797868  302.6761991  84.42323199  106.9207532  -20.41335391  813.4959995  211.6735959  -39.64779582  57.11914117  204.3645024  -59.86352659  36.36702253  296.3237385  499.3805456  197.8647263  
282.426351  -13.39087493  9.371032764  569.6774907  270.4953293  607.5107111  425.884001  516.7240503  489.7289592  -27.09170615  657.623476  0.1313143923  470.8056743  439.2503572  -204.3224049  104.547083  307.1193772  90.16402468  116.1298732  -12.20031593  811.0187416  205.0292007  -21.71247001  49.76694193  216.6136777  -45.61646088  40.82574296  289.4870868  487.6113296  216.988697  
281.2354536  -14.96221577  15.73947541  560.161255  266.1666023  604.2096047  431.8073809  524.2939766  502.1231723  -30.55087428  655.7375293  10.29266528  467.8083717  439.2684659  -206.6844886  105.4768311  305.302734  89.35495495  104.8886671  -16.07818845  812.2031977  210.0352851  -33.29905557  54.21589695  201.3366779  -52.22909579  35.97509289  300.5257548  501.8156267  210.0406138  
276.1015232  -16.11290506  11.64714687  554.8454464  285.2525319  610.1501817  431.7877202  536.3256862  488.5481995  -28.51602309  649.8952401  -1.215013801  468.9330563  442.0139672  -216.3247978  124.2760984  305.7278112  92.72682662  101.7577417  -17.51337691  818.317155  205.0274503  -13.46334263  40.72442083  206.9303973  -59.64499708  40.34413674  308.8864666  506.3709753  192.7466887  
283.9972177  -13.93020057  22.04612705  570.9336234  256.3782662  608.5130461  436.8495751  540.1854035  488.6978263  -36.95390847  648.7231549  0.5664254833  468.2425828  453.1176117  -224.1645911  123.1868385  305.8284065  59.38802995  95.93262548  -9.48141831  812.010745  194.2893843  -44.44880246  39.62097211  200.1081876  -86.05387789  25.0262086  299.9125382  486.8102476  188.0394754  
273.9696032  -14.87290442  16.14912104  561.0486912  290.0947266  621.6836326  428.5494379  515.8762869  503.7871125  -34.62546602  653.4686567  2.438771583  474.6637191  449.0404789  -201.8263436  104.9142111  308.4950406  91.08769172  107.1294099  -22.66392655  825.7789866  208.2881663  -26.63562478  61.98754839  197.8778855  -37.88679805  27.43482823  300.5541098  530.0663538  190.7866095  
279.7367805  -14.15080292  13.00149229  566.6628221  279.6450721  608.5369949  433.1091402  517.2077998  485.0821204  -36.55393253  648.0086129  1.220542499  458.9689433  434.2207489  -203.9723749  109.6623109  303.1008458  83.34851655  99.96259957  -16.64218389  812.7547307  197.6750384  -16.76917001  41.53883848  200.5852182  -57.45840372  35.3042681  300.9591649  512.7930904  196.8708531  
282.7886167  -12.88777044  15.73148456  567.8724196  288.1842493  604.9501723  432.1710705  516.8633368  482.3093569  -36.43681133  650.810786  -0.254935144  461.7600216  439.8216922  -217.3516183  118.5408349  302.7341277  87.00590882  98.61832581  -18.71109033  808.8631107  200.776973  -20.99133624  40.18981789  204.3415351  -52.3862463  32.11005318  300.4659188  511.2110575  190.1810712  
284.8389356  -11.96840744  21.23729056  567.215381  294.7589808  604.837817  437.6391807  520.6050922  477.0396269  -33.77088928  646.0783508  -3.632439705  466.3759602  445.1598099  -224.9271706  120.7411002  305.3909395  84.0837765  93.82871793  -18.5220477  804.798606  198.6064625  -23.79831397  46.64847784  212.3663308  -59.03335232  27.16169785  306.8324162  508.6776461  184.2400882  
283.3170826  -10.2880851  17.85841413  567.6413229  295.7214786  606.0368738  432.7028694  517.1814877  480.1930586  -37.51446114  647.4074028  1.01201919  463.4766336  444.8853374  -226.9470922  123.4601398  298.7093755  82.23892313  101.8703181  -18.89674757  813.7028504  200.8350919  -23.09425436  46.60292643  210.3491126  -58.17769225  34.61097545  308.837927  504.8964899  186.6535363  
290.2253172  -7.967627666  22.69906653  575.2269495  277.0618297  599.7957471  431.3465918  521.1690502  470.1408976  -35.79188148  641.3689275  -3.344410665  462.1684692  450.7745889  -232.2220264  133.0608412  304.4611786  67.41268494  97.11393239  -5.800799022  801.9237481  190.5438186  -35.63578755  36.22125317  218.8251925  -76.71183852  31.52109239  302.6417625  478.8067957  186.879288  
288.4541501  -13.11770626  24.8395935  571.4750968  284.7933933  603.2369197  430.9977172  512.7191953  471.2437887  -34.06709233  649.89012  -6.301141462  464.3359159  445.049682  -226.6694175  119.5921837  306.5564829  77.11955089  97.49620575  -15.78026037  803.8227741  194.9808009  -25.94663221  47.05538842  213.7988469  -64.20911175  28.09100855  297.5076397  494.9616175  190.664414  
281.7496863  -13.82221558  17.37262034  565.3656061  295.3010182  607.4557045  434.2911448  505.7689363  474.0606148  -35.33663311  653.9339738  -4.42876323  470.2853845  440.8952358  -219.250926  109.4494901  306.2525273  83.79120052  102.5358135  -20.4492717  806.8109202  203.9928101  -25.30858512  52.6523836  218.4822887  -52.08113441  31.88887882  300.573306  500.2755628  196.3174141  
279.2915779  -18.13976334  13.90599326  568.1049929  286.6935468  607.9765981  436.3421616  501.8896908  476.8765842  -40.44245648  661.794258  -6.249299554  454.4620683  434.5977337  -204.1374873  107.1132989  310.5185874  80.06769138  105.5049219  -18.81917209  810.7565952  202.8747247  -25.90161637  50.5074628  204.9422763  -57.84097322  23.39458336  296.2637666  513.1949666  202.9983423  
279.8952875  -19.57291384  16.48598684  571.8470835  279.6611635  602.9485959  435.996387  507.3006036  476.0675678  -38.46165957  656.9362241  -1.998601139  455.2869554  435.0663674  -205.2524176  108.8429122  304.4020261  70.73949909  104.7980864  -13.23962204  804.3058229  200.0975885  -23.4529556  43.92855768  207.0176691  -63.35272866  32.34565295  295.1329286  506.2866183  203.2321782  
281.3273905  -18.80020802  13.84616204  568.3986203  283.7017631  606.3905959  432.2393889  512.6180727  478.2969091  -33.55234371  653.8063919  -0.1907387659  462.8878571  430.8177251  -211.5951995  118.9871909  305.3387515  74.0425329  104.0682253  -16.16858665  805.8019936  198.6596425  -19.2316232  47.99991694  208.8165018  -63.18963703  34.14676661  299.5879153  508.1310947  198.0031141  
283.2233192  -18.69854712  17.11587407  566.9748723  296.1265511  608.582698  433.7575084  515.0538814  476.6319657  -32.37010855  656.7462585  -5.983914604  464.056029  434.0013062  -215.9635183  116.7293481  309.6127855  80.49514974  107.8137264  -16.92709315  803.6856795  197.9033759  -17.44252515  51.69117568  211.5267944  -57.91303371  30.69910604  303.8730609  503.7632737  196.8805077  
284.7244321  -19.93920159  12.2768387  570.2229531  283.3282562  614.594326  429.1745617  517.385878  478.5783156  -32.55297606  664.7943752  -6.316372846  456.3488984  431.0872932  -198.0313996  107.190745  317.7541912  90.5414312  109.8710899  -11.05132552  807.8037199  199.6467267  -9.942569562  42.99586839  208.4414647  -59.55474702  25.05904813  304.8004339  504.6927444  205.8234877  
300.2644704  -21.38562248  30.39310674  565.3020352  290.0327366  594.8476026  450.2852357  533.8382857  491.6538089  -37.73934502  664.6213259  -18.38432498  456.6977379  455.0830044  -202.5983252  112.2178886  310.8745581  97.54174795  104.747347  -16.48685299  804.6251586  211.9053048  -14.57411675  30.90473343  206.0989631  -45.16183111  36.91417684  291.9957025  514.7178784  201.5319447  
287.9169083  -21.59870625  11.5057929  569.153289  284.1088391  613.686297  441.8756106  531.6211557  495.8337523  -27.16836976  656.5195909  -11.17544993  465.7002773  447.6722526  -194.9474562  115.3776496  303.2063273  89.91959136  110.3127028  -4.80472121  803.5739739  198.9751216  -12.54881379  22.70228827  208.6726218  -47.74590919  35.67127314  302.6428541  498.7004479  211.01496  
278.0046295  -16.1566963  4.903728146  571.0187414  272.8410002  622.4398558  426.8274784  538.1527557  497.8914853  -18.66650128  644.4695815  2.090491912  477.2872876  446.7130527  -219.1034197  136.2918474  312.0214294  71.86142897  109.427124  -3.097718224  817.6079421  201.8299529  -22.71496515  40.37474873  212.547832  -74.20116285  33.94120079  309.5687256  488.0055574  199.7696673  
277.4375273  -15.37639829  12.0655205  577.240512  276.5320935  619.826601  436.1919907  533.2614191  493.8930146  -21.44611546  646.1185832  -2.851495845  474.65681  449.4387639  -209.6479606  122.2900919  304.0271134  75.96095637  99.40666504  -8.409307873  813.2500737  197.7923738  -27.27353016  31.09434955  211.0881089  -66.63857703  24.87607071  303.5310994  489.6701106  198.8327608  
274.7367695  -15.95915827  4.522466871  573.886059  269.5645116  619.5645405  422.7234573  521.1273127  494.4527061  -28.89801457  653.6088168  3.259149351  463.2092447  433.0047535  -193.2962545  114.2668369  303.132754  87.32299188  110.7543573  -10.97303264  815.1819762  201.2734657  -23.01838093  39.57289922  201.7458458  -54.97858042  30.69820428  293.3858002  506.6347765  205.5515215  
273.9402392  -15.32686645  5.518816219  568.8803213  279.8614896  616.9470445  418.7499188  518.8281029  482.6556544  -29.52648505  647.9451209  2.766614211  459.7160817  427.8504516  -205.8159823  116.0707893  301.5455186  89.84928863  106.84708  -16.41046787  814.7946612  200.1663947  -8.912366658  36.9323921  210.8012632  -60.41701051  40.3765515  298.9542774  498.974538  210.3162744  
279.1286946  -14.6113375  7.361967151  573.76906  269.2853049  615.1618006  418.3878129  521.0174528  484.1357944  -29.78983746  644.30673  8.704841396  468.8654059  431.5351595  -216.3690858  125.2186365  295.4379809  70.4740436  112.6784606  -5.86643246  809.4713643  192.1692925  -18.17370999  44.15894484  214.1860929  -63.26241053  43.96361251  302.4100616  484.7242364  207.7746852  
283.2173214  -12.40491155  12.57190558  570.9591025  274.7541325  613.50961  430.7524581  529.6470348  482.4746224  -28.4493155  638.3773136  6.271893003  469.7596082  437.4231779  -222.1500035  136.2265532  294.1129442  67.5759304  108.0149513  -3.216838297  807.7419032  188.0571188  -20.52847263  32.73291998  215.4661545  -73.32105153  42.27714671  309.5132572  477.4899472  202.2361641  
288.4655909  -16.28359993  23.33809086  574.9178538  257.1311084  606.5020701  428.8076741  520.0224707  482.8771102  -32.1159457  647.7669498  1.178683525  458.1420134  430.3312097  -210.0840316  125.346523  296.7821191  67.34781631  101.3951611  -1.366567806  804.6423713  187.4053266  -34.85486524  33.81485167  199.5634347  -82.04073799  30.34131856  303.9387018  484.7957372  204.9806951  
283.5438051  -16.48896235  19.72581708  567.1766493  284.267804  613.3747073  426.2537205  517.8883559  497.7194725  -29.89786557  654.214654  5.708949137  476.005231  441.3259232  -213.2646598  120.7712413  299.4116978  91.99246939  104.9107973  -15.13114804  816.8366746  204.5972802  -19.24682413  51.04100919  199.877517  -46.4507648  35.57410322  302.4893381  511.9080133  199.7995269  
277.611898  -21.82822867  11.73406641  568.2094774  269.0156345  614.0339695  426.8398575  521.7134329  503.5510577  -34.31862733  649.2403521  12.08744937  467.8330381  433.9964382  -208.266799  114.9162838  296.0794265  82.56275628  107.5703348  -9.4846212  820.5058199  196.5426595  -25.29325781  43.72853605  198.6334413  -58.48208029  32.79995058  301.7012605  503.7333953  208.8688477  
279.1161976  -13.19606344  18.78060198  580.9200778  283.2058227  606.9664779  433.0391069  519.99251  493.4641408  -41.52519149  650.2037708  -3.72992226  465.9849554  447.4712173  -215.3995923  115.9354602  298.6870489  85.62976761  96.05064631  -10.58849117  812.5472975  191.191585  -42.16275432  43.57952986  206.5601214  -56.47906451  13.92277754  292.4673916  508.8449342  190.9749521  
271.4154265  -15.29917659  11.0503332  578.7814924  284.5920807  615.9716224  423.0465716  509.798787  494.6941472  -43.91817097  654.2466919  5.122288273  464.6766348  437.4142263  -204.545404  101.3868718  300.1634074  99.39170777  106.7056293  -20.11821077  815.5950143  195.3181188  -25.85822721  53.96018447  204.3589738  -37.19778418  19.86504098  289.1811277  519.4214029  201.8523483  
274.4392865  -14.27909914  11.61087002  566.7918965  274.4922691  613.2235596  417.098374  516.1925444  491.5144131  -33.78382814  643.0622382  11.89352616  462.185842  428.9381084  -203.0158514  113.584214  301.607473  89.16849323  115.6265705  -11.66752085  807.7347025  193.6639211  -18.20155038  51.71347537  207.1746251  -45.05814651  39.78071454  293.6795638  508.3742451  212.8035047  
285.4894106  -19.73878153  14.74419111  576.8650821  277.3675937  602.9146328  427.4139098  516.287061  483.5978317  -42.6182681  654.0516511  0.5940364646  462.3478371  436.498788  -210.2264343  112.9609916  301.2583324  85.88569116  100.8436262  -9.549861943  805.3626546  189.3956393  -40.86003985  36.08472099  212.1698424  -62.35171475  19.89062996  291.8905096  489.3217412  198.0340612  
280.94334  -10.81681945  9.725835003  569.803559  277.5339308  613.1206491  430.617227  523.5132306  486.5615727  -34.24200306  649.7179578  7.393079859  465.4446245  437.7978422  -206.4967565  116.6496662  301.0158451  76.8082244  111.8826334  -12.37288397  819.3535355  198.524428  -20.33333162  35.44383579  205.1011518  -55.16184985  38.45521143  298.1020743  496.1116353  203.0270045  
275.9288856  -9.331776383  6.891625744  562.7698992  281.5185861  609.9958555  422.782494  525.8384306  485.370336  -25.38909594  638.6499129  14.65697206  470.4927818  432.9635999  -219.76136  120.2103173  300.1671344  80.85350539  111.2025842  -10.07759278  814.5601165  201.3056495  -20.47083678  45.62603767  211.5602524  -56.06077077  45.53044337  304.1038724  489.6320505  201.0328084  
281.0303181  -13.75126439  11.40219965  567.3248698  273.8098901  602.2073232  427.8081696  528.5544219  480.5895844  -25.21913797  644.3868282  11.56709794  463.4940535  435.6093348  -228.1265562  129.9262739  296.2067768  71.24087528  100.8042673  -6.192120491  808.5998747  202.8861212  -29.63997738  46.03993947  209.8807826  -68.39302193  37.47836876  313.1308436  481.5021388  195.5215942  
283.7998616  -8.479840996  20.31490808  564.4495026  283.6988597  604.4034005  427.390212  525.7250222  471.8005446  -25.35570507  647.1775999  2.623623684  465.6253181  440.5140097  -237.7550831  138.0991768  300.3139416  64.27429582  107.8063482  -8.328681266  803.7906273  200.2179172  -34.04736328  47.78465489  216.4019121  -80.06830182  31.58848195  313.6167658  474.3455125  191.4319512  
287.6545569  -13.30960469  24.90672664  570.9698881  267.4740945  596.2679159  427.4210266  529.7338619  467.1077132  -27.0175708  644.7349075  -2.679161238  456.1251972  439.4371457  -234.6997421  137.3714466  300.468775  65.16327158  97.89738484  -9.102862992  795.3338276  199.0514065  -30.15629714  42.17652529  211.978032  -85.93881918  30.61217591  306.3595568  478.1318509  190.5997352  
282.7372896  -17.01548991  14.35717178  568.5912715  287.5442042  606.1559899  429.9604307  517.0498857  471.1929224  -33.11214206  651.505253  -5.561833608  469.7106523  437.4091605  -220.5056134  116.6621278  304.9396739  84.97412786  102.1741023  -16.87691329  799.5651105  202.6695501  -15.05312208  45.42058917  218.6862102  -55.03151705  33.83537376  300.4346284  493.4574983  196.4974943  
282.7249966  -16.04012369  14.60471584  568.356038  278.3012201  611.9359703  430.0680756  511.7729366  473.4108134  -30.66228959  650.7015261  -9.902990109  466.2021651  443.0653532  -217.3746785  119.7965185  308.2795317  78.1905477  99.38836608  -16.4368275  807.4380727  193.0782806  -20.60379608  37.55514051  218.6676882  -68.39497172  31.31903053  298.5511798  488.304566  201.1097226  
282.9969525  -13.21187161  13.55718054  563.6209713  271.5126553  610.8897563  425.6501258  515.7606611  471.6369047  -35.713827  651.4913833  -3.878862221  466.3767258  441.1780101  -218.3729761  121.0459222  309.6682524  69.69396277  105.0451492  -15.46254225  809.5764269  195.2887062  -28.50375718  36.37461832  215.2271341  -77.71353903  36.24039975  295.7977567  481.7408729  203.1364552  
282.393872  -14.49822737  15.58457391  568.4490455  273.4385222  610.8202809  428.517445  511.038774  476.2337555  -36.36623526  651.5571152  0.5347797455  468.0401059  438.2376021  -218.4299303  117.4415168  304.396951  66.73439811  104.2610991  -19.57418844  811.7724992  198.6173984  -32.53898699  44.34438038  211.3303087  -73.51393309  31.63520071  296.995779  491.9789397  200.1890148  
279.0199892  -16.86227082  11.88194  567.4795081  268.3703883  606.0467729  428.2059212  507.4860532  476.3497939  -37.8493118  658.294467  -1.581873271  457.7286913  432.9248723  -208.6574172  110.4666386  303.0752119  71.05354434  111.4634558  -10.27434902  803.7216007  200.6385039  -26.43594073  43.85487641  213.5432927  -69.07178185  35.39774192  295.1909786  488.8778807  208.0813611  
282.5028114  -18.23205454  17.38626143  564.9373413  272.18374  609.5442852  430.9778391  513.3945014  486.7622514  -31.24788999  658.6741618  -0.604860112  456.6721858  436.1325096  -202.5094479  108.6799269  302.6371312  75.88196177  107.1688215  -7.906600433  805.1758398  200.5013895  -24.77390063  45.25017075  205.8830325  -56.58847708  31.91615699  297.2575581  500.8403551  207.5265311  
289.9864234  -17.99543412  26.19368824  571.1972065  292.1128925  613.3681251  448.338752  519.1731724  489.8256779  -33.61064021  659.8746053  -15.48384284  465.0509455  454.6592139  -214.5476589  112.9798521  312.5234857  82.49327017  98.57107092  -22.4619999  821.6103989  203.6116373  -25.33649609  45.96741367  213.8406862  -66.97668147  19.71873428  299.3023462  505.9399606  193.6902016  
285.1975388  -17.68878268  15.07364659  569.5014961  274.1220836  615.4647372  438.1067902  518.4100255  504.7820223  -30.98324882  653.7165988  4.66507999  474.7200271  446.5394435  -200.5443285  100.0640828  304.4218586  80.17505422  110.7446516  -18.44682498  825.4907373  208.1012438  -21.96631541  55.24724477  205.6871719  -42.44855027  40.32854977  291.5207139  510.3367592  209.4977211  
278.1154625  -19.06880621  8.297680332  563.5040382  278.0657531  609.2834264  426.9597391  515.5446246  485.020647  -36.34797369  655.1655644  6.801333148  462.8621163  434.0320608  -202.622423  111.4543048  304.4840489  85.76799819  108.5545477  -18.81786912  813.6598718  205.1668866  -20.19638431  45.90531211  201.8204468  -52.03952238  38.4716999  294.1428821  509.3050192  201.696942  
278.1144378  -21.20616771  11.3457928  569.1325653  281.4796894  605.1273334  435.2848293  513.685847  468.1288944  -38.81637358  656.9164223  -8.156577637  449.0816311  430.6009321  -195.6219654  116.0328072  305.7877763  86.12431292  105.7656259  -19.70623295  806.6951699  202.5873216  -10.4168743  25.32975742  204.8542503  -62.35108224  34.99678272  293.4259884  501.1467653  202.1727613  
283.2519243  -18.06053943  17.64110468  567.8529932  280.6588768  608.078146  434.6913927  516.1649773  475.8282884  -35.93442248  653.5295181  -12.29677814  458.2881022  445.9025824  -210.1244054  124.2407895  308.2262323  85.27442082  106.5952755  -18.38406305  810.7576631  198.1388303  -16.72407359  36.6589638  213.4218002  -60.85245032  36.62465989  288.497098  499.2444088  202.5733847  
281.2552336  -20.03430336  15.85055381  565.2000575  283.7446436  601.3113178  422.3615077  512.7544234  487.7459732  -43.33756845  661.3975932  0.542306437  461.8069867  440.2592726  -208.4396331  110.0429745  308.6828888  89.15002618  112.7608375  -15.14246829  812.091843  207.8045816  -27.82367377  61.68029  206.5870155  -43.39483923  32.34120008  289.3813443  513.8921514  197.4783126  
277.3074419  -18.09996768  14.57069319  571.2053171  272.447089  603.0565445  432.9863251  522.8016573  491.7904582  -40.43452378  651.4931995  3.264250131  465.2967387  439.027509  -207.4190576  110.5509114  301.6562375  74.31061939  108.1071712  -1.780889644  806.0882808  195.6033404  -30.47964577  47.98304953  206.026097  -57.30897051  36.28804065  296.1770902  496.1884127  204.4154354  
278.4542694  -10.44004771  12.29340523  572.7511942  295.2644783  612.7501454  432.5934594  521.202322  488.6945742  -36.76584821  649.2771981  -2.470085295  477.6097388  452.3765585  -221.00444  121.4048681  300.4996623  84.61610389  104.2578564  -15.80757153  819.1828804  194.094261  -16.3376208  39.13870599  214.9149572  -51.87631999  34.21157768  300.4947541  506.7777496  189.6007111  
277.9771711  -5.87674865  15.66711956  573.6140645  283.7064626  616.0707952  427.053669  511.709612  487.3832545  -40.21065916  647.6039258  2.224857703  467.2869137  445.3733877  -215.8340167  113.8474148  304.6613166  77.92082802  102.6756921  -17.99265661  818.3146978  192.2311922  -26.66428877  41.8362689  206.9139143  -61.62033764  28.30321629  301.5514562  506.4601641  190.4462684  
278.5370997  -6.780960782  14.55485512  573.6486057  281.06538  613.1300324  419.6469084  515.3982418  481.6230147  -38.11406219  646.1658071  2.307998164  467.223568  440.7573425  -218.1144924  116.3161351  304.3698248  79.24828655  106.8670773  -17.94496793  811.5989279  192.7596869  -20.13848751  43.80934757  210.4103595  -59.85723394  31.63579544  297.3010965  499.7068839  194.673904  
275.9447046  -7.557965653  12.91762822  573.1302359  282.5369767  612.8609722  427.3515  517.2949912  487.2798027  -33.34174624  650.4699981  4.929947911  470.1565038  443.1788728  -224.2786326  112.9424785  306.282953  75.75093218  99.95840135  -17.62771543  815.2273439  198.6794906  -29.50342987  53.46153616  211.0960001  -59.14640244  21.38535837  300.5432609  502.9437535  191.7861335  
274.6265911  -15.91713749  9.706375293  569.7618016  273.9263757  609.5873635  426.373626  515.5059866  483.4690122  -31.74933487  651.9567986  -2.44525224  453.8480534  433.3677141  -208.4221068  111.5328952  308.1075874  84.53032093  98.19453435  -22.32623329  815.277116  199.7750767  -5.35047814  43.69641311  207.050095  -59.43112643  26.83075517  295.0087641  515.4301291  201.3330288  
282.110143  -14.22515543  18.7052122  570.2346871  281.464565  608.6880191  428.1090875  519.1692159  477.9404032  -36.40342116  651.2330413  -0.7571293597  462.3774351  441.2955903  -223.9284242  125.7857999  309.7906862  77.92137109  95.04372037  -19.9946257  812.59246  199.1900518  -28.7807845  42.18303013  204.9958379  -71.8832877  18.14841858  309.8955136  502.6496085  188.0013868  
281.7368833  -10.07447177  21.43146265  566.6677577  283.4128092  608.6175907  426.9616903  524.9386743  481.0162653  -30.5743885  646.570396  3.004894236  475.551195  437.8378647  -227.0928911  130.168607  304.4999985  78.60765635  103.3995171  -20.59663122  811.7780767  200.3581244  -20.89980649  43.64147233  206.2568986  -63.09466419  31.87990886  308.2180686  500.5244606  188.4281167  
286.6039977  -12.87585077  17.02290787  571.5157303  283.6270484  607.7365205  432.7498273  524.5701941  480.9733129  -30.39916995  652.6029021  -8.08592704  464.2689295  434.5756295  -214.6027227  128.5665804  307.4822424  81.22940026  104.0505908  -20.34274643  817.1623077  197.7319825  -9.615783542  34.83868316  211.1470539  -66.7837687  32.86946662  299.772425  501.6234558  194.3908347  
296.393859  -14.39170879  25.15170748  573.3687236  279.9207116  609.8561134  436.2248367  525.791937  488.1767272  -34.70592196  659.0671846  -3.209641898  469.6937179  442.3501849  -219.2129896  114.5231434  308.3349283  76.49012933  105.1053713  -15.38890723  810.9672017  196.884014  -30.96316638  44.83926349  206.1163288  -63.99818633  24.14711055  294.3798843  499.6180214  194.5434267  
294.1434685  -14.55770748  24.74922368  563.2206859  282.5788337  607.1735907  432.0903072  525.0609125  495.5286641  -29.76496656  651.8131172  5.92043298  464.9833206  439.2380634  -221.0411392  122.9862434  302.3113922  82.5201184  101.9418943  -10.05251417  814.0806553  207.5061955  -42.51101508  51.71451476  202.3731634  -67.80957933  29.3929617  311.1707986  502.7761397  192.4525375  
288.8551914  -12.98499939  24.30490649  563.7050469  286.9366269  599.4664139  437.5932286  532.4218521  488.4520628  -34.15343498  651.7447323  -10.72404007  454.8298462  451.6317497  -210.918429  124.6893218  307.9482092  98.63686532  113.3713369  -22.28797248  809.1351948  207.2984287  -0.4683985899  32.24929987  205.4256928  -47.07930397  55.29460378  294.8514334  511.6875448  208.8741416  
282.0638144  -19.35498445  21.45759149  567.6546764  285.5241566  608.9018331  435.3051679  520.0320436  488.2354735  -40.21632399  651.973724  0.5516389667  462.4945844  446.318914  -206.3773917  120.7919  303.0208519  93.64898037  107.3435345  -16.32794899  806.3176521  212.2633716  -16.15834558  43.23781886  198.7177621  -46.92327991  38.72482647  304.1910766  517.2106017  205.8583403  
276.7095367  -15.14233629  14.78926165  577.9006424  286.9905292  608.7630287  427.6323734  513.865335  476.9974224  -34.02992766  649.0985536  0.6804538052  462.4843014  437.6220349  -215.6633651  129.789281  302.0887209  77.98668334  102.87045  -8.807401804  803.9190169  203.9905893  -28.61345378  49.05466948  205.8560938  -60.86899525  27.60655506  306.5949631  505.2229772  195.5941527  
283.3562173  -14.26222936  19.66583615  576.674276  280.6286246  612.4437587  427.3878253  522.5187731  476.6210975  -29.01686737  646.6571759  -7.758867722  475.3109977  452.6328918  -227.8887141  129.250305  313.0196044  69.41111203  101.4360666  -6.416041358  801.2277553  195.2195936  -30.50879946  43.23411263  220.9944736  -73.03147635  24.65169826  304.0431007  475.267611  197.0841346  
277.7828279  -19.73893829  11.97800967  570.6840176  260.3968554  605.7607862  424.707193  514.9559714  499.3626848  -35.52334724  651.010113  12.71070721  458.34426  439.7832333  -198.5588235  118.7976354  296.9689356  71.29353062  107.651022  0.1797705594  811.3516164  193.5055661  -47.20603109  45.84760079  198.7786803  -62.70030626  27.86566053  293.3938296  499.7301785  204.3724505  
274.9036376  -18.68419147  10.5333848  565.366391  278.3086677  603.5963105  427.8428193  521.0552661  490.539531  -34.84477662  649.5919052  5.900091121  456.3825491  434.2990877  -205.3104444  119.3277686  296.567257  89.75334333  107.9310001  -10.00068321  813.1462179  200.4276237  -19.8996197  41.71811277  205.2765279  -53.70503479  39.69449016  299.1732994  507.1811121  206.9794667  
277.8906338  -13.28461213  14.67621473  569.8563577  284.0268309  610.7136474  429.3437211  524.3010206  483.3792348  -30.23007414  648.9938138  4.795226732  474.4089527  438.6461528  -225.8850293  125.2023111  298.2930992  76.57586494  100.1898513  -11.49255214  809.0421151  201.4563152  -32.75852545  48.20388908  207.1207461  -57.49746085  25.98169248  313.1153446  495.7439717  186.6512016  
279.0769796  -10.85937716  18.70534956  567.075618  282.1881512  612.6797242  435.4056521  518.3194101  495.242045  -29.8629079  646.5350586  1.238385816  466.7901043  444.5207086  -210.1691974  108.6156176  310.7341558  82.81776385  98.15395455  -16.59786895  809.413255  202.376523  -34.07219491  52.43227427  200.2453179  -54.30073662  23.61821199  303.9664646  512.37591  194.4248586  
284.4103391  -13.56065435  12.05832134  572.6852912  283.6768443  609.4949062  430.7069854  519.3884429  477.0306223  -32.705638  651.8097235  -2.755826276  462.059381  434.8826163  -213.1888713  120.2258622  309.0109807  82.3253787  100.7575194  -14.96545889  807.0753365  194.4599701  -9.883189846  39.49995839  210.8052446  -66.45836228  31.76651322  301.6058783  504.0422774  196.3868732  
285.6409367  -5.572074405  16.6560251  572.9366463  295.3387373  608.0655974  434.1582824  519.1527933  475.9078392  -31.56829256  647.2171586  -1.924184093  469.8689351  440.1852025  -228.1441032  119.3562192  304.9702712  76.92067814  106.4464499  -13.82283101  807.2302134  201.0140207  -20.82357162  43.47894189  214.2439391  -59.64746437  36.75062829  305.3030511  493.9477211  191.3963549  
287.2487552  -10.66247624  14.29776744  572.0673043  292.1641809  606.2056272  428.8414955  513.9161611  469.616176  -32.20346139  645.5439245  3.703079454  467.9878409  437.222758  -225.3557539  123.2886251  302.3051723  78.9972699  107.5554383  -10.15839623  800.6216715  196.5060429  -21.12484074  41.61144042  219.4815901  -58.79086499  38.89527387  305.0214065  485.6883708  197.2858746  
290.4069985  -7.186837272  18.64561029  580.0353102  283.1197748  609.1061311  434.4016999  519.6063749  471.3379994  -32.64347099  640.952336  -5.317735762  468.8378803  446.4607105  -224.632022  122.7297248  298.6748777  66.27614316  98.29361414  -5.891072608  797.8141995  184.7234603  -21.58055111  29.06437391  220.8025179  -73.00914284  40.67126744  299.6633211  478.4882646  193.9757192  
285.6767155  -5.679411986  16.1403031  581.1319479  283.3978781  612.4443523  426.9105277  516.6505718  468.9881213  -39.76931261  641.7739357  1.613738397  473.3754338  438.282262  -222.2703325  125.025768  293.0617804  73.79390093  108.2201705  -10.00121303  800.1771646  186.685305  -10.23450952  26.84675736  217.9226578  -63.66086141  48.12644698  301.6853183  483.2826931  204.6211655  
284.4795272  -11.33842145  21.01592382  574.3636528  280.4116178  606.2120843  428.2476734  524.2477963  468.1220634  -37.98490198  642.5604291  -4.883957549  471.2597782  438.3239974  -220.7845517  131.2534093  297.0082918  82.19016895  107.718112  -10.69009223  792.9916079  193.6963502  -14.10288388  21.29371105  220.3477526  -71.55698175  44.72194844  303.8186922  476.3946489  201.3624906  
282.9768927  -12.05873877  15.70899288  576.6700017  274.8220529  609.8505822  432.3714456  524.5394459  474.743106  -28.81195567  647.4860278  -6.486360528  472.7201392  443.394367  -221.4200189  126.7247734  303.8222235  70.68356549  105.1475482  -5.935309164  801.712645  196.801919  -19.57310748  36.04771407  219.8110957  -69.44495027  37.62346619  302.0760199  480.5086405  199.0975935  
277.8213445  -13.90907177  10.49711585  568.3479187  280.5361595  610.715629  427.2059408  514.5485284  492.6395525  -37.24402034  662.1254448  4.661853384  464.1656083  438.0991126  -204.9504786  101.612915  305.0374783  90.43323706  110.0000286  -16.12373236  818.4981117  203.7611843  -31.88529239  53.8570892  204.6338903  -53.62935166  29.6335217  292.1018577  505.2968139  203.1768119  
274.6762991  -12.61147996  8.640084075  566.929724  280.5212535  607.6695758  431.1045501  511.5582345  488.6682259  -33.07604487  655.7295592  1.351635851  456.7112723  434.5979174  -204.2594622  106.9316021  304.090302  81.41514319  105.1429333  -14.12573544  820.7150666  202.4537078  -26.96902009  47.8545636  207.2709772  -57.70009031  28.42837207  292.40245  510.4274138  202.0492159  
277.5596427  -18.86102676  14.36875734  569.0785263  286.9063114  610.9225654  424.2227694  517.9872217  479.1636116  -36.23931391  656.7426564  -3.763621188  467.899528  436.2009593  -217.2191718  113.74978  306.5929102  86.19775036  105.534984  -21.72442428  816.1880224  202.429328  -17.09401858  51.34067296  209.9642504  -54.64007056  23.51905975  295.7245041  506.9336663  193.6696748  
276.0027915  -16.30623534  13.22700959  559.7580542  269.3002794  604.9345917  417.0844587  523.1187618  479.5665536  -30.83305631  655.0514314  7.237656823  458.4611991  429.4474959  -216.3371223  126.8953148  301.5201054  77.68759319  107.2346582  -18.68626747  810.7855605  206.5993074  -22.87739904  46.65932153  204.7059912  -67.76161078  32.42380223  301.2895417  500.5299682  197.4309215  
275.0688578  -19.54670143  14.34401101  559.5589289  270.7174441  600.2804468  415.6815635  524.2342265  474.8489253  -31.67275862  651.581399  1.433239981  451.8517653  424.7473969  -211.0470029  118.4924339  304.8267276  94.34464711  101.1436787  -20.9206844  804.1474648  204.5920878  -18.45503351  42.49852528  207.5666186  -64.89440807  32.39495257  303.3156345  495.9215915  200.8227554  
296.4347713  -17.09627058  28.98156157  579.7637316  267.1387593  617.7210086  443.78685  526.3094571  484.5155966  -36.88560365  661.6680277  -13.90346827  467.1056959  459.3198759  -223.6880448  126.7158553  313.8536504  61.35582972  97.68365343  -19.08006598  818.2463151  197.7422213  -52.34860389  46.51960968  215.520801  -97.65108924  9.819464909  298.746252  481.0584452  186.2551051  
279.798312  -16.79154849  13.26290671  567.0508908  251.5125583  606.5594207  430.1160768  513.0001253  517.0473668  -38.66167759  651.9588531  21.05843879  465.2359187  432.020916  -191.1130753  89.78599229  297.0199635  78.67371587  117.5448653  -13.89315358  827.4706795  210.1676125  -40.23041053  68.55852341  197.9026669  -42.93329632  43.74526778  279.2494693  514.2205411  222.2400273  
273.2705073  -22.59663464  0.8131425992  559.8619907  272.0752327  609.207355  430.4034134  509.2496404  509.7857279  -38.22101127  650.5332972  22.26350882  464.09614  425.9475073  -188.9859558  96.58579418  293.4491931  90.25836615  111.6621  -9.815054279  824.4727664  200.7715267  -27.35215358  50.91169877  190.678727  -38.03773486  50.901023  295.5170227  514.53332  215.8839176  
280.6805743  -17.28563164  10.4505131  570.0443404  283.5405488  602.425803  436.5572528  525.7446955  489.2661515  -39.72141615  654.5319046  -1.54939871  467.0577695  446.220347  -212.2591033  120.8680106  300.7520941  82.48150264  104.0693304  -6.566530434  810.9119632  193.4487786  -32.50671321  33.11249971  207.5381379  -64.52748573  39.13722369  300.3799021  495.0536198  197.4850577  
281.5822096  -18.25356573  14.37101655  575.3691962  269.3687347  608.7086384  433.2087047  525.4864742  481.2004635  -32.21405629  649.5989427  -10.33398464  460.3203545  450.9688246  -211.4575288  124.3314907  307.0653342  75.05188238  96.48831302  -5.341826981  802.9821609  186.0548705  -24.01454338  29.94981246  213.7517764  -73.45682173  26.09325696  300.4411937  488.6707778  195.6603014  
275.5470851  -17.55469561  8.599256882  563.3393557  286.9197872  613.6691482  427.6876791  524.1593388  482.7888294  -25.93748105  653.26133  -5.365890046  461.6684535  440.9459989  -207.3659732  123.4663547  302.4758518  85.85863003  112.1066254  -15.95874762  811.8401489  198.0894226  1.4179781  35.78558884  209.9497193  -49.21605396  36.86133233  299.766722  507.5543393  205.1206939  
279.7229664  -14.46199659  18.5144558  567.1115249  291.3275892  610.8608445  428.6895888  526.6037296  476.6678879  -25.68423957  649.8879771  -10.51698479  472.5854968  447.7196462  -225.2796322  130.5101488  305.3929466  80.74915431  98.88428604  -16.39691095  804.351586  196.8777799  -14.66655257  42.36578722  213.7768406  -55.04473536  28.04933462  306.7394039  497.3565284  186.7157091  
285.0576742  -16.5101363  25.4592001  580.5413932  269.6806743  608.8025114  434.1411599  524.4899345  478.009703  -34.97374264  651.0099357  -10.69576475  469.3667086  454.1426146  -229.4633352  123.5905724  306.9862271  60.80396956  99.59343207  -13.20716643  801.4442126  197.4661022  -31.04005758  45.24358892  212.1464254  -76.64916207  22.44813591  295.8981682  487.7212854  189.5801307  
278.6469251  -15.42530883  18.69280867  569.4987234  267.3027796  614.3743313  430.2642149  520.5972448  496.1166091  -32.54706187  656.4947093  2.30788225  463.5122113  438.9146915  -204.8829595  104.9603208  308.2840836  75.32493814  103.4071026  -18.82440368  812.7429533  206.1930546  -23.56952458  55.51569502  196.0388349  -59.77312389  26.34200921  295.4043892  516.5684533  203.4367725  
278.1525848  -18.00897268  13.1952493  565.2686461  286.2363104  616.6938737  429.5392176  517.2891239  492.7654351  -31.43670692  649.5972358  6.130524571  472.2037408  433.9717562  -208.9721851  111.7320973  303.8477244  85.70223313  109.5832512  -19.78447689  817.3179684  204.6148052  -11.80491796  52.00763744  207.3431724  -46.59536246  39.93470451  301.8569496  510.7429541  205.7001797  
286.560417  -14.03101795  16.40894875  564.0178985  289.6282854  603.54657  430.3544256  522.2305227  481.7231464  -35.83509937  655.9218354  0.7811589658  464.7177135  438.7073007  -214.8601214  120.784934  306.5794172  88.91434107  107.3910372  -11.92536974  812.40281  200.380775  -29.15754976  37.91621612  207.4653112  -57.98459652  33.5194038  298.7844699  497.7942065  197.1303054  
289.3233842  -9.497670542  18.99327704  569.6665841  285.5402321  608.1823644  429.9066105  515.4078583  480.5544729  -33.94196741  648.5906397  1.673671674  467.6228013  444.1648634  -227.5025921  128.7572607  308.3915651  77.62304669  103.7799519  -13.33508033  812.5828279  199.1221068  -24.46235578  44.80148923  212.1589475  -62.80288591  33.97228135  304.841681  499.8238992  190.5567911  
282.2976456  -6.299316285  20.22250493  573.7774399  293.2027637  605.5985284  430.5645233  512.1432198  476.6340911  -39.85575823  645.5774716  1.869597532  464.7124769  440.4356478  -225.0940939  118.2193962  304.3687746  80.00126433  104.8379351  -12.92735883  801.3384074  198.6116923  -25.65333892  45.39019412  213.4335831  -56.6223387  31.73045507  301.3339138  497.648643  193.9543425  
