260.2102937  372.5155049  166.0419176  -32.04476834  427.1753262  551.1642918  123.2174405  369.6841389  326.9240527  159.8995062  958.0530481  7.41637243  393.3303056  304.1113361  -262.2926497  -72.36566021  121.3069408  171.6531808  260.5160336  80.66043026  689.8594158  -31.56775479  114.0433423  -44.3578043  213.0287487  -149.2149293  -49.91445325  178.3982167  475.7441492  43.19918222  
265.1081004  347.7624128  127.0810462  -36.11128033  444.8919051  506.2220244  105.4328893  358.6388201  306.5933938  179.616964  955.5516117  3.023866116  318.7542479  302.2635775  -291.491169  -91.74220329  134.2114446  173.4353216  238.3125972  60.2977341  709.7540295  -33.51166046  87.07830696  -11.6172643  225.5186525  -127.8437973  -82.67171231  180.8233292  454.8982181  94.35690743  
262.8686012  345.5870048  111.8421297  -30.10062946  466.5737537  495.452344  103.7987825  345.5386287  304.3825575  187.9539606  958.4950084  2.073978825  318.2011634  315.2519331  -286.0155852  -94.23876429  124.084151  173.7360568  249.7852314  62.68296118  716.4501207  -27.42471547  91.33968032  -16.64527453  230.1879345  -114.7443556  -89.88401613  181.3754361  440.2399212  117.6429923  
278.0969077  334.6204306  130.5940409  -28.16934326  460.0097907  478.3740822  111.8482246  350.2518913  284.8688248  190.018919  960.366867  11.91098411  307.9824526  285.8809427  -291.1857353  -93.67603711  136.604543  163.8163619  250.4335685  50.7050836  698.6502533  -22.34956698  83.27108646  16.41640692  243.6210178  -132.8358995  -108.1014478  188.3249569  465.8355824  99.60061622  
290.2799416  349.1094423  141.3058807  -28.91998465  469.4047588  480.7591877  124.0257226  366.0993956  305.7749243  194.5978104  966.2503945  14.59812287  319.0530817  299.5290657  -272.6213169  -99.81122072  128.1191849  180.6890055  249.7886597  60.8602913  700.939778  -20.20672708  86.3110854  8.572564065  249.4319075  -117.4018671  -102.8471879  192.9848288  450.7065964  124.3301083  
287.2315117  348.632094  146.0994781  -30.99093208  475.4835209  480.671572  133.6848031  350.3976972  310.5653502  199.045818  965.5041658  11.12634673  312.6564694  311.4544857  -259.7098895  -97.96571274  122.2914888  152.1515256  237.5653351  63.23427339  698.4649224  -33.18240545  83.01473046  0.7725683274  231.769052  -108.6417157  -109.7802389  198.3627254  432.1131062  126.6742011  
287.8455005  339.8151425  138.0196612  -46.61871989  472.3247043  493.8461009  136.5984057  349.1882759  319.0654699  204.7549575  962.4035641  8.774003572  320.3309814  306.3194525  -264.1211887  -91.0713209  134.6901709  139.287589  254.38922  57.09910935  711.7547953  -19.05444592  85.24608126  7.576508478  225.9036783  -110.5664201  -108.7494076  204.5174164  448.2417418  102.8963632  
284.2444733  356.8568651  138.0944595  -36.47542865  472.7548264  522.7626194  133.2885355  338.3443715  330.2216142  196.2887244  970.754369  12.39629575  336.6654542  322.300815  -248.9943752  -78.27874042  131.0003787  153.2420109  257.437562  73.42724584  719.9105092  -21.58892192  90.9023182  -9.671367981  216.2889156  -111.5181103  -89.67862619  196.3880871  456.2856831  93.97769561  
286.3292967  360.8649726  141.0895554  -32.98358335  482.1269303  528.6596976  126.6973049  342.7266424  324.0613369  185.7669607  972.3289193  11.99096875  347.5378348  315.1411947  -248.6900147  -74.49112021  136.6654985  158.1778536  269.3682983  78.92091823  712.1859933  -28.15760061  92.60808159  -2.959994278  216.971032  -119.2373569  -83.34806397  192.5195677  472.0582896  89.48136557  
273.2639463  358.4307289  141.0936117  -27.38118413  464.5054664  534.4671111  130.9786619  347.9098013  312.2855708  187.6071944  971.6729124  13.41715041  343.6993448  300.6748752  -255.6898703  -85.76056092  148.1676472  165.4110886  243.4916945  71.39379738  713.3431412  -28.12433384  100.2050068  -1.741063939  205.4277237  -132.8846375  -83.08523706  191.9158574  471.9060707  90.76118927  
268.6122719  345.1296275  143.9755341  -38.70928853  442.284945  529.199197  130.1237043  344.4581093  282.7946966  201.9998222  978.655771  -3.433689748  348.7833889  282.9628688  -289.6554477  -108.1169232  148.4427205  179.2979603  232.8397998  57.70080807  724.9700726  -10.73883412  106.6369608  3.726152978  212.0351388  -136.2237426  -91.13027197  196.423162  491.7234453  78.7727514  
272.7580331  340.959083  143.82978  -44.96976097  453.2711934  533.2376336  128.8986155  347.7483586  296.9851656  194.0839983  982.5301666  -8.258093178  366.6355865  303.2936978  -283.7260916  -100.8878682  145.0753883  168.902626  249.4344155  49.11184883  718.9716423  -1.946149261  124.7283944  -7.739847928  211.5154619  -129.7336355  -96.50645636  202.1464721  490.4240935  87.62056155  
279.0145222  343.4063169  149.9707151  -56.11632954  463.6901904  524.6442995  126.1783569  345.7190975  305.1860554  203.9996117  980.2078511  -2.590957153  357.0621674  308.9252719  -279.2077138  -93.6570387  144.233507  158.5236146  251.1286327  51.31657375  710.5314786  -9.839015032  122.2650643  1.970623326  219.5177601  -123.3752183  -95.97428038  209.7644867  481.8799037  92.23479967  
283.0872487  342.7007891  149.0717953  -55.50220965  463.5379448  516.764129  129.3956502  346.4799514  318.0448154  208.427373  977.1602008  5.450415405  349.261077  313.3675079  -268.6258971  -82.79388378  152.6674146  153.4943357  250.7531632  58.50713479  709.9347761  -5.270496564  108.2694942  4.87208496  217.5866823  -123.5285796  -101.9231838  212.1148168  475.8752616  99.53735658  
280.382009  345.2841761  154.0211399  -47.13340103  450.5184825  528.8921884  125.3942576  362.9754312  318.1012825  195.751933  963.5944992  19.8751624  349.4440167  304.4649045  -264.0924506  -71.80121227  149.2479321  159.4390979  258.019844  60.53913214  700.4674319  -10.3296819  109.7273054  6.989891357  226.2774781  -125.26664  -86.28140513  201.3580284  477.5785533  88.33726576  
282.3320278  366.8145681  147.8507242  -18.0358731  463.3890363  536.0150632  134.5675026  372.1604913  326.0174227  170.7041518  953.0060064  12.22661047  383.9184784  316.4256389  -268.2120737  -75.46694995  135.2320004  180.1897293  261.431647  69.54052622  697.6004462  -9.290155777  97.97191664  -20.84549466  249.3080757  -135.346654  -74.19052034  187.1189335  489.7941539  89.82592224  
277.5147637  345.7785533  149.1509811  -20.39877782  450.3521197  509.0973739  128.3068077  372.3165653  301.4362123  172.9201463  942.1516051  12.23402041  360.5622315  294.7881245  -274.2545169  -74.69327993  120.1268261  164.0109464  254.1044532  63.14328621  702.9780667  -17.37256146  87.41325032  -23.30352162  244.9617896  -127.6993872  -76.07478772  189.401285  475.0789204  82.07881953  
273.3406126  342.7814839  141.3931222  -34.01408415  440.1175776  510.1796541  130.386181  377.6416181  288.4283709  174.7583218  948.5178563  14.84157117  369.4183274  288.9693176  -280.4130209  -72.87774579  118.1380649  167.0167182  261.8721643  58.03596029  697.4814183  -8.933340837  95.50012106  -28.84920266  233.6766045  -143.4376894  -87.30785038  193.5874485  479.8198227  68.5320698  
276.0865178  360.1211416  135.6469376  -24.84706867  440.6110684  522.1336532  124.9813901  382.2512075  286.3918742  168.150773  959.4720893  17.46802095  377.1956746  281.6217916  -279.1951202  -77.26928604  135.6338902  191.8248205  252.1142303  62.08461853  698.198754  -2.61681434  108.8123137  -21.30322728  234.9604325  -151.4978555  -78.37835421  190.4710813  491.274158  78.48826816  
274.4419593  360.7314485  126.9526069  -13.88183548  463.7560724  506.0618554  123.8054797  377.7841452  301.5054038  179.8260955  964.4599473  27.71020832  358.8936127  299.0218558  -264.9280751  -90.66299908  137.1182521  189.3843315  232.5569358  73.61245216  702.3462024  -12.03631042  93.9966623  -12.22419655  241.991854  -143.0626905  -87.15029178  194.4076691  468.5377264  112.309376  
266.5363173  352.9344205  128.0002958  -17.4327048  450.9251249  504.9607026  130.6936999  364.3268362  292.3659647  190.4934972  971.962377  24.71111477  351.182334  299.3025678  -280.0959182  -99.27412076  140.4197488  190.8508159  239.2525982  64.7271667  709.538131  -6.084840098  100.3016136  -5.144388293  247.5854694  -148.1164492  -98.90127338  200.7229741  480.8400297  100.1505268  
265.4647599  361.0971125  131.3973559  -24.58103893  467.6726115  528.246317  111.6978047  367.7867086  297.6249331  186.6008975  972.6622411  27.23777936  348.432794  309.5233066  -271.8336319  -80.61540043  137.5406617  184.4316647  247.4835313  68.23673953  711.3301464  -14.15710694  101.5076597  -0.6694645785  244.6184947  -127.1367457  -83.2533579  184.886428  483.9838138  104.4815913  
267.1290464  372.1386054  132.972059  -19.31530807  481.4792646  517.2652962  125.6492328  347.9832494  318.2360766  193.5411217  977.6775466  24.19475417  354.206647  325.8439961  -251.5237907  -78.97972315  134.6094947  178.4040477  261.5765268  75.75222253  709.5575387  -19.79499886  107.3584621  -7.931226358  244.9161692  -120.7432925  -84.67313844  184.7690698  467.352046  117.2633196  
281.2294417  371.8669968  134.978825  -26.87610976  476.8219709  503.777392  120.0686368  346.9773743  318.3883477  191.4833498  970.1249752  28.70037021  319.0015475  311.8301798  -253.6727475  -69.25503853  131.7488329  150.6408996  250.9797891  75.4283087  712.2420315  -31.52076515  79.4201087  14.33093244  236.5719953  -118.3969673  -88.63332628  187.451931  456.6551204  112.7061293  
280.9543951  352.629599  149.2016293  -29.97113991  431.6772965  528.8039806  135.4482543  354.1028798  318.4163588  169.4595589  960.5842003  7.503047452  348.7310552  295.6132289  -277.0921408  -82.68676026  117.3918147  161.8186797  254.1751502  59.28112338  727.2072219  -17.66235739  97.82679856  -16.35787295  212.1782584  -134.0474657  -92.14627906  185.8084658  462.3395533  69.47450095  
283.2480505  341.4762702  150.1135994  -36.33010101  457.4194118  538.0711783  134.6082895  351.2255435  314.4557529  169.0366454  959.4255404  -13.97485328  367.6658126  301.9499299  -283.1827812  -90.0535851  117.0271954  162.2689541  246.7491397  59.45660537  718.2688049  -21.0030156  105.4015823  -35.82389138  207.1944292  -122.7369564  -76.72116597  194.0512939  464.9422023  69.88452884  
287.1809474  335.7505637  148.8263144  -38.65525363  457.6060902  520.3912882  136.1204491  338.3181682  310.6185286  196.5220524  967.8078442  -2.355444283  338.6342161  301.6034213  -284.6910091  -97.9737096  142.2258798  148.9492304  248.5055327  52.91031187  714.8515826  -21.07997865  94.93630438  -8.383433989  215.1997154  -129.2354448  -98.31971436  208.5861225  477.7220145  79.51195466  
288.6394179  351.5383972  157.3847509  -40.95997883  448.7271258  538.0061699  132.218052  348.7906138  317.8842667  193.3803984  970.0902412  7.96174918  355.3167039  300.1664991  -271.5403529  -78.98439582  136.5774585  171.3229692  266.451489  63.13807177  703.9076713  -13.48856446  102.5343135  -16.05312799  210.8292564  -131.404643  -84.28153439  207.0361938  481.2725582  74.43516736  
289.2287301  355.9897886  148.5512305  -44.61369233  463.5962234  539.1643775  136.5305283  351.2017188  332.3667966  195.7396705  977.9254625  9.386253466  367.6015324  316.0889133  -261.0865116  -70.98067742  140.6727466  151.6337757  274.3568097  67.86431583  701.2647658  -4.559056996  111.9153727  -12.12328781  213.3681413  -128.8710954  -78.83394459  211.276324  478.7234182  82.32537989  
282.059504  357.2265011  152.9646529  -37.45239289  476.4618153  517.3494119  123.3093792  349.0383125  322.0327906  190.6171021  968.4995301  17.47488308  328.2213891  313.3481709  -257.828471  -71.47301635  140.1580928  149.826931  260.6077924  70.04089323  689.7718286  -32.99693596  96.40241514  -7.700407547  217.60728  -132.2542624  -85.77690592  190.3065366  469.7043812  90.43079439  
277.1097514  363.212075  143.5149233  -41.49772763  464.1412261  542.3422371  122.0129325  361.9384758  318.1636564  181.8014719  961.129603  17.713381  351.6937719  315.0337414  -263.452355  -65.84586595  127.263795  156.4413093  265.6516985  67.84463019  704.3955115  -25.35352194  99.4301404  -16.0844779  219.3964551  -131.3460674  -74.94251518  187.1958746  474.3375583  73.72864845  
275.3476963  369.1591583  154.007664  -31.98178645  452.6319288  546.7025996  127.3902943  377.9915858  322.1356928  158.3806606  951.492947  9.940263891  378.6292611  300.891612  -271.1971164  -78.95586932  113.8037706  186.7297762  246.1697423  76.54671606  695.5494931  -21.29998586  105.0962582  -31.37388138  217.7213168  -145.3653226  -63.58465843  174.68615  469.9370288  61.64552615  
276.7974165  365.5591581  140.1293017  -30.34453277  469.9803964  525.9083416  129.3747908  371.0276171  313.6622918  175.9264399  962.1952408  12.01084917  362.4937002  298.9162215  -262.1552816  -92.2636092  113.0659331  191.7461671  236.8501772  83.72566962  700.662007  -26.49782886  99.39467424  -13.81880755  222.5377487  -124.371241  -80.95195939  191.8165218  448.9697701  96.97747284  
288.899299  351.1285462  158.6062783  -32.85256531  454.5346356  501.2267277  137.1590166  363.7620458  313.3517937  197.094703  971.2937024  10.64208834  338.4512337  291.8238178  -270.5537978  -103.4597188  124.5445324  168.5194847  246.8269479  70.13568255  696.5220367  -16.96076634  95.82085966  2.579682516  229.5528119  -135.2040099  -98.6343415  204.874518  446.3449  97.93134828  
282.4952922  358.6182721  143.2300724  -26.32482889  456.6835918  521.5938006  124.7155044  360.9381532  306.7639414  193.1034784  971.491566  7.780464209  334.3482303  300.4890374  -263.0573295  -98.58762506  128.9687154  170.0686307  247.0367294  69.02663463  708.3007986  -22.51913712  98.80441136  -1.74341334  227.8218811  -121.5458925  -93.70609104  196.5663438  456.5298205  103.587483  
284.042995  362.9190233  132.9089234  -22.09470938  460.8280786  513.6006974  119.3516145  349.5848986  319.4341297  172.0972525  970.04153  3.551879754  340.8177348  308.7360602  -266.8500254  -93.59161893  134.4937568  160.0873845  260.1372075  69.82536259  710.9207805  -14.72008643  85.0906337  -11.94754217  228.0496987  -134.9698555  -88.68969257  186.0493996  464.3625668  96.21913849  
267.5250019  353.3294202  134.5574498  -29.77186002  442.1104272  503.6741108  109.5551312  351.1160729  303.1776646  174.6143227  967.7098118  13.41118323  336.7812757  301.6250353  -263.6116763  -92.36945464  129.3918565  157.641512  253.7382236  68.55168761  700.7681949  -30.96225554  93.61386656  -17.33796943  219.517818  -126.5830778  -87.20545314  195.6652505  466.2744436  72.60747253  
265.3799605  347.8400409  131.2664237  -45.9186056  450.3898755  520.5345738  121.9700103  342.2412861  307.4283941  193.5392718  985.5093186  3.340748983  352.6675511  307.5329811  -281.0558439  -94.38858194  134.0820472  170.3205072  268.6205717  72.80090907  718.9115554  -13.37219077  114.2267607  -21.32446246  221.5991815  -133.7343096  -87.87190751  193.8720371  463.7663365  68.61542585  
274.4797605  332.7725784  128.8727161  -47.04123268  470.4912713  507.410061  119.1431883  333.633347  310.205644  204.9309299  981.1664937  5.808690662  332.270364  317.1632184  -271.240168  -82.00115283  147.6403718  153.1944285  253.5624975  75.46491758  718.2403705  -11.03252433  102.1916596  -12.09158968  210.7968353  -121.2605329  -90.88169527  194.354395  455.9073307  97.19600858  
272.2727188  340.6003696  136.207773  -46.85520322  454.1983841  525.5068949  125.7507286  334.4161365  304.337084  212.1538941  981.7694966  9.000318626  341.8712713  311.6844164  -274.3577412  -80.42356098  138.6179163  148.6093753  260.3048285  65.0722582  732.4458371  -5.611383808  103.9102965  -5.794926995  217.5058929  -133.1643302  -94.28022579  202.6301651  481.7262556  84.36724499  
275.6729594  373.1450809  143.1558702  -39.15309074  453.2291438  555.5536442  117.3076723  344.5407352  304.7536848  192.7878093  980.8119636  5.328031694  365.6383038  311.358474  -263.2388028  -76.29257479  121.3696176  189.0752248  261.7964533  82.28801859  727.9546003  -16.93565455  112.4713185  -26.38066059  208.9649993  -127.2648068  -72.34542584  185.1419976  482.4322275  73.02655312  
284.3432449  381.9426207  152.1086386  -20.7899947  469.2511128  555.7617448  133.8285042  355.3312242  338.103848  170.0936877  976.1503793  17.23096691  372.1349336  322.4939067  -252.0936407  -85.05874203  111.0797518  189.4444533  268.4386851  90.92653837  717.346251  -25.35163168  97.22591844  -35.38557213  219.9025371  -131.2693838  -63.10142483  187.7279492  460.2144138  74.86836916  
295.8532287  378.7116945  168.090082  -28.56965776  465.1618858  514.8283324  135.213672  370.6613671  331.4749982  165.2945785  958.2555626  28.18639168  351.1635514  304.9823106  -264.2036566  -76.08389284  127.276266  207.4445631  258.0630654  91.30905478  690.7686709  -25.84900859  74.69535739  -29.47582802  234.8990424  -140.7889515  -70.77827252  167.4958521  452.9428508  85.86753539  
283.1032674  372.2489972  173.49692  -29.72527181  455.4823195  528.145072  139.4308911  372.8797699  331.4329382  173.7219174  953.9611754  25.4649945  386.170179  307.7287084  -251.2188699  -58.14414619  138.7221568  187.1971052  271.340933  73.21409899  684.9803741  -17.99763628  110.2977707  -26.16985506  238.4989787  -132.0800968  -67.7161466  190.3736469  487.4949076  80.70193145  
266.4150112  376.7562406  172.237582  -27.84692775  427.7888348  548.6170837  129.9683869  378.7088268  338.4772513  158.4790903  956.8540769  12.74885247  403.8862383  310.0402711  -267.4047775  -72.84664871  138.2357436  189.9670177  261.896128  66.18424564  693.5032908  -18.4291438  110.5562818  -45.67913901  217.6259565  -157.4476657  -55.79242581  182.560667  498.0252525  52.3410538  
266.8223495  347.7423364  136.2096696  -30.96007741  444.6761023  518.1161795  107.5673426  364.9328899  326.8244441  172.2521224  954.7464782  -3.298231743  346.6747004  311.0323888  -286.0767511  -82.6139207  135.7043151  175.6053319  236.2945907  58.65035835  711.5009095  -24.88020673  105.1784519  -28.53929972  222.7820129  -133.5077558  -69.18060489  173.1550494  470.4546917  88.2502853  
267.6037415  332.8192633  129.0655368  -28.94864256  462.131184  481.2235888  116.628555  346.9163981  313.4824653  185.2120685  959.2654624  -8.832485043  328.6352161  314.382593  -298.3857163  -105.1649051  154.2320063  177.3375958  224.1131558  41.97178323  713.3374935  -19.35744751  93.85578555  -2.788638229  241.1339476  -128.265314  -96.31917646  183.3712964  476.3288061  111.9633227  
270.8096641  323.5544618  123.2233773  -32.73785872  459.8937462  472.895996  114.4689816  341.5417471  303.689074  198.0429692  957.5047386  -3.362755434  317.1289267  310.0543167  -292.9166749  -101.4212207  140.2543406  163.2085305  230.9432377  44.51206665  717.457066  -16.99756951  87.36074889  4.069678376  240.6467552  -117.8930463  -109.1576147  188.6186412  465.7511365  113.8584025  
267.2106276  326.5395812  123.1890924  -35.41921393  461.0710132  472.4641723  116.4743829  343.6373557  293.8597755  196.1597154  947.6830338  -0.302090078  324.7925008  305.3024186  -289.7414462  -105.3326076  143.6851635  177.3068237  233.2995269  44.97604712  707.8485081  -24.20855876  88.26334407  8.078738771  245.5399354  -114.3466016  -110.0814268  192.7546708  465.676965  114.9625975  
269.4817533  322.5210041  129.1250897  -34.47167109  457.3815431  465.239882  126.4213192  338.4957151  287.3282947  203.7324099  955.7356466  -3.097448847  318.2213043  305.3161236  -289.8390606  -107.7836021  149.5890518  176.9606155  230.2684605  39.83835267  710.4573756  -25.54117736  93.29120309  4.798919307  234.888377  -108.5372526  -118.9639861  198.2281395  454.9761893  124.1708582  
267.2423002  322.2098128  126.7117554  -36.56666603  459.2298712  485.8788061  120.2380101  341.5845714  281.1925846  201.2804952  952.9267256  -1.829715838  327.3801637  292.6719536  -282.9193295  -101.5538025  140.0646416  162.2246662  232.4029698  43.89148117  715.6888644  -20.52278591  83.91658613  9.671743745  224.7913084  -102.0768933  -110.2653444  198.6970962  460.1211107  113.320819  
269.2443216  339.2382985  126.1861307  -38.57433892  464.6545836  501.7495868  127.8271467  347.953092  286.9788859  201.2314999  959.3762849  0.4217597655  348.4713988  293.6087863  -269.9468418  -96.71983083  125.8615044  166.2001667  249.8694068  56.13993912  717.6957308  -20.50057859  94.44398587  -2.845517359  218.793316  -107.1360587  -102.4828398  198.8218428  463.0820992  102.126373  
270.9541786  345.8384956  142.0689647  -35.28944134  461.5556702  509.9040052  137.1209152  350.6866808  294.5885398  198.6835035  963.5093351  5.103496336  359.0832621  295.7349787  -260.8194255  -88.75044747  129.7435369  155.1781002  255.9563252  63.24298078  706.4414811  -16.37934228  94.18330403  -6.874707317  225.9598436  -123.7343642  -97.5763356  200.7353133  475.8921365  84.51111944  
270.7638426  345.5514334  128.6055173  -40.11089988  466.6658337  509.2395194  125.916398  365.4394882  300.9315838  196.7868888  959.2838603  14.21448471  333.7324111  297.2533816  -263.118577  -90.48112695  139.6513589  157.3556086  250.4741192  59.2938933  703.9873175  -26.78714617  88.98733778  -0.7945601706  220.3791786  -118.5018935  -87.57711858  199.0576682  454.7093254  99.59575915  
283.8808552  364.6061627  157.5618197  -38.38987233  458.8005136  528.6621783  133.4287726  367.7022769  310.7485998  198.7796376  976.5315155  11.52203817  351.6891843  300.0623461  -266.7750953  -91.50346441  133.0000186  174.6191985  260.7463142  66.9737521  705.0270404  -17.24192745  97.61222466  0.8287989915  221.9205471  -133.0538272  -92.69106308  198.3951896  470.9621486  87.31204752  
285.4675338  369.7407553  147.5706749  -34.28875341  463.3682764  532.7009056  133.8515945  363.9074782  321.1685368  197.3450787  968.4236754  19.91472189  360.0554793  307.937705  -251.1933033  -71.60556117  126.8022576  153.6808183  263.3800544  69.3679641  703.2161702  -6.029050279  102.4253936  0.1600320686  221.5529889  -126.3879026  -90.89966202  204.004945  473.0790954  96.225464  
274.4391004  365.6781468  158.115063  -32.90929195  464.2445908  528.0112397  133.9804984  352.4574913  324.0477474  183.2942647  958.4657559  9.715520947  374.9819058  310.4415743  -249.3112608  -81.63284643  130.1946262  149.2446162  256.0098912  71.61354749  695.4825256  -25.43264284  101.8817761  -15.77354537  212.7840587  -129.4320714  -81.77273926  194.1073734  473.0567232  82.80436949  
266.2552753  350.517264  131.7544153  -37.58123987  462.6747025  505.3175119  117.0500978  355.3020521  311.3431127  183.1803889  955.2922036  8.62862527  323.4008556  300.4258152  -262.5939123  -98.75989591  126.7931915  146.7325874  243.6418201  62.24231694  690.6918694  -50.41471735  92.34552157  -10.87089542  215.289978  -131.174445  -81.63026588  188.0469088  445.6663615  92.34835914  
267.3769958  345.1247703  116.5874183  -33.23553486  456.5076881  501.0579738  118.925622  361.1924099  298.2678015  187.6821204  962.3379945  8.060921428  322.2156908  296.3427485  -278.3443534  -102.1875242  135.5961171  169.040584  250.2970545  56.38392511  700.5496338  -30.60490602  98.11258906  -2.160140326  228.5336248  -132.6722953  -96.48594087  186.0030083  451.2276079  104.0407446  
272.3963297  347.6650529  129.2036056  -34.47040334  463.9012485  505.0757399  120.4535891  358.5167991  299.4704743  190.9048283  972.7072402  7.422922404  344.6773664  306.07138  -270.8558445  -92.93277199  134.3033495  165.2379121  253.8391666  56.27253719  704.4612171  -17.9775166  105.7035651  -11.89145461  230.8028464  -117.2894871  -88.75209414  190.8781764  458.6362988  104.3099029  
272.7173417  340.0441613  135.2807144  -35.92189539  458.7462537  500.3810296  124.6631234  355.024964  291.0868262  192.9115296  967.7995566  16.76055132  340.6369331  298.2015098  -279.0984929  -95.07708599  138.1473604  158.4344271  241.8745732  49.36846178  710.5077389  -7.103178005  96.33429605  4.888712434  234.086088  -129.4310182  -99.19771233  196.3523034  474.6787653  99.03819433  
273.1342433  334.8676035  131.8761485  -37.18235649  454.9283617  503.4318253  117.487658  352.2999282  286.2618553  187.971247  971.9927429  5.228378251  334.6859397  286.6393379  -286.1632477  -99.3751789  146.6695263  158.452602  237.7107273  51.10869384  707.2430106  -13.98267616  100.6170035  10.40994846  216.1713968  -129.9132003  -103.9367831  189.7961497  472.2392168  94.66154949  
275.8077485  337.6304725  126.1738037  -38.28204798  464.5313975  503.5059288  124.1303187  339.015752  289.4253136  198.487454  978.131937  -2.596400066  334.9662007  302.9749139  -288.5694848  -93.07129941  154.1298021  168.603856  243.8076684  52.47920834  721.4216122  -7.964791655  108.2157368  3.119760973  225.4408565  -123.6958474  -109.122232  194.3336247  470.3164259  116.4977169  
276.1166271  324.8170312  131.6056383  -43.5137207  468.5948236  493.7573243  118.3041451  337.5615134  290.5404187  200.7036291  965.0451787  -0.9092563688  324.166429  296.8220013  -280.6560303  -78.25450126  160.0855028  144.9595804  244.7616497  51.85536846  713.9300376  -8.842004346  98.74616861  17.72220316  229.8437986  -116.7565242  -110.0682155  197.0397699  476.2084519  114.7830599  
278.2131898  340.1871742  137.5964697  -32.8378282  442.8306845  499.2015243  114.5006662  351.364451  295.9700203  186.2761605  966.8929374  12.84011807  323.9015952  287.2749388  -281.1875078  -83.98458618  153.3378323  162.8633183  250.3485896  49.15704204  707.3520727  -16.82117705  100.0388182  16.10485191  223.4687055  -140.6914669  -110.4809169  196.7156695  483.4328665  101.1985131  
272.5928569  348.2453685  135.905121  -33.95347989  462.2896644  506.753541  113.8587149  356.7752757  301.0545755  187.1145165  978.7106212  15.47912932  315.3296752  306.5368781  -279.1641457  -87.25111229  132.7382758  170.2331461  257.1506737  61.82463636  714.353527  -27.90229033  97.14348656  15.18088048  243.6355528  -121.9522839  -101.3319966  187.5819558  458.3065672  123.0586983  
272.2400467  361.9900434  133.8275307  -34.98297943  482.6781394  507.900103  118.2987242  350.5754196  309.8178639  201.9898098  981.0328367  16.54935843  323.1140371  316.5202121  -259.2533999  -80.65901308  123.7305032  157.585406  254.1091445  73.25986608  710.1621687  -28.17232664  108.9730707  11.02083058  248.5970232  -104.297631  -90.51688264  193.1233842  447.5716005  132.1043582  
280.56491  373.8495476  152.1425981  -29.62859076  463.1525222  512.1377449  135.1650527  348.2073611  317.2449111  205.5801091  986.3123913  12.03632113  347.9517382  311.0640364  -271.6287042  -82.58929721  134.5893715  165.7445832  263.1166415  77.7509538  715.1910107  -11.53868279  98.47221413  4.189349783  237.5449451  -139.6065375  -101.1822511  196.2810287  474.6171336  97.89576746  
292.0501736  365.3150468  153.933236  -33.56761048  459.019329  522.6989198  134.9667367  372.1551077  318.1821677  186.7873425  976.3289473  18.38396995  346.4521504  308.0073797  -277.7043245  -81.45953243  142.1772991  173.8475491  246.1310001  68.48875953  705.3559504  -15.06826247  89.13993596  -0.3313599764  225.6552559  -137.3522985  -90.90534479  197.5408014  468.7393893  87.17731638  
298.3040759  367.5535713  167.4436245  -32.78497941  458.3537907  536.9530131  134.1772965  385.8331339  328.2951206  168.8245235  972.1560232  11.49968668  387.751986  303.7783098  -274.0087722  -80.7750659  140.2279128  190.7794206  246.4023798  70.14986991  698.9069973  -2.382594142  98.58313897  -22.08117656  217.4019987  -139.2988506  -77.61967263  195.3450843  479.9740889  74.77203857  
288.472833  385.1744727  177.28604  -29.15261967  463.5323705  552.8401664  141.1235878  381.7267092  345.5713329  162.0544038  964.807458  18.78664625  391.010911  310.8512189  -249.1927797  -73.22196342  123.6507054  185.917202  267.538887  76.92976434  684.0283331  -17.13316809  107.2559189  -33.64070821  212.1119193  -135.6636696  -67.32049511  185.1303681  464.5579461  64.68551636  
277.9136319  383.0450646  167.7437012  -30.50733388  445.7847496  549.0845581  139.3594577  364.7694204  336.5285791  176.6334828  957.4595931  21.27477624  377.988586  297.289108  -252.0308013  -76.89480655  116.88247  174.2668172  276.6189503  81.95492271  684.4212593  -18.47634927  99.30402069  -25.21885935  220.7938936  -146.6499562  -59.15932955  193.1078511  470.9377896  53.92002241  
272.0096816  356.5316387  148.2464883  -33.33500126  436.4721166  521.6368999  126.0921321  358.9468359  317.2160499  186.4172548  957.5544992  17.40495  340.0320993  293.7441554  -266.9393874  -83.01123202  136.0723273  170.2177131  257.1137043  67.50698015  698.8787707  -33.33781036  88.77948061  -9.875735946  228.9729309  -136.5082184  -73.18134006  199.4087121  474.0494353  78.10657215  
276.8934406  351.6016157  134.4635451  -30.50397075  465.603671  502.2799276  128.1869942  354.6145855  297.2115427  184.4413126  971.6662435  10.01940036  335.0941558  303.2405731  -273.446748  -86.75040843  140.1308547  181.0251469  245.7545689  66.56176907  708.6994116  -28.33803569  98.94883867  -16.35529432  236.0484374  -119.3138142  -93.82028127  197.4525387  457.3681776  118.4673955  
283.3804851  345.0132632  140.5693278  -35.68169947  474.7004216  497.0673233  132.2474231  344.2028777  307.7489158  210.7130644  963.1141125  15.54679397  319.5714051  313.1517381  -270.4666901  -91.01013859  132.2804504  157.2316037  255.3444356  65.49748557  704.1303543  -19.66314902  96.4272814  2.095370187  244.6471205  -124.1520298  -106.4948045  201.1388068  454.2429728  112.5792402  
292.1324835  356.5447376  154.6228522  -26.77499581  459.4312493  516.8258686  133.3909879  354.5889746  317.0110017  203.9524489  962.975666  22.35195151  340.5354401  309.1078935  -261.3427504  -77.70408128  128.1060107  169.3308365  253.5621802  61.62043178  708.3306677  -10.37975515  105.4931531  6.058715627  240.8503045  -121.5826925  -95.63224355  201.7121357  474.253617  104.419493  
289.2749115  375.8146871  154.0421705  -26.32162596  467.7998537  548.5215304  137.5999056  353.013003  334.177134  193.4315378  971.9725963  19.85719277  362.5749314  319.0261542  -240.1152249  -70.62599672  118.2848238  164.8523537  262.8027435  81.10360203  713.6271702  -9.995721168  109.7073612  -10.20825562  224.554088  -120.1404728  -79.12488743  196.645069  472.5036772  87.92673528  
274.133503  361.0251775  143.9917212  -31.89294598  461.6128373  541.4201278  129.9715404  355.4686178  311.8679895  189.2406598  956.30181  20.86018431  356.5121438  307.897843  -248.3002407  -63.22068205  127.6639355  150.7137459  265.6706908  72.8662924  704.2885797  -17.09556788  103.402856  -5.492468873  228.9727062  -134.0141829  -80.89866831  187.1900014  488.6402444  80.267254  
266.784173  344.4940142  125.3320404  -31.7092794  450.3147387  538.0942538  110.8728399  362.6350064  321.0501377  167.5143103  946.7751945  10.80040152  361.1358412  305.9649554  -273.4827852  -69.64675753  145.5934055  156.2063901  247.469555  70.02053343  707.0847572  -7.473908182  96.08868453  -14.66988622  214.3785087  -139.0387302  -64.03818213  182.4708377  483.9659701  73.43584586  
269.2880219  331.0640891  121.0514628  -38.82105435  465.3596111  496.2719861  104.9759369  349.8844298  306.8547355  190.8087527  958.6519353  -8.62208595  322.3390547  305.0819761  -289.3712693  -99.41179043  146.6044101  166.1698985  228.8859974  58.61775379  714.3400801  -30.08922056  90.4584756  -6.64228902  231.4973882  -111.3542565  -87.04597921  187.2960201  463.0327619  105.6168003  
280.6631055  310.4795574  128.237721  -50.2675352  459.2239494  467.577311  115.1551706  334.5896432  290.7922374  218.7432385  965.5925615  -14.67057941  300.8334869  299.1319368  -297.6546363  -108.3799484  152.5170915  158.2453374  230.6469437  48.96206958  724.3077404  -17.94110056  79.44894531  12.45265216  231.565422  -108.2279724  -117.7428267  208.3822169  456.279536  122.4543114  
280.007106  317.2553652  129.0823438  -45.7271576  449.3935246  475.4044131  118.1662794  337.9784114  284.73082  194.3312766  955.2375901  -11.71652307  314.0798668  286.3047994  -289.0342003  -99.47061547  148.1476422  170.7966462  236.2593539  54.20014462  713.014299  -26.64895465  78.01700764  3.750314677  211.6654903  -113.469037  -113.5550125  202.7374031  453.2531677  103.8735554  
290.5716491  326.14183  137.6574703  -43.39636906  458.9159769  487.4399256  123.7430256  356.0242039  294.7629178  175.2958337  961.1794452  -14.29854155  333.2864331  287.9858099  -283.4780491  -98.54871028  128.2539908  167.2476522  240.4304794  51.34694075  710.5409426  -25.14794902  86.19688107  -19.26666576  214.3754791  -104.7452639  -100.5070764  194.5173452  447.9531989  97.15822234  
293.9081305  339.0047924  147.9596795  -40.53733668  464.2832142  485.8180089  128.3214957  360.2358745  307.5317949  186.0542196  959.1074536  -3.218238474  327.0707124  298.3215667  -274.1025646  -102.4678379  124.4338722  162.3023691  242.9937926  53.10521453  710.7210334  -26.81616508  82.31312647  -11.54788653  224.2822358  -111.3616912  -103.8315807  192.2995836  442.8427581  96.98693346  
279.2589186  357.4921787  139.101349  -22.62659951  462.0021917  502.2886246  127.3440708  350.2856989  296.0558373  187.069748  965.2348906  5.885683851  334.8680598  291.1502867  -271.6017268  -93.91075313  133.7607085  167.5338541  254.3648278  58.90091657  709.5493736  -27.7176962  92.64514055  5.142768366  241.2677305  -124.6672262  -97.17254634  189.4350978  466.4013561  100.6748394  
269.6648626  351.3142281  125.4017576  -22.6514551  464.7336131  514.1675833  116.0563208  348.5578894  315.2253037  184.2500371  960.285546  14.92118155  326.4332825  308.4292628  -270.2154237  -80.50814911  146.1035343  154.6202953  250.1627174  60.37742602  716.4332483  -28.24550006  96.25163633  4.929402226  238.4359992  -130.4496778  -80.66983954  191.6987414  472.1340148  105.7440431  
269.6045237  325.8529504  127.5456307  -31.28353011  460.7456487  496.6052439  117.0692071  347.369756  320.0435329  199.18938  958.1504894  6.858357008  333.5376668  317.1283394  -287.0480578  -90.28539513  151.7107602  159.6905408  236.2227999  59.84896565  723.4690395  1.679815811  99.18535784  2.724926978  244.33065  -131.825151  -86.9866914  192.6472759  478.5409526  104.1507468  
268.3030505  312.7502145  120.2882398  -37.3338465  451.1192157  482.2341049  121.1987576  336.9622755  289.1846863  203.3236566  956.528985  -0.5526971326  328.6486389  296.9403329  -299.5389974  -101.1176769  145.6347011  169.4291982  247.7103011  47.43474224  719.216314  -1.311197964  97.52084177  11.75492364  244.8546123  -125.6063627  -108.7555524  199.2614535  479.0871992  102.3452102  
275.629369  313.1090766  120.5617864  -38.47267563  456.3761396  482.861382  121.6958378  338.6641401  284.4404859  209.0225026  961.6950084  0.01531455365  317.5599233  297.600963  -295.9994454  -98.10033414  145.6211372  157.3665282  234.2729977  43.62128324  731.9328498  -9.13004733  90.63672715  12.00923266  238.2669354  -111.6444441  -115.5674535  203.2382834  471.3835034  117.8099888  
271.8528355  334.4881558  122.0985403  -35.52234033  461.7293982  498.0066947  123.8316545  342.381885  292.8467733  201.0389396  973.4818425  5.862913937  336.176895  302.1887688  -282.5671307  -99.87763839  141.1687122  162.0010596  238.4901785  52.18229429  727.8615494  -0.9267053942  95.59172691  3.555932114  223.6897597  -119.2423651  -107.1038773  194.8593165  470.7004682  111.5039439  
264.618796  346.409896  120.1225851  -31.63248775  469.6250608  506.5406119  124.7487441  342.1015498  292.8100765  204.2407258  979.088319  10.02855914  336.2747935  305.3656464  -275.175106  -100.5976668  135.8112151  147.7454258  249.7396107  60.72317982  721.8538576  -13.77901517  94.97884905  4.35313658  226.2332804  -123.5147334  -97.2352059  195.7756363  470.7011491  104.0222932  
269.8886807  353.5882323  135.8752841  -35.32907083  455.5727114  514.687899  119.8457135  354.5340267  289.1564648  199.163234  986.2407773  19.21475842  325.1947857  300.4614249  -274.3689716  -93.73559662  138.4682937  158.5677892  255.9307899  61.3040521  718.2514513  -19.96579739  92.21988295  6.971330895  225.7423171  -132.4148962  -93.6158625  186.6221764  471.6956737  88.66487406  
276.1717605  372.9647542  148.9415611  -34.09069468  448.1027921  548.9468058  131.0401957  361.6687829  311.0418828  186.6946224  991.5060972  18.40188938  371.3321532  312.0980281  -258.9430664  -81.49609503  133.5288386  167.4319019  256.4578417  73.90727874  720.8373238  1.221358498  101.4734884  -13.6177235  201.3954637  -134.2135548  -84.47681814  192.5093101  482.9170909  79.60555328  
269.839025  377.4899053  159.2679973  -30.02003611  452.5710537  557.2835823  135.6630971  358.5391828  314.7405775  183.4516325  975.7950522  14.02112406  378.7656598  300.8317123  -250.617968  -79.83699316  122.1887042  162.8670479  264.4951657  86.05389934  706.544891  -22.81754846  106.2967977  -17.48996313  203.1758903  -136.0526983  -75.64372314  190.0156968  476.8277844  62.71945788  
266.3153144  373.9031951  150.0582419  -22.12928666  455.7629472  544.4572669  127.2483223  361.1433921  312.7984886  177.149891  960.1971774  16.78022485  369.4863059  298.2042254  -254.2597134  -78.39158635  118.2064538  165.1837986  268.0600332  83.27045822  688.4323979  -35.54386005  96.27906321  -24.09111494  216.7908506  -150.9690438  -70.21958755  186.3569148  465.3295949  66.53594962  
275.6263501  366.0071276  145.9616926  -25.48852145  451.3709415  533.467388  129.8931949  367.6531883  321.4050456  184.3722903  952.8924129  22.07904774  347.1325081  307.4602215  -259.6236936  -74.38965396  129.7735498  157.4258971  261.1249149  63.06676686  687.4787136  -27.04439675  104.7773972  -5.843157426  229.5506624  -135.9272283  -79.12594323  197.8926743  461.8277647  80.33634615  
279.413924  375.3649423  158.6943211  -32.73302055  460.1835368  533.488543  133.2967643  373.409644  335.5767549  182.5649346  958.9902931  19.54193202  376.9139822  312.9697962  -257.1808406  -67.05969694  129.8722651  170.1408695  267.1606047  64.70871282  683.8670921  -13.85062873  114.0063667  -10.92792001  241.6300829  -138.3758503  -70.70215109  199.0661217  479.2093981  80.96301964  
270.7090552  379.5938566  157.592279  -30.15577355  436.6863556  528.7630554  125.0313435  371.1001398  335.0585287  168.0314141  954.3628456  14.38873193  372.8979138  303.2185523  -260.7363323  -79.83358319  127.1637149  185.1201988  252.5303492  77.54296401  684.6069843  -23.23460093  109.889007  -24.31040822  219.0817498  -148.8048331  -69.48633031  188.1079513  466.1548375  74.82708244  
267.1484396  334.839833  116.7746524  -33.66996269  455.8735488  490.0172298  108.1715402  348.568694  312.6708164  178.3512102  941.6578133  -1.95051172  310.7048549  305.4581647  -274.0072255  -101.7093511  122.9125208  160.7009118  230.4974205  61.1586872  703.7837783  -44.15700981  90.39158573  -9.09215953  224.6157238  -112.4856344  -93.66361788  190.6010649  433.7751819  108.765256  
272.5783151  320.121931  110.5362531  -38.47579504  471.7162813  470.1152311  108.2520734  336.6749956  289.3386374  191.2134909  960.2667419  -4.008672862  289.7060384  299.8841248  -294.3532219  -100.5619026  146.5860449  154.615779  238.6272269  40.61218627  719.2944268  -34.96109961  90.51998213  17.0857893  237.2305886  -109.3951319  -112.883971  189.1809124  454.1532246  118.2723695  
278.0055706  329.2311463  123.0716078  -45.04428505  471.2247074  485.5995221  108.359235  349.7557483  288.4445136  184.6725645  969.8259615  -1.436478235  320.3162853  306.0469396  -286.2969419  -91.96524988  143.2136795  168.8568398  246.4154386  48.12228494  716.7100562  -30.30368152  95.76279621  -2.385344519  233.6974029  -103.1488897  -107.0174283  188.5216392  456.7406953  113.3520236  
277.5082618  342.7572903  138.2164215  -45.76979284  469.9911899  503.7023683  122.7659488  350.5408526  293.9700377  187.2794551  977.5819697  -3.04120266  335.3238769  305.4628568  -281.421517  -92.24825126  133.9654362  152.3507085  238.4496752  44.45891174  719.003928  -24.84107161  98.62162503  -10.70971402  215.6923905  -109.0892575  -101.9028836  194.7912956  456.8563542  106.1996508  
284.9461989  345.356035  154.6504801  -47.90078362  460.3557562  516.2151837  131.5986408  360.8385155  305.7702377  190.1321693  967.2405129  0.893476341  346.5835358  302.453566  -291.26188  -87.36931648  135.0405415  157.8778714  247.4582789  42.52711134  713.5229065  -8.055032705  97.65600435  -3.390099911  226.3635628  -125.9133687  -99.21989233  195.2229094  474.3543106  88.26231924  
286.8385441  370.1867721  159.2456055  -48.90286557  453.457919  537.6402247  129.5967864  372.3041583  324.7696191  182.6607673  978.4593207  15.34364544  361.4653134  318.2299493  -272.3216711  -74.33756103  134.2739354  167.8720918  263.8903519  56.64517339  710.9770129  -8.454927518  104.3913019  -12.24799083  210.9330458  -130.5095613  -86.70649376  191.571785  476.0272421  70.69960696  
283.8806308  384.3738542  155.6974071  -40.73082147  478.430186  552.9798858  117.2593232  374.3690551  343.2534516  179.0902467  979.6881612  17.72491371  378.1497197  325.9444281  -243.3388152  -66.53363124  125.9953584  178.4560199  279.4581127  89.91026433  699.9071705  -23.64373912  118.3306539  -19.61971949  218.6495346  -119.2296032  -60.87952408  184.473295  468.0178522  76.33848426  
278.5618  393.3086173  160.1866754  -18.66529975  464.9437253  549.5761852  127.7596335  358.5565221  342.912699  170.900627  968.251386  24.92937314  373.5629534  320.1937275  -232.5399833  -66.5231921  108.8913852  178.0447955  288.5019673  95.45163738  690.6758954  -30.34974332  117.2488466  -21.69394444  232.6500251  -130.0117166  -57.99133143  179.7388645  465.8240471  74.46580803  
282.4618578  366.9732875  154.6557875  -12.57290884  453.6795945  516.6409056  131.6093628  348.7340921  314.6021869  186.1365081  966.9397699  21.61077573  332.4043396  292.2717303  -252.6995059  -81.7182727  116.943574  158.4410672  261.2137405  86.05958531  691.575836  -37.11616672  89.80690309  -12.22153496  234.6625146  -133.1337588  -78.4951414  190.4662571  460.646387  93.13262885  
283.6525737  344.1863748  162.4397852  -29.29289501  444.4795008  511.5873776  140.3786621  360.8788889  297.4808306  180.1668902  967.2305592  17.22703114  356.8590548  295.4516163  -277.0874132  -92.69815725  134.2207589  173.1499181  250.3419377  58.75100553  703.3307603  -11.75715752  102.0956323  -21.92838333  228.6742567  -148.1698173  -96.45201159  188.7403679  470.6890857  88.78726598  
286.1379092  354.8869108  155.3020451  -42.66044577  472.758697  543.832579  138.5821897  369.2587757  320.0478745  168.9759886  965.3421256  8.082502731  388.3048963  316.1442475  -265.695117  -78.26777769  139.6072282  173.2632662  247.5791156  60.8441159  704.4274817  -11.44874982  104.8893978  -30.54960819  212.5419789  -128.9909797  -75.21937293  199.4696726  479.7801643  78.66851707  
283.9358293  353.1475414  154.749914  -41.60885652  464.415082  533.3111284  139.4427616  368.0434372  316.9352414  173.9015756  969.1339827  12.38464413  375.7784008  311.5503342  -270.7405093  -84.34940258  140.3580562  164.8301679  239.4955267  58.58883448  703.8229834  -12.79042199  101.9036428  -25.26467702  212.1622904  -141.0696644  -84.30522426  203.6822517  481.4701582  79.26312432  
287.9162105  351.7139668  155.7521035  -44.79023545  459.6425535  536.7472623  142.1558355  372.6295962  309.9971783  193.9174031  971.7130127  12.06359103  362.6586761  304.7145042  -281.4196567  -82.62469791  150.6961942  170.2909431  234.4233942  55.90386821  700.9398809  -10.61932429  102.3690551  -5.894690542  212.3067421  -139.732865  -94.01525085  211.3019426  490.1638192  77.02126283  
284.8736211  367.0065684  154.1737934  -43.11943547  459.4009297  540.5450556  132.3957037  390.2063137  319.576001  180.609631  973.7133243  9.237664642  390.0266249  303.9063938  -277.9427738  -75.07484184  143.7725394  193.4167831  249.698097  71.80480438  696.6340473  4.591956584  111.6305977  -15.48722634  220.2613887  -144.6200927  -76.51397092  196.6919338  487.9173339  72.79491504  
272.0966644  375.553488  146.9606085  -29.09209974  458.7283394  528.2239656  120.9919686  380.2585507  305.248411  171.7459979  958.9961673  22.38031752  348.9783455  291.6537662  -262.3264237  -67.42663396  118.7739443  181.1839597  265.7366952  80.02794749  683.9216604  -22.97960733  88.83657074  -9.349160331  230.3017289  -152.8931771  -81.88365374  176.3865251  469.5889235  80.20918843  
274.1414115  369.2918091  139.8834677  -16.97221212  431.6060629  510.8650862  117.1965989  364.6994297  286.6188993  184.093102  960.0213016  13.98116879  327.4585019  267.2581331  -276.9379652  -86.16511329  112.3316676  180.5337646  253.2499894  80.57616772  698.6552518  -26.08453543  73.88682292  -2.025395547  231.1544918  -149.5768309  -94.40541223  183.6584001  470.1288114  90.03977459  
272.7228863  352.5992586  133.1992597  -27.87597614  439.2573052  498.3134824  118.8112908  353.1521609  283.3448118  200.5267865  962.9643949  7.22149998  323.0603696  279.306701  -268.145283  -93.75256068  118.5429886  183.7110026  254.812454  73.48102161  703.0776815  -28.20539865  86.73753191  1.304357719  235.1061831  -124.3169663  -100.4645318  198.8721709  454.9248664  108.5393568  
288.179438  339.3480727  140.7265182  -32.61987453  458.0783768  490.490021  127.6410986  331.8058274  294.8213863  216.4153093  969.5817344  2.508211491  323.1121715  296.3887497  -264.7166501  -97.53607355  132.5356336  160.3976422  255.2186502  62.36843675  706.9164309  -13.75791147  97.76774339  7.132749402  242.7230196  -115.8742637  -106.641305  213.6689425  461.7398105  112.7465426  
278.6361062  321.1186513  132.3687408  -39.64286782  463.1638487  489.5146683  117.4716433  337.8372843  302.8118079  218.5669298  950.7940382  9.450757785  307.7556039  301.6015692  -273.4051896  -89.94717059  158.9521309  142.8162105  237.0959019  42.59764205  709.9249879  -13.25980728  93.39770249  25.70022463  228.0899971  -122.1308868  -102.4441271  213.4331504  473.7834056  115.1777394  
268.2805653  333.9129645  131.9231493  -39.27104718  444.1225419  497.7658974  112.0025272  366.9973409  292.0845099  182.9888025  960.2978116  7.424537802  330.5946848  292.0280045  -293.234337  -93.19731924  151.4147692  177.3994727  236.182262  51.92183912  703.911773  -20.04009492  93.76334184  -17.16659105  222.3502876  -135.1639261  -90.22090982  193.6495664  467.2839285  96.36178816  
266.0890248  331.3254209  124.3992372  -35.77497046  482.3917567  503.1542012  114.471512  353.914054  304.256122  191.9880372  964.3393666  5.991009326  351.3443321  318.9767496  -281.6289718  -93.76830269  143.3228603  159.4013256  248.8808434  54.72586064  713.9268156  -11.55488419  106.0488111  -9.910090271  249.9507598  -118.6654761  -87.25798908  186.897876  467.5708051  105.1955281  
269.9748578  333.0261411  123.1622499  -23.15040405  477.8689783  485.1932435  116.0966779  350.9619373  306.1588941  188.3429655  966.637379  24.89074581  316.5742067  306.9246838  -280.1581675  -92.7014369  163.9977165  157.1965689  231.8932764  48.34008147  714.6984036  -14.31930444  91.04801083  16.69259787  242.1942027  -121.2251724  -100.9065273  183.4841289  468.6958889  130.3096849  
262.7858429  365.1877372  126.1326051  -17.06368585  470.7061184  507.657071  119.6739209  350.1316941  307.8397013  177.8052809  976.97898  17.44512486  343.0278342  312.4000134  -268.1279685  -90.04747377  139.5211902  186.1568992  246.4933922  71.65177207  714.9125541  -30.87001569  99.32008624  -11.65184967  246.7950928  -120.2586678  -78.45703585  175.9177421  462.6725189  123.7846053  
262.2461117  359.5063779  126.4515334  -11.58647832  476.3223736  500.9574316  124.4598292  327.4812033  305.3697996  197.7435407  978.0940008  22.73394156  326.1735827  317.1094703  -256.0238356  -93.53705271  130.9329373  166.1489999  241.1990286  74.57184195  721.8850412  -33.13110161  94.78048849  0.4748450517  241.9521922  -118.2547181  -92.07987962  182.6759293  455.6631349  129.7284559  
269.8332416  368.3517803  128.1821536  -16.15994722  467.4912721  503.1341638  119.2194498  327.1279561  291.685169  200.0074061  977.8075265  27.10121824  315.1325821  304.4937927  -256.0000385  -87.63831122  131.3517515  169.4757046  247.8694441  81.24421015  727.1462751  -35.69219329  76.27120149  19.25660471  244.6277356  -115.1075743  -93.46403082  186.5422011  462.4951689  109.4188004  
271.2759463  385.9977299  138.4304955  -19.66383803  461.8397844  524.1880317  121.3186431  337.6415609  303.1099309  188.4280223  975.6767446  18.67499212  357.070559  310.470152  -244.1721157  -75.43753152  125.4145792  188.5866182  274.5692417  86.66336553  708.2466909  -37.39257011  94.16877146  -14.28758719  235.9680038  -118.6992685  -73.41612287  190.8512792  470.3261162  92.39539144  
276.9126724  369.775796  140.6623713  -28.1470917  463.6473728  510.6967916  124.7355908  342.1603918  316.4378655  204.3104413  971.1176179  17.92195764  328.6484211  313.6869468  -247.781128  -74.46734257  125.6038794  154.4627223  263.1173512  82.75477479  707.4698275  -35.32114326  91.55178102  -2.104186696  232.1222658  -116.9697595  -84.65457715  195.3664904  448.4964931  99.35595612  
284.7504038  357.6094607  149.3876304  -37.65626663  451.7655333  526.0560761  126.0198179  363.2954233  311.6974518  175.8230162  945.4220133  5.004014729  343.1532347  297.6867744  -268.4746895  -67.79201559  128.657635  163.0075454  257.7276615  59.3084677  701.760671  -29.44043918  91.87797237  1.43672094  227.7946709  -121.6588269  -87.36135539  189.4242844  470.2097714  83.79924706  
268.2418356  343.3967883  124.9560066  -29.79624992  445.3278581  521.700145  117.8938855  364.0137355  319.7042742  161.8824227  945.0185586  -3.944151443  355.5022595  293.7369719  -269.4260649  -87.15141647  137.8306728  149.2806949  237.5167548  56.04855612  705.2498507  -21.45587502  98.24639402  -6.601163159  208.4478363  -127.7696163  -89.98582498  187.6899123  472.2508594  88.43600562  
270.2625252  323.7005475  131.3153147  -41.06443032  438.514593  497.9981749  107.879925  363.5724283  304.4294351  175.734531  946.8989382  -7.438413298  327.7470249  291.5360857  -295.8735875  -106.3507016  138.5226401  161.9685661  229.9616067  45.50822429  707.9741565  -20.69206116  93.10679016  -9.949982376  214.4221491  -129.3848494  -97.02196063  189.0895054  461.7820799  82.02904752  
277.6971506  303.0520693  128.7924728  -51.08799188  454.6633988  486.3430555  116.1085035  351.0275724  288.4749514  193.4816053  949.5809334  -9.815590424  322.3451013  284.3492933  -305.5866518  -104.2268954  144.535115  164.5223176  243.8812795  37.96405137  710.0712787  -9.025960612  98.39580595  4.849716221  228.0739269  -111.1460867  -107.4520909  190.8818196  454.1221968  95.852272  
282.1220394  318.3299845  135.6677942  -50.0927754  464.386832  505.2601772  130.1381362  351.5727746  297.6227507  181.6958183  958.131443  -7.117702983  337.8466611  307.0058483  -299.7670479  -97.45640242  140.8508282  162.5910142  244.8262452  31.55713604  719.8901458  -10.02648669  100.7694277  -13.31328731  217.6829281  -114.3545985  -111.2431247  194.3706404  460.8086787  101.3816826  
286.740563  325.5940685  147.2021238  -61.86013712  465.2635495  521.2514005  124.1007728  349.6988086  304.1151939  208.1552707  974.2555722  -3.847914818  336.4556237  304.3874528  -285.970763  -84.59413457  143.8722115  136.6876127  246.9582004  43.06434039  728.0669814  -0.1368938196  101.3261948  13.59504276  205.9751157  -111.8733257  -108.5856212  205.1221208  475.7683647  92.39432204  
286.5672783  355.8862419  150.2824976  -43.93351245  443.3695312  533.3916376  120.4012344  363.7677309  301.4062035  187.938275  976.1069641  4.630148622  346.0152131  294.3048943  -269.230908  -85.54348487  133.2112888  174.6534068  249.2127744  63.71328645  721.0051616  -11.16873208  98.83111179  -3.718020005  193.7563473  -131.6351047  -97.58020813  181.8747681  473.713922  83.26066004  
267.177421  377.5898356  144.5747909  -35.06388448  453.394528  541.2697524  128.6632412  352.9011181  295.7384753  193.9493548  987.8946858  5.075443266  376.0794216  299.1656291  -249.267184  -92.25323687  119.4037105  184.0362049  268.3633222  81.18035875  711.1070486  -28.6647942  116.3369988  -31.66538521  205.4216301  -133.1722515  -81.37762736  189.8779633  476.0976156  73.94039066  
269.3858951  363.7687804  144.9337477  -37.10673031  447.2754394  526.4646417  133.3408821  351.9459336  292.8443555  198.6605351  978.0121362  16.03922612  354.4254129  300.2525884  -266.3798283  -86.08729932  123.012176  163.4240956  261.9214171  71.87395277  708.8122935  -17.76458103  102.3349743  -14.40101065  222.7588895  -150.4157484  -89.16019089  191.6677263  482.548762  75.74425216  
280.0304023  368.6883965  144.169619  -34.28405145  461.5169163  548.1088401  132.8429451  367.1685414  321.6301924  187.7773089  972.2395938  18.20695268  381.909755  315.7704141  -250.9008234  -73.6394283  125.3368923  173.5157507  270.6344889  76.15282326  704.623696  -10.60153388  112.9326457  -18.94591435  228.6561156  -137.520354  -73.72630134  199.0039419  484.9010529  73.05496243  
282.8692507  367.3277887  169.4533833  -37.75184369  455.5847033  555.7427194  142.8931636  371.5246473  336.6279719  174.4059815  966.3773142  6.195645935  415.854509  320.7321593  -258.8142586  -70.43624328  130.578163  177.2047786  265.2871489  67.78836338  704.0238109  -1.309104382  128.535513  -38.62094788  220.6535253  -138.6259323  -60.63226622  203.1037871  498.9069499  67.15001382  
289.5680576  360.3542187  158.8712371  -36.09774182  464.6044463  537.1215493  134.295359  371.4600538  333.2325397  178.599802  956.7388136  11.2265634  368.6082445  324.584081  -269.2861246  -72.44642344  128.9457081  163.3142489  252.3855642  62.53799885  702.214366  -12.90376124  106.9422912  -17.49398994  229.4432499  -133.1669985  -80.80300128  197.2143861  487.2493412  79.78243739  
291.7202742  379.5487454  170.2459776  -24.00583746  459.1805775  530.4728081  132.0020558  383.6070622  341.9920641  165.166803  959.4394351  17.86134271  366.7102078  314.0913709  -264.597735  -71.56293491  139.9501754  183.8978083  262.6967413  63.24042204  688.5774263  -21.45550896  112.619883  -14.01796106  241.240885  -139.3065096  -72.03111606  188.4020728  482.5365314  86.77056521  
296.2878047  385.9720787  153.8042973  -16.49240963  478.3782635  511.2457352  130.9889793  371.291817  341.9776567  170.413416  968.041777  20.65930807  353.7191615  319.2996054  -247.8725018  -81.66285574  122.4487609  175.750295  267.2254513  83.34234624  687.2587466  -34.21687599  99.42336865  -17.72120337  248.941014  -129.7027953  -76.93620559  181.636123  455.0777675  100.1904293  
287.7139934  380.9841417  170.2633853  -16.20277951  460.7904487  503.3164901  129.6738761  364.3600729  325.2216782  178.4854196  963.3143904  28.88766661  342.2697962  306.3612531  -258.5183943  -80.93634387  123.4959204  178.5950892  262.4578352  73.558713  680.2854181  -30.03891161  102.4575185  -8.426266177  247.6311156  -141.9166739  -87.25766951  181.364412  457.2326038  91.38646036  
287.5673006  377.142537  147.7640308  -22.68564442  469.0373441  500.9567439  140.4248577  353.2315001  333.5848473  196.3978576  973.3234305  26.41847012  355.6749187  327.2097455  -237.7902338  -78.96642859  115.1180139  177.5054625  252.912459  86.14911873  692.4692067  -25.17867541  95.76254763  -22.94104448  236.414354  -102.9760867  -88.94548747  201.3787886  443.6264268  114.6569548  
266.4545012  349.7810752  146.3929911  -35.78557692  467.8046721  514.8999104  140.3581635  331.2593552  336.6641231  202.7043399  971.6021219  15.33932172  368.4487602  330.4473217  -236.4532295  -81.65192953  125.6361541  143.9158057  260.9975921  85.53395183  701.5938537  -27.26112464  104.5727966  -26.57006493  224.4241925  -103.4924201  -67.85277204  225.014884  452.1651786  99.56276056  
268.5991372  335.0505708  155.6760737  -42.44850092  435.872754  518.247808  126.9664719  354.3465471  313.8620124  197.8684757  960.5461768  3.742581348  335.2157433  287.7029972  -284.7686885  -81.28732513  145.7839452  168.7331192  254.151903  62.41085972  703.1522747  -11.01749105  94.25985272  -3.686171011  222.7449461  -150.3465502  -89.52732543  200.0383736  477.3001704  73.03438071  
276.407829  318.5450332  128.4873821  -44.77185793  447.6164799  500.4089526  112.8096634  356.3121585  301.8709697  213.4513755  969.3856827  -15.99903057  316.0575151  291.4112079  -288.3842526  -100.4633448  129.3965808  149.8599126  235.2888436  60.81678322  731.6913554  -11.32052011  90.74417585  5.38861369  237.2350303  -105.1236322  -92.9996476  208.2576203  465.3432371  103.9654393  
264.4131016  330.9267672  122.1317623  -34.53908612  452.9544473  494.099632  111.6168201  340.42989  288.047972  205.189553  969.6222172  -9.819338539  319.209233  294.6737995  -294.2255499  -97.43539305  134.8129916  161.4599773  250.1710651  54.226009  726.8360624  -11.47087032  83.28439134  7.984275061  246.557794  -124.4086318  -104.2638346  200.7279239  475.5303734  107.0530053  
254.0712708  317.2086949  107.6642218  -37.3801736  445.6801248  474.490073  111.2234666  335.7237107  264.4653169  213.5351968  962.3364361  1.115735789  304.8155315  281.9204061  -291.7471378  -108.1800573  134.2476512  156.0445746  231.0122507  51.35297554  726.6439691  -20.23221715  92.674185  18.84328798  227.7759363  -116.7798693  -111.4703305  200.8945973  456.4393185  110.4501691  
262.2816902  315.7535234  115.7649738  -48.7242862  450.5021349  485.6603007  115.9410573  350.989053  265.498255  186.9884477  960.7867377  -6.66686092  318.6612753  277.2522487  -312.8210584  -115.8755114  136.8291211  171.7733356  224.1115356  38.57968026  714.8880321  -19.89308007  95.59525484  -0.5379147738  215.6160992  -126.3635352  -109.41757  192.2931681  450.5407801  101.4619094  
260.8227691  314.2870453  116.705932  -39.74296033  454.5387225  482.791571  126.5387104  348.9066799  266.649967  194.5265771  959.7798466  -5.15950489  324.3160223  284.1132231  -301.8474144  -110.5402769  136.5727625  155.3026288  217.6632066  32.13510309  711.3110757  -19.93104634  99.43500594  -0.9158385869  208.8598838  -124.3026888  -109.3791492  196.2557009  448.2297716  109.269744  
278.2007677  315.7339596  136.481069  -31.87420718  457.8981808  495.8054405  132.9330275  356.2146555  287.8371391  198.9743703  957.2779296  14.48668926  314.4598634  299.4570619  -296.4077187  -84.34964585  156.2521852  146.4828463  232.5602952  23.49326345  710.4289078  -1.677491343  97.97633074  24.52590904  225.1669001  -134.9421448  -124.7218606  196.0928676  474.6243423  117.4915371  
281.0395782  338.3312142  150.2305124  -40.81747472  449.0786309  536.6441015  129.581312  371.3870917  306.3811565  182.2280806  952.1066503  10.65780658  379.6198433  298.7099227  -274.2740529  -64.61887512  139.2160321  149.2082352  245.3075274  42.25319578  713.6262353  5.229589827  104.5805267  -7.551893284  205.2043192  -126.4492557  -87.31128866  198.8981518  499.0978233  78.70262626  
285.0034974  356.8615345  143.3344579  -43.97308453  472.4463716  548.0972934  129.6490599  372.8590861  331.2403987  173.3953064  956.7399001  8.781359139  374.6495534  322.909534  -258.643898  -56.69908576  138.9129285  144.4138864  268.1505102  55.06725329  711.793271  -13.29368264  102.862332  -17.71528328  209.5562217  -116.9217578  -79.07060714  199.254938  482.3690761  74.38870834  
282.9584838  368.00782  147.1343728  -31.03913674  472.6452646  535.3090709  126.0304089  353.6657167  313.76298  176.1936758  949.3452801  11.3205962  359.303706  309.5420513  -255.5369708  -64.01526902  133.7837322  150.2854359  258.0820349  61.59287366  706.3108783  -39.58082526  99.11663185  -8.525470173  231.2749644  -115.4979769  -72.5623433  201.6570401  485.81192  77.62025189  
291.6514199  392.9758592  143.9480009  -12.37908193  473.9908955  520.0856022  123.1919393  357.6333886  315.8218634  165.252254  984.5942199  16.15465655  354.5207433  313.2329428  -249.9118639  -76.52949548  131.3431067  183.4775434  263.8510786  79.93868879  708.4005439  -37.46308294  98.30670143  -21.67888289  239.9326032  -128.3456681  -79.71124029  180.6220642  479.0559383  92.80845489  
289.7635002  366.5261007  162.4991403  -34.08246572  457.9302022  503.116705  128.2577627  351.4206469  305.7035735  190.6823702  983.2548987  6.905702041  357.5554446  292.4033579  -262.1758573  -103.482589  133.1407707  176.8765155  237.5881681  73.95032396  708.7034743  -29.02540831  104.6580581  -11.54168107  220.9728403  -118.4893899  -91.66679732  199.0916436  464.4287845  93.8734227  
288.0246489  339.921007  151.5800108  -40.65892489  469.742557  499.4439162  124.5392342  356.3963821  316.1931043  182.4214395  968.7077012  15.21086932  330.0765592  302.9197302  -276.3217258  -99.16239952  143.3708444  185.0468627  241.0570756  68.18626583  715.6622369  -18.23659969  90.0499597  -4.001109539  217.3697154  -131.2996476  -92.09409983  180.6884013  449.0612133  105.9017063  
270.3523322  358.3934729  142.8447816  -42.96101774  449.0828254  538.9044959  129.9559082  350.7129608  300.4608586  174.4721227  970.450948  11.94543395  395.649639  298.9503827  -258.3431675  -66.30443929  135.6911452  181.2869491  240.6225035  66.41915126  728.3251384  -2.26490248  112.5349794  -28.66958974  208.4039473  -110.7365608  -73.39017891  200.4658551  495.1575167  82.17634647  
277.6710305  347.9136567  126.0383116  -34.95619848  507.1563629  521.0393715  129.7518589  335.8816093  334.0396944  208.6062149  977.0045246  26.52321003  305.2010822  338.9612958  -265.9787499  -76.8787973  145.641969  181.7426662  285.9887408  94.15770645  712.4080062  -30.25106576  68.28332321  7.436225925  255.7902943  -134.6488996  -90.9545754  181.6754261  451.2729311  110.9787087  
300.6414224  339.7406728  91.63169492  -31.50985783  558.6935647  501.4765227  101.6642061  353.387692  397.642423  185.2552761  975.2582991  35.36129752  233.3960832  364.7523088  -303.2899437  -77.26766422  195.0180779  186.4375359  316.987871  126.0283271  719.3700405  -14.4678937  24.33043981  33.69884648  271.8733356  -168.4421333  -84.70065671  137.4235571  434.1499378  144.8625659  
263.5570318  340.253206  158.8412005  -34.87266191  404.7579713  518.3255582  121.8860597  354.0062504  310.9328606  193.654068  962.1071965  0.9167119367  363.4123879  272.3135731  -293.8666369  -90.79216796  130.6276213  154.4464551  232.8041457  60.2268078  704.3379052  6.510276765  112.0950738  -2.930337499  223.5466662  -135.411018  -77.98344281  202.573767  475.6784269  67.18962284  
259.9465468  345.7331476  103.4685772  -36.7487931  458.0863261  481.9571713  90.08556121  347.072519  295.3217962  201.2178772  979.4375019  11.92195582  265.6767725  308.0641462  -288.1798394  -106.4420495  131.4941488  151.8605868  241.2728699  70.7134516  711.3799728  -34.66057024  75.31238186  16.02827379  227.3922908  -131.4490781  -108.1378436  173.0368826  437.0568688  102.7848322  
259.3508203  354.2696855  128.7452206  -31.22213996  450.5987113  508.4396444  111.2081645  347.9085746  272.6980702  190.4331074  980.3696042  1.934848115  338.248285  298.0942591  -290.9583185  -109.4057916  126.6633503  180.0227508  237.1021174  62.42540653  712.5901076  -30.63006162  106.2976217  -11.47429371  233.0082668  -120.9488875  -81.38973524  180.1896737  463.9372693  86.42598426  
274.6993158  355.6755655  133.0766777  -27.15839505  478.63555  500.4310192  123.6594177  340.1240763  301.9968645  201.8197434  985.0719997  16.84290273  314.6345615  325.2292458  -266.5439607  -100.0438367  124.2072619  153.9001263  250.6516073  66.0915352  709.0551557  -30.16994911  94.70743674  -9.255662533  234.8378747  -118.7228316  -95.98473771  194.6939281  443.1502938  109.6725744  
277.424412  353.7569834  151.8836126  -27.65596475  457.9024371  508.4553985  136.3339992  360.5861833  296.7751114  204.4542359  968.3062922  26.88533765  348.3807523  306.2325418  -271.0492586  -89.80948252  129.0064622  157.1272516  238.48973  57.34135137  696.4683078  -13.21983175  107.862995  -3.857055105  245.653384  -119.3695776  -90.50068825  207.8231629  470.0287929  102.1230324  
283.3194275  366.1895123  161.9290174  -25.53866033  457.5817728  520.9725702  138.5090549  385.9980197  329.2688574  177.4379347  962.8177705  30.63122821  359.8175969  311.7198292  -258.9378449  -88.38889522  121.7369436  169.5352409  251.4269896  64.81911387  685.4879288  -13.91651362  96.04100574  -14.72659227  236.0627593  -135.7847032  -79.09916225  195.4721946  464.8300529  83.80227229  
290.7564246  374.0311421  155.6010157  -29.48644381  452.7697167  533.7175193  124.7755164  387.3237604  329.8099925  165.4238042  957.1120481  21.62411421  370.9578919  291.917094  -252.4702575  -80.14856792  125.2127561  173.0264282  261.5462312  69.92423848  674.1161802  -24.12771066  91.05534865  -21.87390933  221.503131  -134.057634  -65.87206018  195.9257003  464.5623717  72.1436747  
295.4560331  365.5662977  139.9123234  -25.29501982  461.8776093  517.5964614  125.389624  369.3545952  327.9185051  170.2245009  962.9856441  9.981296536  345.6520485  290.3987524  -256.2866666  -97.11345363  130.761012  174.9628792  260.4445141  70.77741202  683.9610177  -33.82804933  92.02470373  -13.40682845  226.8737065  -131.8805681  -80.18287127  200.4662261  452.6559278  85.89592705  
301.8031978  350.1962357  153.3305158  -18.53328143  452.9064263  485.1521857  135.6599266  341.5177654  314.5582479  184.0771096  963.1091974  5.952266238  320.4251099  287.2166496  -266.1258425  -108.368486  138.483065  177.8819252  235.9722701  67.51211427  694.2075871  -25.77101592  89.68576445  2.757239549  232.7731322  -135.61681  -115.6501555  195.0331633  451.7378648  109.0389737  
290.9676904  349.3580308  136.1076652  -23.71602814  473.7672078  503.0630462  126.4723769  338.2194501  318.8434037  187.0653455  959.7129948  17.81073397  316.5454408  310.0330919  -253.8952572  -94.51385232  136.0808836  172.9111177  244.6578663  74.35485376  711.0900327  -35.63052906  75.6436294  2.685775704  228.9514267  -111.1226256  -97.13185799  192.6867707  443.8185188  112.7518192  
266.2421338  357.7941042  149.4475678  -30.75219374  458.5633352  543.4720711  141.797795  334.163878  316.4764369  191.0968974  962.7662503  5.175060947  382.0506008  308.4228112  -252.1050347  -93.45554038  122.3304585  169.4108941  251.7670542  73.5036872  714.1892447  -27.26608877  113.9082159  -23.84365704  210.6274538  -123.0927979  -73.84650787  207.1044315  467.9440205  78.53065706  
265.6088177  331.694969  147.7429157  -37.87944714  453.8920486  530.5635875  139.1879601  333.4829692  305.7589644  204.5828065  951.9345509  3.33155441  353.8527725  308.7096724  -272.0232399  -86.0657716  132.5328162  161.1157925  236.7789623  57.94765908  721.8062597  -14.78281091  106.5338602  -3.837784686  209.3320389  -125.9778149  -97.11433778  207.6336773  475.2466837  90.16997246  
266.0077958  334.7517583  146.2489368  -55.03640186  445.0033721  554.2137235  127.1773316  368.05784  301.1255182  186.392994  946.7805275  -9.592313909  372.7015268  302.1509798  -292.2985315  -69.57549278  132.7172804  158.3329074  244.0525627  53.78482552  719.7188188  -11.05742265  104.6711114  -16.86107564  201.8782301  -129.6289905  -83.58823689  193.4616499  487.1929795  58.69198182  
270.2848482  357.3480829  155.2245263  -56.32594759  453.7808633  558.679396  122.893316  384.15141  317.9345576  157.8482845  948.1550006  -7.799466741  399.4935075  313.1746661  -279.5707757  -60.37504438  123.2914107  176.0808134  274.1440317  57.27414768  698.6756623  -18.32583676  114.710401  -42.24603997  202.5745355  -131.0097046  -68.46922113  185.7486788  480.9786841  38.04804266  
267.4305861  374.4288399  162.0406231  -54.32880633  446.5620633  544.1391492  115.7395519  379.2245502  316.5601419  153.963592  945.3270876  3.238196839  363.4869274  301.0735016  -277.6027807  -67.924721  114.5869056  175.0632601  267.8051857  59.11002465  684.1623616  -40.24402287  105.1548331  -33.53747336  209.4876199  -140.9724448  -66.58097664  179.1953839  468.5455846  38.97937143  
273.8095088  344.3143195  125.2847742  -36.18610539  450.0017978  487.8731581  101.6279135  358.0744335  304.4239965  166.5572957  956.6931105  12.92677493  298.1960216  290.4740266  -287.3358625  -89.35999251  151.7827904  162.2871449  229.9848124  49.27506782  690.8998681  -32.91735213  84.41946141  7.993915249  215.9619215  -138.0066295  -97.55055102  180.136999  459.0387309  107.231164  
280.3572246  329.302782  127.4940921  -31.05233141  455.4116542  475.2925103  111.3154166  341.185101  295.3189401  191.1318468  975.0623462  -3.512372086  305.7004614  288.7429507  -282.8074922  -107.0679261  150.8787801  169.0752178  224.8900751  56.35468068  710.475451  -26.57307646  92.20782129  -1.446698688  217.6477413  -116.3885547  -107.2066485  195.4978329  453.8286687  126.784801  
271.1311827  321.838539  105.121202  -31.27949614  475.1275899  458.7646659  111.6441781  330.1683563  277.5781853  215.0272043  969.4617365  5.917677507  278.3280932  294.2156344  -280.980935  -109.7608632  160.0460923  151.4841538  235.3967546  51.47581411  710.4103302  -31.88788359  85.23054639  23.48843536  245.6965134  -109.0417199  -116.3378611  196.9442457  446.378103  151.0201024  
288.5500877  333.5309717  121.3361509  -21.7647153  461.2162179  480.0114597  120.567325  345.9857132  281.636658  201.41027  968.5817369  10.7778523  302.2825158  284.3924915  -278.3412902  -100.8244296  161.5148899  162.0537719  242.1149206  50.48363435  708.399435  -14.655901  81.55404607  28.32938993  247.4006807  -121.3336785  -109.8449153  194.1524422  466.0654802  133.2164913  
289.8459476  357.7174177  138.254248  -18.87261967  458.3425024  510.0366002  125.3735848  352.3793189  289.9743549  192.3011659  980.3895743  10.65859101  347.494335  290.0093636  -276.8768853  -85.22082731  153.73007  168.2537605  252.5013988  61.77417636  709.0979916  -0.7813209865  89.76445303  10.51060986  241.7254789  -140.116233  -95.3557273  193.3653578  495.7123735  102.1563343  
293.404137  350.5477116  151.6558257  -33.54430685  455.0035691  515.0016761  138.5519183  361.4210009  305.7160689  209.1321471  976.9476534  11.61764912  366.4797508  302.6580339  -282.7802726  -76.76563104  158.8361952  162.0027749  247.3599145  55.83864108  717.9469171  20.96580422  97.37047083  10.48819617  244.8533503  -138.3475652  -95.000754  210.4395723  505.4071788  90.49556423  
282.4916345  358.3473765  149.0285147  -33.73211125  459.1062432  531.069424  139.267738  366.3319499  320.5287613  187.3965934  966.2048026  8.283739814  378.0148971  319.9355675  -287.7518309  -77.87493104  146.9037982  177.7672783  235.2866955  61.70962398  712.543873  13.85047147  95.20069515  -19.62790901  224.259243  -142.0968887  -89.00642734  193.9853232  490.4533678  82.37275357  
267.1337521  366.1457354  150.1458287  -38.03687539  467.2455794  540.0214354  132.6249771  340.2572491  318.0711793  187.6787052  967.1154803  6.433675003  384.8078703  323.5446197  -267.0493799  -78.93504995  124.3107664  158.5773002  256.7146323  69.44517212  714.6398176  -12.99239728  107.3335184  -29.83500348  212.118855  -122.7850081  -81.46038586  196.6260157  479.8852524  69.33258127  
266.2331519  353.7295513  136.7329352  -30.67181383  472.0951595  516.0889597  123.3103187  335.9370489  323.6405717  187.2410816  949.9431353  13.66225316  334.2553054  329.0821763  -257.3194881  -84.03632486  121.1420151  147.9831855  245.3590265  69.29286349  704.7042656  -46.10317314  94.0615298  -19.02248885  220.2494812  -110.3510121  -81.11459275  194.9213992  446.554302  92.04970023  
272.6902953  370.042312  136.304812  -32.31142402  475.956238  514.1136918  120.6723803  343.9914089  317.4398474  161.3030627  950.1577726  -0.7583027349  351.2652542  323.8591156  -256.0963544  -82.90223882  115.781764  159.8955746  256.7327909  60.46597692  702.1794136  -63.96994115  92.83122517  -33.09406078  219.0859912  -94.52175746  -76.40974503  190.5506952  450.2533491  83.46303334  
270.6417413  376.7612194  145.330836  -46.81613531  465.0928698  517.1232192  124.4178727  341.8895448  316.3627866  174.7211406  952.9819694  0.9490881962  346.5918188  319.5220804  -255.3785598  -83.11209431  99.13523873  161.6305404  276.4286736  76.43929519  696.8135685  -61.98361315  91.32272998  -36.2135772  220.4557911  -108.8201547  -76.78182891  190.4253645  438.1035966  61.65346161  
270.5190158  365.9956455  149.8007211  -37.45450173  449.1197246  514.5377555  117.71268  356.2963043  308.7397309  161.3587088  967.0614537  7.100573037  332.6619058  299.9499607  -270.7505825  -87.33008997  122.6821517  173.7311143  259.5679598  66.05984671  685.0000266  -56.906377  97.05324853  -28.69230053  210.4334877  -122.4074301  -74.28826157  181.6416913  444.0838123  70.56552044  
287.2736596  365.7738165  158.6176148  -25.28843063  443.3137164  503.0690114  123.1343903  369.4540755  318.5969674  161.8942464  983.9920858  19.2526472  342.284972  299.8837943  -266.6166746  -90.4187855  125.5276995  193.6926045  254.9315671  69.14090832  689.5468236  -29.7012216  97.35010293  -31.40720511  218.6974668  -138.0791886  -81.0835992  186.7748844  455.0626067  87.92645831  
293.5484657  359.2462825  160.9802507  -18.75006798  447.0090732  498.266859  148.8243406  355.0854737  310.3875562  190.633354  993.5029766  20.20816452  360.6895731  300.1455825  -263.4934552  -89.1538504  140.5867186  183.6124995  259.895981  73.18199757  709.3773566  -3.264707074  99.05401716  -11.6766409  236.1550375  -142.8777948  -109.578558  205.6974338  481.8195124  105.7607043  
274.2206547  352.8033687  148.8760511  -26.60305272  448.0962896  498.6792028  135.3705559  351.3691135  310.5055909  204.7153895  979.8322887  16.63366853  352.7351433  292.2873758  -259.4024046  -83.89971983  148.6341929  169.95212  256.3342512  74.98793242  711.1148823  -2.274961595  95.38742076  4.859450771  230.0707965  -144.1294131  -101.2709246  196.5329441  489.1907949  106.1551143  
264.2868651  344.9752987  134.0255871  -29.31277813  452.5798338  509.7543205  109.0177603  352.3401377  311.4063244  201.1532217  970.7106379  10.33610152  310.5224964  303.9745183  -271.0911283  -101.7810609  137.7631195  159.8229154  234.9767602  72.04607159  718.9347453  -28.05178643  90.15678036  9.818525586  220.3348214  -127.4371743  -93.36902683  180.0283651  465.7584402  107.1531274  
263.3853746  346.7281064  119.4604179  -28.64093794  451.6072633  517.4915167  111.332423  353.8642688  297.0093328  193.2722435  977.5249059  8.543034279  314.9515913  298.1645031  -276.7709403  -102.4991716  139.2918977  171.8173841  236.7409727  68.49444358  726.1465578  -26.85776586  97.05374459  11.06748329  228.7820455  -123.839158  -93.89418326  182.3927221  464.4747811  114.2427683  
257.1872403  351.976966  115.93757  -30.88858537  462.778708  516.0556757  112.6072909  342.4750848  294.3810072  196.8043083  972.675474  13.92757077  329.3620182  304.1489998  -270.0725408  -101.0294705  136.2019024  168.3822338  241.5399236  73.11865031  717.7437687  -22.84775387  100.9025348  -0.5133026236  226.7698615  -125.974285  -87.65653913  185.2432362  455.9970511  109.6325111  
260.4827974  344.4672382  122.0603591  -25.0291267  461.3864184  507.2857981  116.7785901  347.2105331  293.1811065  195.7921904  971.1767023  18.09209943  315.0163121  300.8938759  -276.09842  -96.31200165  142.4229711  163.0971724  240.2299862  58.41527929  703.6140679  -21.95328378  101.1940061  12.51502253  240.6095861  -126.0949606  -90.37406745  190.9640949  456.8849507  118.5996993  
271.9137459  350.0173282  130.1433592  -25.48271545  465.696622  510.9941888  116.1886497  370.2050853  306.9179018  189.1536263  960.0502601  15.37722504  321.3630556  298.2061416  -282.3033587  -89.03551746  133.8414555  164.7670292  241.769924  53.05024329  696.9015907  -23.25473766  94.25942673  10.72511243  252.4181411  -125.6097071  -83.65637759  193.5468449  464.8075934  109.7148123  
276.9866154  366.7743924  134.3245022  -24.47932127  468.7133207  512.3753295  127.9669631  373.302222  319.200769  178.6843425  969.0400606  17.92083552  343.6760721  309.9404706  -265.5166771  -83.30162144  130.3345974  166.7721965  259.7188235  61.22320552  699.7114312  -24.30153996  100.3618242  -4.824399102  254.0082896  -130.7583481  -86.91832369  187.3692074  464.5473039  109.7181142  
275.6005948  360.8887622  141.6015621  -33.90226577  466.1553894  519.962625  121.4268486  371.8177335  302.0838926  192.6517765  959.0186827  22.42268104  345.7113509  302.3967714  -273.7774409  -77.94451595  120.3134605  170.0898541  248.8811759  70.08549325  707.369196  -14.39984848  94.65703514  -2.452165682  242.4843274  -132.4750717  -90.11673269  191.2323887  470.163051  95.78577399  
273.5086096  364.1813372  145.629613  -29.05032454  451.4009762  538.3274461  124.6736438  381.6672887  307.7275812  174.0150222  957.4720962  11.76137446  395.7851306  296.0717987  -279.2720592  -89.22879293  116.0903701  191.2638306  254.796175  73.00560905  701.701771  -3.65966844  105.038924  -25.24070414  230.4332293  -147.6691483  -68.98460783  188.704033  486.7701334  63.317996  
278.7656999  339.460158  148.5137508  -44.50535669  444.5827034  528.9645584  133.0489693  364.4252247  308.4797062  187.411902  945.3160795  4.85429223  384.0327758  297.7133443  -274.4863582  -82.19472049  125.6787007  175.2203449  260.8549202  64.0518051  696.1268807  -1.371542759  115.0744734  -21.591677  209.0159868  -137.029333  -84.63227376  202.7764178  470.8467358  62.01342743  
292.1453462  327.7605442  143.0980236  -49.82772312  478.1408887  507.0034776  122.1736078  351.9052346  317.2672056  192.1329026  948.4079329  4.469100322  323.5153933  306.7251501  -278.0881383  -80.73487204  147.2402364  154.8065272  246.6887745  52.77234292  711.4348436  -17.65496097  88.27217853  0.9904928961  217.0933478  -118.0389998  -91.88508449  191.4835136  455.3086705  97.01525584  
294.3045706  333.1647052  146.1205902  -47.34517419  462.8228481  507.1805753  129.0029455  341.918239  314.4000316  192.4246462  962.2311765  -3.888282214  327.3588156  310.267777  -266.4912621  -78.69314952  142.1688293  152.0577849  248.3825933  54.78024216  719.6387361  -23.88952064  87.58462742  -6.941312897  208.9845944  -102.2381599  -102.0527204  200.6670976  457.705069  98.3259686  
286.9328964  342.2671855  155.2602229  -44.20809797  461.1730649  513.0046806  139.6088928  330.8017981  316.2319966  203.0217228  977.883374  -4.446723069  354.0935355  310.3629045  -266.3380079  -83.28806708  144.7324653  143.745995  265.9656017  56.89521106  721.2364435  -6.483995902  104.7532008  -3.255289679  216.0724565  -124.5004015  -99.0451681  208.4437083  481.0907166  85.01821479  
