150.5221408  416.9720393  207.2313325  -25.28429017  412.0012076  799.7818768  166.725508  468.8697755  473.436164  471.6387263  837.4905198  -50.51910345  317.9839824  446.1479704  -221.8734077  -95.12272922  48.11294404  142.9341519  175.5957446  172.0848529  834.2380327  -66.59215484  -9.581105205  13.59156605  361.2469677  -89.42083117  51.72467862  294.2259157  389.4355634  147.7706889  
150.4751593  420.1354515  207.6847204  -24.7888822  433.2288443  782.7809497  156.2895321  463.078526  473.9872822  478.7663732  831.3399658  -47.16229087  329.3393855  445.1389744  -227.2274152  -100.7643771  48.65188752  131.7820225  176.4269741  172.1559337  827.2652206  -79.71578962  -3.871730806  13.23780596  344.9371231  -86.81345785  35.2773877  295.1252761  383.079731  156.7617039  
155.991518  421.8141035  216.568843  -28.85797788  441.5598356  782.8517046  154.9565734  467.9706455  479.8425612  465.1104888  830.9749195  -47.0342202  326.1034811  428.9200962  -225.1423122  -110.0771083  54.58807652  129.7590487  179.2450968  163.9871791  828.199435  -89.98208495  -9.047120208  21.42636257  331.8945491  -96.1974458  26.4066213  293.8243521  381.6717072  148.8425553  
154.0282405  421.733763  222.7716963  -25.60586986  434.3109437  780.2685075  154.0552479  469.6835781  477.353053  469.2018005  825.2780346  -39.47872864  319.9715038  434.5145342  -233.7650525  -101.9554653  43.0497511  125.6791649  160.9217775  163.8145797  825.8440116  -87.00657512  -13.592823  17.9731271  327.6655162  -84.24698899  25.95358198  292.1486648  384.2986662  157.2827332  
153.0273426  417.823534  219.651814  -27.95094911  450.983764  773.3123286  156.4093839  472.3516523  476.1315966  466.7800007  821.4142217  -44.76168947  332.4187206  423.1550763  -234.4989184  -111.1703167  54.85642525  134.3285326  173.3489575  169.4209365  817.9142739  -86.86869272  -7.307180742  27.75053963  338.3664862  -85.8047256  25.32331221  293.5984499  381.7854221  158.2878506  
153.8476798  415.2431979  213.4112413  -23.35478327  439.2195579  776.6980789  151.2530309  469.5913328  490.2552267  468.7291017  824.9932122  -43.65974646  323.0287706  428.5879533  -232.4071674  -112.7847396  58.00021477  139.6100446  181.4018177  165.0376283  819.7780753  -82.47688706  -11.59770902  27.92125005  323.5225205  -96.18563336  29.47670959  290.6419388  384.9982372  151.0354278  
156.8377446  417.7400994  213.504616  -28.92262085  441.9945044  785.3540126  157.6320608  467.7734332  491.3097395  462.470617  827.5409878  -45.77268506  337.0857601  421.6532654  -234.0791418  -117.0832784  57.39086773  143.0521988  164.4777768  161.3473613  825.2306499  -83.89248437  -13.20600044  24.43600771  333.1253055  -88.59440852  32.10298636  293.9296674  381.1519932  155.2431332  
154.3428815  417.9683613  211.5071218  -21.10438549  435.5517926  777.6343528  149.8705508  473.4021992  494.1792375  464.631805  821.7696155  -39.81715129  325.5614223  431.8394435  -230.6066626  -108.1561455  54.15989221  133.2826976  188.8824045  159.4781745  824.3630439  -84.39551723  -12.47112421  19.64377459  327.7994811  -92.15659839  25.19023228  297.4928461  393.2808865  150.6377826  
159.6425194  425.2074801  213.5956136  -26.01234772  439.7163446  780.5414649  162.1873031  467.0686158  494.5310686  454.6646612  828.5068347  -44.06718104  329.3000106  426.5763499  -227.1209751  -104.8532299  53.76530321  127.5026938  178.1444708  162.6308223  831.0179281  -84.36378097  -13.65318516  10.77679448  330.9490661  -89.3967723  20.02441179  298.9774084  384.6806701  159.8256996  
158.4505247  420.3283987  215.8348044  -18.45313892  458.8726444  769.4765884  139.6091724  472.6569364  495.9232458  471.3588886  813.4034798  -34.02013979  348.0451404  415.5124564  -233.2949148  -113.8507049  58.4641845  130.7346951  186.0075747  157.7230168  817.9236513  -89.46059446  -6.866564266  30.96817134  326.0808488  -97.98966641  10.31098811  299.8649902  382.2688337  165.3467412  
156.2894306  423.8099416  216.8722806  -24.26585845  453.400497  772.1757942  153.989016  477.5722962  503.9797134  463.5983818  816.1384066  -35.20099264  338.6017688  419.4393652  -228.7677594  -106.6542637  62.90822257  125.8601977  172.0792658  156.7299942  833.9005142  -92.46896859  -8.444257069  16.28331926  322.272069  -81.75125655  11.33741995  296.4388847  389.3416631  170.0385691  
156.5774627  420.7860183  213.8967305  -22.93688704  450.5710132  778.1183844  149.603635  482.2883612  506.9860151  470.1535412  816.2240027  -31.36332236  329.2166882  419.4728353  -234.8665983  -105.3117523  54.31708999  125.1092776  193.6440263  158.1307693  825.5403491  -85.15233676  -11.75354025  28.84551734  318.5881139  -98.81240773  11.55095293  299.2929585  389.8902329  159.2190165  
155.6000245  421.1747015  217.669554  -20.82727227  446.0407115  767.5849235  153.7232262  474.1177761  499.2695949  462.7704348  816.5350239  -33.9416319  331.5509694  422.3703393  -234.8579229  -100.8878134  55.32875433  120.7052145  178.2908032  163.511389  829.188878  -89.35079816  -10.32974609  20.21695829  321.7609866  -98.63337014  8.549458706  300.847817  374.77092  173.9198351  
158.1065913  425.6378596  213.6961645  -23.11874558  449.3179857  779.6817299  151.1586117  471.6680368  520.5122753  464.0657996  818.0051058  -36.94437075  328.2234816  425.3783411  -234.5674903  -104.9289512  57.00722362  136.2217815  205.8583315  157.4477176  825.176411  -91.73418785  -16.52995427  23.58711936  307.7538385  -106.0469233  7.195100493  301.8289881  381.3746772  163.003938  
159.4151428  418.4610229  213.744052  -16.52372739  447.7172943  777.5123156  144.463311  475.5466377  506.1111186  469.8924861  817.6872606  -34.0981801  337.5232322  416.6116552  -233.7956994  -120.4271672  60.18950345  146.6945587  187.8605756  159.8940971  817.2206506  -84.62803908  -19.40477205  35.24138583  316.8703825  -98.61784183  18.08071299  292.7631194  389.7831989  154.3121565  
158.8600026  425.4404311  204.5605805  -14.909544  440.6050769  779.920722  149.0866449  473.3073195  497.4559198  472.2722271  816.5178393  -32.50712381  331.7237755  422.9892415  -236.3936044  -116.2498591  50.50433809  144.3934919  187.9928415  161.4582695  821.0156199  -76.14792979  -6.975437558  33.90690606  326.1760537  -101.5959559  24.18614112  292.9128149  390.2529266  145.9234504  
155.166562  422.9942923  211.1154258  -15.29191607  437.6953455  776.7372649  151.9267832  461.5360146  484.333838  469.328016  822.2770179  -35.78117512  340.2437312  430.0648143  -239.0350017  -106.8058175  48.704508  134.2585723  171.8892926  165.4070396  824.4925198  -77.14893367  -5.8419993  20.17651444  336.7671376  -83.76098209  23.64059256  295.7629657  376.187206  162.9055577  
162.6172406  415.4897133  215.4057009  -13.21682026  429.4179677  759.4562915  152.4262075  466.7490413  487.8044897  470.0483001  822.8598538  -27.94031827  346.4685946  415.4965006  -239.2742176  -109.8529825  56.87290239  136.8580689  162.8258215  164.5029666  817.2868346  -80.71503705  -8.832169787  37.71541094  325.4536526  -101.3311696  17.29145596  292.3758009  380.1690014  156.4870575  
162.6115485  422.3168844  222.2064226  -17.19498878  448.9664996  756.6874105  150.8356762  467.1985927  482.1475022  469.8258573  822.1035832  -28.98315089  343.9303635  410.7419368  -233.2174982  -109.6026509  60.62202324  124.1244617  172.5835756  166.3357543  824.5170867  -89.78777468  -1.72159846  33.33051605  325.6499852  -93.75682561  12.19583757  292.2597553  380.4638506  160.9914463  
161.0384059  416.347424  219.4145774  -10.4758997  430.6276336  759.8916951  147.1196864  474.025817  494.2607908  468.6445263  820.1100054  -27.09337895  340.8787852  419.9662989  -231.4755528  -115.7457743  66.00862045  137.5113451  182.1526117  166.8628697  813.4550681  -84.98102334  -13.39210371  43.27918255  323.2055075  -103.2596716  15.64571379  295.004198  384.9691438  149.7652939  
157.7782651  418.1808497  216.4069209  -20.3535787  441.7446942  767.599706  155.1888872  468.0611525  494.743584  469.913181  818.4973803  -34.74824228  342.061264  422.6055251  -234.6835952  -110.6069187  59.58508498  141.498796  172.1276026  167.5143053  812.8511911  -80.0153707  -9.605755297  35.14127668  324.9838538  -96.21601412  21.01800852  293.9511282  383.1125142  159.8181389  
156.6806978  419.5317491  215.8258286  -25.70964487  427.7388139  779.1504199  160.6883454  467.7809  482.1982735  467.1879068  831.621864  -37.53139718  336.1998393  423.1247472  -227.6862745  -103.4483376  46.55758412  136.7078755  151.0067247  159.5917899  824.8133022  -73.61899572  -4.946784086  13.64729926  339.5990336  -93.24162775  37.98899053  295.1993863  383.0550886  154.6605029  
157.1929469  414.1898377  211.2985735  -18.58740844  424.2392019  762.2960034  155.267312  468.8901976  489.2015383  473.2543365  828.9124723  -34.88607082  330.8283674  425.6829483  -231.5390699  -113.718588  53.5722307  138.1752647  168.3995289  167.1617988  819.7721345  -79.12703351  -16.04455771  24.73423415  323.7761431  -91.84788832  32.00439206  291.4203482  387.6013938  150.2289538  
162.9985278  408.8722694  214.2179035  -15.53458031  428.659092  764.646133  153.0110327  466.3538749  490.1366507  471.3845711  820.7885746  -31.48853161  341.9057679  415.3827182  -236.3698823  -113.0539845  55.58038246  144.6212397  187.0719928  159.888792  815.3846345  -76.79476754  -25.67489854  35.51973486  323.537137  -106.4571006  27.10321678  294.6882463  385.2715662  148.602215  
162.7169428  419.0421959  208.7655964  -8.971354309  431.9733676  767.7860297  145.0376149  468.0982842  508.3050786  474.9797348  819.5768245  -28.63553332  341.4347647  418.5606981  -233.2771377  -117.1482641  62.90413462  143.3897447  202.0218842  162.647424  821.3494345  -86.04166455  -16.59619391  37.68321071  317.5539695  -114.129276  10.229194  294.1435073  390.3019513  146.1299997  
161.2404227  415.701866  201.6308741  -10.18390634  434.5487684  774.2841326  140.9462947  472.1570074  505.4055153  475.0933  814.7481815  -34.56486854  337.8438728  434.3976441  -223.7625482  -134.997721  80.17311171  149.8800731  221.7204546  172.5484321  808.4786336  -92.74501048  -23.36497786  51.00609673  325.0340772  -106.8693733  10.65915043  292.2154267  404.5930132  132.7205683  
154.1038465  412.4337915  209.8174161  -17.88553967  430.7268774  780.3787846  151.1331754  477.9904865  512.8091095  462.9817902  824.0547456  -38.87372983  324.9476413  433.3690671  -221.9858566  -123.2091657  73.18423396  142.6051115  192.7324495  172.1194203  816.8273666  -94.11399265  -16.90957064  35.07237407  323.9073888  -101.393996  15.41608838  294.2642282  390.7128918  148.5592534  
151.2086397  414.6653456  214.9245896  -27.21612361  439.7765591  791.3499307  160.9938709  473.2438748  501.3664607  465.6440001  816.9905085  -34.80959948  321.6820098  437.0728598  -233.1537456  -104.8424232  53.4229995  147.0291818  178.7425081  164.3991288  818.3531736  -79.54570959  -6.673830298  29.63105503  329.4950196  -93.89576146  29.28359599  297.7007378  384.4275506  153.4001012  
151.3039462  414.4485844  223.2568125  -29.43286787  447.6109787  776.9513521  155.4125584  467.1371778  483.8974838  462.3701773  812.9182783  -36.9467477  328.8607414  432.9950337  -228.0885411  -105.4064906  61.27244383  132.6230084  176.6292907  168.3562702  816.3603774  -90.07087546  -3.236796031  18.50017825  331.1175731  -79.26789069  25.42035151  299.7834778  382.9442783  164.8954887  
151.0971968  417.9204888  220.9329231  -19.61164741  436.8875711  771.1155501  144.6915261  470.1644211  486.2096536  459.2121706  816.3847869  -35.42508727  328.0006144  432.3295544  -227.2800072  -113.3727014  69.34132708  123.8368695  179.0893896  167.6568654  820.7194885  -91.74817231  -9.788104494  16.98385692  317.4154941  -90.7240284  21.74057893  297.2294431  382.1776955  160.1842009  
153.0296131  409.0210331  218.5160726  -31.97690825  453.0482295  765.4785707  154.6737434  463.4487872  466.8421485  461.5028013  821.9706709  -46.300351  344.3970334  423.3980208  -220.3899782  -111.5419657  66.66179877  124.4967995  174.50909  165.6927781  825.1047338  -89.80298143  -2.207117642  13.6271543  344.031385  -80.35165189  32.69691501  296.4500591  371.6682569  165.7393421  
155.719733  413.764879  221.9552645  -27.19046117  450.0165952  759.9302731  151.9547948  464.1809719  480.5916564  464.1753534  826.437549  -32.98720477  350.1747209  415.985993  -223.2279541  -114.8173417  70.87328904  122.6572852  170.9774043  162.602417  830.6298862  -91.19404372  1.491497648  21.0559083  329.6744269  -88.0785403  17.56362132  291.2412293  372.1513617  161.2033915  
156.6603949  412.9076865  213.4295662  -20.5157252  445.6667984  765.345576  142.8469887  467.3408445  484.3729193  460.1767907  826.6635406  -38.92478731  344.3478468  417.9507195  -219.8804285  -123.8239545  67.9679142  135.073581  195.3968653  160.9710314  823.0118437  -92.73849445  -9.64697518  27.08976272  327.8702097  -89.95895994  19.28870494  288.4364787  390.3481951  142.5424743  
153.5376144  423.0044531  219.1911264  -24.71541174  450.6180024  781.8266156  152.8577575  467.7003714  489.7062879  460.7306325  829.6637179  -42.45689871  336.1762565  424.7039067  -223.4389832  -113.3860925  61.98146913  128.6770749  166.748032  159.6256022  831.9573329  -89.62265795  -8.066507568  16.13130523  329.6567451  -78.39397536  21.05844613  291.8820071  385.5023465  161.8349294  
152.1393236  417.2498001  224.2774852  -25.59966886  444.6959568  790.7310167  162.3918523  464.1061676  488.2022703  473.6331685  827.7606359  -38.42202271  331.2215215  430.9720613  -239.0825636  -99.91081243  43.68611751  134.4426105  155.0270044  162.4847357  834.5337063  -79.85618425  1.2206762  21.68621544  333.7045932  -92.71013568  32.42814106  297.9989796  374.9844506  165.6386433  
153.9417669  424.9042413  214.9001837  -26.36430309  447.4355605  788.6352956  153.3993183  474.923174  493.0406652  468.4749394  828.5738809  -41.84836845  328.5140189  423.0237448  -231.9414744  -108.542691  49.54984537  132.7486251  161.5003821  158.6122266  832.7050975  -79.43951523  -3.781841041  17.89769477  332.6407653  -92.0266652  28.73980231  296.7840368  378.981721  159.3377163  
156.3030289  427.9041803  216.0091241  -17.98893013  437.8086125  787.9468493  151.1383922  478.0851277  505.7950744  474.3616303  822.6183808  -38.76728327  319.6733294  431.7072759  -232.2868993  -109.3229085  52.42629801  131.3081828  165.3908515  164.1423837  827.2564961  -81.91743364  -16.38880427  21.62502814  319.3627753  -100.6790171  21.18466965  298.2824195  385.4374992  158.1687966  
154.2880909  418.3492973  216.5215475  -22.39363365  455.9213796  779.6377746  155.3636998  474.7562483  497.2864027  471.2451029  807.0182915  -39.97384346  332.214563  430.6663415  -230.9304145  -112.4204449  60.65035116  138.4508724  174.0027393  169.6869631  819.3810745  -81.83542889  -6.557515426  27.66252354  330.3779177  -85.51950935  25.12284567  299.5383383  389.3941428  168.7896422  
152.9446397  421.5235315  209.8459372  -23.6137903  442.7589238  789.8487479  152.1340382  469.9797435  486.1858832  471.8313873  814.6443918  -36.99192548  321.5234655  438.3502004  -231.3999172  -103.816895  46.5589921  135.5935371  189.0216102  163.1697701  827.4061664  -83.86613714  -5.508610879  21.06127273  329.9715144  -88.03999379  28.26588488  297.3305111  389.3811166  154.5377597  
150.1859557  425.575287  206.9246533  -28.23863734  451.938962  790.5551627  154.2355842  465.3048169  476.6009279  473.0428488  818.7167885  -43.3474034  328.2756022  442.1282864  -231.1441464  -98.56333426  42.66492995  134.6493063  188.996814  164.1166458  822.7276974  -77.41794753  -3.621735288  14.08346733  340.4890785  -83.09663092  30.54734365  297.6584274  388.3903123  154.5991677  
152.3424898  433.3391637  202.8582116  -21.97074067  440.7335309  791.9993962  146.5455277  465.507184  477.8923936  468.300671  821.3836117  -39.70823848  320.7082755  436.9265898  -226.7299152  -100.4951801  45.60229722  126.6789503  188.0082277  160.2245368  834.4102869  -88.78298775  -13.40275269  8.914020015  331.7891876  -89.15098889  22.94093812  297.4749119  389.8731038  153.8104176  
151.1447151  427.6367185  206.5378808  -25.76712541  436.1701626  785.1183419  151.8667936  467.2912281  478.3302012  465.9951  826.0110024  -41.62282986  318.4365463  440.661225  -225.3821042  -98.95082384  42.77080775  127.3831035  183.7622017  157.6197547  830.0053282  -84.63743234  -10.65050316  4.908781369  336.2523259  -81.18834385  26.59059455  292.6544985  392.4304715  149.7643843  
151.6443852  426.6414355  207.3834554  -26.36206862  448.2412598  786.4447277  156.5089941  465.8096125  467.338407  468.1978803  830.1536802  -47.79101572  325.3505078  433.3960636  -220.2961073  -94.27761721  37.12571282  131.3407519  189.0788221  161.4055788  828.5597241  -77.40819951  -1.89707322  5.813792924  352.4546392  -78.26415909  35.75179342  292.2485523  390.8864992  151.0661711  
154.8388403  415.3177379  216.2836531  -30.8120858  434.1011716  774.3418156  156.6111577  463.9247658  469.045032  459.0015168  821.6043737  -39.24996859  323.8018895  434.5213029  -228.6695586  -96.74663113  39.97645037  130.5394607  179.2356248  157.478456  824.9342961  -75.52778346  -9.707101383  7.977865863  341.4545354  -83.45226477  30.60501858  294.5146163  380.2172477  152.3220158  
157.8480898  417.4104913  219.4476347  -31.62765183  446.6330195  778.2536927  162.2795386  461.2451929  471.3741939  459.5019951  824.2938149  -43.37612225  328.3048278  426.2236039  -225.7017225  -97.45554445  43.73027527  133.7686213  166.6592094  161.0631126  818.7395892  -79.00985127  -3.386572733  4.441611279  343.2012837  -80.38938659  29.77050911  293.2112507  379.5482199  159.4112527  
157.7504585  428.8417727  212.9947957  -24.77519586  446.0503371  779.6341286  155.7726744  474.308391  491.3093877  463.5909716  821.2830238  -34.81085619  324.6165913  422.5081026  -225.1365992  -101.2873202  47.38865636  132.2060269  192.4321125  156.1735414  825.5763151  -81.57532644  -7.550898036  14.53852512  330.6575459  -95.96435187  17.43320057  298.1788147  395.9199802  152.5777088  
158.5510467  433.7353939  214.9513065  -21.44298956  431.6790722  781.8503499  156.0654702  474.3473108  486.5571103  463.2088918  828.2864943  -34.22665017  314.1253611  424.9700536  -226.0788035  -100.5402576  41.64438132  123.1811281  171.6295725  156.974963  828.2671224  -79.08980972  -14.93965679  14.85649646  327.9773111  -93.03162006  21.64915582  291.6295255  389.8162131  151.9224166  
157.4031423  436.7942083  212.5383585  -26.45615573  446.1840524  780.1275665  154.1481102  470.6155048  483.3596799  471.4959929  823.9603877  -42.43115169  328.1659423  429.0412969  -235.0460786  -97.75683548  41.48459421  122.1097286  184.1943586  161.7145303  823.1879873  -88.10312736  -11.5778466  11.1928692  337.6211522  -81.71575262  19.72856494  302.479059  389.7728009  167.8693868  
154.9558501  428.8528709  213.8620732  -26.16294304  451.3818393  785.8317099  158.1444961  468.4637924  497.3460757  474.4584183  826.7479739  -45.21417045  339.3406606  434.9518569  -230.9051798  -101.6005788  54.52377673  129.6527578  175.788483  162.3339141  822.2954821  -83.8375948  -13.05250002  13.79072139  333.9561074  -78.73408011  24.72909716  298.9451688  390.8446384  168.615436  
157.2538104  417.4199023  215.8533894  -24.61276217  447.8200791  782.2915904  155.890694  468.6255261  510.0759114  468.4214602  826.603525  -42.80621195  337.73215  426.8778892  -231.2917698  -110.4007307  60.85763291  134.6609397  180.0087636  164.2748951  822.0320436  -83.78408947  -15.47417791  26.07585106  319.7810744  -96.32661537  20.59257222  296.1077567  389.3645282  160.8949557  
155.8296902  426.2582594  218.1408587  -28.90701677  448.6047941  783.2857764  151.1641922  472.6715081  493.7036399  473.6706887  824.4129061  -38.36139773  328.4403824  418.0072219  -235.4472749  -104.7383538  52.72780852  123.2645142  172.5299139  159.3116236  838.6458488  -90.526093  -7.111484637  24.79317629  318.7360841  -97.75359002  12.77269848  293.5384723  386.3524205  160.0265271  
154.9853061  419.08921  219.3290008  -23.55423912  442.3039005  787.2847982  147.0208274  472.7095399  495.5560658  470.4896912  825.9030538  -38.51482851  325.6713215  428.8738717  -236.7680652  -109.3474449  51.148376  133.0499462  175.4404336  161.7261523  829.6022105  -85.26810147  -12.82208488  24.13692438  323.0414583  -95.8233156  23.69168695  295.8092294  383.9214677  154.0132445  
156.3774709  421.1558154  213.8815821  -24.7060658  446.981778  786.1789604  153.5380018  471.0920758  494.0204593  475.68593  827.700776  -45.79092111  337.2786365  422.0892295  -237.7849589  -106.1056801  56.49498291  140.0267852  180.4817519  165.7440839  828.1283596  -80.9957989  -7.849338687  24.36379844  334.2520844  -99.33045915  28.86087196  299.1369543  383.186788  162.8679807  
154.3514808  423.6186957  213.806939  -22.79615596  439.1754494  789.0274034  153.1267396  475.6637682  496.1397827  470.2030292  831.4811209  -45.33985576  328.7970305  427.0582272  -230.6151502  -109.5675387  58.5213982  138.5802134  177.624104  162.9293705  829.5958565  -77.7816291  -9.997501858  29.21854197  332.462828  -99.7993347  29.49205615  295.6899954  388.272534  154.3654135  
153.9278088  422.0203718  210.8233927  -21.7023868  433.6848123  783.5100139  156.3592891  473.2807707  496.1071007  467.6940489  829.9233993  -43.10026388  329.3927988  428.6345768  -234.1768763  -105.826586  57.92823386  133.7938828  170.6366768  165.403853  832.1389927  -79.89185752  -5.040937145  25.94369936  330.7622084  -97.09795955  28.50696424  298.4201165  381.5339377  158.5495236  
155.653493  420.1920206  217.8927321  -19.45515955  434.3788551  779.6924346  169.5139407  472.1865471  497.564575  470.5781876  824.9288857  -39.08871893  336.9158573  429.1176797  -231.7342768  -103.1832394  61.03022706  137.8979402  155.7671566  170.5234478  825.9772431  -77.02497976  -12.4672087  29.68796214  328.9285823  -102.7458984  29.21505312  299.597787  382.4142981  165.0613499  
155.0468268  411.7647437  218.8600344  -25.5311824  434.8669629  778.8018407  161.2343954  478.8918557  513.0425082  472.0494797  822.5482633  -35.20853514  329.2251682  430.4228145  -239.4628575  -106.1689857  60.39272893  134.6503843  174.989032  166.6336475  827.7863253  -82.93436178  -13.92261447  35.64859634  319.2367301  -98.47340162  20.53023853  300.0698358  386.9814207  162.9348749  
155.8326817  411.8875541  213.5671628  -22.92795834  433.2047308  778.8691148  153.6407952  476.6620335  508.863718  467.9354101  821.977303  -43.95462512  323.9888336  428.5174291  -240.9295208  -119.6789601  60.83935505  138.2794527  182.2141903  170.349769  818.4230479  -87.73614397  -21.17287128  45.05843836  320.623726  -97.12932853  18.74734864  295.1252412  390.2000477  158.153144  
156.4158729  415.5298539  210.4901841  -22.50959072  435.8191727  768.7652855  150.9227552  472.5035961  499.706426  469.6748441  819.7576151  -42.3730819  340.5763691  420.2749525  -241.8213761  -119.2278897  65.68367332  139.1469192  175.3685762  167.2880864  819.5927574  -87.24378536  -14.46682568  36.27747256  326.7362644  -97.03043355  20.97227445  295.0341912  377.9072908  162.3134522  
162.4215445  417.1960203  213.0233396  -15.92955826  430.4171635  771.0359385  144.0909293  471.5917086  496.2471702  471.9092073  822.0129138  -37.68418294  333.5879543  419.5014533  -237.4750767  -114.0828829  63.75029404  133.1134051  163.399352  166.7828881  822.8710393  -83.75548526  -6.310873272  30.93930978  323.69764  -102.5294093  16.84975622  293.9829362  375.796216  159.3251032  
158.5707595  415.2585865  210.0970923  -22.28181327  437.1896908  769.1230551  151.26403  470.8289616  487.1630965  471.3336981  828.4474676  -47.07875444  349.1405519  419.8945782  -228.3356297  -111.7034636  66.85527307  133.8732321  185.7485022  168.5383525  825.932509  -82.86856509  -4.414904333  26.48911466  343.4958153  -102.0045655  25.12333468  296.0811886  381.7164216  159.0368001  
156.9850065  409.2947934  218.5069664  -23.94975262  431.319371  770.8175733  158.6053996  472.1031905  501.2307811  468.5660189  832.3343315  -40.95191862  335.0965828  429.8417496  -232.9794796  -106.2566519  62.83873957  133.6674688  167.3934736  166.8600944  819.7280227  -78.86955924  -11.75454466  29.87268394  333.9205293  -99.88793969  22.37428967  293.8824895  380.4509015  162.188108  
154.6335044  414.4907478  209.7667545  -24.88449971  452.4398938  772.3996393  159.3229888  476.2045467  506.6332785  464.8665642  817.6163513  -40.86398918  335.6274863  420.2774432  -233.893999  -113.7571128  68.34202004  143.2928709  187.8900833  171.5277798  819.668693  -90.85257843  -12.41599813  38.55551008  326.6072953  -96.99598607  19.25520951  298.0859013  384.9765692  163.5774735  
152.0062935  417.5212224  216.2814778  -17.82851395  426.674509  772.2560567  146.024152  480.189186  497.1585566  460.0589944  819.9969373  -28.42050066  318.1435417  423.3318362  -241.3785299  -110.8892342  51.89431688  131.3259878  166.2822606  163.9382809  825.6633552  -95.1044784  -17.37739904  30.47099978  313.5337917  -99.44406525  9.214051626  291.4245122  380.4970965  155.6467515  
148.527085  416.2077261  211.7769739  -25.77646008  453.3312293  777.34834  154.2363722  474.5905219  493.8106098  469.2577309  819.3889057  -41.68202174  336.8895261  422.487355  -246.750988  -109.5398037  56.566136  141.3822195  180.3057529  166.6747712  821.1126516  -91.15919038  -10.8285763  31.85775195  330.2978452  -85.84714835  16.68199282  293.6180759  374.095074  163.4249469  
153.5388469  420.6828225  210.9414886  -19.57039418  431.8997332  775.9606787  147.0595088  480.7795455  490.9060756  467.7063913  818.475203  -35.39340109  330.9767083  418.74316  -239.4227636  -115.991244  65.59258025  136.3303379  173.4547941  162.8825412  825.8908782  -90.57739663  -15.87809513  34.52774411  324.5636309  -99.28234371  14.97807653  290.3791069  384.9575573  149.4093802  
154.0752549  412.562621  206.1612742  -19.82514963  435.9172516  773.3227579  151.2001026  474.7225076  499.3915102  460.184092  820.6891786  -41.42608397  333.1598319  425.8609406  -229.1859489  -121.6920364  69.6066892  142.4463582  178.6663079  165.8845024  823.1893378  -88.45417302  -9.349653324  31.3083595  325.1458609  -95.65531178  19.5174213  288.8033728  383.4954986  146.1231359  
154.935957  412.1846867  211.9703123  -26.71105513  441.3900146  766.8712856  159.3662232  474.4976374  499.1774652  463.2535293  824.6761826  -45.46022303  339.9263667  426.3347365  -235.781723  -114.2034044  62.43614059  142.4293018  188.2217188  167.0357203  824.5496472  -84.37402937  -8.424986887  29.45193697  328.1681731  -100.2066106  24.71683148  293.7147172  372.4960377  151.143602  
161.2110663  415.4854909  218.630289  -19.14406957  448.861811  760.793342  151.4506784  478.2685474  506.0049137  467.47626  821.2448403  -35.71751424  327.696076  410.7204326  -233.3850521  -118.5778163  68.06765143  135.3011836  193.0347355  162.1890131  825.8087689  -91.31578154  -11.16170056  46.9372415  305.9641105  -116.446219  14.12550856  291.3539412  371.9547143  150.7882758  
160.3243556  427.1899778  217.0717874  -10.36306578  453.0121972  764.1759734  150.0124871  477.4857073  491.0232186  469.1749581  817.3212624  -38.67375982  333.9149813  416.9092535  -231.5239061  -110.6356935  64.41524556  127.4532766  183.92979  167.7403672  823.3285361  -81.6973916  -3.557390355  35.75189615  324.6180583  -106.2546671  15.49076472  297.9273364  380.4681429  159.9085401  
156.5607104  424.3371646  221.3438794  -19.49916873  443.1582575  771.022106  151.7471744  471.6978362  470.2505429  473.9508062  823.2998087  -42.45353681  334.708227  422.3589787  -229.966058  -106.7011006  53.4261997  127.6933256  161.5387979  171.2508162  823.9005981  -74.12627808  -2.756753477  22.01398845  343.5444471  -90.35508315  38.2093512  295.631593  373.1418434  162.0684677  
160.1268139  426.2611566  209.8651375  -13.90755103  430.4945193  772.0213448  141.4409798  471.3827753  479.5767902  474.0541113  824.545304  -38.96019538  337.3085922  423.0734384  -231.7405429  -118.1159012  54.26025611  130.010548  172.9531066  166.9434332  823.4881121  -82.36497017  -3.433632261  29.26504445  335.3958469  -104.2729543  21.29105875  293.2179177  381.8661189  148.3100841  
155.0281386  421.9575493  213.0548382  -23.80178185  436.7566091  776.0786435  150.2793017  459.9745339  465.7908881  473.4594716  822.1418572  -44.43038971  352.7393649  426.3880102  -232.3415216  -107.5077265  51.97164066  128.5592383  166.5433117  166.3093647  831.7039429  -82.76001676  7.117360787  16.67715095  353.6030433  -91.15149689  24.96952523  294.0437134  372.3257066  157.2571854  
159.1967312  416.412623  216.4759061  -22.4144466  427.2605476  778.6031893  150.2772853  465.6499507  488.1361403  471.226338  823.3016667  -30.29646071  338.6776235  425.8046967  -229.0210971  -107.0624984  55.72036555  130.8377967  170.3466668  163.0870744  829.7221613  -87.95945669  -5.011054842  21.5088492  339.5914059  -98.27075613  19.01460863  293.5323794  387.1845556  153.2695229  
155.136565  421.7686621  214.087184  -20.13026408  445.7848492  785.0301417  159.6797787  464.1821162  482.311101  474.5592644  821.0970294  -39.8539967  334.6431821  434.2986001  -217.1038426  -108.1077271  58.67467863  143.9536217  180.1142387  172.1646011  819.4452814  -82.97004062  -9.991523781  21.89138692  347.3098856  -83.78371891  32.90105819  292.0099386  395.4403038  152.9130652  
155.8180753  413.2580738  224.220592  -18.79892043  413.2552602  782.201529  153.8799684  465.3952891  462.0927282  462.2698266  823.199941  -32.83926416  311.3429959  435.3687591  -229.2747566  -97.05638965  37.50268943  124.3526602  147.3367526  166.754685  830.3087943  -82.27677984  -10.05139484  15.88282249  347.498899  -85.91807819  30.9936233  295.16552  383.421772  152.0264369  
154.1487628  418.248757  221.595482  -22.52352202  447.2774325  768.6618266  155.9015273  456.9714828  469.1734316  462.6745329  815.1230728  -32.09073737  345.0271307  426.9503002  -233.1926146  -104.64632  51.66726549  140.1785239  166.5482768  163.9003894  819.0795724  -85.54697007  -2.696820119  21.92373589  338.3999377  -83.05332412  26.31668254  295.0081658  377.0174707  162.0963957  
156.5778089  421.4077488  216.2195679  -18.33275048  433.8602635  779.9037343  153.9023756  470.4876317  477.362396  463.852808  825.9051088  -30.44838109  335.2465041  426.7919246  -223.2703636  -115.7831192  53.04393072  143.7560554  160.5080757  163.7660713  817.3204214  -84.84519337  -7.12505969  20.41995466  332.0433569  -92.0831868  27.75907698  288.9217458  393.5397289  142.6185244  
153.5478456  424.5946797  215.3314414  -31.72259762  443.7105016  782.3244594  162.9558114  468.7127789  473.2732578  465.6033112  826.8686384  -42.51747939  331.0919451  434.7744435  -221.7991127  -99.60450112  44.53088604  129.7048458  158.4446614  161.2585937  828.3557963  -78.12679137  2.227012836  9.434698253  348.6073903  -75.24593732  40.08451263  297.0515481  391.8143685  155.9276656  
154.8566353  424.2493472  215.7619963  -31.15245717  446.5942655  785.8585855  156.2583356  460.6843876  471.6425336  461.0628118  826.5068253  -42.97353323  326.9551012  426.9850046  -232.3712168  -99.70677072  41.63638812  127.2853617  180.0364033  160.0203903  826.4658264  -83.2940156  -5.755894802  16.34379451  335.5880602  -84.73101358  28.739251  297.1170003  381.3602261  154.8949417  
158.941283  415.7953803  220.3300431  -21.46586805  440.8485445  774.8268222  148.3002883  465.5914731  469.7658504  461.8566693  819.3746856  -38.50384466  334.3547975  420.8642332  -229.4106619  -106.6380027  54.54546407  128.1341698  162.6219114  160.470383  824.1011304  -85.71844836  -8.178691633  21.49632662  330.1145119  -92.12660322  30.50931909  295.0274324  373.3356185  156.6775136  
161.6104807  412.6184581  224.3542358  -18.55405824  436.4969779  768.3925578  152.2277623  466.553476  484.8517599  467.4536551  818.5435117  -32.09953336  339.7388357  415.7712441  -229.4074757  -106.4458677  61.40710547  137.4912158  159.0709834  161.3153297  822.5157291  -83.02113189  -1.490430696  31.77565458  320.4954775  -104.6526154  27.0901707  293.6971984  373.8154274  156.2974501  
162.3838358  412.2351194  223.4204566  -16.97834125  441.0574249  765.8753057  154.6262104  468.4027535  490.2809173  465.8301251  821.7919633  -35.72144969  342.7053528  417.4106267  -227.0389274  -110.9289153  64.51518859  139.0472193  176.7937016  160.8762016  812.1175273  -77.6597374  -11.21186  38.14963969  321.525684  -99.12911278  22.74873936  292.2157302  388.1614738  149.6330148  
157.767485  418.2304599  221.233367  -20.91618306  436.614362  771.0303793  145.0129726  472.3458643  501.9648332  460.1596628  821.6007456  -34.61696992  331.9163777  423.3656446  -233.8117739  -109.5329671  61.43476394  129.0099073  174.631555  158.0852271  818.663839  -89.89687082  -19.02886623  26.52293269  310.7933736  -93.24447066  11.65060175  295.9676228  385.6896537  160.2930638  
155.7889826  418.5875447  211.8352875  -30.30393539  446.5803973  785.4334362  152.7580156  473.8020875  510.7729334  466.4115139  822.993866  -43.07527267  333.6654202  427.1885838  -236.4770324  -110.5003932  55.21456501  138.8006781  195.9656702  157.5146723  823.6820132  -87.51275508  -16.19821834  26.23991235  319.1638847  -98.70485557  17.33035893  299.7771872  392.1176171  152.7774376  
152.2631811  421.1493974  214.3589245  -32.98225972  446.470336  790.3924  153.381591  470.9764538  494.1357979  468.2623192  828.7727548  -47.95179504  320.6563665  429.629719  -237.9773075  -102.5500383  45.80888465  134.8806088  191.3839626  160.7252577  830.6767496  -85.55007561  -11.90409085  22.42033732  325.8579999  -100.9045161  32.04881373  298.1432735  379.1180564  155.923483  
158.7236893  422.4471834  207.067791  -26.65228489  441.2863017  790.8702821  150.6622936  477.1189194  505.4996629  471.8096092  823.3347634  -35.69030364  331.0200056  425.4807074  -238.6762329  -107.3123318  47.73483592  144.1722016  190.1455538  153.1841295  834.6996268  -82.45898411  -8.04111452  28.19778834  327.1821897  -101.639621  29.91563422  299.9318789  395.0151144  149.4090369  
157.8659748  426.263663  208.0616336  -21.35099302  430.883129  786.7526534  149.3272129  473.8476894  505.0604948  468.1019765  825.3059812  -37.27164881  320.5185459  435.1175783  -234.76125  -106.0929226  50.16610015  136.4558361  188.6296874  158.60608  829.872447  -83.01336341  -15.83864429  20.2454427  319.3383026  -99.57883948  24.79490753  296.4814542  390.9605942  149.7953918  
160.4152485  420.2654689  215.9370277  -30.32029059  440.0108047  787.7844805  157.9244793  472.2271454  480.1159589  481.1411154  830.0192297  -42.24227206  326.3235285  424.895175  -240.1761727  -94.04874857  31.99194693  127.3342227  172.3862987  159.811126  835.6032712  -74.24755791  -8.906701867  16.79174542  338.4941287  -93.5960715  32.84115962  301.099196  384.406754  159.7612454  
165.0251059  421.7372942  220.6473516  -24.70942949  438.0669486  782.5097412  150.0647913  472.1694278  479.3248608  474.9778324  828.2484601  -38.28995901  330.1075709  417.603729  -235.3598772  -99.42912247  39.88704213  126.5699246  186.0673958  158.8312344  832.2184815  -78.92812458  -17.38907158  17.21827018  335.0269297  -97.43144372  21.49221916  300.0487302  384.1797002  156.1522369  
161.5440843  427.3805624  218.9793594  -20.89922393  440.4914585  789.7626366  149.2635233  480.502902  507.7138185  477.6983634  829.9472111  -39.66410369  321.0521803  426.6497706  -230.7329408  -107.8288836  48.55236824  137.2184081  190.1580462  157.616748  829.2556453  -77.12995271  -16.32848576  19.53585043  322.2081418  -101.6833606  32.88085829  298.316272  396.0323024  152.6860116  
165.2884957  429.9911773  214.6994739  -18.79469335  425.5405414  790.7154295  157.4611201  482.4490849  511.9314361  474.1990414  831.07963  -38.37904827  313.1029805  433.4864066  -233.3962804  -102.8585788  41.36123569  132.7511164  182.8995388  159.8214266  837.3030616  -71.06644075  -18.87931142  15.17821663  331.595105  -89.50823744  33.12870054  299.0141614  400.0056904  154.4024576  
157.7960067  426.7143573  210.6511815  -11.98907571  434.0733426  779.4431058  150.7741404  478.8445367  510.3090158  477.6446694  823.437423  -39.67356132  319.2391575  434.5148992  -231.7203085  -111.9636824  54.78025347  132.0865358  181.3826707  170.7630222  824.4980654  -77.38270717  -14.47449918  28.02210286  326.5648703  -95.10842741  21.49414956  298.2550135  394.9284056  160.008133  
151.3961247  423.9921811  199.8454884  -19.93709613  446.6748342  784.7132473  164.6261565  472.0604835  503.6859826  475.8105911  827.9321258  -48.83630332  340.1745812  433.5006646  -223.8960008  -107.370976  68.82532033  134.7788207  195.7099597  175.5669164  829.2681268  -81.76983037  -6.776918174  25.29735788  346.6784981  -97.71433277  24.41297582  302.2781872  391.7779898  166.2787754  
148.0616303  425.3526944  207.7478791  -21.61818889  440.0509819  781.3808577  160.2988307  472.4298364  507.2760721  470.2072345  829.8513517  -35.62997104  326.7805278  433.4138806  -224.9480692  -107.5135178  61.85566228  136.2464174  179.9348924  172.9824757  825.8361671  -88.20869288  -12.85180835  27.77529466  325.460342  -104.2575028  16.62304638  293.5560418  385.0307835  164.3462326  
143.5861261  424.3260518  202.2240499  -25.06538819  450.4396093  791.7764025  154.0473285  469.4774929  492.4312574  474.4174792  825.6844555  -42.005224  332.8383022  429.7642228  -228.9790618  -115.3264242  58.41251169  139.3519385  177.7424848  170.8601913  829.6150672  -88.15425355  -10.15663721  33.16018809  333.4922909  -91.69837046  25.19846762  294.6297908  386.4106933  159.8305671  
141.5641376  414.4844932  209.3354602  -27.5618189  440.1724087  788.2005954  147.6444448  471.0240967  487.0477177  467.6026798  823.45653  -45.33825683  326.3846106  430.6480539  -239.6687315  -113.8969453  59.82449007  131.1251521  182.0541773  170.7836875  827.3286391  -89.46455612  -15.83358641  24.30701669  334.0296416  -91.06662943  23.53816254  299.9461293  380.2951221  164.8383201  
146.9199602  411.1802183  205.6618842  -29.09552679  437.7496615  789.5978689  154.4613445  466.2261833  493.0085091  466.5525174  825.1851714  -37.14218523  332.0984388  427.5306907  -235.005135  -106.9531376  53.33921822  139.0798278  176.2449205  164.7741826  826.5130917  -83.20920356  -8.326333955  18.22050121  340.429849  -96.62492396  21.9401654  297.9857568  375.9898605  163.0315487  
148.3036479  413.2671088  206.6860873  -28.08208658  446.2135533  773.7597131  146.6487504  467.2403714  502.6667195  463.1935772  825.6323213  -37.81659389  342.6922425  425.2347454  -225.4385839  -115.2870516  66.34976732  143.1473269  191.3548137  162.7092585  817.7676569  -94.13146193  -9.845111497  17.0100757  327.3582336  -89.62999014  18.05750223  296.1561123  378.7336683  161.6437672  
153.9979204  419.7333878  206.9426603  -28.57357017  428.3593979  774.5496245  156.5606293  469.7103941  514.9127185  460.9133634  826.5842033  -37.9371341  335.0134089  428.958266  -232.8843929  -111.4287834  64.83089315  137.7551154  182.2909004  162.2630695  819.0155397  -94.95394816  -23.97591195  13.25661364  314.8823045  -93.68972351  7.252158097  293.5289861  383.8315017  162.0206549  
154.4695863  424.8255821  203.4910342  -26.26826089  452.7321155  775.6086204  145.8750447  468.3188328  509.4180184  474.2084734  826.033948  -41.63533004  337.4469135  425.9076334  -230.0459038  -116.8852501  60.4495467  143.7950798  197.3677465  160.5000932  817.3790719  -90.98269461  -16.20033866  22.27458584  328.4787758  -86.71010081  11.15733908  288.1921945  396.4786242  157.5034376  
158.2502113  431.9849466  208.0826685  -34.09447201  442.0799559  782.4563463  150.1348518  458.4108974  486.856272  463.6333728  831.1182708  -38.45076962  328.828339  425.0774987  -232.9223102  -104.5688935  45.79014667  127.9079428  177.8490083  158.8231803  834.0244635  -95.71803096  -5.637631067  2.62328576  341.2492857  -71.83104176  13.75615577  292.442468  381.8399114  164.6516065  
157.1056738  427.0269939  212.1306846  -24.23939404  444.2014703  788.3786328  148.7361414  463.7784758  495.3426134  469.5389312  828.8414536  -40.9833453  331.2817573  428.8827067  -228.8396951  -104.5588326  49.86178589  132.9976937  178.0034345  154.0874964  832.6401441  -84.63601682  -11.09604808  5.702077588  338.1123285  -77.58047099  23.3121942  294.0175867  388.5696251  162.871704  
156.7501431  417.4596163  213.9888973  -25.65915461  429.7348111  783.6622197  161.2939844  470.8906377  510.5344834  462.4263401  828.0325541  -39.90890009  328.4747693  432.8948351  -228.481621  -105.3239688  58.67923869  133.9676124  176.862921  161.3123851  827.0559663  -81.01120595  -16.16200914  12.41857951  331.3512521  -89.95064464  25.12338805  296.1540106  387.9195272  158.5007352  
159.9542496  412.5098986  220.5394839  -20.34290803  432.6832246  774.423771  154.4432397  472.5692949  510.9539782  470.9847725  823.2261439  -36.02492803  323.4538203  433.0648972  -234.9325439  -109.9370616  55.03360846  130.0149952  179.7241702  163.6263815  827.1909268  -84.49317751  -19.32149992  25.7774956  315.8348773  -99.00647534  23.08625242  298.9637529  382.3175983  161.810158  
162.2546002  418.6901889  219.5401924  -17.49327664  453.9829165  768.9994222  156.2949784  478.8099423  500.1037243  471.2296698  814.6805964  -33.80766177  340.1541841  419.7538633  -228.3011181  -112.2852161  60.73283235  141.149176  189.3607892  163.8811326  819.3607347  -81.79383599  -11.4035528  41.11909056  319.1076215  -100.5634033  26.81352913  297.4377524  381.5177521  157.9971739  
158.6519711  426.5307688  229.6269063  -17.68703389  447.6788792  764.1511605  148.323065  474.8974123  485.5669886  470.8090651  814.6867577  -26.07211462  318.0944171  416.4616445  -241.2017192  -103.4383624  45.52439597  122.9720685  167.0141562  155.6676549  833.0426361  -83.76719716  -3.523804926  34.02795665  300.1176637  -95.55594292  21.7235408  294.6787588  378.8865097  158.8913165  
154.6638659  431.0763175  211.217686  -21.20657068  457.7428441  771.4078608  143.858931  473.2068394  477.0095806  470.6568809  818.8602708  -42.71789364  331.6168212  425.8714497  -234.345148  -117.8451859  53.97683065  130.4282717  202.3066834  163.004409  823.4282754  -82.13769898  -4.443653149  37.28938665  326.2842849  -89.91819067  20.64676449  295.888106  392.1958599  147.4159074  
150.7725732  427.816886  218.8940384  -22.03424956  443.494355  772.0318918  149.848002  462.1552769  459.7042662  466.5192375  820.3723992  -41.18884364  335.3249577  420.5671621  -233.3004093  -107.11498  49.01737331  124.8888189  162.5946015  162.5059575  831.3119532  -86.62612963  0.70619694  22.87666408  332.7341461  -88.08230967  28.86046875  292.34555  371.4875699  158.0115991  
156.7871423  416.9233826  209.4852477  -16.3019322  434.2988194  776.199041  152.8709534  466.1455707  467.2298618  468.0567116  820.6429204  -33.17481753  339.4566267  423.8936546  -226.2800938  -112.592629  48.73804183  140.9923123  181.9477893  162.3136652  819.3791186  -79.29229106  -4.05088052  27.20300757  342.7181003  -96.79833154  36.31150618  294.6334581  386.9381547  138.3419239  
155.4363617  419.9504484  211.3700506  -15.43998486  424.485613  771.905427  152.0041813  465.020473  459.3065929  465.8221973  820.7927727  -32.33804999  327.9270116  431.1411107  -223.0238606  -107.9259762  48.64481819  130.2077767  166.700601  167.3487141  821.2333952  -75.82665738  -7.127919381  14.33325069  335.9512072  -96.26085906  34.56618471  291.59242  380.3793478  142.9009432  
153.4152232  422.6214189  216.7543085  -32.76897023  452.2518322  777.4238502  164.8646601  461.1709215  452.6402845  468.1223984  825.5380641  -48.53365426  340.2590957  432.9849041  -220.1148354  -96.23412768  48.82156756  119.8189167  152.462975  165.9729198  828.417486  -77.02878646  8.711615866  -0.3227245831  359.7968413  -68.47167453  43.25818752  298.5237818  379.0849899  166.2520455  
153.7932515  411.9792851  223.5944608  -30.18212189  444.351197  772.0316225  159.5778402  462.8494684  455.7448265  469.4772432  820.5560204  -38.60114455  341.2679021  430.7094163  -221.899098  -103.2144299  51.72159597  124.5540036  155.5577097  165.8923413  825.8854769  -78.57160104  3.100531575  10.6020003  346.2597299  -80.85177078  38.20023317  292.6982908  377.0354654  157.1640511  
157.3194136  410.8148034  218.7369819  -19.10639284  421.7070339  772.0091173  159.2668769  464.5372959  454.8093294  461.2146721  826.1094122  -33.16790389  323.4005026  430.4265965  -220.6639301  -108.7331379  51.87351842  128.228815  157.9802615  168.1773159  821.8757228  -77.88762722  -3.767486132  18.57410145  339.3115052  -89.38802785  34.223472  288.5888773  383.5141712  138.5780068  
153.2987125  408.0815521  221.5649103  -22.76525878  428.8516564  772.2792644  157.5830681  456.6963191  460.7887298  465.366165  825.392299  -37.57237357  338.7094193  429.4030426  -225.829719  -105.7441099  55.98628672  126.7452498  158.827289  170.3538562  821.9651549  -79.37687952  -1.855390359  12.08773968  343.6472398  -85.24964319  25.51388499  291.3254433  372.6488748  153.4642011  
153.3877275  413.1221313  220.7394567  -31.8274292  439.5698862  783.0691809  164.7054192  461.3614016  460.7216317  459.47799  834.0068288  -53.94105574  345.6706093  426.2156995  -219.6258288  -103.5314123  63.07498146  127.7596045  160.4070204  169.8881318  824.4494378  -78.70303742  -5.303788784  4.682249676  357.1631148  -77.5674532  33.82817427  295.9697195  380.7363377  163.5021517  
154.386052  408.2111022  220.4088545  -22.78196584  438.1284782  780.428039  158.9211517  470.6959878  500.9855331  461.1140559  826.6390387  -42.90905557  335.5715919  434.7736479  -225.5599032  -112.6471768  68.09621519  137.5948824  179.1425207  170.2079016  810.4500059  -85.64375463  -15.47467996  29.02339747  327.9587129  -93.59587556  16.33877669  296.7507866  388.7375909  158.2805827  
157.6152955  413.0171895  213.9004201  -22.84670473  453.2970582  774.6207651  160.0620395  472.328738  512.0770921  457.7396807  817.6897385  -43.46749983  332.3290955  425.174489  -229.3842248  -117.4658372  73.8421362  137.3780007  192.8689048  165.6952603  817.6432184  -92.81122166  -13.92332746  35.95541926  315.4810184  -96.9192821  14.57023559  295.669683  386.8604127  161.9616195  
157.9557725  409.2692521  228.4159791  -26.48832017  457.2307424  765.6012795  158.9623131  470.6975885  515.4694992  454.8400878  817.3022786  -38.56780799  335.2664962  425.2776027  -235.088824  -108.839056  66.94968135  136.5905434  196.5992805  166.6724296  807.0958276  -93.91063526  -17.84026364  34.00049509  313.2458819  -91.38079261  8.605282672  301.5289239  378.520618  172.5332757  
159.7691132  416.4016431  217.2967745  -19.46918146  458.1633333  764.8675871  155.4732295  477.1891647  512.0467541  470.4080202  809.0964134  -35.3300001  338.0431329  417.6091558  -237.6942053  -111.428771  65.99975946  137.6378576  196.7020438  169.8506232  806.5541474  -96.68052909  -15.35053195  42.50231771  312.3942462  -105.0466164  7.587865531  302.639453  386.9926641  172.2258527  
158.0360291  414.7441194  213.760462  -22.11514936  449.4825078  768.8008168  155.2641198  472.2223394  513.9945447  469.2189125  820.6223364  -40.66113005  338.1389427  420.0266166  -229.5593057  -115.7675038  69.92926674  138.4345169  191.9858802  164.2171486  813.2134668  -91.19359544  -12.25298795  38.38335997  315.5677208  -107.963463  6.943320486  294.3200248  388.559486  160.2429645  
159.1336516  414.2854438  213.8682668  -24.78523281  441.8731972  771.4907254  148.6789536  469.5012952  510.0997409  461.4187458  820.8259601  -42.48042019  330.0847805  425.4072953  -233.0686422  -122.8813374  69.07296961  140.0715471  178.8824397  165.5277959  813.3305848  -98.43344741  -21.13594753  34.96652182  313.8973494  -94.5216731  8.226153113  289.5202732  379.0386179  164.377884  
158.6539583  414.7161515  213.2951148  -32.22776331  442.2180369  781.177653  148.284499  469.5370587  498.3445066  461.3278583  818.4841069  -43.74794188  329.8743742  424.4283009  -242.2789096  -112.7585306  54.56735827  133.3803656  186.2140769  158.5625116  829.6461831  -94.95230556  -18.1891563  23.51885253  325.0601613  -79.28290266  11.30549672  293.2798846  381.5420997  161.1643554  
162.6829453  418.3767753  208.9718575  -22.34702683  443.9737058  786.3095767  149.7233586  472.3489628  495.7513175  465.7758166  825.9732149  -47.78056682  331.7401407  416.5895361  -230.9931447  -113.6592331  55.25891756  142.0047179  189.163682  161.5254818  823.1811631  -84.69646519  -8.988747917  25.71474433  334.1012811  -100.0324826  20.27655569  291.1286863  378.9643402  154.9888052  
160.0319849  419.8427505  209.769222  -24.61010779  431.8776061  783.0324294  152.6678004  471.4452408  507.3717604  467.3021023  830.0367496  -40.05575722  330.2110506  430.5740028  -229.7618932  -104.3398714  55.86985166  135.0784363  185.0263837  155.1360949  827.0267456  -75.99087093  -10.90020282  13.87982316  330.9457061  -95.95003296  23.27521315  297.1358376  385.0268896  157.6407075  
157.8852299  413.8786672  213.41092  -16.65773823  438.3009245  770.8181007  148.4618418  481.585185  525.1539531  461.5061577  821.3156187  -38.09291546  331.7101366  430.8062936  -228.2263874  -122.3412917  76.69009917  145.4921087  203.3956765  167.4219817  810.4464732  -88.32912777  -24.25820368  39.69989183  312.1527933  -108.0093786  9.548679784  296.3935458  390.9405466  156.8163508  
158.7932955  419.5091591  211.212773  -20.95890099  446.2787997  779.9705755  153.9227873  482.759219  523.5344693  472.7281421  820.0046522  -38.11584763  333.1974977  421.7580367  -235.1301534  -115.5997141  65.0869702  147.2424957  197.3787655  162.1155541  819.7601445  -85.71244179  -21.6476925  39.61126151  306.4949556  -108.5041763  13.99751414  294.8864273  386.1558003  157.6150475  
160.5957851  423.9452577  215.4921408  -20.14808296  448.5325516  776.8311056  140.2737285  476.5224421  506.3357977  472.4572274  819.8753834  -34.96045805  326.2985479  420.8291467  -237.5382049  -108.9318642  56.32948647  130.9523365  194.4745188  156.5184092  832.8579256  -87.95156898  -14.90236159  35.93760182  310.096951  -100.1727606  17.11791108  293.2176558  383.1233897  154.3020404  
161.9580785  422.383604  219.3329506  -9.631673893  450.0379532  762.0091645  138.7462751  478.1669626  513.1984575  463.0534931  819.2343941  -34.87808591  340.2562156  413.2020949  -231.3936075  -118.5915106  72.24638786  140.1185219  193.3107729  159.7942618  821.792398  -86.39823959  -8.321902449  43.93379327  310.5174614  -105.8428659  10.55923597  290.7004879  383.8862727  151.7322264  
164.2521505  425.2152633  214.8851128  -12.15241365  440.3877158  765.5168989  148.3743437  482.6581968  517.8709033  470.8011688  824.514553  -37.18046806  334.3398771  412.4248154  -234.2524807  -114.2934057  64.4856068  143.0193432  196.8094362  158.3798379  827.2636519  -80.37294461  -11.23304558  45.8608101  316.2823694  -116.6884388  22.95361508  292.0589241  391.9696635  146.7943412  
162.0363787  424.8883365  222.0141508  -12.82998617  444.7989526  765.0974157  149.5272384  485.862618  509.9178143  473.7564208  823.8049159  -36.50991466  334.8902991  422.1913975  -237.4038873  -112.2206474  60.36009749  135.6477235  188.720027  164.2659384  826.3910248  -81.76724552  -8.138259958  39.12313829  320.9894993  -99.59069352  22.83804959  300.3149978  386.2803687  157.3534065  
157.5933269  436.1040058  204.8775231  -18.06090245  447.5153772  783.2156056  158.1599004  483.1755745  507.6166645  484.616006  824.5700194  -40.87148723  331.9424879  422.6380714  -235.0440332  -113.3067127  56.57015875  139.5722795  178.1171704  168.9095773  834.0757297  -77.48010302  -11.80573236  36.86642549  325.9255468  -101.0998777  28.58091275  297.0828272  393.3330245  157.9301647  
151.3393358  427.5031543  210.7289245  -15.66760747  428.1219672  789.6393711  151.0384298  473.2654933  474.3086072  482.8119533  826.643171  -27.23339629  313.0230758  427.732669  -238.938876  -105.130967  29.86942113  134.0745638  150.8579109  162.2839032  843.2040441  -70.51165564  -7.234513307  34.40502611  331.5171909  -94.08783201  39.7543436  288.0938843  387.3944435  144.0391857  
147.4619324  416.470823  209.8063194  -8.846964618  433.5125926  781.6418447  151.6752749  464.7716026  466.7252895  476.7673118  819.6858459  -34.73480221  333.3131658  431.7519624  -238.2476495  -113.5568247  45.6986479  143.3715547  155.8769715  174.5308711  823.2447752  -73.88467102  -7.256929553  34.25380003  348.4082407  -90.29951957  34.3647878  290.4091571  381.7125633  149.6495797  
148.7966925  416.2355725  209.6557993  -20.39209997  421.6326226  784.3058587  156.2444995  460.650895  473.6182339  474.3941494  826.37431  -40.66427982  337.104913  428.2101717  -239.8448929  -104.6256493  51.08125283  137.6337906  148.0570121  169.4963236  827.4123219  -83.01085193  -10.8267601  18.55222892  348.3231161  -87.30400991  30.23994506  294.3001401  378.8575893  160.1603121  
148.9888331  421.1151014  205.7026929  -20.06037208  419.55897  797.2007683  152.3594883  465.7131275  467.9437219  476.3667401  829.3823219  -42.31194164  318.3587632  443.5954729  -222.9777287  -102.8367599  33.85938606  138.2557726  157.3335244  163.7452636  834.1956034  -80.07966178  -5.969291176  13.11846443  356.757354  -79.79761123  45.54443739  290.0982039  400.1016312  143.9774572  
144.7166156  423.1543727  208.4709812  -21.66729364  410.2284408  785.6843954  153.7484667  457.6219682  456.7059293  463.9845105  829.5102521  -41.26142752  317.9044917  449.2146583  -229.3457539  -101.9706917  35.58749277  130.6459276  157.8318675  171.3034193  834.6327198  -81.6679977  -6.635210421  5.007235767  354.220208  -72.24177127  38.80921873  290.8493905  387.0978683  147.445727  
145.4084667  423.3220593  210.5792043  -28.81694778  439.8736389  783.7716831  159.4633137  455.5604551  454.608065  468.131004  820.8888477  -45.91711726  330.2989797  444.5650895  -235.0348393  -99.09792083  39.54601055  124.721728  146.4766846  172.8788657  828.9836275  -88.62063816  2.49239307  1.956249792  356.7109226  -68.91361178  36.16661682  297.3560943  376.3484156  165.7910911  
149.5676799  421.1673596  213.6980835  -25.2314502  437.6842253  781.2429137  153.2326809  457.7127623  457.9340514  465.9294496  823.9555176  -44.23537335  329.7749595  435.0982797  -232.4533447  -103.5912305  43.75911432  129.4993215  156.9670096  168.7083639  827.4752932  -87.70511932  -7.381158108  6.355088555  350.8298278  -74.05287808  36.82263015  297.914363  382.1295395  161.0719071  
152.7729457  418.4943481  221.8109021  -24.18727228  439.8573034  772.9410059  150.6648351  460.5208752  458.1284706  468.1696424  825.9766227  -39.57787374  340.0580525  428.6465244  -228.0031664  -107.2607074  46.00076863  129.8941221  149.8633366  167.3673819  825.3384886  -89.20445553  -1.919174942  14.5450305  347.6070361  -77.86627883  35.10897665  295.3829383  374.07981  161.8607432  
156.2395214  421.1595444  219.1533573  -26.85314451  443.3005405  779.0444721  158.1976004  464.4529852  469.9989697  467.1059917  826.6045345  -39.32963619  330.6835632  423.5894458  -230.1799717  -101.0035976  40.2376867  129.1980612  153.7362643  161.6463755  830.870069  -84.98856025  -6.354083148  9.767234252  340.6787597  -78.15580277  29.14975803  294.0996684  377.2092663  161.2219725  
154.3382461  425.4955464  218.1921537  -31.1505574  445.4858116  774.8966522  165.4898601  465.9885558  468.1457061  465.5383515  822.7614034  -45.01476383  326.4892747  425.641687  -225.8297514  -96.34926932  44.34976107  124.4204278  156.8235999  168.0657615  831.6209935  -89.84716955  -2.107187776  10.42134863  342.7695611  -79.04207502  30.1644973  295.0714717  379.7384283  168.4199449  
154.3296238  422.9758821  219.9959347  -34.02743684  443.71895  777.8412421  165.6106525  460.7002605  464.0045791  465.2115855  825.5978844  -42.66051539  326.4140888  430.3461277  -231.5860587  -92.52835275  36.28275208  123.9315868  158.0417513  165.9327621  834.8030068  -86.04629812  2.334438787  8.468081715  341.5966647  -81.95124342  30.49565701  294.6426444  374.8369973  161.3485348  
154.8801005  422.8872219  213.0819453  -25.36150475  447.3265466  783.8240384  155.3646119  459.2100996  472.85837  473.3808594  818.5754965  -38.36521435  328.8236236  426.7348427  -235.4410189  -99.27065923  40.90105751  129.1176542  170.6412717  165.7600267  833.2391858  -87.22665979  3.278126617  17.26479082  338.6024493  -94.45746578  22.59566396  295.9369179  376.7941901  159.4703139  
155.7839782  418.2477588  212.0230549  -20.46256142  436.9004026  789.6336982  142.7788858  465.5223329  487.7486497  477.7738337  817.4573156  -32.04784767  324.7478621  428.0508489  -237.4333555  -104.0031445  41.26263541  133.9068294  199.690287  160.8991895  828.5882289  -84.86394431  -16.2862583  22.51365691  333.9933685  -96.38803851  17.36102622  297.5330631  394.9853209  149.2477818  
155.5132431  407.7854335  216.6098891  -22.49332523  425.129743  776.1409965  147.6507426  470.4987558  474.8776012  472.9037975  815.2813581  -31.61337957  332.1723555  424.9411859  -242.0598179  -102.06077  49.4074081  130.8329217  185.4817519  163.4229335  824.7984503  -85.97765601  -12.12113994  25.28023496  341.0541359  -93.4727487  23.06749106  301.5908747  389.8967416  154.2041371  
161.7832447  406.7563376  228.8862482  -20.39845682  411.5454264  777.6789847  169.238125  471.7034482  474.4884013  457.4766015  825.0335882  -36.19499289  332.2637115  429.0137964  -227.4770256  -96.96519233  56.37368807  133.8388816  154.7995812  167.8245827  824.8016627  -72.66523915  -23.28322175  15.19317575  343.0385312  -86.1767648  33.48183332  299.6611825  387.920096  153.8785862  
160.0387573  407.0148511  218.3831487  -20.81069047  420.7879366  784.5475212  168.3888132  469.9919498  505.9856517  464.071009  829.0373057  -43.11209503  332.4981604  435.5652388  -227.4809232  -103.5677078  54.44222922  137.0936893  167.1692608  170.9293148  819.1845838  -74.6347188  -19.13253205  21.9622645  333.4116131  -89.49546997  28.88622981  297.965517  397.3649656  158.356132  
156.4032447  404.6004788  217.9495147  -19.51782994  418.6495552  784.335287  163.0422675  473.4293851  517.0579357  453.7506212  824.1454422  -38.99900645  326.6541889  427.8860467  -238.9459557  -107.8128681  57.51599154  141.4099299  173.3632578  167.0738248  816.0897192  -77.00783198  -32.0552769  32.58241462  310.6228207  -104.2289112  13.60812239  298.6277618  389.1446317  161.2674978  
157.7004941  415.1607721  212.0701884  -20.26931948  434.7228992  777.5959133  158.9320035  481.4092916  521.5636083  463.7142591  820.1183796  -41.13941606  330.2263564  421.4933754  -235.3894715  -110.9225729  64.23426991  135.9846254  180.1265907  165.7264097  821.3813454  -83.55909098  -20.52083335  32.26101105  311.3318643  -102.4796784  13.31420962  299.1448426  391.1831233  163.3275645  
157.3268469  417.5420532  211.9763176  -20.10583344  443.6592868  769.5539825  165.610864  480.3524395  501.3388004  470.4783886  828.1172357  -42.74505528  328.7812277  418.8965867  -230.5059707  -101.1671683  55.45598123  124.7378498  180.3646056  171.2269374  821.7324687  -77.66965874  -2.62858155  30.6050754  331.5240849  -99.63251934  21.29258436  296.6229966  379.0737433  166.6783973  
157.2052665  427.9933923  215.2554243  -23.72350679  457.6452292  771.8040329  170.38289  474.0274586  497.2524621  472.3874752  822.8061598  -38.96914694  337.2864613  417.1621158  -230.8753947  -96.08953296  51.0322809  132.8443704  165.7962741  168.9022584  820.0034795  -74.60685431  0.7142330097  28.53004376  325.6926325  -100.3122373  21.12817325  296.769557  374.3282203  170.4005402  
158.6068843  428.0881105  222.7804727  -29.91130248  452.2164526  786.2151117  161.1839254  473.782782  487.4514524  472.5163184  825.8867809  -36.0847464  324.5918272  420.1492886  -234.454768  -91.52984311  41.93249182  124.3551576  162.0296652  159.2348524  831.5078426  -75.56149895  -5.780132691  17.60355029  326.7716614  -87.09433801  31.84231043  300.769201  381.4075946  166.6657469  
155.1183942  423.8023154  223.70013  -13.59090848  444.3789835  775.8716076  147.3903462  476.1528008  489.4294949  475.3042773  820.4880047  -26.03825197  325.4237956  424.3403843  -231.6364054  -107.3365408  47.68768739  127.5461137  173.5211498  167.1075546  823.1103  -85.39708825  -4.270286808  33.73321989  321.3614174  -87.43987333  14.87825119  294.0099197  387.7775756  160.1611835  
153.7402715  426.1640006  221.8457265  -26.99215009  458.7756348  776.7012411  153.3199076  472.3737651  485.7451442  467.6523417  823.0026042  -40.13541176  333.1746681  428.5782931  -235.3039714  -103.5927291  49.46528916  126.9553275  180.0899175  161.2594762  823.0645792  -81.9822858  -8.188119294  15.21279341  332.3954175  -74.89844298  26.0219474  300.2294752  384.5980699  170.1627212  
154.297855  420.5192766  216.5286574  -31.22168854  443.5139934  780.7044904  148.1959863  475.5827764  498.2833585  464.4589171  830.79173  -44.7945471  326.1957592  432.3386429  -228.8686219  -108.8508551  60.38261146  132.7563714  192.3207734  159.1909531  819.4758017  -83.12372279  -7.05237271  19.00562269  327.1203457  -89.81004854  25.6103623  294.8323012  388.7892546  151.9633444  
155.2598648  426.8906957  207.6820404  -31.01239414  449.1470658  775.5865605  150.0285032  467.8349376  507.9378739  457.3415903  834.4366669  -50.39983598  329.9200795  436.078606  -219.1609182  -115.796289  73.7916287  133.1321848  200.8712719  157.9730548  821.7210895  -90.73501361  -7.336402138  11.92739026  323.4963475  -91.94139599  20.38263903  292.1286684  379.9955186  154.3980664  
159.4467258  429.2821979  208.3285848  -29.44317505  445.1986437  778.0574483  145.8350289  473.5945392  506.9851426  460.546572  828.7182076  -47.75148338  330.6604491  428.1017051  -226.9909657  -118.1254104  71.64951439  129.9035668  193.4324027  157.3510269  826.3896032  -96.22098154  -13.28239437  21.29860354  317.39702  -97.10717198  14.1327743  292.7783504  381.070951  155.0213331  
158.1199024  427.3748684  208.9095815  -28.20500492  459.6103193  785.9673628  150.3949616  472.2288615  493.7316698  476.5458267  821.4253029  -45.56763588  335.7759588  424.5059011  -230.4992668  -103.2717268  55.86603951  133.0166536  193.0387875  158.7140658  830.6754748  -84.28794599  -3.533133037  22.39365406  328.3877778  -100.5063004  24.63884444  297.9562803  383.1125785  157.6004918  
160.5965983  418.5713267  215.7185579  -27.13902911  436.1003931  773.7122901  147.0398407  475.2956023  497.3724087  464.7729895  832.9216321  -41.6742356  332.7351354  422.2953396  -220.2564198  -115.7449688  69.14285392  138.6239252  201.6399308  161.4018763  818.7196887  -85.39540241  -15.99424865  29.3150261  321.3018425  -112.749123  23.40585996  289.2993207  381.6374047  139.5185381  
162.3768757  423.5243179  212.7841459  -26.99542933  433.2632496  764.1237945  147.2056879  475.1510815  501.8153321  460.1338439  831.0358819  -41.25495777  325.0644419  423.688301  -222.8970556  -116.5961441  72.5709963  127.2582991  205.4076557  162.0753137  824.1905908  -94.98026354  -13.35278326  30.16839713  316.9146584  -112.8522138  11.08612584  290.2216949  383.283112  145.38647  
158.0923047  426.3794891  208.2152601  -25.99769564  448.674561  771.2388268  144.7324108  475.8705174  503.6077263  465.6959591  830.1420995  -46.84506116  339.9283411  428.4095979  -218.3373656  -126.6825591  78.11008712  142.127164  212.8924722  163.2735549  814.9069732  -89.81353366  -14.45668576  32.16688268  319.8810862  -102.5324565  17.20278034  286.1943259  385.903492  140.0729174  
156.0208757  426.1823269  212.2144967  -31.73751363  446.0788108  771.2311514  151.3221366  472.4231159  499.0348652  459.9275174  831.0473853  -47.52244283  334.6400615  429.0157043  -225.6410206  -116.0715068  70.95492747  134.171276  203.3834569  161.7285359  821.485028  -90.16538145  -12.13829581  22.09171097  323.0844605  -94.91574865  17.3773429  292.0939559  381.844751  154.202732  
155.8054342  425.0488918  212.9788882  -30.19816162  433.3422844  771.9829871  152.4967527  468.6970727  502.2296929  459.993968  836.8793197  -43.34041216  337.0061913  430.185048  -220.1178746  -118.3502348  74.7029731  138.9961484  190.0889491  160.1251323  817.4156593  -90.31573179  -12.61422675  18.24623604  323.3305012  -98.71585521  21.66428583  286.882765  379.8217452  150.2622878  
157.2795075  431.3623499  201.2114408  -28.39710175  439.0606122  768.4810086  146.3892724  473.5877873  506.8325643  463.1869989  835.5761166  -43.26846744  335.5528821  424.6029442  -222.6765195  -118.0281249  70.19875885  133.658297  199.0133404  159.822645  822.4411542  -91.97929648  -10.2969539  18.47563251  329.9731912  -95.91791666  18.35998683  290.9392658  384.7114335  154.1805107  
157.9714375  421.8692736  209.0897155  -27.6387033  449.7974864  765.4377702  154.4085814  472.1913532  492.6754491  467.2091271  829.0494679  -44.50835733  341.4592359  418.1430247  -226.2224222  -112.1246677  63.00930022  131.397425  193.6862898  159.0308917  822.516356  -84.81560612  -9.259813893  27.72851215  334.6029015  -102.3953228  23.04994744  294.4239888  380.0584708  154.2838471  
162.2767019  424.1263725  211.266456  -18.27046607  435.7387728  769.0515364  144.624283  474.3891233  498.5861524  466.9534159  826.1590836  -37.72727353  333.5185289  419.8461825  -224.9593451  -119.2855349  63.78862687  133.7230581  195.3632685  159.1305637  824.406209  -86.41668639  -20.36055856  31.1729167  318.0669645  -110.7505746  14.26376553  287.8822803  386.5628786  143.5030631  
160.544666  419.3345543  214.3677635  -20.94465111  437.9703391  769.3211982  143.879858  469.701583  501.7448113  463.3223848  832.3122919  -40.78211841  333.6911061  427.8635705  -223.1501914  -120.8526129  65.26583683  133.9860349  197.2663713  159.7321725  819.0182277  -87.9525061  -15.20719352  23.45930736  319.6235928  -97.09732373  15.58001651  287.8122991  386.5451562  146.4135439  
155.2446055  422.342106  214.5567527  -25.22264421  446.6516599  766.3651353  151.6319169  467.0603464  492.0766385  459.3526321  827.4576533  -45.28661336  335.0815802  426.7693672  -225.5476565  -116.720352  67.30692464  130.0442559  184.8699879  165.0881169  822.1067959  -93.39008323  -4.728783662  20.50034339  324.569741  -92.25163138  18.30742493  290.5770364  374.5587255  159.1304145  
154.0679537  423.4484934  212.3135056  -24.24126179  440.6343322  788.0629484  150.7143538  473.7477472  486.9711408  468.8315327  819.3597516  -41.0889722  327.6271672  433.148379  -237.9334973  -104.1176877  48.25509745  137.0046602  188.4881013  159.4720348  825.1056398  -82.2830864  -14.80082599  23.03229494  327.1952388  -93.79689424  24.42767298  298.358547  385.1040332  154.3383696  
154.8543865  421.732453  212.3485615  -26.38039193  439.9875789  788.199342  148.0202595  469.5953622  495.6585988  469.3674774  830.1102026  -45.17632495  332.8649782  433.331315  -232.1788205  -108.9939451  51.85806387  138.72186  186.8662242  159.7233384  817.6633342  -77.26053439  -17.15419453  12.17960767  327.0917589  -93.36941383  29.55885658  295.8218708  389.32687  153.2712942  
157.6178011  424.631542  203.495886  -27.49358031  438.4852809  780.1122335  144.0148862  478.1472612  504.651477  465.2639478  827.9188716  -40.38679072  328.034751  431.6030678  -229.3385654  -116.6468058  58.05874065  139.0059088  209.7432178  152.7925059  823.3292282  -80.97521619  -18.9289734  21.98307954  321.0857053  -98.96018815  23.63141065  295.6988863  396.5790381  141.4289426  
155.9841469  422.5607736  207.685701  -29.74337724  452.2184586  776.0306788  148.6926091  472.7355303  498.7661198  468.6977773  826.2984861  -46.3630097  341.5724736  428.436287  -231.1904738  -111.8849061  58.73307942  135.3376902  200.886253  156.1575222  823.426143  -84.06681035  -6.157356158  18.932324  329.0506987  -93.95053922  23.55912933  297.6181318  378.7649164  156.4062226  
159.6683027  432.623584  210.6481036  -27.03464963  451.4627301  781.9103531  152.9125268  473.6388338  506.5389651  464.7458043  827.8913552  -40.54211149  331.2665834  423.301825  -225.1220411  -112.1044394  59.75078371  135.4269723  186.9824747  152.6048547  826.0261654  -83.89787892  -17.10749558  19.50604198  312.452722  -100.085153  18.32651152  290.48395  384.1741655  153.4153389  
153.4459026  417.7112763  217.5852598  -23.85572935  448.4812757  785.8121538  150.3361428  470.6023338  491.5142216  472.4709195  815.5668821  -34.10836036  331.005789  428.7434176  -238.0612709  -108.0083206  47.41807983  133.2496835  180.5134858  163.2535684  825.9325617  -86.57358538  -9.629010802  24.23902229  325.9747034  -87.17612065  22.22104757  299.7550609  384.6211706  159.0635913  
153.0395517  412.8036222  213.6442551  -15.64293189  441.6670918  785.7007306  151.6140998  469.095857  485.2604222  472.1714316  808.2088567  -35.19396336  332.399372  427.4057057  -237.8346229  -118.0609629  52.75010871  141.2202756  179.9570456  175.0649513  822.9098693  -89.13889628  -8.743389626  40.40786381  338.0583545  -89.27355155  23.10749233  298.6186355  390.3688406  154.5732373  
150.1928573  408.5855364  214.0056289  -20.77951046  434.4136699  790.0319729  159.7834517  464.8557817  467.696275  471.5379785  810.2632058  -37.78777781  331.7863665  426.1518328  -248.5409706  -101.0119068  37.09116327  135.5851088  163.9875613  167.3748205  832.2092904  -79.03595238  -9.262863463  33.25785079  346.0453521  -86.78570095  34.44568055  302.7676015  383.2409297  159.75231  
152.2902929  415.3307743  213.9642047  -17.00590197  420.6329476  781.5036759  149.9224261  468.2821995  483.8085599  471.5457191  811.7394  -24.44798683  329.5990886  425.6433179  -244.1019521  -101.6104757  36.10823849  132.9483723  159.1395195  155.6437228  834.9671719  -79.39940454  -16.5412885  19.92686962  325.0460009  -87.29644857  25.82823789  297.0280211  396.014573  150.6995521  
153.1616503  413.5206093  210.6885725  -12.32385712  429.725777  778.7198613  156.3923694  463.550275  472.2510169  471.6727421  816.2825174  -34.62191116  324.9199985  431.623122  -231.7210932  -111.1610533  48.30112459  138.8614355  165.9968032  173.1289863  824.0154699  -81.08709737  -3.256631042  28.57564641  341.1876694  -87.69516581  35.80719085  294.9518474  391.0179258  149.5399815  
154.7528115  412.2999664  213.0309149  -20.74177294  431.3572517  781.1217209  162.463138  461.8401879  468.437449  467.6307075  820.5328781  -37.47025872  331.852168  434.6449406  -241.7327277  -101.507746  41.5903211  134.2548894  169.084307  169.9164032  828.5794036  -81.31613276  -1.726147603  21.17241994  347.8924996  -86.14760976  34.22726304  302.0467457  379.0328699  155.9311468  
155.1838916  412.6144795  216.7072866  -12.43321989  432.0899507  774.9926  157.2445418  466.0583576  468.2897693  473.1208407  820.581648  -32.17540783  334.2269252  427.9304821  -232.938384  -107.5012147  47.49657417  139.0382244  164.8081657  173.3591453  817.7791325  -81.18615526  -6.554989179  34.54112059  344.2338316  -95.01022906  31.45833706  297.8411178  380.0031808  153.9272272  
155.3585693  410.8897144  225.3439673  -18.66293171  440.236332  766.4995527  162.8733612  459.6413174  459.4366356  464.5178058  823.6062367  -33.87981911  333.5544702  425.1081077  -231.8371194  -105.086092  45.13132391  131.8286408  148.5406234  170.4675994  822.7625297  -83.91527509  1.459743825  21.8164099  342.4736346  -79.94925577  34.91260116  295.5993828  372.8966934  160.1947501  
156.3733618  412.4761671  220.8854209  -12.79172201  437.7085269  761.9045111  155.9653899  462.7641479  475.1654405  467.6646518  816.3350392  -29.1520125  336.8041489  421.2375692  -227.9558253  -111.2770583  54.46896871  137.6965958  165.533927  171.5842854  815.6972577  -85.42516103  -5.853806025  28.95685126  333.6254347  -91.24799015  21.80367341  294.1074565  379.5916961  156.5964927  
154.665859  416.5460207  222.5744104  -23.9639073  436.069255  773.9954172  158.5769646  466.2384117  466.0970358  465.2579958  820.8037234  -37.31263527  330.9822386  424.5677577  -231.1684291  -105.9638924  49.490974  133.6462143  164.0820158  165.2532518  826.9552704  -83.51825224  -5.274733355  24.77232214  338.6277844  -86.49805884  33.42864827  295.2384545  376.8655357  156.7780771  
155.7761731  416.8628463  222.9868005  -24.9425618  429.4561075  775.7859568  155.7821975  469.6055077  471.8772565  463.7496544  825.4429828  -40.11873424  328.3867141  422.4753931  -229.4383949  -100.9519033  52.25879353  123.4755339  162.3916435  164.8330025  826.3957709  -85.82852596  -9.734429811  18.9795687  341.8969913  -85.88859455  27.58435121  295.7098408  377.9965102  162.5120467  
155.1443612  422.7283967  217.0971785  -28.85006562  442.9362208  777.8173591  155.3715855  470.8823073  485.3454055  470.4999196  823.0111788  -38.14586789  332.348094  419.243218  -230.338011  -100.2348175  47.32830416  123.4388133  171.5237487  159.7580636  831.9269252  -88.60653483  -1.867460543  17.40952036  331.4914927  -88.25340573  24.82112882  296.4818589  385.254335  161.8703082  
154.9075679  417.7011183  218.4703988  -26.5504256  436.1411379  780.2985332  158.1329447  467.1696745  475.5848491  467.0578023  823.6986349  -39.77042192  333.6058668  428.462847  -238.0509082  -99.94526807  43.60177041  130.004851  165.1765277  162.4861594  828.6317084  -77.6727491  -4.669066342  17.30038578  341.3991177  -79.51674447  31.5825932  297.368883  385.8435927  158.1610684  
153.2940539  420.3577715  220.4049649  -26.5563017  446.0074176  776.3210456  161.5922798  467.0329611  491.9931618  465.18786  824.6435447  -43.6134436  334.7179258  430.3510502  -234.6089407  -99.06797768  52.33915756  129.7130541  169.3570231  163.9191486  820.315107  -79.91408141  -16.05892221  11.83754378  327.2509432  -82.6900997  27.48303084  300.5365149  384.3667848  169.8933306  
156.8518283  422.535505  218.9690767  -28.42873562  453.3754707  776.7286752  154.2311043  474.0822692  488.4044497  469.9952683  817.1648729  -37.18722855  330.3695207  422.4023238  -231.7168274  -103.7234326  55.07138431  128.4381435  187.5645725  161.5937974  826.8212499  -85.09323468  -8.646437836  23.21038814  322.3333771  -93.05449417  22.57049424  297.7069572  385.6888715  158.5291518  
157.341457  420.6099541  215.1546397  -20.0559619  430.9505056  768.5358429  153.4527655  471.8159472  486.985063  467.2659549  822.3039698  -37.7783244  331.3690933  424.0835858  -229.7221252  -113.3137466  57.82492901  131.0581452  182.8105075  166.9990208  827.1692437  -86.11478255  -11.16914266  28.15518873  324.6094968  -100.5548163  18.56461063  291.2210584  387.5197172  151.3022283  
150.452318  421.7305565  215.3537507  -31.42044094  439.9849017  777.4161942  160.9174762  469.2250213  483.5978791  462.2360225  824.1040186  -39.65565063  338.2872574  427.3723314  -234.0013363  -102.0555491  55.02148581  123.958902  183.1592487  164.7054115  831.2223196  -84.52460955  -8.551593086  12.86046682  336.5874295  -84.23008989  15.44936737  298.1577527  385.6153339  161.4302073  
156.2185573  421.2564394  213.2695058  -23.02599396  426.1853313  784.8057074  153.5918949  471.2688125  490.8234513  470.7408856  824.3581155  -35.58743252  330.9379115  423.6977218  -228.3382136  -107.3017752  55.99425258  134.6346986  159.6705389  162.7517434  826.4978712  -82.15180369  -13.76583603  17.68515918  326.8551  -98.68917219  24.1517097  292.1873992  384.8900555  152.9636863  
156.3737606  418.5512294  207.1746692  -18.04613743  428.9406444  781.4570456  152.2295187  470.8578529  490.7839391  470.2684947  827.1973628  -37.47186337  333.7071517  430.6452035  -229.1006752  -108.023948  50.65659939  136.9762308  179.9698079  163.100183  828.1964554  -79.57131126  -4.109460737  25.13281279  337.6621708  -104.6251456  27.1593054  294.9153381  384.4892759  146.6586321  
155.3259143  417.271031  206.5835155  -18.55280053  443.4023725  769.654316  152.7922627  470.2654062  511.8445823  464.2142473  818.3371426  -38.73842861  345.5909751  434.1414914  -235.7524464  -109.993381  68.4953548  143.8034804  204.8907728  164.5364851  810.1743533  -84.40887305  -19.45765655  31.64154814  318.7622842  -103.3279652  11.53352447  301.4786134  383.4853433  157.2656429  
161.1746626  420.4624019  207.3181951  -24.79195377  447.2639117  774.3596801  141.638455  481.5255632  524.2417559  465.0490467  818.2751333  -40.81720769  330.1192513  426.6447666  -230.9504761  -117.7001216  67.04380896  141.5533164  210.8008504  153.6236185  814.6302716  -90.92864316  -27.72761816  35.66664063  301.4741349  -104.3222032  11.57566155  295.7571832  398.7499359  150.0471302  
157.6588439  420.8370889  208.9314094  -22.8998019  444.6192851  781.2423638  145.0131072  478.225073  519.6351452  462.9109584  822.163654  -41.81497132  318.3577642  429.5082965  -229.0897112  -116.6301572  64.44654554  142.3716912  203.1530062  160.4465889  819.5306085  -91.57411739  -22.92202988  33.54470663  309.9436049  -99.07691243  14.67314945  291.1966596  394.3591707  151.1855745  
156.3010576  420.229789  214.6576251  -27.14608386  444.468249  782.2773854  147.087348  471.0516919  500.9536798  464.0877372  825.2216542  -45.37175449  323.1255826  428.7230489  -237.0172212  -112.5499632  56.17534444  135.4049487  189.4175543  160.0959543  820.7668405  -86.79709447  -18.27462357  23.59334665  321.9434676  -90.98617062  18.60941189  291.4095799  382.2269963  156.9180609  
157.6645442  423.0621963  209.4208634  -22.61028704  444.9453059  784.5974161  150.7067599  471.8196968  490.6040506  470.678975  831.1484323  -47.34387916  332.0160059  422.206807  -226.3737352  -114.4858277  59.64193961  137.0192199  177.5085771  163.6558326  820.5783664  -82.87646532  -10.10674425  21.34732025  335.5500409  -92.97276619  27.34915568  292.9824811  385.9067499  154.8730729  
156.7464802  425.1146773  212.486125  -19.14080315  443.9974356  776.9670586  155.7673283  471.7934735  486.3247146  475.4091372  831.8222704  -42.65455453  333.4813157  425.9785986  -222.8778668  -109.4185791  57.49147794  133.792272  163.2076729  166.788386  833.095495  -78.48501875  1.696781234  21.98838439  341.322689  -95.06160144  31.91287405  293.9733866  380.8698362  159.7495865  
157.130593  421.2053166  220.7910737  -18.84904149  441.3975952  769.9769099  156.7112146  466.4865612  482.0623178  469.7222406  830.5916907  -38.38186829  330.9592758  428.6134791  -226.4861592  -108.3461044  53.85918913  129.6963935  167.3039148  170.5100478  827.4044795  -82.46866852  -2.99477204  22.80651466  340.0560697  -91.18437882  26.69661587  292.4292304  375.6333201  162.719834  
