831.568258  344.761912  1487.623271  725.6438395  474.3695049  1114.062869  1930.537171  1007.544107  1878.92942  
898.5258489  345.495177  1516.989139  788.4757051  395.7343501  1132.799455  1900.072268  991.3522131  1898.296625  
929.0639803  360.9829531  1507.206731  881.2399085  329.3874735  1172.220098  1890.947288  961.354712  1889.217641  
887.1014898  342.2600727  1487.495727  870.5282768  328.1579913  1153.723004  1922.336336  1002.301765  1857.86427  
929.2342783  316.5105933  1493.098343  830.2997173  344.8588555  1186.664687  1859.038142  1004.148558  1872.653321  
920.4611201  311.4290557  1513.904999  855.6203375  297.6771106  1171.420022  1888.612185  961.8811355  1876.0375  
935.5237663  278.9063398  1499.825204  962.2964973  338.0639099  1200.791878  1859.383646  980.6406278  1894.453271  
947.8543028  314.8963842  1513.871715  938.8145677  365.7511127  1216.771275  1897.521831  1000.978645  1909.293481  
910.9834246  328.8879885  1514.58999  950.334995  394.1722738  1209.822425  1943.110913  1006.615653  1915.58884  
909.5462506  353.376853  1510.699587  935.4401319  460.4361955  1210.827879  1968.871094  1011.598329  1905.022327  
881.5965272  368.1245984  1535.821366  874.0895086  457.4153502  1175.444245  1942.663237  958.8272706  1816.215203  
817.5488443  355.8054888  1540.109078  866.7926649  390.8994898  1143.272721  1936.691934  935.2457733  1812.750181  
877.3973604  341.2212899  1526.067621  896.9968693  402.7555095  1173.625557  1930.14067  987.3349213  1854.277939  
887.3638337  338.7157242  1535.518727  875.5182351  432.6672326  1229.753744  1925.862911  1016.217766  1859.155698  
932.3956709  349.7286348  1517.692734  895.1149919  476.1094865  1209.551683  1922.732286  1022.451306  1896.551881  
910.4400405  326.6067966  1537.575279  921.11857  478.1172317  1211.645975  1952.936601  1030.329211  1914.921914  
916.3452189  368.8348873  1545.080916  941.9278511  494.191003  1225.131649  1979.096477  1055.961527  1934.369906  
892.8228329  388.4630371  1517.08416  876.8345161  531.4577643  1256.281022  1949.020628  1041.845248  1880.766038  
868.5093356  325.9927753  1499.811142  876.0627702  496.0318414  1170.254561  1890.453614  993.5185412  1862.657917  
910.7516114  283.6491509  1481.526771  849.3333063  387.3114977  1157.276026  1877.614001  984.9165033  1860.199747  
913.1545621  317.3624613  1522.269923  875.5540681  361.2468336  1175.154143  1891.175205  998.4366301  1862.457067  
892.7658797  331.7126798  1536.021414  927.7932401  429.528544  1232.77885  1918.326622  1035.940227  1899.981055  
923.6941382  376.8682899  1544.386027  922.9640889  440.931488  1243.427879  1946.529764  1044.753665  1913.109052  
926.6210274  371.2172386  1520.022013  908.7367416  447.666685  1231.261592  1936.527345  1042.628503  1924.270641  
831.2798508  370.0824733  1513.641375  890.8084684  455.1808472  1201.382824  1975.058478  1022.655898  1873.466172  
858.0098297  382.2943157  1497.649584  783.0057644  451.3924477  1181.500929  1913.226386  976.1509673  1793.124156  
861.1014351  290.5246043  1473.659463  675.5716724  328.3063133  1069.89173  1802.150944  915.4362786  1792.78272  
918.7653412  249.6316759  1500.33559  744.4003717  251.9052503  1086.124933  1829.054227  934.5557397  1871.384412  
924.0682934  288.1356373  1497.831509  805.8099568  246.188204  1116.418388  1849.452603  946.0919031  1883.680372  
950.7670861  312.8460989  1527.619394  870.3970189  305.2638854  1199.273134  1884.975853  986.8615231  1923.778784  
940.6650317  309.4207011  1523.736937  910.0281522  359.0101515  1208.027525  1924.053686  1014.151464  1953.364068  
953.2531971  352.631795  1545.834129  937.0446924  421.2465457  1240.58554  1967.135509  1040.467535  1936.861295  
888.8475623  362.3814534  1550.508642  885.8975189  488.7188086  1262.06002  1959.48018  1035.307675  1869.014327  
870.5055188  335.1156944  1521.36918  897.3236373  485.8542643  1205.28113  1898.081802  1007.726629  1875.272714  
890.2707345  352.9875294  1521.464528  931.5423495  418.9955138  1170.551394  1918.522285  1000.977693  1899.947022  
927.543639  366.2479421  1527.237263  952.7590399  419.2719853  1156.51361  1962.249287  1012.397727  1923.012081  
915.3248914  361.353719  1538.551886  966.2764135  421.3649112  1176.573437  1992.951529  1032.924719  1943.09487  
890.471367  376.4144574  1525.085491  931.6063597  446.3733809  1196.562669  1994.391128  1026.292172  1923.391521  
848.3694864  384.6914639  1489.951421  877.6077813  433.8239456  1142.695618  1981.219463  988.4842471  1878.732396  
876.4285487  396.4977572  1484.775669  844.5667283  474.5248575  1186.551754  1947.541638  991.5633185  1843.510995  
831.7502233  299.5483049  1475.946732  763.290327  472.0718892  1161.195984  1841.005133  936.3929669  1783.262397  
899.6783183  205.656432  1487.814568  774.4095312  365.0546485  1112.72598  1825.84538  917.070561  1849.101245  
919.2178899  272.2594721  1506.37241  812.4744272  300.3205768  1149.25286  1875.752069  937.3947753  1863.882292  
919.050605  287.9175691  1511.159498  860.7588067  301.8886787  1173.281905  1897.776544  989.1979345  1887.561709  
955.0554974  290.4941277  1501.120509  820.9294897  338.9655916  1191.286739  1856.512041  999.4141945  1876.728683  
931.2569874  300.0091595  1491.880631  834.0858706  330.8177041  1200.683222  1867.065366  1007.068936  1862.084809  
945.740866  325.3840531  1490.479543  824.7360314  343.9677  1197.434705  1872.666029  995.9945304  1869.039331  
911.9694394  301.0766236  1507.776414  890.8484163  371.8781663  1183.972849  1909.975743  1009.797335  1886.946545  
935.6684434  369.8462877  1531.619364  909.2662904  391.5671595  1198.066911  1963.915116  1035.013872  1902.191753  
933.1246081  389.0956473  1549.869914  916.4776133  417.7417443  1212.170883  1994.202299  1060.228961  1931.919739  
837.0135087  351.313324  1546.522637  971.8984367  464.8209899  1229.651107  1983.002473  1038.38  1917.464831  
860.8286041  359.7577437  1533.286974  964.2964308  482.8490446  1245.417281  1945.766898  1035.919433  1920.141504  
879.5211242  378.9991168  1527.045146  934.1314212  498.6593467  1190.980581  1910.163603  993.0820898  1900.904365  
804.0398063  424.1193759  1468.981976  932.0705684  468.3735395  1146.615026  1981.065217  999.5563422  1851.069302  
867.4837517  367.6187887  1459.674608  885.9464965  535.9609689  1210.17599  1872.372512  1002.461041  1844.981693  
865.1104496  307.1677829  1458.63353  807.445391  416.6805882  1135.047272  1885.162231  955.0515512  1876.439045  
904.4720061  338.013364  1480.962959  820.6573161  423.5755616  1204.570649  1924.701996  1002.301739  1885.032561  
925.3237254  289.0924371  1515.63376  802.9871926  402.9386896  1231.665207  1898.646928  977.6414634  1859.838667  
948.595998  330.890696  1558.499332  809.2542368  376.1983274  1186.379409  1930.260217  995.27895  1887.473319  
896.4988987  357.4275228  1567.439443  846.148435  378.8503724  1128.114392  1922.952898  980.9698034  1849.096916  
904.8298434  288.9718457  1525.700648  823.2961008  350.728842  1112.05629  1840.200345  960.49117  1849.097623  
893.3344513  287.3453211  1506.375331  878.462103  315.326588  1086.361482  1851.658426  940.2111553  1876.158808  
941.9402325  335.3607791  1492.716156  953.994056  358.5370566  1144.714525  1921.947145  997.9292637  1918.351028  
942.8118482  339.1622022  1475.540176  916.1175452  344.8076299  1155.157157  1885.398088  997.8173671  1896.502447  
960.0670486  342.7365414  1522.196  862.0996878  298.2664127  1152.546429  1878.244578  951.5007743  1868.885245  
931.0805752  336.3758433  1542.74477  874.9326632  280.9643661  1130.786848  1897.442034  955.533463  1890.763599  
896.8819667  335.8830544  1566.163805  896.3376562  334.5766114  1176.162406  1941.463753  991.1552044  1882.36663  
846.0358748  350.8290258  1544.146445  888.1063757  405.778504  1204.766021  1949.423733  987.6962167  1840.442594  
864.4820118  382.7414256  1532.669764  872.0549706  473.2724472  1215.513834  1932.26416  1007.591657  1871.540066  
875.9963012  360.3291513  1511.782305  895.1818404  426.1939075  1192.839881  1974.421431  1024.768858  1885.070857  
886.7117234  355.0294766  1507.94718  941.991527  474.8537485  1241.829216  1991.158333  1066.87119  1908.785106  
901.3887577  375.4093478  1482.99338  876.5887553  529.864201  1217.531682  1946.790223  1039.875613  1892.739408  
883.5932887  361.9458713  1503.900921  824.6549846  503.5609965  1217.357549  1916.86432  1009.848377  1891.980788  
935.1708392  340.6470975  1496.561923  814.2286008  472.5395675  1225.206428  1878.675517  1000.389746  1886.963941  
928.4267681  350.808792  1529.542693  832.9196338  427.5161796  1209.454306  1919.161798  1023.382872  1897.52689  
926.174112  349.7815159  1485.795707  903.4251266  443.6082671  1226.58646  1900.778041  1011.6398  1895.159459  
939.5577127  377.579194  1522.712888  879.7335555  423.3284897  1212.571943  1973.758312  1038.00782  1921.402938  
851.0803974  349.5981324  1500.947848  916.0623805  451.6413293  1232.768772  1965.832968  1042.53164  1849.303075  
873.5451412  341.951802  1506.296878  835.1728326  443.8726134  1191.541073  1935.296648  1003.021207  1804.799034  
864.1869455  211.5892317  1474.948971  762.7750406  313.9951775  1064.540094  1818.091317  925.749656  1852.113679  
943.5713998  262.9649366  1496.776719  812.9596894  251.956542  1106.855916  1811.741563  936.0994041  1842.868193  
954.9978136  306.0499509  1521.321787  864.900615  279.4809147  1164.326974  1873.475986  954.7053159  1873.399507  
937.9215998  327.0905118  1540.311984  859.3129911  302.3250274  1196.818289  1908.846351  966.3830777  1876.263721  
928.7723348  336.5971021  1557.102724  866.4299009  312.6091108  1184.670898  1900.036596  988.5993383  1868.661241  
926.4286598  350.4079632  1537.188088  896.3796275  321.7661952  1194.289698  1894.864156  1003.915621  1873.114669  
906.6639659  372.7303666  1534.167407  949.3538269  420.3635403  1207.125266  1919.86568  1027.743093  1894.298695  
909.1038412  391.4302711  1542.438133  898.59554  495.9853567  1213.261156  1920.132125  1024.855904  1876.75661  
899.6875236  380.8065856  1536.147601  898.6516913  483.677339  1169.700208  1922.739209  1007.815468  1899.719353  
915.4990934  384.9839225  1560.762116  926.2260137  459.0491911  1214.34476  1980.93169  1037.614152  1918.047734  
878.2385285  380.6966226  1554.707996  910.8494014  449.8028901  1244.97521  2006.900769  1044.087699  1918.646689  
895.8685496  371.7639889  1509.373409  894.5487732  484.5633769  1258.775068  1971.236532  1025.528175  1918.01844  
874.0456007  380.8444387  1517.653093  891.9089746  471.0693834  1219.830339  1982.07004  1031.714463  1928.135174  
886.6660652  377.1709531  1513.620122  912.0321308  429.4289477  1135.504879  1973.550056  991.6967526  1912.342657  
855.7484981  393.7341989  1546.927102  933.5508794  431.0391554  1136.78399  1991.732451  991.9918995  1906.681034  
864.5611565  339.5050226  1502.455221  948.5440015  484.3470492  1105.391616  1906.016159  973.7610137  1916.075124  
843.047331  377.5302952  1486.656448  940.0005192  469.7060338  1127.918521  1967.288703  990.5258225  1899.628267  
816.1068508  366.3972386  1448.96945  910.9465133  522.3911947  1172.373043  1956.123643  994.6289469  1854.113658  
796.5871094  251.5963056  1400.259497  784.8433009  476.4291639  1099.62937  1825.860348  913.8555828  1783.509503  
861.8016104  235.8594979  1438.281643  695.3044779  332.0674299  1086.293043  1816.239342  862.6449156  1795.135693  
922.5203476  250.7008523  1478.273779  786.1712139  268.7607026  1119.528051  1790.443066  891.1746287  1837.139344  
933.9425692  305.8035425  1501.637848  836.321075  273.8191781  1207.094442  1875.056607  976.5757462  1876.629912  
962.5832253  287.2246462  1533.411633  884.5593096  307.8121621  1259.117963  1842.721102  1006.286891  1886.700395  
935.9822444  286.1968073  1582.661339  833.8589263  294.8376826  1275.016045  1872.366914  1011.462511  1877.511058  
931.0397226  277.0698184  1527.781443  842.1659541  304.2109852  1205.516008  1871.618371  990.6674862  1893.714373  
928.5099699  297.5642151  1532.810574  868.232444  304.7607526  1174.325563  1840.525891  982.7843237  1882.298119  
964.5320954  348.7208915  1536.307921  882.2247875  299.7037838  1144.720887  1919.102195  999.7391876  1893.934389  
880.3682249  317.1857156  1547.475446  896.8082616  345.6279253  1169.209376  1950.28575  1015.493286  1898.896962  
881.6532984  352.0594452  1504.683588  903.5367066  405.1902209  1171.116716  1956.362053  1018.380389  1893.728882  
912.2867577  368.6513618  1522.799278  908.5999096  465.4601722  1198.929009  1996.126723  1047.412215  1895.530273  
897.8639695  423.1501252  1509.826117  921.8546417  472.8359847  1151.420098  1990.846631  1026.747847  1874.608963  
833.9587801  410.4770228  1519.787183  936.4603071  427.541666  1171.944232  2003.772052  1010.615706  1840.732374  
871.9699722  362.7931871  1476.853761  859.4294725  480.6938971  1182.538316  1909.6559  978.249704  1808.059535  
855.7017368  266.0466384  1446.270702  772.3453699  428.2584016  1179.817887  1820.913167  939.0564778  1825.113732  
931.7587458  293.3300276  1475.487631  854.1869672  422.9087589  1199.021523  1860.685913  977.0328028  1903.033791  
922.253311  294.6218515  1515.094796  876.5375494  395.4259453  1172.815641  1859.306509  998.2963414  1903.027205  
929.6873146  324.5911696  1532.11766  918.8065239  414.2971751  1167.230662  1928.929035  1018.809639  1901.366085  
946.5869816  339.8785035  1525.042915  926.1362782  469.0558358  1210.782278  1896.319838  1038.33046  1913.838912  
946.2164288  302.6994149  1527.376638  900.5338034  404.0752999  1243.859514  1901.126157  1038.349086  1917.614567  
970.3365911  341.9449422  1541.61911  879.2192836  423.8443562  1265.759383  1949.33572  1047.253475  1937.999885  
952.7782065  365.6570062  1538.953064  855.5696118  433.9372749  1210.039357  1993.514522  1041.458273  1925.689845  
875.3873108  359.7292165  1543.9942  899.2882061  447.5037581  1222.764379  2005.850749  1049.649547  1896.515093  
847.9215184  377.118064  1542.190515  949.2603816  493.9586294  1265.170038  2020.638902  1056.918034  1907.344691  
879.7110466  382.5379  1506.043567  939.9972376  521.0775094  1199.638428  1940.905783  1032.788756  1879.600809  
895.7139538  388.4500322  1534.117383  931.182444  523.9734251  1215.057515  1962.557398  1044.473635  1907.225352  
891.6235692  358.3472905  1523.805966  881.9916205  496.1918598  1211.714726  1943.724358  991.8662412  1894.3988  
858.2018442  414.9652835  1505.823697  862.5772653  438.2673592  1173.309668  2024.358626  995.9448974  1877.719067  
845.3092426  372.2670835  1473.000833  858.0950294  463.8261525  1162.637454  1935.868812  1007.676592  1840.840627  
858.9121312  268.0128058  1476.322668  750.8183931  444.8524442  1135.278539  1816.590347  950.4345631  1839.432868  
872.6234509  276.82428  1507.637579  796.7979181  322.0249101  1114.669003  1847.394034  915.7291375  1889.043696  
921.8442151  319.9929093  1469.519667  887.5101344  350.9014567  1119.398058  1877.646872  955.1815444  1894.167198  
922.3986333  284.443227  1475.881111  838.530558  344.4488945  1141.28915  1797.842249  955.2506918  1869.178055  
970.3578529  266.6672677  1512.304274  798.9789827  228.3086314  1120.967879  1793.941992  894.9231946  1866.630359  
924.218868  280.2311903  1512.5313  823.8042854  222.6241914  1166.546193  1827.061858  936.1848505  1851.490879  
973.1060809  288.5630051  1507.73847  821.3952045  241.41279  1176.227456  1823.704679  944.4458532  1873.311298  
960.2161115  325.1340137  1526.897203  843.8337439  267.8785592  1188.585759  1900.177921  972.6639244  1882.786923  
951.0250926  344.8288999  1506.856854  865.9770125  326.4158332  1162.739114  1906.873726  999.3881866  1855.747831  
898.2260767  331.6970899  1523.52478  856.8749271  365.0319739  1177.519347  1924.18048  1004.229282  1854.442121  
939.4824152  363.8698995  1539.95089  889.6399936  344.4031071  1202.578513  1955.827644  1028.217376  1865.010978  
904.5691963  376.3827664  1541.092057  911.7933394  373.9085678  1239.131748  1977.285238  1049.416767  1861.330703  
880.0987808  336.1396  1525.800479  959.8906954  429.996844  1238.298491  1922.798114  1031.988934  1876.181936  
892.5713446  363.2969036  1560.73295  909.4374586  471.6763946  1225.306467  1965.821209  1037.794309  1890.031543  
885.5227862  375.7978695  1557.228716  933.1475873  494.0767861  1184.924408  1961.135607  1036.314115  1898.032372  
874.8228289  378.5213688  1572.611242  912.5018988  475.1062045  1237.157574  1992.617227  1040.479791  1885.516245  
805.54433  410.6430874  1500.167477  942.1858409  509.8252672  1187.089862  2007.372164  1030.678767  1871.763583  
876.5117995  367.3443571  1451.636763  909.4899269  574.1122473  1271.297204  1905.620324  1042.131344  1876.255001  
837.3199954  300.7413338  1477.862726  821.0884645  437.1239398  1181.156842  1845.758709  933.4844019  1841.376784  
850.5392868  281.3481942  1492.413375  835.620547  339.3938375  1079.384625  1842.228862  919.4484226  1865.745117  
875.9908938  307.7587929  1518.868733  832.5628119  337.0436314  1124.738573  1867.076425  930.0529385  1847.512247  
914.0185146  298.9749001  1527.181605  909.8716971  326.5707964  1150.73966  1875.079843  956.2568619  1885.360594  
923.7698254  338.0955053  1542.647227  912.117903  336.8068906  1156.480596  1960.482816  991.2996197  1896.821637  
898.5464391  335.8760673  1558.942171  925.3157603  320.0418469  1161.63355  1946.323592  1003.902211  1912.73698  
902.104323  350.1315376  1528.024983  903.2013777  320.1759585  1120.825243  1948.813783  993.3842051  1911.425395  
905.0874098  364.4531047  1483.60998  872.4291832  344.0149409  1100.020074  1969.013797  984.9789962  1907.876248  
930.426504  401.6042344  1503.271819  812.8138561  370.8870064  1126.581464  1960.152905  1014.32502  1910.980001  
897.536787  390.2778474  1510.191811  853.1586783  391.8854376  1159.688781  1948.838158  1038.052019  1908.790058  
951.3074208  366.855416  1535.609348  902.5899987  503.4591898  1232.174096  1910.988372  1047.208056  1932.340068  
930.0011408  379.8414859  1536.696457  846.7970697  466.8299715  1222.32708  1943.422588  1013.44767  1894.869291  
812.8322095  376.1255303  1518.183164  910.6443554  486.6435759  1217.621948  1959.577756  1011.442172  1853.897528  
857.6683889  321.6491035  1443.837624  794.707962  513.4058164  1177.432692  1871.256639  985.2900179  1851.548108  
836.4036418  234.7697053  1421.568003  764.03662  357.3636649  1025.79376  1816.89301  922.8212028  1846.337923  
902.843853  226.0460632  1454.629119  838.4637776  279.5734017  1129.279127  1804.928566  919.252834  1848.785094  
936.9009847  330.9406289  1505.581849  860.725932  321.0321824  1203.740945  1888.463921  966.7505204  1842.184071  
943.3535782  315.8829956  1509.272183  852.7726059  352.7808278  1208.943751  1857.693605  990.7075308  1867.451353  
973.0185494  302.9076941  1507.988618  834.8449693  338.123847  1221.148872  1874.52921  981.9652264  1889.865246  
961.5639612  333.1749901  1514.352959  878.2890933  349.4949334  1233.940781  1896.087711  1005.514409  1882.350339  
946.8375755  346.6028438  1500.985706  875.9664911  398.6308612  1246.097285  1903.242973  1021.142389  1878.278632  
924.1924581  327.3276708  1500.237698  888.9113798  463.8551825  1218.394613  1886.198238  1014.626847  1877.898087  
918.6948976  302.3215247  1476.534383  895.0201906  430.4459959  1216.428507  1847.177267  985.7153577  1881.018834  
943.8867164  297.407328  1534.394913  884.705124  378.5675277  1225.029758  1905.276336  984.9981619  1910.183121  
922.6864984  337.195451  1577.206543  853.4931143  361.1325867  1199.366383  1973.881442  1001.092278  1924.176453  
903.8996817  377.7680338  1593.43917  853.8246047  383.7281758  1185.747883  1994.907481  1017.239795  1920.888422  
856.9443662  370.9528089  1549.059245  894.6818756  400.7818347  1160.207166  1984.008144  998.6137866  1892.309866  
827.1798035  354.8151432  1501.773364  973.8321767  449.1942185  1220.611774  1947.710302  1034.390404  1853.929515  
813.1053132  325.4377831  1475.023662  841.4644772  476.8225648  1169.423765  1843.428927  1010.53019  1782.771406  
904.5533993  268.2144211  1449.79339  855.944606  416.4002485  1159.143682  1834.155581  958.4142825  1872.246038  
929.8789101  343.299767  1481.159932  899.2735005  411.4485162  1182.873402  1864.458085  989.3109659  1890.3469  
932.2209333  385.2817052  1507.471233  889.6001462  351.8331217  1153.886  1929.284114  1007.656281  1877.143562  
889.1641769  378.750473  1526.085972  916.4546657  403.8304487  1163.920744  1982.036314  1030.289526  1854.206077  
882.8678774  288.4317593  1488.071947  848.8123818  376.2091608  1130.384808  1885.10977  984.5371766  1828.079359  
900.1245946  308.3269085  1513.246037  829.0057675  330.6380599  1200.957082  1906.008582  953.9721657  1861.614833  
930.0370148  320.0527505  1511.62455  807.1781575  314.2142839  1140.751895  1887.34831  963.7236484  1893.537008  
894.2252693  334.6448184  1511.659901  855.2501753  315.4543499  1136.212571  1954.72914  996.757284  1923.697859  
919.6602034  371.9279195  1478.972408  839.44678  451.5490305  1191.152191  1947.809419  1030.542769  1880.934002  
910.8429898  300.0406577  1498.057023  838.1403327  433.1731703  1174.4278  1864.157231  983.9530203  1874.28585  
941.3708234  308.3640945  1515.314053  858.0874394  394.1529344  1187.630529  1866.039151  1010.584801  1887.863584  
913.3121942  349.9632672  1518.819266  896.0405338  397.4739715  1209.325983  1875.028945  1034.694223  1863.208883  
896.3121262  321.3593867  1515.247738  899.9940656  401.1588399  1234.959617  1868.909059  1011.973731  1852.331037  
935.4484108  327.9891368  1500.81166  895.0231554  375.3173455  1227.725723  1872.737357  991.737148  1881.057529  
938.8221049  341.4043567  1532.214829  911.2765679  386.0234208  1221.051858  1899.638463  1022.484849  1904.235582  
901.1496544  363.2722461  1525.154482  922.6960668  391.7745233  1238.514878  1948.819013  1036.469847  1895.280839  
821.7040956  343.497174  1538.521549  915.3783528  407.4387991  1173.599147  1952.333422  1006.712122  1880.299859  
863.9452799  360.2560462  1505.48244  872.4243751  350.6261682  1096.153684  1927.132707  965.6654067  1889.758083  
904.8884743  362.060462  1553.420897  795.320015  324.7851842  1138.291764  1980.244034  973.7759092  1891.363985  
935.8094895  351.0196445  1507.551551  801.0294152  316.2307579  1084.491576  1967.683044  927.3058944  1885.230129  
899.4447833  357.0510537  1499.904711  870.3452598  360.9328199  1106.715322  1941.498165  968.7256762  1881.811533  
850.9944403  313.1358149  1498.198977  904.8888027  434.8854861  1168.998113  1886.732506  984.2487145  1872.032374  
902.7086738  331.7359437  1522.066473  898.5921729  463.9059116  1213.430096  1872.944549  998.6324183  1888.82772  
884.4125427  311.060624  1504.75659  906.3877488  469.8852609  1182.097782  1881.914692  1000.289434  1880.482617  
899.3473835  305.744687  1504.030534  893.6080939  492.9310124  1233.577366  1920.56002  1016.304888  1870.396882  
932.714073  361.1860762  1523.24126  837.0167014  424.663103  1271.045587  1936.268302  1017.538853  1874.115802  
