657.8942202  394.5319986  1054.826523  1512.140124  -187.8358531  130.3593801  1686.665834  584.1290375  1321.136886  
619.4486875  365.1545033  1054.690427  1524.556154  -220.9614799  106.3110186  1698.251934  570.2860001  1317.552561  
630.7019952  368.9730744  1057.366339  1531.379304  -203.9483454  120.3186693  1695.555292  570.8616919  1305.457692  
627.182644  365.2941018  1064.161488  1528.896995  -221.490577  125.3108149  1714.019555  567.5299788  1322.639673  
625.467302  379.3044101  1059.554747  1534.196382  -216.9458302  125.4339748  1698.329165  565.0819837  1315.889523  
654.3624463  390.7492342  1071.011014  1529.239454  -228.5660186  114.9952734  1702.02152  585.6586593  1322.615001  
610.5316976  363.7653086  1063.886952  1541.489098  -217.4010649  108.3317235  1698.79038  571.7275544  1314.439798  
633.4205082  398.142908  1065.022072  1541.823547  -211.4421973  136.8711558  1694.809148  585.4280862  1325.216656  
628.2993198  395.6076912  1069.373728  1541.730988  -226.0406375  99.63204783  1705.441768  594.3290353  1308.986749  
600.6587192  344.8272783  1044.931992  1526.961223  -215.8819518  117.8195464  1687.244032  572.3524644  1306.676583  
618.9197856  390.8633562  1047.538697  1537.236749  -200.6559087  137.1856167  1692.012278  582.995311  1331.738698  
641.6321718  400.5020116  1049.922865  1544.071554  -203.9740363  152.324449  1712.899024  604.6053546  1356.791934  
603.859145  348.7200928  1037.132591  1590.511388  -231.8318712  160.5978291  1679.416733  614.2630752  1372.605666  
630.5010093  387.0937967  1083.74871  1594.949337  -189.8135279  81.66024077  1698.956711  645.8089162  1367.934756  
629.7279575  374.9155999  1061.158516  1532.809298  -255.8075804  124.8644534  1691.075476  590.7553767  1328.754103  
622.9363019  381.6375813  1057.966473  1559.380102  -247.5404198  114.6292279  1699.529357  589.9333087  1334.207447  
610.6285601  349.2317484  1047.002635  1530.759056  -253.0308669  140.7996582  1688.935879  583.8156569  1320.252769  
626.9813112  352.7727295  1069.976343  1535.741249  -275.2770932  122.9221159  1715.533775  593.0741292  1335.352738  
642.4296553  389.9241663  1068.390125  1528.189733  -272.4103793  136.2563086  1728.27773  594.515914  1316.481563  
598.2257185  360.9847488  1082.155331  1564.155621  -206.6819327  127.4666166  1710.163136  587.9115826  1338.100648  
659.3793266  363.5605094  1062.504991  1558.808763  -233.1286109  128.9152054  1702.95388  614.4632241  1350.442133  
651.7526042  373.8265301  1045.284835  1526.473025  -252.9182277  143.4019268  1702.975086  586.297326  1304.024912  
596.0199207  357.2858648  1051.620216  1534.655993  -230.8238966  139.9977462  1694.417716  591.9264777  1319.414576  
617.906584  367.7209438  1086.385439  1569.516845  -184.583096  123.6556723  1714.297583  626.8193742  1359.975607  
669.0214809  368.4981261  1064.299095  1542.878881  -239.4745268  122.5281447  1686.552988  576.876945  1332.117123  
647.6175933  382.4195776  1051.089016  1505.572671  -261.7186029  154.3208515  1672.49876  571.0027741  1322.558187  
630.3353804  364.0622051  1055.693469  1541.395177  -252.076197  115.1635202  1698.221349  588.9223593  1313.178816  
617.4857456  369.1021964  1064.875821  1537.496438  -216.0026421  118.8790079  1714.597784  577.9159182  1303.672876  
646.3505391  381.88193  1055.235554  1523.742991  -219.4648414  136.2146393  1698.483399  584.4562042  1315.4611  
635.8324879  369.0529305  1060.53554  1528.69798  -224.3082678  131.1724751  1712.971857  574.7315616  1305.161363  
629.9832792  368.8174109  1061.199965  1517.62447  -219.50697  123.6066903  1693.211052  569.4603858  1298.048823  
636.7063432  363.8791003  1063.749302  1519.092963  -203.4975546  147.1748634  1685.908444  574.4067872  1339.088336  
620.7842765  366.6636298  1058.091288  1530.64112  -188.4051933  126.0378368  1699.34568  568.8713065  1345.612912  
630.5656994  388.3165217  1063.772232  1534.532031  -189.1523887  140.4774216  1689.545188  578.9153342  1351.628794  
636.6830106  384.6726696  1063.384899  1542.335805  -197.2563808  107.5036949  1709.330478  592.7049224  1318.223804  
630.890322  382.583404  1060.397844  1544.734588  -200.8931424  136.055171  1703.520924  598.6031474  1334.329575  
636.2536939  386.967524  1065.323647  1544.754265  -222.2160166  119.7042896  1703.345864  601.5114372  1326.399546  
635.4663909  380.8772656  1085.385588  1532.051278  -221.844512  110.6689419  1718.657051  579.1063836  1317.713508  
621.2260231  381.329455  1075.320184  1556.40301  -195.5617905  110.8054289  1719.040871  582.2660915  1324.037715  
630.632523  369.1797707  1046.968114  1524.793115  -216.7677338  122.3238738  1691.648921  573.2982113  1328.839049  
648.166515  385.360727  1064.072247  1509.634322  -220.5065414  132.0522008  1684.133577  589.2435987  1328.793738  
613.9819702  380.3833294  1055.671161  1532.24697  -222.1122546  135.1811218  1696.307628  584.7271918  1332.956249  
641.631514  377.4033495  1064.123045  1540.205926  -226.3837614  130.5876852  1695.177853  585.2569095  1348.467131  
646.1907617  396.3401344  1062.903516  1529.694681  -203.0617581  127.394993  1720.082993  599.8103902  1338.181829  
627.3970745  383.872411  1070.82007  1550.725444  -225.407753  119.9060481  1738.034437  603.0854837  1333.143765  
625.7932435  391.9172632  1082.246283  1571.151481  -206.7777025  99.06310385  1715.991263  590.7950147  1316.936204  
624.9962132  376.2209686  1052.683906  1541.846178  -222.2920763  119.7997963  1714.000462  609.7614054  1318.360968  
618.6227752  387.5507898  1069.599887  1545.574807  -250.7937005  115.0846437  1698.095923  600.2331934  1314.37791  
589.08628  337.2776673  1085.428037  1540.09055  -225.4943392  92.06230513  1679.890841  564.1163207  1297.01032  
611.7023159  382.3519297  1064.703352  1506.282673  -190.3517931  121.0591243  1666.54869  566.8476313  1293.270869  
595.9098093  367.424163  1027.078827  1515.996347  -219.8185814  128.5494222  1671.057014  587.9726328  1290.804181  
646.4358536  387.8718158  1052.237938  1535.385157  -210.2775123  152.934999  1699.692742  607.150434  1346.237714  
633.5710119  393.319898  1057.317065  1542.491404  -243.6047518  163.4563804  1710.892729  608.9375007  1349.021516  
618.1381224  369.8962877  1042.252261  1553.225979  -247.0598525  150.1629592  1693.551761  590.152979  1345.451406  
646.5962968  367.7582582  1066.732454  1536.076531  -209.4671804  153.331326  1704.559828  585.2607836  1349.959316  
613.192089  346.3431129  1042.235314  1532.514728  -215.2913696  151.9807643  1696.330293  568.7615409  1341.683057  
626.962822  376.9986872  1075.158315  1543.674091  -238.1975544  133.483261  1699.184527  575.5093114  1336.741804  
633.6902446  368.7700549  1070.275522  1528.397224  -238.8907461  132.3339705  1702.958972  569.015633  1333.786388  
623.5070007  370.6675714  1066.570665  1540.273326  -238.387468  122.354363  1712.494932  577.6033657  1337.11806  
617.2762071  374.3850895  1044.578793  1549.653402  -223.9440103  112.8603464  1694.16016  576.8370065  1307.424336  
642.2177343  380.0383685  1058.777613  1551.802926  -195.3078995  147.3801616  1699.081484  599.1730435  1327.76955  
617.1102725  360.7712359  1073.70551  1546.773829  -212.8949512  141.6705474  1698.815916  596.4947627  1342.002642  
656.8059575  384.4192545  1074.512563  1525.844783  -201.8919517  123.0429546  1703.120391  575.1794532  1330.84669  
629.0271481  371.9944301  1048.956937  1531.071981  -226.2567483  125.4942648  1707.109859  581.6052963  1312.859626  
635.4488095  392.1929139  1033.729522  1534.426042  -208.0681193  112.7210791  1695.719995  587.5368754  1288.131079  
610.3098041  375.7633505  1030.292974  1540.801529  -219.8286712  105.9371301  1698.079552  583.6044852  1310.019775  
631.1082471  380.5980785  1062.820756  1524.276226  -224.6985129  127.282801  1695.153087  580.1239357  1322.550413  
619.0333316  375.0183906  1065.980551  1536.493508  -211.8071729  139.700966  1699.55448  579.6069482  1335.111724  
633.9119526  384.5682438  1068.068222  1546.831969  -225.0880538  127.1235737  1718.185205  584.1956475  1333.983764  
643.4296421  389.2547852  1080.854563  1551.955838  -231.8859386  101.5468405  1706.786583  588.1392466  1311.161401  
626.3566204  361.4869489  1077.489208  1544.460542  -223.8267247  122.5083828  1704.86363  558.8406243  1324.692782  
637.8034652  401.7367532  1079.649633  1542.806515  -224.4723251  130.4706316  1702.476891  592.4833881  1335.489121  
621.4063819  356.8247154  1077.361585  1554.019517  -242.1897325  99.76589207  1721.433717  595.8102138  1328.865188  
646.7732026  384.5423422  1065.217808  1538.423672  -225.0748227  125.8052395  1686.095878  576.4110647  1331.533748  
616.8024699  356.2132538  1061.24634  1545.258656  -220.1088705  138.5200332  1697.33754  588.1797831  1345.882095  
646.5091995  384.1158284  1073.46816  1547.224106  -230.0763771  123.3978298  1706.338948  576.4670161  1336.13883  
630.9425224  391.7529412  1071.56547  1538.794858  -210.2392355  132.5659336  1692.674822  589.4300747  1333.854994  
609.3849458  380.3714744  1065.186659  1558.535807  -239.5840847  79.05544153  1702.52271  598.6567024  1318.450879  
596.7632148  386.0055011  1049.481923  1561.872295  -180.5450263  118.6623787  1650.212589  594.1381538  1323.523193  
623.2958272  405.1512649  1051.692077  1535.002028  -208.0503714  124.5786975  1681.325057  606.6333369  1340.527384  
627.6417716  398.0923291  1051.486272  1545.671863  -233.2387182  121.3431871  1686.864347  609.9715075  1324.092574  
599.5147573  382.0176131  1041.208021  1540.897934  -204.9749797  136.961774  1658.481766  596.0687483  1324.84987  
643.4918247  401.5869454  1052.919568  1526.674493  -227.4637847  119.7613505  1684.08697  603.0026695  1314.58312  
644.0077032  381.6294226  1037.896342  1517.691397  -218.6544419  137.2571605  1695.052832  602.1341077  1313.790569  
625.0128859  388.6793759  1049.4466  1535.575039  -217.7495993  137.1519589  1688.630681  608.936455  1325.911314  
614.2714286  365.7395847  1049.077346  1515.492733  -227.3917996  144.8507224  1685.814693  583.4397977  1311.386321  
602.7469668  369.0887061  1048.377534  1519.910987  -200.9814404  146.2415278  1672.617453  581.1447217  1315.402623  
650.7438606  385.3644446  1053.874802  1520.525235  -210.598547  122.607141  1711.871152  601.9149734  1332.842671  
651.296222  374.7959611  1062.383029  1556.227536  -248.5195663  98.61957593  1728.652389  607.2596762  1352.628937  
618.2984226  373.7075731  1059.487993  1539.039254  -245.7836363  124.9715837  1704.224975  577.5598276  1317.341941  
647.0830821  391.0309683  1053.629146  1522.583521  -221.4649343  121.0973677  1729.313634  592.7417855  1329.881855  
626.8543916  365.9142383  1049.432727  1527.544048  -218.2425004  121.9888594  1721.676866  579.1121182  1328.982834  
612.1576636  366.3854077  1060.307809  1531.608714  -240.7881745  129.842494  1708.055809  567.0601155  1328.76156  
636.6004972  393.4159384  1059.640911  1556.731755  -239.6745872  124.6838987  1697.165968  585.5752553  1327.370275  
620.2094051  359.9847651  1067.654527  1555.314956  -243.0674669  112.0404804  1712.440087  605.4272355  1324.740707  
614.0405048  386.1587794  1068.286473  1554.207949  -207.1391061  105.6269615  1706.956989  569.8170682  1310.50515  
648.6424915  403.1070483  1075.157394  1549.87469  -204.2875479  111.1704751  1708.225008  603.6871102  1333.981037  
643.1651946  389.3092905  1078.004491  1552.584218  -231.6315437  99.58878714  1703.907233  601.159892  1336.522103  
649.2795002  378.302484  1060.015368  1528.752468  -248.6565608  109.9757205  1723.933433  562.1044103  1314.433142  
640.1298258  390.2048533  1061.981322  1532.841989  -269.8902811  90.90483101  1727.907621  587.0519028  1292.58622  
603.4042525  343.4905557  1058.598381  1533.007182  -239.2439348  104.0845884  1697.546643  547.4309823  1309.776981  
623.6887628  364.6015243  1064.915951  1537.761479  -244.3392064  109.0448669  1704.052002  569.6410994  1311.901536  
598.4084831  344.2476203  1064.83818  1530.038947  -190.021076  143.0150197  1654.757961  567.9796775  1312.909884  
630.493005  374.8018715  1073.356265  1524.121595  -194.8585773  149.2475356  1699.011968  616.5854547  1339.996469  
640.2492133  359.1382153  1056.751759  1528.549357  -244.0224836  126.2912995  1714.707948  592.2875583  1337.033264  
642.9518692  376.745707  1067.788161  1530.556051  -239.9883998  136.8953247  1710.742386  594.8551615  1323.02625  
651.7454103  376.6939092  1072.791495  1550.445524  -234.6433353  140.3985131  1713.33363  601.8556173  1338.184743  
633.8063172  395.2153285  1054.858024  1565.056891  -210.7101926  136.1102145  1699.121032  598.6321606  1341.811057  
651.0468915  375.9384003  1038.134661  1534.033873  -261.3502171  115.212564  1698.544993  574.9849924  1304.194206  
617.8060704  347.0762103  1041.147581  1539.41059  -241.346001  92.41866467  1706.26745  564.8651354  1303.425696  
626.1430176  349.8313206  1044.710656  1529.04131  -223.9648701  96.02992897  1714.093909  572.1540138  1310.74836  
617.653691  371.5554651  1068.847854  1518.862141  -222.5610368  118.8589445  1693.204955  578.5742431  1333.014259  
623.7294666  380.3095513  1066.529346  1525.975867  -200.3771247  146.080011  1654.82971  568.0489402  1336.298481  
615.2045638  391.21829  1066.829636  1536.524227  -146.5587589  165.2967824  1644.989611  593.54637  1345.909619  
634.3660917  381.0616713  1075.810397  1518.58923  -215.8518156  108.6038097  1703.888098  590.8690615  1320.279887  
612.7307721  400.6508401  1068.228453  1548.262578  -196.0222752  134.8222781  1669.464195  587.9440524  1328.979098  
610.2998402  403.7884064  1076.871779  1563.660758  -161.1398683  171.0246052  1625.863833  611.5925375  1355.75755  
605.9536182  381.1051339  1053.457285  1517.739659  -173.2453201  148.0743612  1655.505798  610.251686  1339.809697  
642.9028365  404.7670003  1067.618276  1519.493648  -192.7640825  93.88478592  1734.115264  602.9085206  1328.605294  
654.2858202  387.6437795  1061.483995  1551.590457  -232.0303806  71.89256326  1766.788136  593.2767977  1319.135208  
649.3196002  398.9502959  1057.414985  1538.69167  -258.1191521  111.4908295  1735.579844  578.6807514  1313.990593  
629.3119835  360.3175895  1056.229573  1538.572438  -259.7973012  107.6442567  1729.836271  574.6323862  1329.397334  
630.0811281  359.5198276  1074.64234  1540.485975  -244.5526258  101.0715006  1730.251633  565.3367568  1337.786037  
610.5120351  341.1701682  1054.508272  1538.032459  -242.6436081  133.9828721  1698.939716  553.6181673  1310.442049  
653.5299103  372.0970516  1047.582019  1518.029557  -243.8913595  124.6571999  1702.34776  579.6841996  1307.060292  
619.431566  348.9614663  1050.583354  1538.795645  -244.1174536  106.6381427  1715.336972  584.2251411  1318.996397  
628.7136098  376.9453087  1045.2788  1539.302117  -217.511339  146.9755938  1711.93588  577.1964942  1328.173981  
629.9898077  372.1245213  1039.854451  1550.268306  -225.8651075  151.0887462  1686.318939  594.4412895  1313.178382  
628.1594044  362.4443208  1045.029901  1544.676831  -224.0756016  138.266175  1689.726779  592.7720711  1322.880149  
607.9114647  368.760797  1064.48066  1530.672118  -201.0668895  139.7809375  1657.55313  569.5800289  1312.557227  
623.4551324  391.9679228  1052.202076  1545.970688  -201.7891818  112.8609175  1701.992322  591.3080246  1325.324429  
641.1923062  402.6405743  1068.547038  1545.396465  -197.7062059  93.40052647  1728.443571  596.125589  1346.496241  
622.1986033  366.4382488  1045.093482  1560.88096  -217.4905474  114.4501316  1709.250873  578.5637877  1333.103975  
639.0498732  395.3103878  1065.033717  1544.303924  -202.2693794  131.8773072  1707.662226  594.2842326  1326.71931  
639.8565767  374.5294023  1072.870533  1539.134556  -214.0723381  123.5668161  1692.778785  589.8714792  1331.298283  
620.1427608  394.1569214  1079.952239  1565.019432  -174.760661  176.0644839  1658.323458  623.6418076  1363.507701  
604.3246358  377.4460541  1082.619214  1541.650945  -169.6655305  148.2984299  1695.038155  622.8562149  1349.883488  
670.5812328  395.4554761  1084.923586  1542.927919  -246.7688657  88.68962131  1748.345048  586.8767101  1329.929155  
643.3553601  364.2553816  1062.138306  1553.467736  -262.5176873  111.431442  1728.933695  575.2051352  1328.458548  
618.5489704  364.6885624  1046.358291  1533.177093  -247.7794765  114.3726889  1721.141377  558.8410812  1302.537077  
634.8825085  373.4072581  1059.732495  1524.705364  -258.5915705  124.49977  1698.473518  576.8073091  1297.368581  
582.2907197  345.5102258  1046.746141  1530.388778  -266.4667837  143.8256715  1656.082278  562.4011049  1314.489035  
614.0308335  392.0380344  1052.050319  1547.401535  -254.5754651  150.9257009  1669.020263  597.239557  1330.163813  
627.8822942  357.5029156  1043.854546  1529.408912  -239.2017751  117.9580075  1684.518243  570.0245939  1313.815768  
597.4880289  354.1128647  1055.896869  1557.924425  -224.3085037  142.8412216  1645.697928  580.0186872  1333.453609  
647.8108471  394.3568888  1060.780203  1515.949821  -199.5730957  139.754433  1694.576578  575.3284284  1343.426144  
634.3502426  353.1605988  1062.874871  1563.63241  -234.9392307  138.0537662  1686.492283  565.4675551  1347.430647  
647.4329263  394.1421752  1088.025246  1543.271107  -217.0659833  157.2175244  1694.784183  593.3616869  1338.23061  
645.8417773  377.1198152  1077.865464  1527.207289  -224.4217666  93.53939878  1736.880592  582.0849712  1303.443722  
628.4206776  367.3249832  1058.794835  1542.61896  -209.0476342  105.4278968  1694.845959  560.9968928  1300.228432  
633.5429545  363.8517457  1068.086527  1535.388252  -199.7538012  151.2641545  1677.742668  581.977167  1341.406844  
616.9200917  395.5031317  1066.788196  1566.884873  -178.1763678  138.682839  1696.32035  613.2451336  1352.280917  
633.7197299  377.5837575  1050.956092  1535.865497  -219.1999254  104.5739305  1748.217524  591.3449578  1327.558325  
645.8133588  365.1267395  1054.6882  1532.469438  -213.9220118  102.6041869  1729.206209  572.4474977  1326.282534  
639.6913684  360.3442216  1052.377197  1525.43516  -257.9601587  121.2738927  1732.095493  568.4277784  1319.061329  
599.5861805  350.5475444  1051.483145  1551.431078  -232.6295255  124.4741041  1709.616855  562.5799843  1310.361171  
625.8829311  366.8983815  1049.856962  1536.006966  -246.0772208  114.4509972  1703.35365  572.0861128  1322.240315  
632.0214555  374.6458815  1067.810165  1539.48763  -240.6524948  101.5704482  1715.383209  567.9322978  1328.445572  
591.4411177  343.4584689  1061.536972  1556.160218  -235.62254  131.4139692  1669.690317  574.1664493  1341.830881  
627.5464286  397.6958758  1083.678261  1555.133059  -149.1871837  183.239274  1662.710364  601.94198  1351.631368  
636.99202  384.2818967  1058.603106  1523.046901  -189.3684272  127.0632567  1711.754655  614.6480505  1318.378386  
639.3859477  368.6534324  1040.088394  1533.722764  -242.1499833  117.7985498  1719.797453  601.9033789  1309.221538  
645.417307  389.7806289  1042.226487  1536.340437  -253.7145856  131.3967024  1729.097025  601.9389627  1327.275635  
642.3824464  358.6178478  1057.358929  1536.864287  -251.6963196  138.6440124  1719.463513  587.1115168  1322.603131  
597.5305561  350.6091985  1060.026642  1551.757472  -219.92723  145.4434566  1669.861914  577.7090614  1349.074228  
614.6755499  404.270985  1077.979758  1562.836305  -195.9450537  189.9089546  1673.753323  619.5487622  1365.345921  
639.2236285  392.3779643  1079.978171  1506.551016  -192.7076617  126.9829725  1707.023832  590.0389288  1331.230312  
624.8920631  372.1247803  1065.500815  1538.99648  -224.732779  106.6332131  1688.57466  564.0623194  1320.648392  
610.1918134  357.6228659  1076.821472  1532.026548  -185.4190056  120.0631526  1669.996008  565.8878744  1324.168979  
597.5862813  373.9585913  1088.548008  1530.112288  -191.9257588  130.8484269  1676.273626  587.6508403  1324.14708  
608.451034  386.2434524  1096.419422  1513.921968  -144.3935793  152.386533  1677.129491  611.063227  1343.753663  
638.6970615  382.529448  1071.838644  1506.36462  -249.105449  85.9218384  1703.045058  596.1841879  1318.391332  
614.8186428  382.2186801  1083.630409  1538.802217  -231.9470989  96.97360942  1715.508534  578.3674729  1320.741717  
631.0586962  371.3942375  1071.492491  1550.644658  -233.1655285  96.40032745  1717.078432  585.8175913  1310.004925  
635.3870589  368.002538  1083.815597  1568.893033  -167.5297331  144.2839787  1679.036422  617.5102656  1348.510863  
626.1355109  375.5853958  1069.753836  1547.54291  -133.6779917  137.1245257  1657.098481  601.2460544  1351.707694  
654.8284771  389.5550446  1058.889504  1512.512462  -170.1356975  122.454314  1690.718323  602.8254848  1343.814437  
662.5754817  399.7873283  1039.103656  1542.317816  -203.1147708  92.37076271  1749.793664  601.6684085  1312.167302  
664.6772624  380.9532576  1021.77608  1549.037346  -265.1748692  97.99532349  1720.691751  577.4441408  1308.717423  
646.1446768  395.9291643  1043.398232  1544.438721  -256.9755119  140.4560015  1687.031873  586.111525  1336.572273  
594.1299286  365.892464  1065.945639  1576.361721  -229.6317506  140.7393138  1662.487233  591.2588563  1330.991824  
575.0386227  389.4520823  1068.564433  1539.990041  -179.0755187  143.3490923  1686.757792  591.1692864  1322.944614  
620.5598985  362.8798078  1037.283613  1498.016353  -175.6877696  99.24152523  1696.684014  577.456358  1324.492615  
654.159841  362.1147803  1040.240943  1520.5643  -228.8661174  101.9046225  1726.827762  560.6830604  1324.992145  
652.5560013  399.4579237  1026.443465  1552.560066  -295.6416562  97.50827025  1731.47264  590.6550607  1302.221714  
620.9950254  342.3826918  1034.461554  1553.298817  -288.6920771  88.96350324  1726.864421  571.6307138  1308.688724  
626.2810152  374.4037222  1055.282437  1567.361272  -260.4078785  127.382965  1686.387085  579.7822857  1332.020506  
593.0061666  327.9839274  1071.91371  1550.295946  -187.4676593  174.5104686  1644.633631  562.4144529  1358.964219  
592.7526703  378.8567611  1087.422618  1519.050878  -192.1931082  167.1096422  1661.375271  567.942388  1325.900812  
598.699326  374.4041565  1065.099047  1485.598372  -166.8943984  187.3566366  1628.534466  570.2614232  1329.769726  
598.4354116  368.1321659  1065.654311  1488.89859  -176.5514042  156.9941003  1657.896029  573.8354008  1324.603042  
617.0147498  384.4207651  1063.36172  1527.511938  -183.8963142  139.3645568  1664.493593  605.3435833  1318.742829  
629.4060663  369.0736715  1057.468458  1519.878123  -209.7301648  103.1490857  1694.540461  589.6929169  1323.047774  
649.7971737  389.8831799  1066.545702  1541.411686  -264.1947955  111.7687849  1680.442285  589.9598488  1336.189267  
619.4808926  368.9474137  1060.257709  1538.548885  -185.4441139  126.2880469  1682.679773  578.9632257  1332.861377  
677.9299775  401.8361469  1059.345004  1532.46447  -241.9389528  96.39645795  1712.212421  603.6883331  1322.854847  
633.1665604  373.2808057  1070.789083  1567.875915  -212.5845041  139.5934183  1724.819206  614.6690553  1351.411102  
657.0450496  382.0719977  1061.451111  1564.454554  -253.870614  98.19732353  1751.010835  595.8707454  1319.597252  
638.6006298  388.1650223  1055.861582  1562.353156  -239.1139044  112.4711452  1746.177414  586.3013367  1309.176755  
619.6783594  356.7963243  1058.109662  1549.855816  -258.3258855  108.3165356  1740.849247  565.8295935  1309.877561  
