1036.889229  501.07828  1194.22368  1130.457048  -155.0114159  128.7737657  2211.689738  1090.101382  1741.942534  
911.7276844  563.4737495  1207.552922  1140.887117  -210.1994611  160.875747  2173.303594  1073.14068  1740.516038  
911.0852233  490.719161  1185.686329  1098.841107  -247.7272896  214.9895277  2159.352216  1064.23323  1694.891451  
935.8194356  483.8504743  1184.978999  1111.978606  -208.7312405  153.6820336  2196.911926  1064.198505  1719.042504  
876.7509129  527.8180288  1224.769761  1147.97011  -281.037888  182.0115963  2149.62518  1033.158569  1675.029125  
968.975355  457.4256116  1144.208265  1093.190438  -210.0415763  209.7479017  2137.258926  1073.13863  1720.849282  
1034.966564  394.666695  1096.209314  1070.80963  -191.4970085  184.1002237  2173.143864  1076.723112  1747.804032  
965.7742114  477.5972298  1151.853591  1110.137107  -221.8747862  181.72076  2140.072991  1062.563684  1716.455363  
941.888903  473.9410761  1169.921854  1136.478371  -230.3706792  212.9995455  2127.096324  1077.810195  1720.750545  
989.0222131  438.1921636  1142.427913  1100.754048  -208.1675626  193.3182132  2164.486916  1077.768469  1712.975298  
1009.551096  416.3955869  1133.339649  1117.529462  -179.1905847  155.6869898  2167.309529  1077.074895  1743.33594  
1017.805734  435.0273006  1131.383478  1101.557465  -221.6032934  179.997898  2140.104021  1071.480173  1750.530904  
974.8466807  435.439981  1151.5329  1098.481583  -214.9573721  210.5017467  2151.678961  1058.9257  1730.551811  
927.329106  522.8176885  1203.201451  1097.786366  -228.5742539  215.3649502  2167.473056  1074.772228  1714.109503  
921.8283709  502.9631129  1211.379851  1092.69114  -241.0982803  222.6579792  2163.92066  1060.749392  1710.272627  
943.5998152  522.9501965  1197.41101  1107.848514  -227.978065  205.7555148  2161.390574  1060.931687  1701.214028  
915.5646456  544.987533  1223.556113  1124.928687  -232.0063485  183.0204657  2186.647777  1063.564176  1715.851049  
799.5521329  581.3698272  1259.235307  1126.29722  -282.2727899  262.5246959  2113.658743  1051.583884  1666.420594  
987.3018292  485.9730171  1188.801274  1086.361508  -207.9270424  194.9328772  2196.941828  1072.126932  1716.69235  
942.9381605  539.4344983  1216.468964  1083.927495  -248.8698942  220.5487284  2175.626327  1061.098509  1691.931092  
987.262818  453.4874284  1168.468239  1078.883294  -210.0230126  183.678275  2176.489166  1077.190356  1734.535956  
1058.601583  444.1797621  1144.367639  1067.621446  -202.7236249  144.8053496  2213.760197  1081.070563  1758.972274  
936.6183677  521.9136408  1197.004923  1108.227787  -219.0812216  187.4913413  2193.968448  1068.028142  1734.378111  
922.5319865  545.1070087  1213.702086  1133.149881  -210.139021  199.1374979  2161.078027  1070.370046  1706.223528  
953.5150422  465.1217019  1190.476257  1121.699009  -226.0036109  187.715935  2139.298561  1063.620972  1704.153736  
998.471831  470.5233103  1150.854182  1085.165545  -204.5203161  183.7805548  2173.529833  1077.596312  1718.203798  
850.4530391  555.0994809  1218.231483  1101.418377  -267.1891349  253.9453823  2106.231687  1072.916956  1685.753388  
998.3037108  435.728471  1142.465779  1123.430261  -204.826406  186.5996317  2140.806164  1076.675927  1714.555753  
979.8045858  436.037876  1140.769495  1110.746413  -209.7603718  177.2192684  2149.089117  1064.40633  1715.591029  
948.910955  488.018968  1187.752622  1114.636633  -225.5442939  191.3739917  2172.972288  1070.809506  1706.593398  
1018.400728  463.3197623  1145.953988  1100.652546  -200.2082604  169.1336258  2174.117975  1074.841825  1746.281228  
1008.277238  456.8438462  1160.21969  1106.661681  -199.8835423  192.8725913  2153.269318  1056.095454  1716.038281  
903.6107934  543.2543138  1211.515752  1117.062227  -230.819601  196.9896364  2160.519059  1064.693332  1708.028304  
983.7804853  466.0975281  1198.700782  1116.342518  -209.9041679  173.1847444  2186.249744  1075.996928  1709.593795  
943.3821721  500.7698112  1172.359328  1138.077961  -197.2315584  170.1596113  2148.761148  1065.911786  1730.896755  
934.1988644  480.3637834  1176.824091  1104.585428  -226.4212721  199.7441084  2126.486284  1061.7266  1696.247753  
942.3883645  454.5722181  1175.929568  1181.198389  -188.0404894  126.8326152  2167.21494  1060.490421  1726.972017  
935.433959  518.9308921  1163.509855  1150.232349  -215.3584227  189.4612995  2150.684287  1076.516961  1729.237335  
941.68417  499.8813325  1208.529451  1137.154003  -233.0078612  187.9962099  2150.556909  1059.256337  1711.589056  
933.6031532  512.0900412  1202.786586  1110.619491  -218.772258  182.2295505  2163.535524  1070.535672  1708.582609  
940.5097742  489.6056937  1179.373569  1098.728772  -234.9886731  203.2598849  2128.477994  1059.988637  1694.201328  
1046.370131  462.2577617  1149.793715  1094.138737  -195.7627572  164.1372864  2173.698232  1073.736867  1721.989467  
1036.051536  400.2932328  1132.006598  1105.74638  -193.3966169  175.0236821  2172.759282  1082.412606  1763.332689  
1044.11  458.8649716  1147.957984  1096.1801  -181.3090224  163.1509039  2170.01235  1083.193389  1751.517062  
915.5703806  516.0972521  1206.316988  1123.687971  -214.4491003  206.4708686  2181.990779  1063.631949  1735.328328  
949.0156537  481.1160566  1175.167857  1096.151464  -213.6021609  202.7526557  2150.179331  1079.719384  1728.563566  
967.4668014  512.5387128  1187.602294  1124.849165  -238.3953577  163.0140547  2139.061872  1060.103495  1703.889651  
974.8145141  446.9382753  1154.045663  1128.421839  -233.7009836  169.0570939  2144.366789  1048.887286  1705.186119  
1016.607505  469.0592569  1166.74829  1099.977678  -195.8113017  176.9182082  2187.671735  1066.904383  1729.982685  
866.1774962  518.7513527  1198.326578  1105.404  -236.2332857  225.8969265  2150.25267  1062.822119  1700.524788  
988.1994949  489.3070199  1176.306927  1110.144553  -197.7353971  215.9646691  2197.314343  1097.404087  1726.777701  
960.4694774  546.7876521  1216.407773  1136.87234  -219.2689374  187.5132748  2195.496764  1067.714143  1728.557221  
976.5152321  438.8061277  1166.704513  1092.312544  -229.7426697  195.8069375  2181.738104  1065.463261  1710.529188  
986.3991007  491.3653134  1187.561728  1094.98547  -215.6941623  207.92491  2213.177423  1092.997286  1744.660632  
855.8345408  548.0766637  1250.404371  1126.44138  -274.6170292  220.9312176  2152.052666  1051.740757  1695.185774  
934.139294  551.6815532  1220.730843  1121.47784  -248.841628  202.5119033  2162.631503  1055.673859  1691.659502  
919.6240477  508.0246843  1196.064512  1094.87296  -232.9942015  229.6175909  2147.222581  1067.81882  1711.554014  
969.2090332  499.7498173  1191.965879  1092.249229  -221.2645662  156.1892968  2193.309353  1055.816715  1722.007004  
924.6002805  541.1770371  1199.310311  1073.635007  -257.8951583  216.2888221  2143.476054  1064.845505  1693.468138  
962.4300555  503.28216  1190.273372  1111.458292  -203.8398805  198.0523812  2184.89609  1082.915597  1726.667454  
1017.113912  464.5944358  1162.888056  1104.609498  -207.9106494  155.7252467  2198.556965  1066.039491  1735.173868  
1036.866383  420.3257012  1128.873358  1091.645487  -172.6064263  132.6858622  2205.023336  1064.685951  1745.710973  
994.3118148  477.7663728  1165.151397  1068.094421  -227.4006194  173.9459468  2173.228574  1080.436556  1710.613306  
957.6504654  535.2619818  1215.61422  1088.194357  -223.3023915  188.4406326  2182.944703  1074.702063  1705.731808  
947.9177108  493.0380403  1193.632899  1117.615017  -204.4453916  169.6628382  2178.672481  1063.221722  1738.327614  
927.3057877  510.6841806  1191.501745  1094.468201  -237.0055852  184.6960862  2164.732888  1072.550686  1707.080473  
896.2955778  558.3228548  1200.474972  1110.799231  -238.4528339  206.2168099  2145.307413  1064.354606  1699.684182  
1049.843112  363.4555321  1130.456091  1099.449856  -195.0335968  146.8359508  2212.384488  1076.224423  1742.907535  
938.9236548  514.7184573  1180.530328  1102.923725  -241.5869934  208.9819119  2141.335082  1065.240535  1702.52307  
930.7905135  480.7593796  1177.082371  1143.62948  -224.9837355  160.5688656  2183.746535  1057.272566  1713.256389  
999.4965849  454.1255746  1156.228432  1102.455505  -213.69214  164.6658358  2181.534749  1072.693551  1720.699049  
957.7118111  470.2912204  1140.587847  1112.486299  -208.9572632  169.544979  2173.45627  1056.044525  1722.671393  
969.6380136  433.9136615  1146.09858  1105.04934  -218.1131662  207.4180798  2126.947544  1073.157609  1716.8943  
991.2303353  454.6347  1140.267624  1107.137153  -181.5519645  168.0707786  2162.843171  1070.865903  1746.731155  
993.0644887  426.4974636  1144.860234  1095.253399  -195.4310928  178.3435343  2180.137596  1065.812133  1733.825806  
987.1930355  451.7751723  1158.786477  1121.558121  -193.7167937  159.5013272  2177.029195  1060.009115  1721.157418  
891.3079502  497.9281042  1194.881407  1111.448984  -262.5158443  188.6749638  2164.527302  1048.074239  1691.046763  
922.8263484  487.3730184  1203.3712  1159.406809  -230.8860084  201.4102767  2168.684035  1076.696364  1725.108553  
920.5164101  569.9590856  1209.752487  1148.823858  -224.7828339  195.266063  2138.837568  1072.958133  1723.13257  
947.4863561  485.7818714  1166.145596  1108.979878  -191.9186962  199.5451443  2137.785938  1068.921717  1725.034339  
914.6659225  560.4584087  1207.957499  1094.053552  -234.7616355  215.7487332  2150.440897  1076.839729  1687.807005  
918.7298411  442.9551872  1173.988528  1116.394744  -233.3844039  207.4654619  2172.735316  1075.459961  1727.253547  
964.7726988  486.1179951  1175.880733  1117.085232  -212.8179999  165.7354699  2169.912952  1063.012294  1733.324986  
973.5662917  488.65876  1164.187557  1101.890741  -196.6967006  185.1731416  2157.798769  1071.333391  1718.55575  
1056.412251  403.0147871  1150.202572  1105.569847  -194.497116  157.6317698  2164.629982  1061.584874  1726.178046  
899.8108854  483.2446259  1199.674926  1166.80084  -247.9424989  193.1203262  2155.885629  1045.083181  1721.887683  
938.181303  494.3411177  1175.964115  1162.412733  -244.6832799  178.7607053  2136.820971  1057.006955  1728.983864  
958.4203195  509.9075694  1200.806347  1161.665512  -246.9084283  222.8824599  2154.813254  1074.517334  1772.855012  
919.9750331  539.849434  1173.676448  1146.272721  -192.3169832  193.446028  2136.699104  1082.339855  1754.127407  
978.8873943  503.5847438  1178.674027  1121.207891  -195.496894  223.3269462  2162.508289  1084.96466  1727.422039  
963.318633  484.775933  1168.440152  1104.34781  -195.7889502  195.130252  2154.137864  1063.551666  1741.655879  
882.9736928  529.5171353  1197.321464  1095.033302  -218.9081017  202.8187111  2149.131064  1064.208523  1697.156629  
969.1836147  493.6819917  1181.383554  1067.086741  -201.7128329  237.2956622  2164.013311  1094.350857  1729.07727  
958.2111786  497.1653872  1184.696909  1102.593431  -199.5620635  190.0581167  2139.854068  1071.028568  1698.913077  
923.5424915  464.9299276  1164.099054  1097.991401  -227.81802  207.4380629  2131.256713  1076.368363  1702.539375  
956.5766511  454.7075679  1151.318978  1101.771146  -223.2598917  160.8069235  2155.515361  1062.840199  1712.013049  
1012.513765  436.5609006  1162.304161  1080.496854  -217.5127971  152.1562469  2186.084462  1075.743237  1713.720853  
1001.813078  452.881532  1178.555936  1104.613044  -226.6733265  151.3040428  2188.141853  1060.088389  1735.687035  
971.6804571  507.2086151  1190.15618  1072.177034  -250.3465999  210.5060981  2174.556147  1071.188103  1724.538377  
973.5822352  471.6533148  1157.189333  1091.022113  -223.1114014  210.4326001  2145.004108  1066.74537  1714.334233  
1006.57962  428.3275669  1152.796619  1096.481151  -189.7205717  154.0254493  2191.658612  1063.411033  1719.009988  
938.1298719  488.5987305  1178.18521  1099.138018  -239.0639826  191.0938776  2168.562127  1050.032986  1702.330207  
1010.838982  453.2966105  1155.406414  1085.897161  -201.5868844  168.0239287  2186.887028  1070.743946  1721.884875  
910.8152244  506.9263713  1186.460408  1132.050905  -226.026959  188.5275656  2154.157206  1055.692832  1685.472533  
950.4701338  513.3844463  1203.395887  1099.102138  -256.0033234  212.9716526  2170.935619  1067.83179  1694.716047  
921.7871682  475.6955786  1190.219872  1104.592295  -219.1425879  214.5941608  2175.272484  1066.283754  1710.173461  
994.6503702  462.5324898  1175.400623  1069.447921  -213.5307432  197.613187  2203.387774  1087.133451  1726.27467  
959.7403929  483.4218626  1185.192097  1119.969054  -231.0581203  180.5804475  2174.880272  1052.021073  1704.130131  
935.3501153  512.7042631  1194.353192  1139.908801  -252.8028359  194.2459702  2114.328314  1055.769732  1670.899755  
970.2442804  436.3602735  1173.191048  1124.706173  -203.9015513  189.1683916  2156.787252  1083.414966  1720.254995  
937.7280944  508.8316963  1187.047205  1105.739338  -240.2908653  195.6568682  2136.886407  1073.446011  1696.372001  
989.1390479  415.3371514  1150.856063  1122.794364  -208.5733712  180.0296958  2168.522637  1076.591026  1723.609356  
1031.116107  488.2651821  1175.620215  1105.54948  -190.821606  169.6756849  2176.334732  1088.417131  1741.932912  
937.3563292  525.8136353  1185.676917  1118.048545  -199.5325563  199.3014318  2170.823586  1081.731601  1739.361138  
990.2093707  502.0836653  1177.16272  1104.194391  -205.0564813  178.7270245  2186.859712  1073.143267  1738.256218  
867.4773638  542.557072  1208.922227  1119.577057  -230.7105714  214.377188  2179.920874  1069.922388  1724.586397  
1021.016938  481.1513705  1165.176099  1105.591191  -222.5423503  176.9722538  2190.222169  1079.275927  1735.827224  
928.3388037  533.109528  1182.106436  1099.505876  -235.2795399  191.6856132  2178.992393  1061.993735  1722.744643  
970.5488005  485.5291749  1149.763574  1100.105089  -196.959974  179.6772952  2160.205641  1079.270447  1729.031876  
965.4170452  473.268126  1169.545784  1076.786937  -209.1167469  195.1020063  2162.760256  1068.121601  1710.935668  
1016.258596  426.8593959  1148.350686  1104.21363  -195.1354565  138.181197  2161.426899  1076.290552  1702.889787  
988.2133969  481.2269165  1150.475823  1113.368196  -188.0609117  167.6641559  2182.511106  1080.364785  1769.889355  
873.9146977  600.5214612  1225.652873  1160.04794  -217.7674516  212.6574676  2130.553622  1078.048048  1729.052044  
919.5423758  471.1613903  1168.379698  1154.39056  -213.1077155  203.4376044  2135.435091  1078.34172  1749.398283  
957.6968177  500.792728  1153.81455  1134.036303  -180.9399914  168.4021508  2161.527771  1069.103514  1706.644988  
1047.406378  405.6717652  1114.7274  1103.319389  -180.2796214  155.0892426  2205.600897  1063.675617  1767.806423  
865.7284352  557.6582934  1223.771247  1080.474014  -246.000123  231.2828642  2138.623533  1067.938129  1710.829619  
974.123536  493.3719434  1189.485398  1069.352058  -216.9120955  208.9432862  2172.362444  1074.844741  1712.398434  
965.0477277  444.1109708  1180.760958  1093.809604  -212.7028682  181.3619386  2170.68138  1066.307993  1706.45136  
935.7490435  488.2262668  1181.755764  1085.245985  -236.4859552  184.070643  2141.028396  1063.807053  1698.666838  
900.5049914  499.74519  1170.526094  1126.746655  -224.5435034  187.2372145  2127.336822  1039.117551  1702.945241  
975.9217778  479.4705433  1169.809345  1087.607037  -208.4840515  166.6909702  2175.51502  1063.258254  1711.426558  
920.4499469  445.5204668  1158.949966  1108.735659  -220.1666342  174.4634946  2161.697469  1039.681962  1725.56159  
902.583033  510.9966169  1187.015629  1131.743637  -245.1820331  168.1831669  2156.855998  1036.989758  1690.238677  
941.4258679  516.0317343  1190.368755  1139.944527  -234.2529941  206.9695326  2151.246285  1052.688112  1700.443555  
937.5998309  472.5852721  1197.780536  1220.339434  -233.3878805  196.0353657  2124.785303  1060.903665  1717.705892  
919.0972517  478.9037119  1184.53816  1186.396896  -201.1358894  164.840861  2181.510545  1080.428231  1758.28979  
988.1455982  454.7039257  1161.475102  1111.768722  -170.658156  165.5164537  2199.451121  1075.362813  1752.445827  
972.8372445  512.8371459  1198.983039  1091.653436  -200.1274944  173.9143491  2185.966949  1082.487477  1716.096353  
927.5342228  523.9859086  1198.654611  1086.616233  -245.1982816  201.7060896  2127.279786  1067.901842  1690.350726  
942.7693496  455.9714051  1172.679238  1100.489034  -226.8859316  191.7894992  2142.294546  1049.099397  1701.439504  
950.8492073  442.4576538  1178.530903  1084.183951  -212.066331  192.6854571  2186.493242  1064.478878  1720.800217  
983.2959329  464.2442057  1156.989701  1116.409205  -219.8108717  185.2142111  2152.413697  1059.969698  1710.128302  
982.8040355  466.787374  1161.07006  1113.497339  -197.4540583  205.2021012  2170.842168  1077.921192  1727.179707  
986.7536971  503.216075  1159.714249  1100.952674  -190.7442852  183.8693915  2159.438602  1085.798967  1727.357664  
974.7192954  517.0398892  1186.171652  1126.938689  -205.6637882  193.9150454  2188.0752  1093.12791  1758.548775  
1003.249094  449.2868107  1175.719882  1097.871439  -210.437585  206.7479552  2173.512867  1083.955112  1727.284998  
980.5605459  473.7757432  1184.376554  1100.17864  -240.0022384  170.7727179  2134.902953  1042.903208  1697.134606  
1073.872353  362.7914611  1107.513  1096.485026  -200.9615881  159.0046515  2158.736545  1039.597199  1721.844714  
949.9567108  494.1932265  1182.545293  1098.420866  -257.2480952  205.1999328  2152.244637  1065.813309  1691.401365  
948.9076042  494.2065594  1178.387857  1109.585695  -216.48083  203.8251106  2168.396531  1076.216563  1719.108416  
884.4699682  544.5512509  1213.555245  1138.636354  -276.4884177  212.8829795  2129.063545  1050.320429  1671.14486  
991.2531743  469.345083  1161.124374  1095.18569  -226.9417613  167.5915115  2167.222589  1067.677533  1702.053565  
900.362644  480.3362826  1202.283302  1123.443688  -259.744866  212.6662219  2162.410687  1056.321994  1713.48999  
823.4172863  618.9061449  1241.349912  1190.255674  -218.2942617  221.5535008  2145.835361  1082.873343  1738.208645  
868.9691023  523.3876011  1156.272959  1143.862688  -211.1551499  182.3120342  2146.633752  1072.360504  1744.530445  
1048.919763  392.7777534  1114.411203  1087.692779  -206.3649404  187.5184917  2177.402366  1070.337421  1732.554673  
946.2320388  448.9770962  1134.796892  1112.858352  -189.8626674  179.7124542  2181.834872  1064.688405  1721.88068  
1028.734563  409.8206034  1124.652428  1078.784611  -217.9792045  154.2945917  2178.120396  1057.083002  1701.342159  
951.7982204  481.4762251  1161.916819  1097.293709  -229.4240353  173.5300697  2158.726871  1054.410975  1719.374961  
1045.236326  396.1548553  1146.992313  1074.93309  -207.8535416  181.7829783  2186.095129  1074.022753  1710.31181  
949.0441533  460.2588997  1190.629036  1101.781946  -228.1884052  195.1059768  2172.418579  1059.538398  1710.091217  
925.5381637  506.1961408  1214.674102  1109.678904  -253.5507713  194.4021645  2153.01196  1057.439891  1689.333461  
957.6549087  492.0224039  1201.526451  1103.543992  -235.3162851  196.3077831  2197.006682  1074.193601  1727.169675  
951.6279494  492.5690297  1193.459131  1092.553522  -220.7611569  184.9207791  2180.119885  1070.349204  1711.582243  
932.529715  488.9126738  1189.969779  1110.533593  -232.3943817  164.4274594  2174.636547  1052.886446  1712.041938  
1058.440394  463.8436408  1168.485787  1087.818076  -205.9994905  140.8517078  2212.942525  1079.180743  1740.279689  
990.4126689  473.6485308  1176.031068  1115.763427  -195.8103307  189.5569685  2193.674132  1086.565221  1760.749667  
852.6162266  614.7929043  1241.268038  1127.260626  -252.4492858  214.4791377  2162.698707  1058.680263  1709.78882  
921.6489918  526.7768619  1193.474572  1116.574994  -228.1364694  204.3872648  2155.384019  1065.822432  1715.228969  
988.5165826  464.9653885  1154.283977  1116.278703  -191.6115126  177.2063822  2188.346561  1071.563764  1697.919168  
965.936334  486.9430842  1179.296587  1091.191489  -238.1425518  204.4210345  2146.074368  1081.656208  1705.521029  
968.7721759  490.3433267  1167.804353  1143.691225  -205.8016102  150.0491124  2152.857943  1063.111538  1711.945745  
898.9869145  503.012929  1197.153737  1118.882325  -252.0613944  213.93419  2107.759846  1049.794032  1678.253103  
862.0049677  496.7642198  1181.985988  1135.297549  -238.2991313  211.8547197  2116.059943  1031.385339  1695.021285  
972.2800317  438.7884395  1154.770835  1107.906702  -213.5516711  212.2829988  2129.710159  1066.927016  1713.60761  
962.6611336  462.1931115  1165.326478  1083.553151  -211.9224169  200.4456371  2166.126023  1067.757194  1727.395878  
1029.422969  441.87512  1169.175377  1099.655262  -198.1177588  166.0677847  2182.313976  1084.170394  1745.831258  
942.9880455  483.2007348  1179.87328  1095.678785  -219.4597292  155.5320625  2167.682464  1072.705555  1733.025973  
975.6228384  479.0083428  1169.175629  1109.784257  -201.2212485  176.5304925  2177.457496  1072.784267  1728.392707  
972.7071982  496.6262495  1177.823884  1103.494651  -202.6830326  160.655043  2186.76031  1068.816919  1740.740124  
946.3681974  497.5671411  1184.259892  1103.296954  -221.7240898  188.6527559  2161.560982  1068.649581  1709.617226  
937.0128399  530.0857976  1215.376269  1106.597631  -237.1459238  200.0354536  2146.711573  1063.220181  1705.939247  
976.7091891  495.4082026  1177.036004  1117.360763  -216.0474797  177.5767925  2159.812515  1075.200804  1724.312854  
1000.888527  465.6798383  1153.027995  1097.832165  -203.4719637  167.5742768  2187.798912  1083.903053  1750.127034  
959.7629346  456.2035968  1149.533424  1090.842541  -214.6880441  188.1849768  2147.34432  1081.583449  1718.267521  
916.5822028  524.0128172  1199.793693  1142.720573  -231.9302658  177.939978  2143.036728  1073.952441  1717.777086  
945.154549  458.6966672  1165.988672  1155.804309  -264.5886189  187.5948144  2145.539669  1057.90645  1715.790411  
917.5225205  510.2128254  1197.6841  1127.702672  -225.0301488  184.2844248  2148.731991  1053.654524  1709.534187  
998.2483197  458.6398717  1166.271088  1082.192495  -205.1609197  210.8951852  2157.928627  1075.202846  1706.181742  
965.9324798  458.300336  1179.649292  1096.158755  -187.6719725  224.7275072  2178.853767  1104.869019  1723.210544  
994.5623211  479.5734  1187.627587  1105.243756  -238.441332  165.9957878  2170.754215  1049.395442  1703.389458  
968.8027529  424.6811131  1157.451172  1115.646579  -221.6218229  159.3825779  2193.96752  1064.239489  1744.054812  
930.9902227  528.3500608  1193.959495  1119.726877  -211.6693218  167.0815388  2188.557508  1068.934576  1729.48445  
920.9525989  533.1579802  1181.585913  1106.40523  -228.8694938  196.3731568  2164.209533  1060.123982  1717.871716  
867.3366113  561.0844173  1214.295078  1125.656003  -258.9120853  201.0325014  2133.700666  1048.645618  1685.557301  
1017.053569  435.7164206  1156.784577  1122.433721  -199.8058533  146.0478033  2186.086563  1058.451349  1727.348252  
1000.556991  450.8290303  1152.090666  1104.506934  -221.4711016  193.436135  2169.682883  1070.845228  1720.375493  
936.2415011  517.6700494  1181.200582  1098.755828  -202.8693844  213.2573655  2147.585861  1081.120198  1732.02208  
958.0940971  462.194263  1162.114382  1087.533186  -198.6887015  225.3359252  2167.574582  1075.538147  1713.781308  
