969.4809706  266.8859658  1295.57034  1585.264387  161.9132027  333.3071525  2336.01152  769.8480241  1903.322802  
927.0712768  296.4441236  1281.43159  1578.404888  163.9552291  340.8242475  2318.926941  740.635026  1919.919582  
930.4314093  343.6560775  1255.221455  1571.10082  174.155335  302.2101093  2290.479949  713.6299607  1925.043733  
949.2158239  348.1101139  1241.522843  1595.901818  168.6754038  278.2283453  2277.396252  717.1589388  1927.62237  
938.3320298  392.7145979  1218.242005  1606.960409  195.7674077  266.4702977  2283.249417  723.4722379  1933.385729  
950.8059576  387.4869293  1203.255666  1599.361383  201.4952844  295.4580775  2272.386935  729.0382754  1918.606413  
949.8599567  391.0610858  1194.76592  1591.108665  209.226146  290.7843591  2269.227093  737.8403172  1915.718177  
943.7164877  408.2012248  1218.519551  1589.22686  221.2295435  291.3701226  2265.456811  741.1352015  1917.008566  
942.4611154  388.9440356  1197.081893  1600.873391  215.4453227  268.1634659  2261.499243  728.8475272  1907.21383  
962.2340003  393.377975  1203.728842  1637.796395  219.1902893  263.9777909  2281.838043  731.7635356  1935.737246  
942.9244286  416.6363386  1222.517092  1672.553921  239.3275259  275.0068272  2271.234083  731.0052099  1972.587299  
922.9389078  348.1163271  1250.606965  1665.375097  211.6353638  284.9322418  2286.253475  735.0594783  1969.376193  
933.9726987  275.3440624  1297.65401  1587.029119  174.2347079  310.8436065  2316.015972  720.5204404  1919.932099  
980.7224759  251.9827599  1268.42716  1540.743862  140.8676256  273.8982517  2321.643003  708.1954256  1900.275222  
966.6465962  280.9675069  1236.456939  1592.586632  172.2133192  245.5715641  2296.115908  716.778565  1919.913934  
993.0852835  254.1164168  1254.034698  1633.394192  168.9565046  248.8249957  2286.654706  738.5458247  1928.907454  
979.6137735  326.9653153  1259.116539  1639.685144  186.341806  272.7827707  2293.047497  751.8403177  1965.744229  
997.8639507  341.9151167  1282.838914  1637.532198  206.6971643  336.3915427  2315.765559  772.2091886  1934.081525  
972.0023104  275.8227485  1263.736667  1574.605745  203.3612182  379.8732138  2293.584566  743.1691385  1876.841429  
929.8258708  406.8956938  1244.139461  1589.57302  196.0027784  347.4845775  2277.770413  705.7527019  1920.513326  
954.7365891  428.9328896  1224.33064  1584.519279  190.2145453  292.0430587  2255.670093  704.6853008  1929.559886  
948.4873458  298.6939293  1222.06296  1535.616266  175.4207732  290.2387116  2268.714563  711.7741508  1902.073332  
947.7498075  334.0164716  1236.733782  1552.121437  181.6012129  300.1898449  2288.496959  713.3891203  1905.990505  
942.5693376  366.9135085  1206.792449  1548.834142  209.8213027  277.9079111  2288.471487  721.5614039  1915.908388  
942.1116011  352.3091623  1238.784628  1587.669348  198.0741582  279.2091699  2295.104399  732.0557022  1921.280178  
963.2142379  305.8840297  1237.512316  1582.669446  174.4449583  276.1596068  2260.590017  712.5130091  1911.810744  
970.2210013  271.2910952  1267.322792  1612.986084  190.2741471  284.540333  2284.814026  725.041326  1919.83259  
954.2816402  291.7938794  1262.908201  1614.320501  189.2332178  296.2178377  2305.045303  736.2411567  1933.587895  
973.0850298  323.9268192  1258.363904  1638.483821  184.1990005  307.3834875  2329.412635  749.6022252  1925.434334  
929.6303759  314.2623672  1232.764016  1613.630203  188.8850694  338.2132049  2270.199482  738.5266343  1918.105025  
903.3600249  402.0063222  1233.500746  1626.598267  200.7499529  293.1256579  2263.344151  736.1786557  1971.354501  
938.3594045  393.9894086  1224.044993  1621.251519  224.8710313  269.838754  2280.655244  738.2206245  1982.273474  
935.9801813  400.2193733  1225.724982  1599.434035  220.5680055  278.8430865  2251.84119  738.0377907  1947.808204  
972.9155281  388.3826151  1219.878013  1615.43767  217.2202446  272.1686803  2273.566122  730.9969017  1943.737147  
974.8226325  410.7028826  1241.898067  1634.425166  244.5815281  298.2709406  2277.659288  746.9496519  1950.874484  
965.3961651  376.8079217  1244.499239  1607.111925  208.3154974  310.5662756  2291.33649  721.658313  1921.406846  
914.7553474  343.0344557  1244.243193  1601.983017  183.3340332  300.0745502  2299.220544  706.5508302  1918.291104  
945.7265077  313.5178273  1240.136633  1607.676041  174.3246818  276.8435694  2310.995594  724.0953027  1909.817739  
943.3567303  336.9987238  1223.630721  1577.966203  169.8831285  295.0133165  2304.974526  719.9269622  1901.064891  
925.946845  323.0124101  1199.969243  1584.654196  171.0196317  272.245682  2274.689124  716.2592743  1921.919853  
956.6360503  397.2296972  1247.894632  1590.858492  184.9489291  271.0904161  2288.523973  723.2726045  1949.400847  
956.9130961  386.9816756  1235.10648  1607.770532  199.8885359  278.8180585  2289.254968  734.7050783  1944.311836  
953.4920012  406.29781  1239.356454  1596.792836  213.8642845  304.6829917  2273.124775  739.3270446  1936.981959  
951.5197448  391.4315946  1249.436421  1570.710876  217.4644415  334.5654897  2282.759688  736.8517937  1935.462503  
966.5144703  329.8244504  1265.279481  1581.797239  199.7273456  290.5390665  2286.801561  736.8131011  1906.557535  
965.2484783  381.2223387  1267.68199  1618.292707  197.4071747  275.350518  2315.844545  737.7558368  1926.911801  
951.9902856  357.3135131  1257.291251  1609.741465  198.8646833  280.6349663  2297.361173  729.8924051  1903.708601  
923.7920573  404.5765967  1261.624179  1661.984855  211.3886881  286.2020277  2282.522993  738.7024692  1944.127129  
953.5017861  314.5734283  1268.581275  1668.305805  189.7908312  251.0750556  2317.114589  744.1222777  1925.892723  
1002.909681  257.3068617  1245.272529  1601.887519  185.6622763  288.4604942  2290.145609  732.5792177  1879.804683  
967.7634034  307.9250689  1221.99341  1553.471831  193.0570939  298.7090873  2287.11224  732.7285692  1923.440791  
949.8265737  354.814487  1242.455976  1583.841601  191.6443642  261.5929188  2292.46812  732.1054213  1929.126667  
962.2634408  345.2939785  1233.287641  1592.335221  199.6021118  305.2827776  2294.319003  743.2575852  1934.338314  
974.3256472  370.2093998  1245.397038  1600.214214  208.5376289  321.9507227  2291.858573  739.8823662  1927.406736  
952.4807561  274.4692525  1247.157831  1597.601897  179.5586735  304.2796184  2287.66853  729.094969  1926.996801  
956.4791237  287.2745766  1244.535433  1634.769161  162.0914085  306.6542079  2310.436875  755.680801  1938.814012  
959.6421188  320.137881  1241.904126  1575.913412  203.4150321  351.3121938  2290.561341  749.0334227  1921.588713  
944.6189819  325.1097418  1237.470019  1538.912431  180.9759826  280.7953284  2267.088117  710.9988237  1922.178226  
940.6220252  369.8572417  1237.067858  1603.167881  173.1788755  230.2239345  2247.604461  716.987583  1957.713992  
924.8600304  384.8499373  1219.962093  1612.873902  179.7014505  244.1794771  2261.660366  723.7467576  1961.043631  
960.7389205  383.7158624  1253.675905  1618.657676  159.4399765  268.025375  2312.766751  733.333914  1960.262256  
990.1717455  358.8412509  1268.632999  1606.782405  197.431273  317.1408982  2302.372383  750.1830946  1906.9548  
933.9802818  348.0668872  1212.68457  1574.900061  203.2121759  351.9856917  2267.274059  725.4860466  1889.215497  
945.3801105  396.0047089  1215.210824  1605.391968  220.3421148  321.741432  2295.712631  715.5228228  1937.167763  
943.7563236  406.3553497  1245.018863  1637.887045  246.7036126  310.2232593  2298.693296  739.6614499  1964.745053  
993.0545199  365.5812541  1247.01329  1633.142068  229.2377582  316.5798895  2290.624174  742.6020612  1932.956815  
944.6895483  388.9031837  1264.859946  1645.542157  213.9927127  302.3122485  2298.50855  749.875324  1943.204744  
915.2551334  295.5248545  1252.19931  1652.492634  182.4888716  309.5636986  2297.027204  722.9964906  1946.454782  
959.7137955  348.2101473  1272.162772  1659.850645  176.2410679  314.4618191  2295.908962  741.6151662  1944.094146  
961.7507485  309.2308853  1284.276034  1599.924224  207.8679329  377.6824738  2297.101274  754.9468354  1897.129338  
951.6390082  284.7827564  1249.521816  1502.958291  204.7771519  375.6117167  2274.579614  740.2142098  1871.51885  
950.3012093  381.6849332  1224.853523  1495.953073  220.3511116  312.0882336  2273.698174  728.2544796  1894.701533  
947.3913913  431.5086249  1182.029383  1543.373262  211.5011957  255.734436  2269.657674  703.8106818  1911.099986  
876.000458  504.8138648  1192.262359  1587.355308  207.9402674  247.1928256  2272.293555  703.6306632  1952.923799  
849.7233515  434.7519599  1187.801982  1597.676212  189.4400052  222.6216773  2259.880318  696.2226069  1950.477391  
875.3024278  366.6049676  1219.600052  1642.999444  166.8612273  207.9084891  2272.995104  703.551383  1961.182936  
904.919944  297.7318824  1228.143668  1662.022418  139.0403869  237.5029896  2291.922189  726.7382175  1953.764959  
937.115521  371.2744006  1271.144032  1659.874805  153.2734723  279.400452  2330.657744  743.3816844  1966.868737  
998.3570074  308.4027696  1261.232041  1622.902348  201.3274857  311.2225049  2307.235444  755.9764845  1913.518278  
988.7842803  257.3978288  1264.376148  1600.3957  207.0562439  327.367675  2286.310425  754.7741762  1899.799636  
1003.839138  225.1181276  1271.103676  1619.646894  182.1481837  279.5557484  2301.219841  747.1514293  1905.009522  
970.8076046  252.6692254  1293.700015  1650.338983  157.5983218  294.5841338  2327.043703  749.8419722  1920.81041  
972.1916451  261.5650202  1276.883696  1614.543562  171.290653  332.6122552  2352.156811  752.486478  1915.05377  
997.7946449  285.7686722  1267.505944  1585.775354  197.7099109  359.1906787  2361.58742  761.3032668  1897.16092  
951.121306  282.5161397  1241.187146  1540.221989  196.6810481  413.7921707  2307.098018  744.9751773  1863.625113  
938.2109207  366.8125946  1237.382011  1560.563806  183.7052749  324.7236159  2274.659519  713.3287456  1899.875001  
975.7925176  379.6603668  1238.775865  1603.555809  200.0722978  286.1668906  2288.711471  742.7442723  1928.15521  
946.8185123  347.8814533  1243.554604  1614.509641  176.0455301  312.5398093  2315.578533  738.8341193  1953.35166  
977.9074587  349.9322636  1251.89926  1606.527218  187.0352625  301.4283115  2326.942276  751.624482  1948.071595  
956.1680702  347.917551  1267.615871  1608.931953  197.3326025  280.5689001  2283.708079  733.661452  1934.618483  
993.3420641  235.7689379  1262.704595  1576.051165  175.0851728  261.3585002  2254.58292  708.4259143  1921.975583  
981.4107404  265.6113644  1258.932072  1600.764514  180.7907224  276.9376347  2301.74267  737.12062  1930.229684  
987.190112  286.9993102  1262.174135  1605.092447  159.4963535  331.5665799  2303.561739  745.2546387  1888.926592  
949.519844  313.8708669  1223.55307  1572.338067  189.8196301  301.127552  2250.842552  715.1616527  1899.936506  
944.5097503  345.7885433  1228.642738  1609.340185  221.2107456  271.7858079  2267.896669  708.1431824  1935.895445  
957.535293  334.8635452  1236.734284  1644.723936  207.5001955  252.1253664  2289.555034  722.077259  1960.083739  
956.7279781  380.0814517  1227.897927  1637.704504  232.4553931  277.6650098  2290.732136  738.2246227  1935.638449  
928.6173707  368.8097796  1185.57742  1601.1601  216.6965447  234.9855075  2230.832716  707.018201  1914.613222  
893.6978931  391.7718139  1185.814095  1559.62294  175.9411515  222.571087  2257.423672  694.3706807  1919.469598  
892.336872  395.1649668  1195.510201  1582.404574  190.6725737  265.0707238  2277.139044  720.4415534  1914.963759  
942.0003961  406.5012144  1234.047124  1590.641923  184.3819732  286.180234  2297.899172  722.1338524  1913.400101  
923.0312091  407.4114048  1207.084833  1602.531735  202.2650062  277.2976312  2298.204217  710.3242373  1948.521516  
953.151127  341.8962943  1222.903441  1610.347115  196.615864  269.6248789  2302.399696  735.3616102  1944.675671  
956.6736396  356.74106  1239.99949  1576.998018  171.1213647  263.9681918  2281.212016  735.4726467  1939.966099  
915.7496046  354.7287943  1262.945766  1593.455262  156.1285176  275.3272984  2307.801186  747.9194596  1963.425118  
926.806071  386.5600187  1255.838715  1613.163685  167.1951817  315.5348295  2317.913285  760.290483  1948.2141  
941.3513355  339.0594721  1276.99732  1608.379518  193.2221148  355.3190442  2309.084138  766.2802095  1916.498701  
979.4654105  317.030262  1301.717019  1664.38647  188.1867025  381.6761954  2330.374516  751.8146557  1897.430348  
968.4977903  308.1271789  1278.835119  1611.068393  194.3816294  389.6722871  2290.055356  731.1572603  1881.706143  
950.2585472  343.9311521  1239.541438  1542.918922  189.715972  320.5097465  2246.763554  700.8667522  1901.471132  
969.9560994  351.641766  1227.411031  1551.554517  190.6294604  275.7193611  2270.72915  718.0767096  1923.011449  
939.7718873  411.7232953  1191.198807  1568.40798  217.6266093  259.7793978  2277.380289  719.9507635  1937.747715  
940.6926781  442.606017  1232.791828  1592.163467  185.3341329  232.8489784  2292.550269  719.8568064  1959.102228  
911.7443032  453.1514186  1226.009648  1597.549753  217.1350268  257.6184199  2270.498186  726.3449594  1945.373575  
923.1628376  408.7630092  1214.848203  1611.526142  199.0184371  232.0830464  2262.563918  723.5514542  1936.788178  
962.2587733  354.3689009  1243.347306  1611.235973  198.4036511  253.6807915  2273.821133  739.2255942  1938.644977  
993.5757884  304.4786334  1273.028829  1639.835909  197.315374  280.1894714  2305.711926  760.5952048  1931.765858  
964.1839636  293.7159857  1290.744223  1650.537338  182.6262549  307.5220779  2324.766077  762.2693614  1941.622766  
987.173326  245.4729464  1273.060129  1632.952183  186.6724236  339.567958  2332.081579  760.5778875  1893.490446  
990.7335547  260.4327374  1257.559418  1600.855355  227.7662086  369.6709739  2303.701878  754.4210241  1874.389893  
958.685012  320.4950374  1265.473187  1604.046012  224.8420397  381.9010316  2290.264963  735.3322729  1902.279705  
944.6677319  322.6371764  1247.392449  1612.041461  191.1662044  351.7471219  2300.395909  717.0036671  1915.514623  
948.3445495  344.0770993  1243.610265  1578.368668  175.0565299  304.9570413  2271.602949  700.0424622  1903.131015  
1004.172956  311.1795044  1223.70612  1566.982449  186.2181106  264.6001382  2257.296123  702.6269806  1890.203082  
977.161591  279.6486466  1237.82863  1569.414771  167.038281  251.4287264  2292.463556  714.8566506  1893.89895  
928.4989753  349.0264328  1251.361758  1604.35276  174.6339944  254.691558  2301.441447  727.2557266  1934.559411  
956.5512985  352.4546253  1230.914321  1618.828468  165.998032  271.7650318  2283.314288  724.6672226  1914.450082  
930.7487799  354.5229897  1215.701983  1579.854333  205.2406476  312.1783289  2268.229574  721.8981008  1925.363952  
970.0228059  262.3285078  1243.810087  1566.823748  177.1941361  327.0708549  2312.252845  735.8373612  1911.938445  
979.9274343  290.4832778  1258.358847  1555.865785  162.2320399  350.8785524  2309.171153  737.8787629  1896.308749  
980.1616062  375.7889469  1224.80402  1584.901853  240.3512546  320.8311537  2282.271918  747.6939326  1957.539527  
971.3346895  427.7182186  1226.689337  1651.38143  246.5514806  322.014014  2297.999124  751.2987671  1989.403404  
988.4153676  376.4810104  1228.552872  1623.757735  242.7820163  322.8158161  2305.359353  769.5533443  1960.757536  
983.7297383  387.5603295  1215.376223  1605.391011  240.1259885  339.5289368  2260.945229  747.4902931  1919.257728  
959.4465274  368.5871193  1206.456632  1557.027162  240.8820002  342.0730724  2253.162573  723.5775277  1889.409669  
912.8141591  430.8040575  1210.964778  1590.750524  211.3437687  243.3323916  2258.832791  708.4788463  1937.719401  
889.979288  420.9276195  1187.927076  1612.487448  199.1967359  244.0733658  2261.291346  712.2964072  1952.369151  
890.0571929  429.0124275  1194.1992  1601.936025  176.2793178  228.3310097  2272.994393  700.1226327  1941.728755  
868.6983108  423.1217231  1220.531962  1589.436428  167.0027248  238.8318796  2277.815207  708.5971371  1953.770786  
923.4342895  366.5020274  1252.040431  1583.728243  130.9521811  230.1871301  2301.907242  717.0070532  1920.256402  
940.9937021  316.158358  1247.100461  1588.41228  166.5913684  276.560235  2306.75454  722.6173406  1903.375903  
958.7329081  284.1602526  1282.472687  1638.520325  151.2434188  290.9653389  2338.460334  735.133632  1925.660392  
970.5852035  296.3981662  1298.704049  1636.219288  176.7798502  310.9973642  2290.840141  735.2253465  1924.029658  
982.7297998  290.4543066  1265.962569  1618.256486  181.9561317  299.2436275  2262.362078  719.4026091  1925.004063  
982.1887516  261.1710318  1265.997958  1627.87795  176.0663157  308.4783652  2298.123711  738.5228272  1926.583881  
987.1136767  247.6383059  1267.533836  1627.60705  183.100185  321.6145978  2312.505938  739.6485391  1927.999014  
966.7323222  310.5959845  1274.369512  1629.995102  181.9308517  344.3591725  2325.883207  755.5825912  1915.230995  
978.9957157  265.3891201  1232.580754  1561.091862  188.2793278  319.1394484  2260.488649  719.1875522  1878.327582  
991.3085374  331.7541578  1258.79442  1624.068927  167.7892524  239.6132205  2284.764297  723.553361  1933.332673  
961.6207476  281.4956721  1238.295312  1631.523677  171.4183166  271.6155411  2278.707188  741.9972774  1910.233383  
994.4180413  295.0500291  1227.201516  1596.753388  193.6439194  290.6238983  2283.18833  742.2440869  1913.98542  
941.6354991  397.4667887  1240.022556  1640.324211  204.7039459  315.617487  2300.278918  735.8635861  1956.857743  
960.3992733  395.4942291  1253.004026  1589.334287  222.4339396  347.2523428  2298.560988  748.5663803  1921.373174  
925.8527051  388.5909065  1241.501818  1561.351463  224.9459654  308.3918236  2292.85396  748.1068414  1910.789824  
915.0974326  398.6449695  1219.799252  1559.368841  220.5730653  273.4909981  2279.513776  734.7670568  1910.597234  
899.6886224  424.3912217  1223.856589  1583.225082  207.3318975  259.7882607  2291.919469  736.1335392  1923.778883  
909.1417198  370.9109073  1204.60403  1555.23411  203.7978921  235.6795672  2268.484473  710.1387597  1909.868784  
914.5911982  387.1109696  1213.083204  1587.077273  181.2230518  211.7544809  2273.053691  699.098963  1937.551033  
867.2752826  395.4464739  1223.405824  1617.919123  177.9090089  217.6370311  2280.221949  710.4781114  1962.12845  
891.4437741  380.8965762  1260.464849  1613.281821  149.5678922  260.5657077  2270.03629  719.9178274  1932.093566  
933.520149  280.5315728  1279.000027  1581.049518  116.1920801  278.7032968  2278.635179  698.0714777  1906.203109  
962.6968722  245.5934937  1270.961496  1597.89521  118.0984365  288.6821102  2317.674659  722.1494722  1923.07699  
971.6495084  295.4750817  1269.23758  1630.106089  148.5872907  290.5443182  2323.34104  743.2203476  1955.685543  
972.9712851  303.9594809  1290.526994  1648.081546  178.7419838  322.5210531  2348.952063  771.6924592  1954.781803  
1007.486281  326.253138  1282.421445  1648.698686  201.8712144  359.4678293  2355.632941  786.4087631  1939.282023  
998.1405891  307.7715093  1258.105954  1622.006119  225.9246585  394.6848904  2330.488334  769.6879184  1901.41639  
975.0624118  321.5815974  1280.371917  1562.909708  174.1019658  369.452772  2302.791417  728.2784609  1887.879262  
963.8695267  378.9959916  1261.099331  1559.875522  192.4525818  329.1862145  2296.324384  738.5733216  1903.178354  
918.106893  397.5234016  1237.679634  1579.817906  210.0183059  325.5568652  2292.280525  729.2570326  1919.795375  
924.9579539  370.2936846  1220.408783  1587.106995  208.2720785  306.9939449  2275.71868  717.2536687  1907.413932  
951.0560118  389.7433478  1206.524194  1594.154372  179.4500216  242.0870038  2258.895614  704.7481519  1899.579626  
920.0827749  396.3485538  1228.183563  1636.084999  195.3394698  250.9703703  2272.205405  735.1123415  1940.874115  
949.5094435  358.7472711  1245.281802  1603.164211  185.6563001  267.0776517  2255.965772  731.5253049  1923.503979  
927.0931147  365.6958059  1233.112596  1567.46914  168.0598098  268.9249268  2244.334378  709.450224  1913.341204  
920.0688158  359.9431896  1222.350283  1608.482253  164.1303163  253.3276111  2295.586433  723.1585051  1929.733182  
925.2877769  361.9421163  1215.251666  1621.450827  161.3899099  265.3006322  2296.353347  729.5359613  1955.183857  
962.9097264  314.6541967  1241.999507  1619.544282  167.1785137  296.3121162  2291.999696  744.8991121  1940.693661  
964.919728  329.5660528  1249.782199  1648.021655  172.2904987  300.4559445  2294.26814  738.9789252  1972.235994  
986.5060036  383.7469832  1284.583007  1671.958682  214.2404856  315.8012058  2320.638899  758.660521  1954.840767  
1003.85353  354.2399863  1275.895877  1654.744092  215.174019  294.3795785  2304.942014  732.6143824  1914.368369  
934.1880555  278.7321826  1258.62958  1610.825068  184.4301399  319.8904429  2298.322011  712.4933202  1877.505045  
953.6120939  386.4035551  1199.214338  1530.726737  187.9299587  300.6582383  2284.305397  710.7589905  1864.902724  
986.9811486  268.9562263  1186.498343  1538.258779  216.7032826  358.5277169  2278.242703  732.2431826  1894.108733  
962.7663169  291.4521583  1238.551457  1532.571994  213.101027  317.7767887  2258.269742  728.7698846  1906.909978  
925.9925803  400.3361555  1217.314944  1544.26735  222.8856704  256.262821  2252.017115  719.5632264  1915.019505  
896.8386034  366.7227573  1207.797651  1558.601552  209.4610603  230.8524669  2249.83286  709.9163397  1903.655665  
878.8206936  412.7985611  1199.682855  1573.34158  207.6334683  242.2626726  2258.283602  706.5367156  1941.2995  
872.644395  399.9935759  1214.110754  1593.659792  186.9812505  254.6773815  2263.890471  708.8264121  1953.083995  
896.6750812  370.2798367  1241.224209  1613.454568  158.2937786  255.4234186  2271.165145  720.5264544  1949.67476  
941.9539017  303.3022647  1251.745186  1624.571816  142.5071314  268.4617982  2267.377866  722.8009463  1929.529  
938.0832873  297.7072323  1230.804463  1626.751959  145.5668201  279.6084339  2273.908758  720.5364392  1935.523274  
946.7290741  311.21357  1233.35019  1661.010339  167.1597857  299.163236  2298.114176  738.688406  1975.533586  
942.6341088  373.6012501  1257.16454  1671.708444  202.0973971  299.4810422  2313.059723  750.5399333  1969.601824  
981.7916651  352.2495126  1269.631838  1658.24134  203.0886349  348.6684294  2334.025208  755.9228319  1917.756073  
968.8994084  322.633  1278.751488  1594.799933  166.8333377  370.922686  2295.147099  729.6346581  1883.139336  
1006.658112  278.5789797  1231.52067  1522.421983  188.9662846  289.7168184  2263.742909  720.1695096  1874.416939  
998.3659029  357.4496072  1226.497626  1552.615695  204.2814506  274.9259714  2304.524671  746.286432  1920.448973  
977.9075323  353.5390856  1241.247034  1584.376147  236.3818805  315.1400977  2312.963995  755.1972754  1919.926059  
966.5131802  380.0675137  1269.000882  1612.555645  224.5628522  287.7107199  2312.469597  747.5444252  1955.992928  
927.7580498  325.4656875  1259.246691  1611.68971  168.2896737  287.1238321  2298.993088  720.9985593  1916.3619  
