1215.100204  445.7301108  1215.037045  1608.855628  731.4350765  898.3877916  2136.689078  976.8762728  2271.29987  
1207.872126  414.1465959  1214.929504  1601.436032  724.9696842  897.2883471  2136.268662  962.143056  2277.883464  
1192.65987  418.2522415  1197.649132  1590.155881  724.39446  884.3558066  2089.58727  954.5731942  2263.370075  
1203.407241  428.5517976  1163.555077  1548.143673  728.5516093  884.9081993  2099.13538  933.3906214  2284.934516  
1217.80085  376.7757828  1155.064905  1571.663743  756.5206895  903.2173437  2148.706972  944.6871981  2300.999594  
1228.168208  380.0256275  1161.812286  1593.251758  743.8290894  904.6393998  2138.872545  949.9764388  2286.167302  
1226.339449  394.7049154  1158.692671  1558.71024  758.3644682  913.3826116  2132.69392  946.5197141  2282.221064  
1220.777169  384.4358636  1173.350338  1546.841721  771.5477744  935.0155874  2135.536015  958.7645347  2305.862681  
1224.207615  392.1142019  1209.610367  1611.745223  750.9453936  902.220392  2164.241098  962.4189296  2301.137006  
1223.517267  387.4080919  1192.120892  1616.413707  769.5872454  912.2785185  2154.760153  957.865617  2311.324466  
1212.543241  358.0608597  1172.793434  1595.538999  763.3298908  916.3155694  2151.123648  952.8625029  2315.117157  
1196.180548  398.4591318  1196.596684  1609.997652  736.6260326  896.4363245  2131.681146  955.3949601  2292.976979  
1217.545364  388.843708  1178.27433  1578.51179  758.1765494  901.1060678  2149.45745  948.1523127  2310.733001  
1220.726972  366.7316554  1179.999389  1601.790778  753.0081713  915.0078828  2158.605689  952.480747  2310.210287  
1219.391692  389.7789322  1192.471084  1606.394388  751.7655295  912.0273921  2156.003095  967.0063491  2308.840041  
1226.666866  422.7346186  1218.024549  1639.592316  771.9040835  900.8660778  2134.378723  974.6744059  2307.628091  
1193.401762  412.4114665  1202.923334  1618.916547  743.3654636  886.0732649  2139.230217  962.7255108  2312.074691  
1236.942319  413.8863266  1213.353125  1650.834349  765.9642746  913.1022852  2147.485007  971.0476083  2318.221509  
1222.838403  407.9533074  1176.307522  1602.335932  728.3728083  913.3247663  2147.274824  964.0960362  2307.453356  
1219.119936  419.5964419  1253.978461  1641.555902  740.1357902  896.6886466  2130.906483  975.7107671  2306.515238  
1215.649777  442.7641729  1199.001804  1592.789411  731.6519005  888.8683992  2108.76862  960.7077517  2295.212265  
1216.511716  406.0751809  1193.50059  1589.071463  768.0098607  919.2857528  2149.332283  964.4695377  2319.201751  
1235.054204  411.7966694  1173.165464  1610.849763  774.1194557  924.8163449  2139.358066  973.5609191  2305.872781  
1219.21558  394.066552  1156.296002  1586.460372  757.3006232  924.3105066  2142.006748  959.5934177  2323.30439  
1211.953005  414.1003249  1199.057127  1651.958062  759.7399567  903.9279625  2133.950428  978.2649946  2286.662874  
1185.609013  453.3885903  1191.880871  1599.473539  717.0141083  879.9826381  2118.841314  958.1543031  2268.944253  
1199.920895  427.865704  1169.157219  1606.632156  740.3504478  914.6839778  2130.242519  972.9304216  2290.850084  
1193.475824  441.636883  1169.676867  1599.234373  713.0185999  901.2065422  2115.297651  954.4929378  2251.767778  
1196.101891  415.7087706  1183.015374  1602.309571  705.5258758  894.3759206  2084.884242  951.3968032  2243.349705  
1211.701077  388.2253151  1147.867727  1559.359517  716.5961242  901.5579372  2097.237328  942.5823223  2236.678737  
1201.976638  397.1014615  1136.139387  1570.406965  707.3111969  907.6905646  2116.087313  938.5650021  2251.594778  
1213.284628  406.1414406  1151.689276  1596.590736  719.518762  885.1556294  2089.328704  952.7808949  2251.951539  
1188.677852  415.1722889  1155.509046  1554.585524  706.9916766  900.4425479  2120.378567  947.2442123  2240.684848  
1205.527024  334.7157707  1127.821046  1561.240305  748.4863206  929.652407  2126.851032  946.3124632  2298.283539  
1251.762147  400.7460993  1144.532651  1557.068624  733.7684931  928.439989  2142.141369  957.4665718  2296.34036  
1204.243113  365.6066432  1165.955423  1584.402285  748.7109142  913.2905597  2113.737574  950.8472864  2281.293997  
1229.101752  394.9647093  1150.973852  1569.900916  751.7264259  909.7656544  2166.10164  954.3193647  2301.512422  
1242.60368  339.3299943  1144.985757  1592.266625  792.2803493  931.7002848  2193.897086  953.173982  2340.793319  
1237.661713  368.6033552  1159.057954  1574.90895  764.6029131  917.2143546  2177.45052  948.5704818  2326.478545  
1225.180208  363.4415153  1164.627755  1594.51913  767.8392177  906.2069672  2173.027821  951.5233244  2344.652456  
1229.235732  344.6414282  1178.639976  1639.505742  766.8562964  892.2603173  2164.859409  948.5279784  2326.066124  
1217.20452  368.2902762  1197.30923  1624.154459  775.3947593  904.1172009  2151.456697  949.4554086  2328.377829  
1222.738742  369.3270784  1191.547284  1617.837879  755.2425073  887.4465736  2145.453225  954.6038616  2330.895953  
1211.665096  404.4255497  1199.917254  1608.499683  760.855616  902.2196365  2152.226781  958.0883067  2310.158156  
1225.726889  392.9893624  1235.480761  1623.359154  777.4588353  915.5876567  2148.316  974.2872918  2303.783625  
1204.532028  414.984984  1212.135135  1566.450415  775.6397032  922.3199315  2172.017546  960.8390296  2313.770403  
1237.393869  380.2080065  1173.615728  1568.402067  808.3900268  934.7174234  2177.642484  960.0330677  2339.043841  
1249.489739  383.6027584  1178.981508  1569.045458  789.4471412  933.6212592  2177.941132  950.651594  2330.020888  
1251.551814  392.9682231  1166.397202  1561.314841  770.8248707  925.4247741  2169.453778  951.7829705  2326.776103  
1226.138168  393.288613  1170.486193  1579.906996  745.9452405  903.4853249  2129.757662  947.7779882  2293.3969  
1240.008617  401.2249444  1196.804752  1607.958564  783.114582  928.2432802  2149.265493  967.9199041  2319.462721  
1220.300965  424.5553996  1234.560072  1640.231119  771.7089404  899.8209819  2132.463345  979.3442396  2331.157876  
1220.285704  436.0876391  1270.493269  1678.403751  762.6149415  910.4159798  2131.807247  984.7626253  2321.786553  
1216.403485  426.1733402  1237.918503  1624.76742  757.294977  906.4121641  2146.291562  968.6590424  2323.874402  
1230.798762  399.3044291  1189.853899  1562.67291  764.1348173  906.7993658  2170.115899  959.8840284  2334.56438  
1240.699087  415.6427553  1174.437945  1566.966892  742.4941224  898.3596597  2169.742476  959.2904438  2306.867572  
1217.235689  412.5307297  1141.932193  1531.307865  710.6475639  872.9191685  2169.260968  954.8672657  2307.583552  
1219.252532  361.3682771  1150.152841  1580.046573  723.9235331  876.4885715  2154.530169  951.4288204  2302.148974  
1225.136396  369.6101599  1169.219094  1555.006384  729.4687222  872.6715442  2147.640639  943.9926745  2298.282954  
1203.88268  416.8138815  1168.870317  1527.033316  745.0178977  903.0744159  2135.412697  944.8222128  2293.790261  
1208.638371  407.3038005  1197.147508  1610.466178  758.2106264  914.5497031  2120.550692  961.3057113  2296.349172  
1197.025052  385.4228912  1196.532659  1624.340635  749.3186843  933.5258469  2119.390618  971.4927604  2313.736866  
1179.112961  402.4056011  1271.160655  1679.83264  729.2145943  902.2686235  2085.810095  980.0086103  2299.215429  
1189.581986  468.4759896  1297.75336  1692.327239  715.5190208  888.1007306  2077.128184  985.2910763  2253.794046  
1166.386591  454.6204993  1244.736872  1644.2356  712.5982009  870.4376732  2093.612587  951.9117226  2264.599763  
1215.703888  432.862388  1215.723387  1592.15322  741.5262162  894.6726412  2133.5558  954.7130504  2272.036366  
1205.819237  430.8302915  1222.90212  1599.405857  757.0891928  905.2586511  2117.329896  962.7965164  2282.217317  
1218.962452  431.8619215  1188.741008  1568.835302  757.3936408  903.5184552  2116.182783  956.7842329  2273.386334  
1210.581552  418.8517907  1224.314897  1610.519528  768.2514573  916.0887659  2115.263765  967.8762993  2279.835903  
1198.54445  437.3830375  1199.566762  1647.036732  726.9767117  900.4907225  2078.61336  963.3094684  2270.255896  
1197.02269  453.1950243  1235.552629  1698.759526  736.3557884  893.334659  2095.910432  979.6413666  2264.743668  
1205.551896  430.3746505  1210.901539  1677.833862  740.3931795  907.8216344  2098.333224  967.5151457  2264.696356  
1225.904781  402.0071385  1180.599141  1663.558239  766.7928083  919.8324833  2121.85861  949.3915985  2282.643759  
1204.363434  406.4698259  1195.000417  1592.800048  767.8431981  916.4586941  2117.596237  947.4079083  2277.322862  
1219.084464  415.3956256  1207.320815  1595.447836  746.2152048  904.7948872  2120.275316  952.8238532  2266.968058  
1177.397089  384.9780405  1211.274341  1603.877586  735.4788396  908.7532888  2105.050162  957.6030131  2278.269122  
1193.331523  423.7810307  1239.876691  1650.359299  742.7234363  908.4582266  2122.292058  967.7161539  2293.323713  
1165.061259  439.846645  1261.687468  1689.270399  715.1563289  880.5335191  2084.611716  981.6686854  2272.116739  
1208.240151  429.8353166  1204.157693  1554.419507  740.022003  912.7266075  2137.298466  971.451205  2281.794914  
1196.437934  378.4458471  1178.837846  1508.641118  749.8260939  893.5844446  2134.171646  942.3741023  2285.496916  
1217.445595  420.1190983  1220.019135  1580.167754  762.7522254  905.187224  2129.444798  952.3900491  2284.148999  
1211.926737  416.928668  1222.268467  1580.354235  743.8802718  893.4890832  2124.051708  961.9123735  2289.056975  
1217.206068  442.3472087  1201.964509  1585.694261  743.4922133  911.4101924  2129.746512  967.4747076  2291.124222  
1246.091496  426.4773847  1170.279563  1564.237732  755.0136378  949.046371  2194.063153  984.1942367  2291.197878  
1279.908855  364.8693756  1100.939677  1517.759411  783.1274904  927.0676887  2205.128651  955.0056925  2353.651172  
1270.65802  299.7828559  1080.565976  1507.417721  744.503108  897.6959422  2209.255029  928.8037584  2326.295892  
1253.190983  302.9038772  1092.607632  1482.36833  763.7873112  902.7243721  2205.953517  927.1623166  2332.440742  
1234.157279  282.1963422  1061.95567  1486.070304  757.0494817  902.7550745  2189.264626  916.7497923  2314.011785  
1252.526739  321.5058485  1107.964438  1523.991416  764.3653255  897.1395621  2191.980528  927.3346775  2324.802979  
1229.962086  332.0657357  1123.582789  1535.167014  781.3896328  912.0433053  2162.244643  925.929836  2327.575713  
1224.901191  350.7426468  1184.620168  1620.213692  773.2403495  920.3182679  2152.062269  958.1229126  2321.731893  
1214.724374  421.2506292  1210.1332  1597.021436  736.8455199  900.0097782  2128.044564  966.3668905  2292.749915  
1203.258061  484.1255342  1226.996941  1596.719722  724.5348623  889.9568916  2107.409098  960.8133792  2264.142464  
1200.454164  461.2514679  1262.187221  1677.675794  746.3726567  921.7534156  2105.875349  979.1094593  2263.456292  
1225.129795  462.3309744  1240.224723  1683.769273  761.1934422  914.4931059  2113.059445  981.5603891  2309.130416  
1163.65969  480.2672827  1271.309485  1682.749994  719.6272565  873.2281779  2075.683954  971.6044331  2280.23261  
1200.780164  467.2415716  1240.218975  1604.429729  719.8453323  860.078193  2097.167908  960.431101  2272.790323  
1218.616575  438.6492022  1195.953652  1544.010188  752.3775199  887.0728114  2137.399878  947.5438582  2273.348374  
1235.855681  407.7070402  1208.782746  1593.663474  753.9657678  910.7754324  2122.513998  953.812729  2284.188871  
1194.966395  439.6272155  1212.221097  1546.039743  736.2976381  900.4975666  2112.730772  961.0031824  2259.732532  
1193.190238  432.1739196  1183.276746  1493.843813  735.5408268  898.7926968  2100.011632  933.5790884  2267.48817  
1231.630182  387.89546  1199.731245  1530.245262  776.78769  924.6675329  2142.601277  946.5113629  2303.136435  
1218.446009  395.2312298  1219.701239  1619.796333  754.3144387  907.0140865  2118.681015  953.6516258  2307.270388  
1199.970786  441.35657  1230.804052  1665.408434  743.9946426  902.1038029  2105.805488  957.5015234  2291.294473  
1190.882332  435.3821321  1217.248781  1664.792111  720.9312977  902.1527849  2076.461772  963.6848012  2263.80072  
1197.290231  448.8372058  1185.499886  1615.513793  722.7652646  892.9756391  2077.981699  959.8950166  2251.242643  
1226.210945  405.7527889  1129.99043  1582.69942  737.3342953  919.1161185  2147.440943  968.0337093  2302.954635  
1220.412497  384.3610611  1132.487831  1571.900944  715.892229  880.7029846  2187.778799  969.269717  2287.130518  
1225.344875  352.8232513  1093.965524  1510.718814  753.2952141  900.7743517  2216.275894  940.8086467  2317.411462  
1207.049256  308.5885222  1078.634107  1515.378196  729.1965476  884.3438631  2184.945443  923.0734475  2301.913559  
1222.947954  321.4623345  1086.345364  1527.82794  739.8186674  891.9017702  2197.08297  924.6703788  2313.558931  
1234.51733  283.130106  1080.153396  1590.807216  760.8905454  892.418934  2199.59515  928.9870429  2340.543175  
1239.695418  342.1337582  1121.878192  1588.589167  763.1910348  886.3977931  2190.663212  947.5811238  2334.838193  
1242.495148  345.6839852  1109.613615  1545.343217  789.1865379  924.5342526  2184.046439  935.0691877  2331.329266  
1246.038288  328.9032666  1160.06387  1590.094161  782.957127  922.8763156  2177.37597  957.2568322  2325.01802  
1235.606433  361.8766238  1204.353475  1631.014134  782.1801976  925.5463463  2179.101099  974.0789894  2343.799451  
1183.895561  368.0295494  1256.4403  1684.602332  743.4881194  922.7176125  2126.00932  990.2893829  2323.829609  
1203.84684  458.6709593  1264.034723  1671.782645  723.8143328  912.0840558  2096.684728  986.5246913  2274.36248  
1161.42202  440.4746398  1242.241656  1631.839783  716.017874  896.3484671  2059.596923  965.9961698  2244.753778  
1197.567383  474.6304566  1243.154862  1637.190491  728.5057905  921.4947134  2064.043646  981.2737945  2237.086642  
1187.534674  481.0128573  1218.180535  1611.371943  710.5346824  881.7273842  2086.461817  976.3161258  2271.324923  
1194.338294  429.1733215  1222.219215  1621.306747  715.0632049  880.5542158  2088.379252  973.1755407  2275.933857  
1205.769504  437.7573408  1235.470209  1580.100616  746.22511  889.3052039  2111.504744  965.7382331  2289.318472  
1208.336613  425.8271275  1210.666732  1546.516697  761.466075  911.4294949  2121.962015  956.4539751  2285.762688  
1210.620243  449.5375599  1248.220656  1568.490277  746.7481222  898.9118622  2149.271999  969.5404116  2281.919916  
1201.092658  393.0932319  1216.488654  1595.150583  782.7677485  920.6669078  2133.617292  964.3110975  2325.400832  
1226.538984  431.7771415  1237.440115  1638.849584  761.3879442  916.2026009  2136.206515  982.9357765  2325.862302  
1178.983582  491.0317485  1236.274485  1651.072238  734.8601944  894.8478597  2099.891859  989.3099272  2261.494287  
1221.820972  424.4571493  1161.515862  1565.629543  740.5303256  905.3219473  2146.010522  959.370719  2300.951102  
1240.108959  384.6347964  1147.642407  1508.691554  761.8590051  907.7856424  2182.900029  935.7579197  2310.701641  
1219.516253  341.7584764  1170.769781  1567.231729  771.6954458  901.4048828  2157.615625  931.7106284  2310.253825  
1228.958883  422.5158496  1231.928046  1624.643817  758.4672189  891.9954472  2149.987888  972.2374604  2305.036413  
1215.247903  407.1751965  1199.880838  1613.797651  759.6009522  907.0834563  2142.072823  958.1054422  2301.579219  
1207.336043  471.8244471  1230.114443  1623.316077  748.9799646  910.7940731  2152.852564  969.6633567  2292.663347  
1215.827303  453.9124685  1239.751713  1615.187332  772.6038109  917.3223829  2124.001656  965.8819998  2271.569212  
1226.250357  430.3746865  1182.951437  1593.200136  757.1706756  908.8649036  2131.841512  968.564291  2297.072921  
1236.408074  416.361791  1180.34088  1555.457079  775.2581087  905.7292297  2156.656823  956.6062852  2295.345363  
1213.161589  375.8784296  1181.859656  1554.814907  784.5976868  939.6965198  2167.349166  946.5827498  2328.844476  
1212.649299  397.8028774  1170.033719  1574.833753  788.9657982  918.5868857  2118.487706  946.921047  2325.705987  
1181.311146  440.6618215  1229.658143  1629.721728  706.4106201  912.2799324  2154.983531  984.7178549  2282.309229  
1278.081924  401.245393  1111.414119  1688.141578  755.8836882  887.1054396  2062.262042  934.7338744  2247.860123  
1214.290974  412.5095147  1140.716656  1681.886912  700.3594968  859.5147085  2129.540455  963.4761317  2288.605217  
1240.537611  344.2661242  1100.798377  1535.806963  748.1486488  957.2422378  2215.175578  968.150412  2324.507839  
1286.409935  293.1617606  1071.333642  1556.088404  759.4288989  919.5217082  2208.483001  946.8210596  2338.149062  
1257.838116  304.8088957  1091.464386  1526.693161  760.1072313  922.4033698  2217.999626  937.475506  2338.215693  
1199.53062  365.1306008  1106.888696  1526.787191  703.7739966  874.8543481  2153.524291  930.0090989  2297.439668  
1215.890829  365.829471  1145.060351  1526.471598  723.0264664  894.575066  2162.397255  931.0751823  2277.699178  
1224.329882  386.3028409  1192.554766  1577.973527  759.9721618  924.5276329  2149.445537  936.1990865  2296.774443  
1204.192295  397.375564  1219.402733  1622.03301  741.9552717  914.2776582  2094.739493  954.3848517  2291.396749  
1185.049954  455.0920418  1249.516191  1647.125918  699.4616802  873.3797122  2071.71315  954.082367  2236.205281  
1185.575606  490.7206258  1229.1977  1638.728962  690.0564548  891.2228275  2067.672128  971.3176999  2223.514206  
1171.193217  415.4172116  1220.386641  1632.498386  686.9493629  879.180303  2066.481708  966.8866326  2237.074429  
1200.857691  396.7519287  1199.905724  1539.506389  735.070911  890.9919009  2085.753147  937.8401618  2273.084074  
1202.383249  397.643765  1229.111812  1607.745859  762.5996662  898.4185381  2109.0114  943.7244522  2291.669973  
1208.714447  436.8456704  1247.32864  1635.533712  752.8957659  901.708911  2103.760613  960.8158349  2291.421363  
1185.978734  441.8489242  1246.719912  1643.145511  737.7420759  897.8209954  2104.014447  956.2996467  2274.010474  
1214.192427  455.3789185  1226.736934  1644.528732  755.1140431  942.1544075  2101.757223  983.1292095  2267.961006  
1242.307789  411.4343727  1139.456535  1587.837008  749.4208179  921.529837  2153.521144  970.4684633  2313.541853  
1244.623031  369.7896602  1110.700417  1503.113232  744.9019044  885.2468048  2186.79123  930.1687515  2297.868657  
1255.600262  306.3946217  1047.916013  1486.382182  763.8999757  902.2199418  2195.19402  910.2993658  2338.758969  
1270.399968  288.6600051  1074.444688  1540.813489  751.7080844  886.7055518  2206.848198  919.8280174  2313.559833  
1253.385621  314.3165517  1124.11512  1536.583044  780.0338096  913.5575125  2203.499117  915.22903  2336.55283  
1230.388914  344.0452937  1172.073904  1554.048691  792.5893987  903.5846938  2145.099369  948.2016984  2321.521098  
1194.22938  384.6242748  1216.165157  1597.046068  765.9269202  884.6765051  2108.474031  955.7260387  2299.296546  
1192.132444  417.0002483  1258.717269  1633.650432  766.1403698  903.9266762  2135.040808  977.2620321  2318.128534  
1204.084  433.2130267  1242.377755  1635.081176  762.7518508  908.4922465  2099.968448  982.2518073  2294.422002  
1207.365509  447.3951971  1234.443469  1608.649079  731.8495517  908.482354  2109.67787  968.5385536  2264.571548  
1183.532202  396.6803586  1228.935716  1676.593991  730.1400692  908.4364259  2097.158748  985.8254416  2305.024213  
1214.647653  447.4492258  1274.692548  1723.817462  733.7992719  911.3374682  2094.975162  994.5230229  2278.910717  
1202.519421  449.4557008  1204.518017  1618.965296  749.5234262  944.3407713  2104.627655  984.7071148  2274.731982  
1192.101106  444.2653919  1182.333769  1607.701408  744.2748704  924.2456869  2106.401567  977.6484629  2268.014921  
1203.224251  436.6379054  1188.519257  1580.623993  713.677382  871.5291738  2132.793734  959.7045824  2256.647458  
1192.481385  408.0456645  1168.523586  1537.644264  704.8129842  862.5812018  2160.439083  936.4024694  2267.186219  
1232.757174  346.1672014  1135.52194  1528.535608  761.7700843  896.8835747  2147.156298  925.9220586  2276.008813  
1223.942269  389.6023727  1177.265657  1564.573015  763.9671129  912.1240948  2148.578697  947.9468706  2286.359606  
1234.807828  389.4525121  1177.763512  1572.613842  781.2999664  930.1177805  2139.477606  975.23026  2322.650048  
1228.585155  380.2890011  1157.64108  1542.66289  748.0645588  917.816684  2163.767611  958.9161135  2293.768332  
1204.281535  341.2334335  1153.002984  1530.968015  749.7925272  904.5756916  2155.400949  935.7319309  2308.538826  
1182.248128  431.273022  1242.065186  1601.580754  751.7727808  896.7671991  2152.67957  959.4670209  2274.227074  
1180.298933  439.4451563  1247.699856  1650.856951  747.1063593  889.4244008  2100.822973  962.1496748  2281.398827  
1172.96897  448.6020202  1278.441657  1639.7052  723.3796586  903.3040889  2124.866945  964.1432057  2270.881112  
1198.846855  456.8014688  1230.971003  1624.346929  758.4969628  921.2623948  2144.119781  981.1507181  2308.558743  
1206.413095  404.4766346  1162.671857  1572.968084  733.8379235  904.8813673  2151.663573  961.8095752  2286.238096  
1244.964385  383.4787227  1113.443873  1538.115302  742.3974797  908.426287  2180.927666  927.6135907  2308.825455  
1268.166524  335.0596021  1139.71655  1618.579401  786.9783765  927.5832431  2151.138833  940.0968434  2319.96929  
1263.672936  365.9098959  1123.597014  1548.352828  791.0414899  921.1746325  2156.231865  948.0333227  2322.290347  
1224.843145  377.9674478  1158.173043  1562.773839  755.0210779  898.8424885  2162.101761  935.3822621  2312.161942  
1251.134555  393.6762367  1167.929221  1611.854252  771.29568  904.3856004  2150.600682  954.9652655  2327.468795  
1239.998934  396.1617424  1141.228466  1586.066344  752.6637727  909.8943787  2145.545682  959.9848564  2303.30001  
1229.61654  376.7252077  1156.442548  1612.96011  766.6399247  916.8471588  2150.826025  954.8382812  2324.848972  
1232.084698  394.8211672  1200.407126  1642.79827  763.5962851  905.9872517  2139.861186  975.7842719  2314.34559  
1217.092653  441.4425834  1212.389955  1569.662621  735.7974282  888.5108009  2142.862938  977.5108267  2282.215455  
1192.545764  405.4408169  1212.040924  1566.877387  748.8873282  882.7328092  2121.756119  963.7975283  2274.649918  
1222.895888  379.3669659  1200.095965  1630.734078  776.326491  920.5743178  2131.943162  954.2621795  2304.234184  
1212.250938  415.926757  1243.531992  1676.548842  759.4954847  904.2538134  2144.577511  987.0883832  2309.461789  
1177.400026  431.1586146  1219.268007  1633.567147  719.1775656  892.3462618  2088.99022  968.3526196  2275.615088  
1185.256489  456.9370663  1189.471333  1588.079612  685.5176512  884.7949339  2106.349267  952.621066  2255.369342  
1205.576241  398.5781369  1194.787682  1599.491094  725.1748256  909.9531919  2119.707067  974.177473  2270.818973  
1215.736226  404.0478075  1166.905561  1551.269777  723.1488408  906.0416464  2135.698773  945.9378107  2288.882071  
1205.890362  371.5115389  1173.018353  1547.064798  753.8063581  900.8671321  2127.868735  918.9730418  2290.311242  
