1463.508276  950.4214455  1092.536271  1027.774623  453.3031495  1072.464004  2869.814679  1067.865021  1563.365692  
1458.878463  933.2688331  1021.901643  1040.468053  413.9131334  1114.78485  2901.878405  1058.007555  1581.529978  
1468.451757  919.2334266  1031.202242  1059.128664  423.0755215  1070.511464  2952.514286  1059.563656  1608.888576  
1454.548856  951.3712785  1041.399626  1067.436833  467.686295  1077.956433  2917.636136  1044.983061  1608.692022  
1435.189093  916.224521  1033.738856  1052.88375  417.889709  1090.007274  2936.434878  1050.885135  1603.691293  
1470.615575  917.7547193  1042.029606  1062.342605  471.5286902  1089.913204  2973.201911  1074.226914  1624.968491  
1419.637192  929.731949  1042.894749  1058.670157  507.4542779  1077.645259  2953.714779  1054.509679  1624.586136  
1429.434181  899.870038  1033.779144  1046.450058  429.4433687  1091.389454  2894.036437  1041.439312  1573.481662  
1460.926031  923.8452204  1030.441401  1087.728018  454.2341247  1090.982057  2969.668768  1075.096746  1614.70311  
1408.975685  938.9970422  1065.626668  1071.709302  532.777144  1089.097808  2967.841641  1062.750154  1636.768425  
1450.104333  937.5170326  1041.568644  1043.321017  449.427024  1097.931272  2858.952478  1055.876919  1594.556403  
1430.180468  907.8647118  1016.728185  1074.35763  482.4997189  1060.86614  2939.721739  1055.971062  1643.626771  
1455.247272  934.5763744  1050.943483  1060.274128  513.1021673  1093.517806  2986.360801  1067.664242  1626.738684  
1429.726795  906.5255024  1050.20362  1055.273275  423.0665528  1096.386735  2933.964161  1041.429211  1586.623756  
1478.561223  925.9071111  1051.042268  1075.136851  456.5667556  1074.950124  2954.787071  1059.673238  1621.191932  
1431.059186  933.9775237  1075.212887  1074.692059  531.5263522  1038.676657  3004.857723  1051.901912  1637.465684  
1419.461644  894.7528717  1033.410886  1029.133642  450.4670741  1094.397887  2923.100095  1047.660159  1594.048835  
1467.281581  943.6588833  1038.151405  1075.434227  468.8297995  1074.449719  2968.685648  1076.123083  1623.580674  
1438.162823  914.1177978  1065.49195  1068.57218  464.6153571  1062.707715  2972.608064  1030.788426  1618.339123  
1467.555868  971.719749  1057.688344  1041.021708  491.1620395  1114.355069  2938.107137  1067.52995  1627.721504  
1433.864499  913.6791725  1026.532516  1051.803239  460.1660292  1083.354068  2932.49423  1053.446066  1615.072823  
1461.572108  910.1017347  1052.19921  1070.891597  468.572641  1079.143831  2989.104349  1063.421538  1617.249679  
1490.651206  946.3652081  1051.720505  1063.071479  488.0453898  1081.145727  2951.20975  1069.878161  1622.485088  
1443.631556  920.3899285  1037.786132  1062.840985  493.9983433  1060.871621  2943.230572  1068.460275  1615.221166  
1450.037857  940.4486758  1042.220213  1025.929495  469.1753797  1087.92905  2924.702189  1065.244312  1607.558913  
1481.599939  925.3039366  1055.754295  1070.339043  451.1095278  1066.644347  2940.387958  1062.735482  1599.983329  
1458.957562  922.2628914  1022.398319  1051.809171  452.5911159  1101.723939  2942.377526  1072.620544  1610.946949  
1447.878459  909.2566354  1047.542795  1068.132876  479.4625461  1066.43899  2979.928026  1078.588712  1638.879289  
1465.579896  931.8906225  1030.352921  1050.446642  467.8559745  1106.215117  2890.663068  1063.336385  1604.887204  
1416.390482  917.2135768  1038.928886  1057.704374  462.6198846  1064.134013  2914.389413  1046.68159  1601.503898  
1456.92035  917.3551313  1023.685808  1071.276872  452.8000038  1094.113322  2895.100577  1059.079684  1601.104809  
1437.196712  899.6543736  1044.456188  1048.197574  460.4084285  1090.704606  2963.648368  1060.847526  1612.760009  
1451.195106  939.4394699  1050.898831  1033.169091  428.1111729  1122.725475  2894.944119  1058.190052  1593.066733  
1437.055194  894.0728376  1035.534913  1070.560832  482.1939433  1103.408751  2994.553463  1069.870764  1645.619272  
1454.88628  929.5717754  1085.70586  1075.346809  476.8519295  1024.710762  2973.957483  1045.851222  1607.343913  
1454.870973  917.6454275  1029.084686  1054.220225  434.1189024  1107.12203  2880.113495  1054.801618  1585.83862  
1452.932228  921.2726552  1054.426224  1065.427872  434.9831515  1120.326853  2962.057903  1061.874607  1587.881169  
1465.932414  940.1306513  1051.087463  1080.730427  439.9465341  1057.502758  2931.948691  1046.066713  1586.564594  
1428.460387  926.2808646  1042.242586  1040.54827  471.5593853  1084.642808  2993.006087  1065.179457  1615.529669  
1460.926273  910.770227  1032.233555  1057.853  435.8884521  1071.246468  2963.418443  1048.377489  1584.601621  
1471.759774  945.6619899  1044.835081  1065.281898  490.3479436  1073.071916  2976.40009  1062.631911  1611.46756  
1446.84182  905.1815995  1057.95369  1058.293653  445.7435015  1077.777249  2956.092977  1057.217981  1614.410633  
1478.769024  959.9237382  1050.262396  1085.647511  486.1810478  1072.56128  2946.157711  1069.629288  1599.416334  
1449.413644  934.3255804  1033.486175  1038.678586  459.5114985  1077.216414  2874.250422  1045.260547  1595.828591  
1441.484391  889.2887355  1017.390458  1030.224667  439.7793455  1107.577099  2915.747431  1053.747102  1619.358269  
1489.64236  951.7843799  1041.336096  1037.589499  477.3044262  1081.21224  2932.437134  1061.768706  1618.168948  
1413.871202  924.7898167  1019.902157  1029.154447  449.4173575  1102.571971  2913.785911  1050.280294  1615.753239  
1435.591038  924.1714273  1036.715192  1047.76025  441.3856302  1092.020741  2891.600335  1059.517197  1598.932654  
1438.039456  942.3614771  1057.004498  1067.192402  488.7050423  1110.775445  2932.885375  1061.90885  1611.525318  
1448.950564  916.5664036  1045.439339  1036.939539  426.0468081  1101.985743  2930.454026  1050.023427  1609.384986  
1453.562486  938.8689114  1029.134476  1044.21531  472.3695551  1115.382081  2933.577902  1068.109701  1614.58473  
1461.75988  941.7952544  1047.658019  1049.467376  457.5924088  1077.609827  2919.103397  1066.004255  1615.899095  
1448.753291  925.9904547  1031.671789  1065.669013  459.2300537  1084.879557  2936.806638  1057.106797  1625.226323  
1425.944942  928.6416916  1031.458515  1064.107228  454.0018113  1088.811484  2943.187272  1058.836589  1600.880247  
1464.189044  920.855321  1027.191218  1034.559108  414.8020968  1103.860215  2863.77896  1049.107616  1560.215609  
1448.820806  922.1724413  1008.809827  1044.032047  410.0232763  1110.692096  2902.18575  1046.835686  1570.153696  
1436.981894  893.5786728  1018.191133  1085.553625  426.5962433  1114.320734  2903.601645  1053.064548  1598.437619  
1439.712723  936.2537793  1027.664821  1099.378948  505.475146  1108.892499  2934.1015  1079.471048  1602.908819  
1400.121174  909.1610375  1027.085307  1059.478793  433.8919122  1116.67305  2869.702531  1060.988441  1582.292421  
1460.708753  957.5197387  1020.455449  1049.598458  446.3304595  1178.338631  2846.920062  1078.023508  1594.775582  
1463.426716  920.4789902  1016.762551  1073.333209  445.8893062  1082.482664  2948.814259  1056.413652  1613.553183  
1478.058002  958.3304113  1047.767341  1077.203591  497.4350804  1094.059995  2908.773468  1073.753465  1623.353965  
1448.417241  877.8466165  1017.020077  1086.183411  473.5931929  1110.361025  2880.63672  1079.928305  1615.184783  
1467.895296  916.1142251  1035.60502  1072.579942  502.9805252  1119.561685  2941.721152  1091.581491  1627.219216  
1439.550741  952.1308728  1075.160929  1056.056999  491.6732474  1035.573843  2963.316188  1053.061816  1598.704651  
1457.372759  934.4178607  1068.004091  1034.607579  497.9057135  1060.701304  2910.981377  1058.215183  1607.683896  
1478.18512  896.4321613  1038.156582  1009.392848  383.0493759  1108.282856  2864.36566  1048.376523  1578.632996  
1482.82346  911.3112471  1023.333586  1057.374911  418.7171227  1086.814941  2950.409715  1053.983311  1596.649447  
1492.902983  877.2643101  1044.210458  1054.865237  408.898803  1053.733005  3026.614761  1062.244069  1608.284931  
1487.017276  926.7051385  1077.44093  1053.607979  461.8285622  1047.708874  3016.069939  1066.112401  1614.70183  
1441.157945  882.8130932  1064.038145  1049.861712  449.8070161  1053.342537  2956.20114  1034.01499  1599.594765  
1479.974247  915.8755851  1060.125016  1058.341871  408.003144  1034.884016  2954.083133  1030.766089  1590.970473  
1422.008724  891.0727098  1026.302654  1059.555749  470.5658078  1069.714414  2933.667788  1057.439554  1602.349276  
1447.297721  917.7125775  1041.57978  1053.709068  442.7249405  1050.524701  2930.954656  1049.564854  1595.845761  
1466.633378  929.6271759  1038.058272  1034.227383  447.3971547  1078.434963  2920.976675  1048.453988  1598.65311  
1420.283454  937.7772325  1058.164702  1072.907931  502.1315532  1057.685196  2982.359272  1054.648181  1642.034128  
1406.30834  915.6961053  1054.37404  1061.015272  485.1715167  1063.158146  2907.861682  1045.864211  1612.783908  
1458.069219  926.3507182  1061.514887  1059.187876  453.6345119  1095.387462  2908.069042  1049.847963  1613.103046  
1468.868727  949.6774115  1041.763046  1048.732943  456.7517906  1086.992555  2935.165393  1057.990041  1623.484792  
1430.772974  938.5799371  1065.238266  1070.810316  507.5376779  1066.665231  2992.290264  1066.845077  1630.582303  
1451.490569  938.2753557  1066.883943  1049.531181  466.1724503  1037.691995  2947.727025  1054.474908  1596.243511  
1440.939004  945.9857688  1074.258604  1095.571854  499.6017771  1034.135406  3001.545347  1068.208168  1657.269003  
1446.212937  967.3816979  1085.195563  1067.885249  506.6359152  1049.574051  2967.14492  1054.789553  1617.541828  
1419.058976  878.1031899  1021.135028  1036.65064  422.8559291  1102.183969  2926.057112  1030.807054  1585.834301  
1458.513878  958.8215972  1069.134315  1074.564279  505.3568585  1103.065638  3033.991756  1072.655603  1644.735658  
1412.345526  939.4452632  1069.537042  1068.596286  502.5823172  1046.919673  2962.815547  1053.45867  1610.427846  
1444.328328  961.5596558  1054.585385  1054.701161  509.5966052  1095.192456  2916.410741  1079.107357  1630.057411  
1449.79343  947.6638499  1049.449959  1069.767451  480.8148842  1094.839661  2985.186879  1055.050359  1622.694666  
1443.018346  926.5078944  1051.412658  1101.478676  514.7091734  1046.146643  3009.596936  1066.687825  1640.409946  
1472.528986  969.43286  1077.477015  1077.997225  551.6874119  1066.335057  2982.254618  1073.675992  1647.67613  
1435.265185  933.7053538  1061.455887  1030.671206  475.2308991  1080.842707  2912.916913  1039.240729  1602.380359  
1474.769399  932.5712356  1054.159503  1054.064376  444.0569114  1099.474693  2952.91299  1055.42604  1612.868269  
1455.622548  907.1574998  1043.188722  1083.554277  464.9641036  1079.994325  2998.053328  1056.132662  1622.417519  
1473.369799  958.3576872  1069.824483  1057.019636  509.6870271  1083.550135  2997.419726  1067.322783  1625.648045  
1432.354934  920.0146717  1066.938703  1019.562526  455.0581551  1076.795132  2897.334919  1042.254673  1604.380553  
1440.639284  908.4309824  1040.790809  1059.998984  435.9198368  1088.177901  2951.505066  1053.176898  1617.068274  
1460.18617  955.1244234  1053.703866  1058.230222  489.7380977  1100.757711  2939.036134  1060.82693  1616.522977  
1410.56268  931.7113767  1034.51546  1061.536611  472.8273839  1097.805952  2875.90777  1040.680622  1585.293742  
1480.754629  970.9483192  1023.7144  1081.507074  463.1769943  1083.193989  2847.361525  1049.770051  1579.329547  
1442.733876  925.3899265  1008.802701  1061.149676  430.8827295  1101.921545  2887.584851  1054.9505  1584.773513  
1432.49869  952.7366332  1000.701344  1090.802327  447.5691568  1083.349684  2901.90986  1068.731124  1596.201571  
1425.674276  921.8508728  1046.747083  1091.41556  483.7460839  1095.327927  2885.638978  1075.198317  1606.340666  
1458.278404  935.1187  1047.857992  1116.039128  489.3006668  1112.158729  2923.012861  1090.070679  1619.717149  
1436.171516  953.4013768  1044.676131  1047.343184  504.0930961  1092.37203  2962.827549  1065.991258  1626.124422  
1443.811468  921.1565399  1061.112082  1037.600902  433.5997176  1078.052326  2933.508277  1044.740613  1606.415054  
1464.091007  937.5173257  1028.705944  1050.065652  397.7637787  1139.846549  2905.381706  1064.99393  1593.246019  
1445.667914  901.7073478  1039.559658  1094.894354  452.6708859  1043.480991  2989.812604  1078.278284  1627.312666  
1476.074691  957.9679262  1069.620824  1092.378465  526.6476376  1059.330335  2984.138208  1077.797416  1634.550616  
1435.894762  893.1215591  1037.573832  1053.23099  433.4340722  1076.62285  2942.514814  1046.093849  1609.639769  
1488.720489  957.4231696  1046.291913  1059.335646  470.2506255  1082.23664  2987.16274  1068.869728  1610.215405  
1449.970831  899.8285325  1051.728553  1007.102938  411.5399171  1058.503834  2914.812399  1043.904725  1587.140162  
1442.475031  908.5575541  1046.562458  1058.334151  497.2610364  1037.052664  2982.254367  1060.292417  1632.074811  
1371.139246  919.2990161  1080.546073  1049.34198  527.2103301  1011.180022  2895.662425  1047.794183  1631.764474  
1450.93884  915.9666051  1048.425958  1013.116827  395.9554412  1092.773842  2816.097605  1051.03609  1577.767129  
1489.829018  920.099301  1038.184564  1041.897197  414.6197461  1066.38977  2938.334503  1067.435857  1616.523294  
1458.960609  907.9694764  1027.801811  1045.081785  430.8928515  1066.778516  2905.546768  1055.56098  1609.221019  
1472.784121  904.8182863  1035.638105  1060.518869  452.9953775  1060.389549  2945.620169  1060.483458  1632.269249  
1419.56672  903.4340704  1049.443795  1076.710157  488.8670049  1058.051648  2997.13424  1067.818146  1650.765752  
1426.752408  913.1817454  1049.765493  1039.494862  452.6843787  1082.110127  2857.901685  1047.954978  1588.871748  
1452.277108  902.7547051  1041.600891  1071.011311  473.97605  1048.11185  2953.819659  1063.58569  1623.332628  
1469.04133  942.0895785  1038.71214  1074.392782  499.8179152  1062.292424  2958.72645  1072.012156  1616.444865  
1442.78413  915.5623332  1037.357536  1041.134949  478.5520334  1090.94059  2934.590218  1055.395355  1610.988747  
1440.935932  921.5573207  1059.053702  1060.847693  481.5413753  1057.017777  2949.915621  1060.354966  1628.658879  
1445.863618  931.7757541  1047.645009  1064.133353  501.6458138  1056.240567  2941.067125  1061.946104  1616.938372  
1433.455104  916.885171  1061.800809  1075.894144  499.631627  1078.525375  2954.326115  1048.904874  1611.002676  
1450.713657  911.1070559  1048.589961  1061.253673  454.8848175  1076.129218  2897.175361  1062.79391  1615.656277  
1453.64118  944.6730431  1060.207166  1089.475528  516.608335  1063.940397  3020.256277  1073.098128  1652.027526  
1444.679191  916.7735747  1061.206444  1063.382863  479.9328756  1070.929831  2961.436879  1053.611159  1617.962213  
1473.387735  915.308036  1049.395947  1073.674194  444.7071279  1046.552891  2957.660077  1073.890147  1599.135093  
1472.525048  958.0798374  1060.781323  1075.165059  514.5083263  1083.06551  2965.733423  1069.798584  1597.687346  
1431.279674  920.2295499  1052.285238  1076.879874  477.1308834  1043.927636  2961.210879  1056.421331  1612.273121  
1451.018583  918.3322416  1055.071465  1081.571134  460.0453196  1051.06475  2944.691752  1054.034523  1605.9953  
1447.130516  944.6546112  1052.098726  1044.586463  483.3743102  1072.453371  2887.416366  1044.647978  1589.018019  
1441.760417  920.9986676  1026.285292  1054.911349  464.7599789  1079.442067  2945.495245  1056.020955  1620.258872  
1449.752727  961.4589882  1073.247408  1083.693136  489.0958166  1055.503386  2968.510761  1050.898501  1612.984595  
1424.69648  970.4163506  1070.023084  1040.410415  511.2066238  1078.958295  2920.377974  1057.269634  1617.022285  
1427.641427  931.6439807  1049.327345  1051.299382  463.7648019  1078.302235  2960.252061  1066.913372  1597.38831  
1446.173375  924.9170643  1071.143042  1064.725497  453.744387  1055.649834  2981.457257  1043.089118  1590.161114  
1441.588934  949.2863813  1073.890304  1097.438741  510.2020616  1038.115361  2971.991186  1056.873892  1624.812974  
1440.401347  928.2710295  1045.942217  1045.625886  462.6705078  1072.719488  2912.669748  1049.960762  1603.003222  
1441.476121  893.5048294  1044.276553  1077.324371  459.3125957  1049.426476  2964.030859  1054.831289  1614.917766  
1426.710258  946.888025  1050.435072  1067.664085  500.0439011  1067.039131  2964.737117  1056.379766  1611.957739  
1419.235418  936.710116  1066.857111  1060.756806  491.7552203  1074.292761  2887.155038  1043.076956  1597.786796  
1461.272278  915.6718486  1017.629051  1067.288141  455.9088848  1105.009272  2955.253473  1064.536334  1602.870984  
1432.054908  923.4121197  1048.143049  1068.452021  456.0242974  1092.23193  2982.445709  1048.450608  1624.152728  
1444.82059  913.8244012  1050.87807  1059.478455  443.2057265  1065.208332  2930.182326  1055.337575  1609.975324  
1427.622758  916.6075175  1028.33684  1083.557129  448.0659156  1080.627903  2940.311161  1047.959194  1602.14014  
1465.276103  963.4184275  1062.515778  1072.003465  471.8969747  1094.14109  2947.110529  1054.476585  1610.958489  
1457.484651  918.8360741  1018.793437  1051.214937  457.7312111  1119.809155  2945.503341  1057.132006  1612.402497  
1472.394137  941.2160892  1023.733529  1078.485212  462.8186898  1116.640821  2982.013218  1066.041147  1613.140908  
1430.158049  940.1022046  1043.281792  1030.333208  469.2981457  1092.290627  2940.645956  1048.448603  1594.42315  
1445.404962  907.5383028  1018.488202  1077.462103  421.3952116  1064.224853  2874.90311  1046.204426  1572.306905  
1453.865778  903.7026795  1034.057781  1074.994681  421.5651398  1075.895504  2978.18231  1050.832765  1602.479857  
1444.685746  949.398614  1031.750497  1121.935803  508.6104602  1049.321121  2963.173115  1055.144043  1612.878043  
1442.50883  938.5127175  1041.770946  1033.249108  483.4348889  1108.723981  2941.587606  1060.901477  1616.476101  
1439.493947  921.1025123  1043.475792  1048.96318  425.3715457  1080.783878  2925.796919  1061.336325  1613.076012  
1436.795832  967.8003427  1050.567034  1089.866347  508.748174  1104.149174  2902.175764  1081.635841  1620.783326  
1460.161834  936.4855608  1048.183136  1026.59545  436.3406879  1088.178924  2886.399606  1068.370134  1591.707811  
1438.12033  931.2352637  1040.159597  1072.818691  448.1072909  1056.54023  2989.108867  1058.485463  1625.861748  
1469.132764  940.7396277  1071.584225  1038.761183  452.5972624  1069.097622  2976.920097  1063.805784  1611.704559  
1432.388967  948.8636821  1055.702171  990.8269372  443.3357892  1112.304665  2869.932124  1045.472161  1596.94794  
1442.557621  885.5705492  1021.914071  1031.229111  399.5132518  1116.782715  2897.845763  1048.448949  1592.564957  
1455.432718  923.3703253  1036.310666  1044.074617  449.5045827  1095.055751  2964.029595  1052.45321  1615.106967  
1415.90614  898.0532043  1029.575314  1037.532904  428.0003945  1101.6927  2911.476843  1038.421802  1608.04996  
1421.655358  882.9170642  1026.988748  1059.023372  461.9614708  1101.142628  2950.337827  1062.253157  1601.495247  
1468.733129  924.7158363  1046.636521  1056.430477  432.012881  1110.788783  2981.267075  1068.524148  1599.909833  
1450.104067  922.379296  1050.663564  1048.599235  454.1066401  1086.518918  2915.723314  1036.648605  1588.809946  
1438.317814  887.388936  1027.207455  1061.373618  434.4641168  1088.519058  2987.842308  1059.703733  1602.521896  
1469.26706  950.4829331  1052.762536  1049.217661  494.2808554  1076.830131  2945.269956  1072.764532  1619.463363  
1431.896117  912.439507  1042.007761  1032.549618  447.8796156  1070.844696  2936.476443  1039.634837  1609.0409  
1454.661599  938.0082051  1037.763521  1050.143278  433.9008566  1108.267331  2899.262133  1045.10516  1590.65242  
1443.106202  936.9356973  1020.573235  1047.402903  470.2889664  1114.367685  2915.944505  1060.940875  1590.650807  
1442.323163  932.5494432  1029.034612  1037.291999  388.3668461  1095.773324  2860.394124  1027.633589  1544.068951  
1463.234935  919.3958703  1024.187182  1071.920904  452.0146582  1072.628857  2892.44104  1042.20255  1588.470937  
1431.425619  925.0151334  1025.984768  1064.406786  465.0999728  1081.285671  2926.621065  1057.706746  1606.289741  
1429.298769  913.2400817  1044.364528  1067.012097  460.1280723  1087.429152  2925.756779  1063.95817  1604.729217  
1457.314717  938.2613461  1073.126116  1046.376017  476.6968026  1070.560355  2944.266502  1061.422337  1615.842604  
1416.907042  908.8555383  1038.58567  1038.605045  448.8108115  1103.742412  2921.085346  1063.435257  1619.8712  
1476.587558  923.0403311  1056.190594  1065.834981  432.8220775  1069.97212  2924.117758  1054.880706  1594.479839  
1447.243827  924.764564  1034.707867  1057.026293  512.3581258  1097.674493  2955.38065  1072.96689  1632.598024  
1445.491317  931.64232  1047.85873  1051.553534  461.9088227  1074.247997  2929.319847  1053.025267  1603.920662  
1459.845863  913.1118136  1043.677912  1074.23828  469.0129152  1095.374393  2929.260257  1066.021125  1641.288089  
1466.011219  918.7994693  1041.650564  1070.489797  489.0716137  1081.517596  2989.605633  1063.05425  1625.387032  
1438.906066  910.8805797  1057.928236  1067.996654  447.4197482  1056.997212  2907.442503  1052.82892  1607.133729  
1478.857573  933.4624705  1019.105275  1056.963786  460.9701736  1117.748667  2939.500663  1073.554291  1633.699929  
1439.175979  931.8973143  1046.333493  1050.51227  479.580509  1095.93403  2955.927714  1065.775656  1607.567219  
1433.369157  942.111142  1040.818885  1033.675351  440.4485529  1093.822658  2916.396536  1050.261203  1601.755807  
1470.246228  960.8857002  1045.382872  1052.791419  466.2264394  1109.463485  2965.645092  1077.234622  1609.350988  
1444.457966  933.1669869  1024.583235  1056.183683  455.6323677  1074.168976  2957.651338  1061.956987  1595.839139  
1439.901508  920.5863814  1048.228388  1076.756872  459.7925884  1030.998924  2998.583171  1059.63954  1620.995361  
1455.359347  943.0253214  1078.942316  1074.420602  473.6781151  1046.900449  2901.202012  1052.185661  1598.728548  
1445.908511  928.570744  1045.596918  1053.972754  485.7261514  1099.749044  2922.292943  1057.083478  1613.28697  
1446.497043  919.5236014  1046.181867  1052.179503  447.2037661  1083.563153  2980.654521  1064.901081  1625.054966  
1471.5344  943.1684615  1070.256078  1064.955213  478.1278459  1062.545442  2931.523989  1063.862159  1623.993747  
1465.952824  944.4558419  1039.917936  1052.678134  471.5079846  1114.870086  2937.68408  1070.292494  1607.588895  
1453.749913  927.3082124  1051.338649  1063.121274  461.1524107  1066.928674  2929.70513  1053.322419  1594.306318  
1443.558034  916.1687114  1034.746707  1061.892278  474.6504434  1097.045832  2927.189055  1060.813042  1616.791719  
1440.150518  916.3442448  1028.800085  1042.580781  431.5147938  1105.725858  2908.857148  1046.552112  1607.362825  
1433.674651  903.0375777  1034.040951  1056.266571  442.7118644  1079.895274  2947.362627  1055.113009  1594.849954  
1426.054734  920.6680546  1047.069613  1060.425325  469.1684433  1080.081542  2925.438784  1040.028281  1587.881745  
