1009.740526  543.1829866  1007.741165  1286.701003  211.4246342  51.45279819  1879.62972  560.6390088  1607.195415  
961.1012147  530.6524922  991.3571178  1354.142248  170.7334119  105.8110582  1898.96684  577.6890294  1612.714481  
946.7509415  560.4088061  984.1756375  1376.846456  170.7509995  140.4818829  1911.178046  571.4619969  1630.317559  
952.6504316  597.7320563  969.9600049  1358.676068  163.9873499  167.7745157  1931.127155  567.0094895  1567.516104  
914.1191697  574.0804328  937.492285  1367.629213  177.333787  183.4874802  1946.206821  584.375114  1586.328124  
950.9636955  582.9578683  982.2511192  1407.645809  179.9987999  213.5197224  1923.813094  578.5043363  1638.230976  
992.8318712  575.1603178  984.2379374  1422.275607  217.8781714  181.403455  1902.433825  602.3119033  1629.58377  
983.939437  541.1876786  989.824725  1414.856953  219.0291834  128.2676308  1899.148569  589.2565142  1638.106358  
975.6240882  564.0202343  1033.546155  1433.024996  227.8452406  136.9942753  1891.21001  583.7320632  1645.002348  
965.2362095  588.4710794  1031.22515  1375.207646  224.5200533  157.1483723  1910.257779  575.7798414  1607.27265  
984.8435482  582.6565542  992.3560067  1340.835767  220.179154  139.6686043  1917.90365  590.6236049  1599.707173  
956.9304154  540.3211316  967.3823965  1355.235784  215.1686664  141.9940728  1905.285845  578.9076718  1617.834739  
959.3362081  530.4536191  1017.253514  1349.618832  205.114477  119.8764066  1928.268352  571.8355363  1629.371839  
991.5363562  529.2999037  1036.115262  1347.587176  196.5900376  59.40945891  1928.741537  584.8600701  1601.475353  
993.2292424  563.4991841  1037.36638  1358.975467  199.2040133  84.899554  1911.315706  577.1935638  1582.313813  
982.3604213  626.9388205  1036.424496  1443.075876  218.2554408  173.5370213  1888.22266  582.1885795  1638.218872  
959.7396219  590.4350963  1023.587592  1414.312662  191.4373242  168.2334702  1875.918366  582.8567318  1606.0755  
1000.053335  548.1567937  1032.051827  1377.820144  183.3655682  181.0507247  1898.400223  567.9231837  1604.042754  
945.3143184  565.0304586  1018.559309  1455.339506  159.0686998  187.8404574  1897.127211  568.4110473  1626.564184  
965.7315088  563.2945431  1020.235442  1438.835723  180.6901241  164.1939009  1892.419427  582.1437989  1624.912766  
979.0424029  558.5307627  1015.097101  1391.931954  178.3077955  162.7889693  1876.630344  579.1276883  1614.953516  
993.9137027  559.1993242  1010.53293  1396.651599  184.3451807  148.1352747  1884.161246  563.9524642  1611.07316  
970.1825849  560.1278715  984.8471418  1424.520047  168.1405609  154.2567  1884.809768  584.421729  1608.845105  
972.1060524  565.1386286  993.4207066  1395.517008  172.9822961  194.0696237  1906.907055  578.3759624  1620.847254  
946.6111296  572.4188581  998.5212351  1376.707227  188.7320532  168.1970275  1931.228559  578.9547428  1637.656569  
945.7715924  554.4479146  993.9103392  1385.077575  189.4388517  120.8510246  1931.975246  595.8060302  1633.243169  
952.2472412  585.1689777  990.0951306  1356.821436  199.1018269  138.8956344  1920.857875  590.74967  1624.007206  
964.4804347  554.0011651  987.4142173  1373.941734  193.552544  130.5998776  1879.913928  585.8406614  1610.995867  
959.3891745  563.8868673  1012.645904  1366.722905  220.7024364  128.1167046  1920.115474  595.4969542  1625.412525  
955.2107803  556.036637  996.0807938  1400.674731  228.816617  211.7947382  1897.910471  591.2134377  1640.591333  
968.6777975  549.1692338  999.0801899  1402.683628  207.6170256  155.2901553  1908.615636  576.9504191  1653.685915  
978.4568206  535.2620751  1002.780065  1388.370726  220.8954534  113.5529521  1888.217802  584.6711877  1608.244771  
980.1517667  550.7287355  1004.624731  1377.636319  202.7339131  120.80334  1912.919742  582.6758055  1597.900675  
993.6862183  575.3116985  1001.587864  1351.158218  214.2052503  95.12020111  1904.106188  573.3431626  1588.393664  
948.3027116  601.5820833  977.4931836  1307.69091  177.8179305  119.2078621  1908.973392  571.3455986  1607.821783  
969.5360865  567.890956  992.1451145  1346.63167  169.1560053  140.2628463  1893.221422  568.8164268  1645.04825  
981.9894237  568.504426  996.7912818  1352.713708  192.1687584  108.9316857  1914.482106  578.9063708  1605.956656  
982.2157739  580.8620575  1003.194207  1360.620714  158.2329071  130.2887685  1905.559125  572.854916  1615.975611  
969.9215145  580.8972018  987.4114211  1377.774111  163.3681662  168.0057825  1902.958822  574.8570385  1603.529025  
957.6187283  580.5844764  1003.49863  1389.83748  156.4582784  183.8391796  1928.993676  568.211001  1631.030559  
979.0661621  582.7185744  998.5957985  1394.427279  182.3527155  156.050736  1911.906541  575.447991  1624.051174  
953.635746  556.2431877  962.4759505  1376.428811  175.793512  141.9026459  1931.618884  575.3979027  1586.053438  
962.5220877  586.4781378  1003.824183  1413.123651  177.5334439  164.7561559  1896.475122  574.7606386  1611.910962  
951.365845  593.8049887  981.1871164  1383.536207  183.903157  144.8777661  1902.482117  585.0378605  1583.551707  
976.3117801  541.2617966  960.5755455  1385.106415  172.716907  122.9270952  1874.979729  576.3412761  1610.32196  
971.7882199  570.326037  1009.687934  1390.916179  199.190731  162.4112658  1926.935539  572.3145333  1614.826768  
955.6968441  561.772767  1011.229802  1339.140267  208.1047193  125.1565917  1932.222743  573.7904993  1606.93942  
960.7301074  560.9892515  993.5369345  1342.906243  215.5250929  115.2337482  1937.257956  584.945582  1598.361849  
960.8129905  567.9447593  980.085739  1377.043967  221.6715987  128.997497  1937.494472  580.4894142  1607.470882  
977.5751056  584.6739096  999.893052  1356.841264  238.1345467  146.7264717  1912.700834  592.7506399  1651.202873  
963.7497402  586.9621148  1007.21854  1395.54156  202.4185433  217.7187783  1906.813269  585.963566  1646.611679  
968.5647629  546.1529253  995.4155549  1394.415955  202.8554255  172.8541653  1907.075732  582.0655781  1652.010192  
980.4461294  541.8070013  1030.74499  1374.135981  216.0631712  137.9621175  1933.915634  579.0606418  1624.974814  
994.5964412  536.0769983  981.6831284  1332.821856  203.3870924  50.40708407  1893.605961  572.8490724  1581.425119  
996.1249842  551.2047645  962.1830264  1367.860065  221.9303623  107.1461394  1875.748147  589.8185438  1596.364761  
966.8276837  544.3009105  983.5066158  1366.817565  198.554045  129.7470172  1889.412524  594.060196  1596.206957  
1006.963911  554.9020712  993.2261713  1406.98178  223.4054226  158.6732668  1874.436662  606.2809436  1638.062602  
989.1447814  517.119351  987.367892  1407.017967  201.1348731  152.5688229  1915.08749  573.8969157  1604.275212  
959.0583632  571.0096966  974.7328039  1375.873556  212.3731805  144.9768872  1924.246355  586.7631845  1597.793027  
952.2596745  570.0122907  971.0538503  1388.084422  217.0241784  150.9650205  1911.130625  566.9734371  1626.328686  
949.1313172  589.6469973  1006.883578  1394.071764  185.0955879  154.6993272  1896.901551  568.8237378  1618.902559  
961.012614  575.8393959  1006.897407  1362.854974  169.5115847  120.1510098  1892.950524  554.4790475  1606.275842  
985.7102234  535.0931156  1027.182441  1336.959207  162.8335761  74.34045667  1913.753246  553.5391111  1587.371153  
960.8064281  544.3825952  1013.806821  1316.545444  200.4311608  63.6060014  1950.886502  561.1480552  1597.423863  
988.0173044  551.8784229  1016.628318  1348.709531  194.9015905  81.57382667  1900.354052  567.2047307  1618.556426  
982.2577538  576.4075445  1012.139517  1392.732279  178.9811814  142.3592481  1916.324991  568.6105214  1626.461564  
972.8721658  557.6192006  1008.186046  1408.293687  172.8183515  154.4972742  1910.074181  565.4315956  1622.235443  
969.9106124  563.5848816  1033.382687  1371.271969  196.6012549  130.6070996  1936.716876  559.1898282  1601.587466  
1002.502015  521.7225908  1032.93412  1338.416047  209.6691944  91.90453827  1928.836976  570.9372994  1597.179943  
990.9815523  558.5059111  1001.057278  1390.914825  182.3620704  163.9396517  1871.157137  576.5778459  1605.301133  
965.4989406  549.0980721  1022.511941  1423.282702  174.7136462  174.0974431  1905.076512  560.1121354  1630.98752  
992.9117394  551.2977692  1022.975146  1387.054952  193.4352033  176.4221671  1901.951445  565.0260489  1617.69967  
960.052858  562.0254895  1005.290115  1360.422466  158.269951  120.5473628  1929.419168  556.3528738  1600.595994  
945.4708052  550.5295238  1008.704662  1356.28499  195.4534639  93.73452347  1939.821543  575.2745388  1611.151505  
950.2968809  549.430147  1014.502879  1339.251406  199.9646819  101.3499517  1937.554406  579.906093  1587.319862  
938.4022493  556.7373957  1012.165871  1361.298364  195.0215105  141.4016881  1933.291994  571.2933001  1608.285324  
967.746015  574.9959719  1016.85749  1408.593353  188.3241543  176.1338606  1893.639685  594.6283262  1622.326766  
988.1435225  581.8873032  1022.711277  1402.164042  202.2211245  190.8175973  1902.36541  582.3561555  1641.548814  
938.7618945  610.9713036  973.1983975  1378.354955  173.064895  206.5456196  1892.080793  577.6747224  1620.878333  
938.1280981  598.4946446  974.5368405  1437.420967  166.0270409  238.770482  1906.043915  604.1635503  1667.187954  
968.8190364  608.359222  1003.726506  1428.975107  181.5955885  203.7708903  1860.537388  588.0116725  1664.446902  
977.8191448  566.1573988  966.4591752  1420.708392  180.966955  181.4022125  1863.766496  595.5816922  1610.630928  
987.397915  512.6213107  960.3170755  1430.017689  197.1044217  107.6978078  1852.223899  588.3610463  1598.230347  
967.052925  537.7457408  959.7610451  1404.187138  193.2673359  141.4758736  1888.369911  581.2835746  1598.433464  
982.0469637  572.4376297  991.6009773  1365.990904  200.8744583  137.1304391  1911.028933  582.3397183  1594.136358  
968.7260313  573.3798739  957.9393312  1360.754098  208.5064825  156.4165232  1916.820277  594.4696584  1622.377028  
971.715283  565.6955341  1021.14998  1358.643157  214.2188208  133.5567487  1936.330914  587.1151289  1630.51538  
984.3559826  548.7418568  993.3071861  1393.600599  220.3741393  107.0429353  1894.563266  592.0569377  1625.504692  
982.3530286  559.4139141  982.2820248  1403.062254  225.2092421  181.6343177  1891.639114  603.8616131  1622.316068  
958.1119581  599.5185025  1004.282329  1380.323778  213.4859799  192.1135404  1930.191603  591.7685313  1630.13158  
960.8747386  552.9313947  1015.316324  1363.017405  223.3604202  156.2045144  1923.633712  580.8441795  1628.398853  
945.8242065  562.2253636  990.9515475  1356.333686  226.2827105  180.415285  1919.264025  591.6723165  1626.763279  
952.7373947  548.5047657  1023.280609  1393.800408  209.1092233  119.4766576  1908.851745  587.1606526  1613.591382  
948.741778  600.4869022  1000.758978  1407.977323  206.8450134  152.4374092  1899.010976  598.7466894  1601.638406  
949.7240488  577.5739922  1006.585055  1331.549272  203.6499764  109.3848217  1913.326068  578.4709405  1603.491786  
939.0225436  543.3152842  984.5103195  1345.994591  205.8134555  118.0863646  1917.085447  590.3812005  1601.079057  
940.6871332  555.5635897  1015.357262  1350.129459  190.4444612  130.283664  1932.66486  576.7436773  1614.157411  
980.6499376  545.7111574  1029.656754  1357.748718  199.9925003  67.35260726  1909.897391  584.105547  1641.927109  
987.7766852  579.6643854  1019.495337  1417.384425  210.3350263  136.8412816  1903.984799  584.2354925  1640.46112  
976.7872981  589.0769379  962.2949304  1390.443841  211.5564441  191.3305493  1909.044915  575.8121422  1624.931662  
960.6038311  595.7352174  973.9549373  1404.166793  215.5775091  212.5684627  1889.207499  581.5987666  1625.482512  
932.9263158  606.8311249  948.8468676  1400.627782  173.3843243  208.4901592  1922.381487  575.7066392  1612.839267  
945.2520978  557.1693076  996.9293179  1390.273504  188.012589  142.1992513  1908.50642  568.8985017  1616.975491  
982.0903055  572.2311367  991.5390491  1411.630192  145.1122902  132.2967184  1925.551613  586.8563958  1614.488057  
986.644957  568.6252436  1007.489637  1426.916035  202.8250784  100.114228  1882.178077  588.0454996  1607.153505  
965.8300759  585.8636889  1043.789966  1372.712477  172.7547189  119.3048802  1927.14485  569.8165474  1597.488547  
961.2185061  624.3862605  1028.441503  1382.06054  149.7421233  190.330401  1948.296008  582.6771921  1630.35233  
974.5130323  580.765766  1029.622079  1368.302615  191.1652814  142.7555755  1914.577419  578.2774845  1612.339621  
978.4964078  548.7679199  1057.907672  1343.093009  159.7917238  83.6052694  1897.511395  550.1605654  1618.39569  
986.6817958  522.6106038  1037.849978  1314.766083  209.3542418  101.0344879  1935.079843  569.3620793  1593.37719  
966.6594379  579.0035696  991.706518  1384.696451  177.2717405  160.0246836  1892.336282  577.55905  1642.960525  
987.5590415  554.8850155  979.2931421  1412.372765  195.4692846  173.8050139  1839.340228  578.3032765  1624.740657  
992.1833932  571.4485264  969.2836258  1384.351739  193.4402011  175.6685765  1902.526104  582.3548003  1604.476746  
968.0824061  563.0916668  990.2001747  1354.737805  190.3516484  151.5005598  1919.065343  560.3865812  1608.485136  
981.3898535  548.4867413  996.1636788  1365.729892  188.1497931  140.6052409  1904.065425  572.6909028  1601.508011  
967.492048  525.7644715  964.8892263  1334.635054  183.1841768  109.2420465  1926.188303  559.9579095  1584.306075  
981.7595648  520.5578452  983.0327335  1353.316269  178.8977238  89.63916127  1899.076562  576.1763341  1600.808711  
1004.127157  524.9450797  1013.770893  1406.622912  186.8526798  75.48012854  1866.184625  584.9611878  1621.228143  
945.5578739  569.6267267  998.1763914  1430.540011  161.5103625  115.9203641  1893.498454  586.3549501  1639.410298  
986.9452009  565.5928494  1007.658237  1411.209268  191.9570168  153.6538774  1871.287844  584.5509277  1638.240117  
1015.646345  540.4264793  1020.179358  1368.001895  206.5620101  92.40822316  1868.305109  570.3309608  1600.042387  
978.3025689  566.9830942  1025.283318  1381.707533  217.9740002  158.1007941  1899.980849  594.2965963  1642.581841  
967.0351043  599.7931515  985.1833157  1400.593782  201.1468954  224.9573104  1889.91936  584.5634992  1650.010429  
956.0789296  552.8462295  1000.482468  1388.36493  204.3627579  150.2649579  1935.370711  594.1211053  1629.79729  
933.9273436  557.8163194  964.3499114  1364.445881  214.7411085  143.9988954  1908.306777  589.0421197  1602.49888  
938.4920254  598.2871247  974.7024691  1330.241918  212.8909757  163.6712582  1948.895182  583.611966  1620.687215  
976.8156113  569.3482802  1029.013411  1346.566544  215.095207  124.3447418  1918.257474  581.2533417  1620.598168  
992.9997739  543.7850592  1020.626918  1348.16257  221.5010916  114.5226846  1878.678313  584.3752054  1588.840718  
970.8537596  537.485401  1052.063626  1343.789983  230.6768904  115.6344457  1913.932711  596.0591585  1611.862003  
989.6033211  543.516703  1040.891317  1365.53372  234.8817151  120.903334  1921.491776  564.9098683  1622.348655  
984.702735  516.5533488  1033.582139  1356.371227  225.2397403  78.97145545  1939.136728  574.9470912  1598.324929  
958.0822641  523.8204613  996.1660686  1347.013098  224.838531  74.72843624  1943.835021  574.9384883  1602.516077  
965.6057895  544.6976016  963.6689322  1349.457035  226.3438314  75.65991614  1938.699987  569.3896623  1600.562418  
977.8788603  533.7896911  950.5539588  1346.283371  204.1119874  85.94168983  1903.981179  569.1958019  1584.722014  
968.8755066  540.5207453  931.9380027  1323.733664  214.0018839  96.79243075  1933.7889  563.9686564  1567.635074  
944.3782715  565.0416638  956.2073047  1334.071425  170.6970334  124.3725712  1930.556508  576.5348276  1597.59851  
987.6523053  571.7966513  975.6885916  1400.900827  175.5332164  149.4650284  1920.537892  590.7572646  1608.313247  
989.596638  560.7144287  1012.350058  1436.258754  248.0196988  169.388388  1896.179733  597.7589751  1622.808483  
961.4183378  525.1627899  972.0030351  1343.729486  255.3249611  99.22869584  1887.540157  570.8416562  1599.663944  
964.5151723  576.5156075  1009.4385  1393.418094  127.5977958  155.9814235  1860.011611  542.3441633  1615.827536  
955.6491533  583.8912794  989.2477139  1459.009847  110.5834743  251.0041195  1889.054942  559.2880214  1618.021714  
963.4687831  579.3884728  996.7635206  1431.731402  123.3484146  225.28456  1918.552198  556.5182035  1637.44203  
961.6325172  574.6033641  993.2394152  1422.906757  159.1812739  213.4198467  1925.772739  578.5460291  1620.046726  
974.0661081  539.320661  999.3942334  1317.584812  216.84485  118.5499971  1940.466561  567.0805434  1586.197779  
972.9683627  540.6109394  1028.052527  1326.656103  212.9309381  87.60176718  1912.913457  589.6386391  1601.123828  
974.1920893  539.6134117  1011.035605  1398.453488  199.3716767  139.7234593  1873.091861  582.7150888  1608.76528  
965.2351881  580.5642613  1006.327551  1375.133683  177.9285223  145.5843482  1887.619889  573.1735131  1592.322056  
945.332354  561.1749972  978.8685253  1403.950427  170.40116  184.1121754  1912.184135  571.1281435  1610.42062  
992.0339709  578.783597  1005.395832  1408.047496  148.2234144  173.2580843  1885.956238  572.2606487  1633.713866  
969.2928495  544.6389589  986.5922314  1415.916629  135.661281  137.938244  1887.458893  563.3136078  1610.807862  
982.262808  558.4192777  1026.473632  1424.829049  165.4172634  177.8218381  1909.796265  586.6645892  1617.618079  
988.4117585  546.2462831  998.8405463  1425.135269  176.1195798  174.8303385  1877.975136  568.9110107  1624.396343  
966.5933116  573.4805787  1026.797035  1387.485234  189.9906297  160.1991225  1924.467142  579.2310721  1618.787398  
975.0339069  588.5620869  1045.465744  1413.940792  205.2336329  174.4955996  1907.245421  572.7185133  1635.332509  
975.7721771  592.7877314  1040.809331  1421.039783  193.2101479  199.0795254  1904.688982  590.0165658  1631.768242  
960.8835466  614.6538005  1009.728385  1403.28646  191.7777081  223.9287225  1919.342463  581.7377774  1658.087031  
951.4095178  563.6396846  1001.377994  1395.580835  182.7912867  142.2099646  1918.432524  576.6904546  1646.711515  
973.6515873  584.959989  1022.685214  1419.863011  226.5227545  181.3899169  1913.159991  598.6096174  1643.911676  
937.9679771  594.5267174  1044.396656  1394.372114  244.5543623  153.163726  1930.309583  595.9584777  1651.566622  
948.1426966  593.3641148  1020.91423  1340.350113  255.2336626  120.2757263  1931.605073  593.7935131  1613.647003  
967.2334274  594.186538  993.3519795  1319.056622  264.3970187  110.5687021  1916.05682  593.2373855  1583.686314  
967.0238718  601.237596  997.9656083  1333.069436  258.1443179  110.7881877  1908.273393  587.0198619  1599.425233  
970.1031537  616.740379  979.8226061  1348.106167  220.9609366  126.9049949  1929.49657  583.7342584  1593.467649  
953.1271481  588.8995759  959.9681308  1364.322264  209.1027483  120.6039029  1911.045723  578.1409385  1603.398705  
953.4766553  592.398824  947.4100451  1361.670982  168.0647293  126.7959916  1895.513767  584.9002299  1610.043755  
951.5209406  573.2989571  956.8686914  1328.234012  172.1394854  127.2498145  1901.109967  572.5254826  1603.259538  
957.3824165  564.9237268  973.0289663  1374.795662  165.272176  130.5880712  1898.791061  567.6139422  1642.590059  
982.2772696  559.286705  1009.841021  1390.280618  183.0003748  158.6002255  1910.026294  577.4759065  1620.022945  
970.9394392  563.0160114  1002.949544  1340.450777  181.5436013  81.29027811  1913.826837  566.6659456  1588.440752  
965.4708604  539.5681079  993.9610202  1361.879425  184.979396  89.92515659  1901.621109  584.3593049  1612.669048  
957.4335937  576.4228313  993.2187059  1380.802375  193.7170006  135.0146644  1911.425337  579.115184  1611.309581  
949.9738315  562.3675654  1032.631398  1384.047823  184.6696189  151.1343727  1928.383545  589.5412922  1616.764479  
961.3163879  576.074446  999.5064744  1367.209196  185.6201252  170.8061501  1887.282743  571.9790311  1622.018038  
953.5503417  572.2341798  967.4159125  1390.810959  183.5144402  155.4589322  1898.723206  575.2551934  1635.287061  
964.0245471  571.723869  972.6464838  1380.574814  183.7149453  163.667617  1906.66932  578.6309691  1621.808532  
976.4062735  548.6984806  1001.102492  1365.571764  165.943658  73.64589381  1925.883311  571.2363122  1603.31771  
993.9811616  536.4426536  970.7827923  1379.894551  195.6597799  99.95206951  1908.221909  581.6271721  1606.586579  
979.3890849  522.4094336  967.5438079  1402.563702  178.4055484  71.28925766  1895.024834  583.2441419  1597.222434  
963.933467  566.6088718  998.9909539  1405.414575  163.5852046  138.6813796  1895.886983  571.5048042  1606.889342  
970.1634778  531.6878051  965.0531692  1378.819328  186.4489569  90.4775268  1882.994974  571.922977  1573.505493  
987.074102  561.9152469  987.7250484  1374.185119  181.0757755  113.5184545  1885.981314  567.3698794  1598.575944  
975.2639723  530.6976964  975.3570113  1369.94713  188.0124019  101.434512  1887.934428  567.684185  1598.113739  
982.5783802  540.027305  1014.71293  1340.977834  174.9346681  96.00487948  1894.626837  572.9895784  1622.236343  
996.9778751  526.0794741  995.5036047  1367.015819  184.5301032  157.6690091  1860.039128  574.20894  1616.988841  
1010.883224  551.9582525  1028.087218  1346.691332  185.3250771  136.1024513  1895.733563  558.2174849  1604.263348  
970.1623282  561.7379393  1019.305544  1378.498428  143.0747023  129.9155669  1898.996575  552.7062732  1579.454508  
978.6355674  535.516492  1046.971209  1357.786532  180.746207  86.98123469  1939.841513  567.3033536  1598.59705  
951.5614134  558.6437806  998.9882128  1317.598992  176.5720119  114.8582425  1929.91913  576.3534111  1596.097975  
941.0395278  580.6779385  986.3948757  1334.614665  175.1143504  140.0341768  1933.986403  568.0292028  1593.694974  
950.5240053  580.5866992  1004.557011  1366.737865  175.6471084  150.4887886  1949.339973  571.3332735  1600.686402  
925.8994119  585.3725664  975.8110907  1358.06139  184.6501753  173.9995502  1946.36319  576.0864993  1615.434773  
959.1202739  551.5269804  993.5147686  1408.12447  196.9682463  197.5487998  1905.268119  584.5512148  1647.597777  
995.4827422  554.5887469  1041.549028  1418.49602  274.0431883  134.3302753  1909.796248  601.8306789  1653.532727  
945.2507897  584.5426595  1000.106896  1438.915358  250.15508  155.808778  1905.612914  601.4236795  1649.695784  
935.1532548  613.0289355  975.7193037  1423.690936  226.6587596  224.1871309  1888.011702  588.1321893  1643.787695  
980.5679533  580.0804777  998.1273975  1338.016505  212.2052207  121.71325  1916.190952  575.4953522  1583.194872  
980.2000524  581.3646037  987.3108846  1393.802561  214.0718801  201.4186971  1915.571686  587.4030701  1647.783768  
965.17923  587.4852839  1008.793058  1412.625072  177.9814664  184.7578587  1888.305935  588.9531884  1626.058624  
987.4071766  520.6892541  1009.359633  1392.864291  197.2908143  120.1175009  1909.455579  590.2720637  1606.60215  
982.0732879  559.1063866  993.4135898  1354.89287  177.6305694  103.0423792  1881.888232  569.3059988  1593.761423  
