1155.937525  973.1075257  1158.298786  1383.651537  271.5209802  832.4716509  2412.231879  1045.720131  1989.624831  
1152.316481  953.2373499  1137.326902  1343.674172  239.6866778  832.9363319  2394.749638  1038.200617  2002.978088  
1121.828236  906.5180659  1149.543767  1384.152284  257.6707452  844.514157  2399.636961  1031.936532  2003.350951  
1126.171739  963.6591179  1154.294063  1397.682747  275.8779356  771.6081332  2538.808342  1073.858828  1991.028763  
1100.610167  983.1607654  1177.21578  1370.644826  358.2723259  668.7644229  2548.579114  1065.488567  1935.608514  
1096.601545  964.2120279  1196.358597  1425.390527  328.940706  703.1339603  2578.834668  1085.201212  1988.254961  
1141.169293  961.1886685  1257.370251  1339.778155  458.8564896  711.0394175  2470.626773  1049.357417  1885.978333  
1142.066272  896.5133718  1270.288119  1361.817825  517.4340264  784.8451031  2520.827026  1094.075443  1960.275151  
1149.435012  912.8118349  1253.155607  1299.692956  496.9289043  759.795494  2383.136752  1059.341366  1854.229719  
1143.585958  943.0097705  1227.151158  1313.350274  398.1016083  795.6980714  2328.527339  994.1750903  1877.073154  
1138.683357  895.211367  1178.598397  1331.693758  295.8422671  849.5209908  2350.115905  1039.718525  1962.292457  
1151.811941  907.8883061  1190.614422  1328.301929  326.6042813  883.1672742  2333.08117  1024.469158  1977.991951  
1114.626869  916.2399979  1188.858734  1329.640476  253.8018798  889.7123173  2453.460368  1060.465091  2044.742762  
1174.20747  912.5938246  1224.703437  1331.832111  309.1285026  838.8776622  2420.975631  1068.101128  1957.844319  
1149.797204  945.6403257  1218.570657  1391.23082  369.4984237  773.5852815  2502.460065  1097.716704  1984.820785  
1162.909363  940.2981926  1244.035124  1371.389294  448.3174296  808.8349799  2420.444269  1081.520223  1903.272815  
1183.032981  932.6438595  1217.112061  1317.953564  389.084772  817.9795712  2344.992996  1045.363273  1891.810139  
1176.682032  878.2107519  1169.94398  1436.633133  329.4823789  875.250668  2349.101545  1065.715527  1990.658667  
1157.587428  909.503065  1195.35165  1394.745222  322.0847833  893.0392898  2376.140119  1067.527115  1985.526725  
1175.825879  939.4083672  1193.7851  1310.869695  361.5981903  837.3424725  2471.817224  1093.377157  2007.719146  
1134.640817  955.4483531  1195.698138  1356.206048  392.5096802  855.871041  2532.318367  1110.850453  2013.739593  
1126.206376  973.4422418  1196.563347  1305.571546  365.4793852  736.7223555  2538.581351  1077.751427  1952.466953  
1140.252607  974.5448332  1167.614076  1270.228936  399.0901637  694.8954037  2477.259709  1062.756974  1892.932331  
1112.265278  935.6365492  1194.336398  1399.937081  415.5180317  755.8730571  2511.882624  1086.1769  1957.271153  
1194.239071  953.2603876  1257.489168  1381.711721  456.7969012  798.8088604  2537.136673  1121.288251  1986.263915  
1234.016366  924.4913626  1309.32153  1493.925124  461.4371417  879.0487693  2437.4063  1100.606592  1960.074863  
1182.439057  900.7091893  1258.66617  1381.188579  390.3346961  856.2123645  2357.529599  1036.035879  1921.318321  
1166.400575  928.9041985  1224.941332  1353.737278  324.3851295  836.7428413  2335.655725  998.5208838  1937.075089  
1151.887615  955.8169428  1156.919579  1333.434296  306.7242767  849.9221869  2397.189341  1056.173562  1975.019508  
1143.233256  987.9545174  1152.150079  1377.401316  334.9834414  817.7014811  2437.825337  1080.778361  1972.465698  
1166.68851  957.1171695  1216.623084  1317.31396  370.7507702  864.4469903  2401.155427  1101.391046  1973.496404  
1138.80664  941.8426814  1197.729103  1336.645493  393.5445362  798.1020649  2407.286317  1065.918335  1903.852372  
1114.526702  904.7397691  1184.342211  1327.181917  351.4132531  752.1709526  2375.904467  1023.255275  1875.293864  
1165.023212  919.3291977  1221.697562  1397.359935  315.5127317  827.439426  2340.924185  1004.459484  1966.033667  
1178.783588  963.3665635  1210.212525  1394.04662  287.0542558  810.6154644  2370.817496  1013.427649  1956.270453  
1167.379926  914.1546726  1208.443977  1390.783625  290.28512  825.1424318  2430.174696  1068.559296  2045.610848  
1162.352267  925.094018  1207.499231  1356.369453  308.312744  815.3868738  2397.892287  1038.043121  2009.647058  
1135.511133  948.4456873  1158.936591  1363.028912  275.7953396  797.6102139  2413.045515  1027.1335  1981.567254  
1092.130158  965.8670576  1115.4565  1335.931527  276.919098  751.8482187  2511.068414  1053.801018  1985.099874  
1101.338311  971.9788785  1157.685765  1371.09548  275.2017323  747.5215036  2614.726311  1090.219687  2022.063229  
1060.64032  960.1109402  1148.894468  1279.988832  331.8602802  724.3005857  2571.082756  1101.604058  1967.896173  
1045.757664  977.3194065  1133.353481  1313.159713  398.0566299  691.9716483  2560.058999  1080.514798  1947.91968  
1119.832794  946.7343789  1193.614397  1389.316224  413.5225784  685.316212  2575.831378  1102.967634  1947.962727  
1175.811765  940.785653  1280.186126  1389.846444  460.2563367  797.8882202  2458.254556  1098.958371  1908.336708  
1178.295006  942.0775437  1233.485497  1322.62958  457.1582273  760.1752719  2337.800627  1029.469019  1821.465499  
1130.201196  1007.644553  1135.333086  1322.07691  389.888208  743.128916  2427.310561  1038.789037  1917.25681  
1137.507071  957.1892774  1144.292964  1331.559206  347.5024429  801.105643  2430.731812  1059.909554  1932.307606  
1108.410547  926.4034846  1158.410831  1376.00557  359.4271335  864.6537813  2347.584419  1050.77314  1928.069178  
1145.128847  953.0084708  1167.555252  1294.945994  366.0846011  805.470897  2429.424266  1050.31887  1932.869569  
1164.685012  939.4134907  1206.059589  1336.239834  353.8722338  845.3172841  2463.036829  1079.160317  1989.570566  
1152.546035  876.6687634  1209.519356  1336.927814  345.0058851  814.5620399  2358.084088  1036.774191  1917.091292  
1164.894913  899.6808164  1188.194535  1377.584963  317.4160272  809.6760718  2381.980309  1044.383312  1983.174513  
1155.092536  893.0381307  1202.894869  1435.011126  347.0183865  801.3040066  2425.09458  1070.594249  2025.014873  
1140.378198  919.7035192  1237.814728  1398.621449  304.6188203  832.7762875  2455.138495  1045.389402  2025.864072  
1149.75007  952.1189251  1225.780615  1326.96135  307.1774149  813.5949757  2459.427096  1031.640458  1974.444496  
1080.632394  871.9663437  1176.140919  1355.746571  317.6887016  767.9889869  2481.395934  1063.649683  2022.661487  
1108.900695  868.3083256  1168.136231  1343.314454  306.4311617  750.2308091  2405.068396  1048.136584  1977.972274  
1155.906645  921.9007129  1234.536182  1398.029721  341.0098223  823.9138803  2453.098829  1068.9634  2003.084437  
1129.138086  920.3607888  1207.551164  1322.895644  289.5772643  810.9186935  2415.35956  1043.235662  1976.204161  
1148.322031  918.330968  1215.241912  1335.225398  338.6766982  821.5270749  2439.095072  1046.885057  1986.358513  
1120.781434  942.1178689  1173.897929  1324.121286  331.9096774  750.2654821  2448.458982  1047.311187  1931.490833  
1138.339245  877.2700848  1189.548423  1391.546069  335.339911  767.4116646  2445.380936  1058.985144  1991.308475  
1132.755909  893.2248896  1174.706054  1366.261547  327.5295673  777.7875805  2470.44565  1072.959144  1976.584586  
1150.519232  883.8909004  1219.598839  1347.33822  344.8645873  834.2134273  2435.777399  1072.89053  1990.437219  
1182.77114  948.9691568  1234.083302  1374.177963  342.9106474  865.5393817  2412.250067  1057.774962  1990.216235  
1183.95709  963.129277  1264.483465  1348.626958  400.4735902  852.3776526  2398.222879  1052.066425  1957.216984  
1143.799138  980.1375402  1222.000098  1358.056461  328.6475941  843.1066783  2459.760696  1041.817994  1940.513246  
1145.123412  905.0362935  1225.368111  1369.489392  330.3301782  801.3127323  2415.265163  1065.450032  1974.264369  
1195.250272  915.5683893  1275.786037  1394.572707  415.9829577  833.3749759  2322.309273  1052.579249  1915.588738  
1160.954191  921.7270894  1263.34807  1349.475155  315.0869348  851.5222385  2410.14228  1048.168601  1973.977163  
1160.460825  969.4515343  1224.663362  1334.746872  336.674509  824.8475641  2475.464022  1058.51022  1975.898763  
1136.130548  957.0841011  1211.84777  1336.429025  337.6239498  799.340503  2507.62106  1064.456831  1950.05678  
1153.33067  923.7485056  1218.167888  1358.630127  362.7325417  825.3711355  2484.568063  1059.278167  1977.41707  
1135.183449  969.7475282  1211.254394  1359.903362  373.6884657  777.8619097  2446.53683  1044.880342  1881.029893  
1110.980642  926.5889705  1158.044659  1358.491004  347.2347282  785.5563733  2462.603067  1067.795302  1964.638562  
1146.596258  905.3723211  1240.178246  1394.967604  342.1329573  830.942897  2479.19855  1093.95117  2010.278282  
1168.525711  945.8886744  1245.355775  1378.58519  388.3128284  838.8012928  2457.716612  1087.737458  2000.037033  
1169.543895  966.0583439  1209.812652  1314.613707  376.2894032  757.0059219  2452.768644  1035.723647  1925.210587  
1112.76535  958.5302218  1139.325374  1329.83757  344.9696981  758.9327474  2491.796663  1039.244885  1946.559996  
1137.925421  922.5242075  1131.549978  1368.999571  318.9712841  781.7519258  2484.62879  1082.975394  2028.448943  
1173.1409  929.3031365  1166.168964  1363.409728  356.5360986  820.7598043  2378.672446  1062.604279  1952.416633  
1178.676345  929.6026937  1230.835743  1354.885755  388.5950549  863.6238431  2368.204214  1082.466439  1956.751974  
1139.921747  922.9022  1213.322476  1420.880653  372.1421241  819.4228762  2428.470187  1058.824328  1967.568487  
1121.981884  928.4349132  1202.950426  1360.987947  336.0435362  805.86723  2443.970209  1049.125281  1932.10207  
1112.285057  914.1647115  1195.911893  1328.152723  331.2021981  791.0730112  2471.620258  1043.755418  1899.913225  
1123.537075  957.5861073  1188.907585  1349.225461  311.7670503  805.6937049  2450.867  1047.677033  1909.539269  
1130.975058  937.7146566  1178.808071  1372.82508  359.9273874  797.8608606  2450.128121  1050.769873  1938.838777  
1167.184215  935.3850935  1208.105541  1369.50704  388.8953918  808.1030928  2461.159446  1083.416937  1967.259374  
1179.228084  970.203368  1218.59561  1369.600691  379.8777684  854.7338886  2425.067539  1077.011827  1974.991671  
1154.498138  974.467562  1207.372484  1324.237025  315.2930309  790.6989427  2422.938738  1030.494416  1917.358364  
1121.17327  973.2783893  1187.107894  1383.976773  347.3564868  779.0107532  2464.693349  1045.783932  1939.343268  
1116.104569  932.352275  1213.485944  1334.195059  296.7218429  796.4520459  2451.582248  1030.214816  1943.342384  
1117.647654  928.816566  1199.868221  1339.086134  311.2291194  761.8108195  2463.722907  1042.768954  1934.657288  
1100.36718  951.4174321  1171.942061  1310.015255  314.5507513  748.0494007  2506.223486  1054.866018  1941.524848  
1072.714546  937.8003649  1144.44134  1288.038338  348.1702122  710.0604676  2514.748962  1051.809219  1929.448981  
1172.430638  964.7197567  1188.863771  1383.430081  371.1633387  775.6352773  2404.128325  1080.855691  1967.765375  
1156.910943  960.9654628  1213.40279  1391.15253  357.9651097  824.2128066  2422.630201  1065.461898  1991.232266  
1141.580493  901.3069841  1195.407102  1359.482122  349.100906  804.9144815  2383.184562  1046.529496  1983.507432  
1188.124498  943.386453  1244.836488  1310.191519  396.0564319  837.8114981  2420.511231  1048.170113  1946.762713  
1182.508989  952.6772267  1237.145786  1348.48328  348.0391322  843.9812764  2397.471797  1028.057711  1967.205659  
1164.541746  928.9721693  1230.563509  1348.306129  387.6911221  823.616941  2398.734086  1045.450979  1985.091649  
1141.987036  907.2686097  1173.9979  1397.138061  363.6898781  822.4386484  2411.36148  1039.708238  1965.71574  
1182.354315  906.3598575  1202.155659  1471.597405  332.4266779  805.2554377  2397.807422  1058.695783  1961.366388  
1126.778713  927.5776949  1209.828388  1349.340275  410.5148518  816.2534769  2407.041415  1092.774817  1950.140579  
1130.008065  920.8536196  1176.549862  1392.682273  393.4370456  831.5278916  2421.055827  1083.06395  1982.786943  
1118.673658  939.7054012  1179.502297  1470.534914  383.7549427  817.8914185  2394.970129  1084.193318  1967.995175  
1169.311916  921.1331047  1212.994056  1489.940219  331.3652163  868.3430124  2438.453774  1074.26775  2051.491277  
1164.89963  908.0271508  1233.287354  1468.238152  375.6469921  805.8272408  2459.193802  1079.671639  1978.285564  
1106.102795  986.9352426  1135.139699  1356.848841  406.5516684  762.5218178  2523.424208  1112.211258  1951.471049  
1137.601272  1032.462292  1154.824402  1398.237905  396.5594611  758.3890365  2483.954615  1124.444663  1963.922131  
1138.324525  976.8689962  1172.372813  1368.37285  305.9811991  856.2609128  2484.153578  1068.899246  2038.311827  
1167.010816  964.5728348  1194.943813  1345.631301  344.3281805  782.1903584  2487.498447  1067.262549  1981.023721  
1159.511261  954.7179506  1160.600302  1347.421339  402.2158849  748.0213389  2525.54545  1105.076943  1992.842688  
1137.04031  990.1070063  1164.446196  1336.401525  385.1080959  737.0401546  2543.754787  1080.204602  2001.846505  
1168.668211  933.3180974  1222.742995  1337.094913  350.7534967  803.266923  2446.530129  1054.432525  2001.089768  
1135.587349  886.475382  1227.972376  1344.256846  294.0606427  804.4691011  2421.90314  1032.623753  1948.396543  
1129.914791  912.3637116  1207.659995  1360.65185  327.000132  810.9231817  2402.887526  1050.715295  1928.235219  
1152.397562  935.1184027  1197.871646  1343.08719  278.8378143  801.2038565  2402.809711  1048.294242  1931.146566  
1130.887795  942.6389659  1166.815023  1321.886512  317.0206601  775.5054986  2458.167007  1055.725322  1924.930765  
1114.048193  956.1174046  1158.273406  1354.663832  341.8910164  770.215282  2468.657687  1054.312423  1940.200256  
1122.018536  948.3639958  1181.177664  1347.0335  284.0968651  792.467446  2467.557709  1060.283677  1970.867091  
1110.511232  938.3299279  1206.40519  1339.18021  309.7519076  738.1204403  2481.982693  1045.364673  1941.09839  
1117.9637  931.3450593  1231.425586  1356.912702  340.4788199  780.0534337  2477.709012  1050.3654  1932.305194  
1135.030059  950.2087397  1210.878858  1377.020274  304.3410179  804.340866  2461.978082  1058.661156  1952.190323  
1152.491882  958.0682809  1189.043241  1361.171357  369.3288087  807.226647  2465.368324  1058.351683  1913.85178  
1108.09337  967.3031963  1144.5923  1333.763019  363.3000032  724.1214676  2516.119295  1058.473898  1921.356566  
1133.961114  914.7841452  1187.323072  1339.663539  316.4709816  769.8686349  2438.116817  1041.827254  1952.984335  
1163.88355  885.808521  1190.18824  1424.075576  290.8325969  823.8407337  2407.22722  1070.379927  2007.254891  
1184.151047  873.527142  1204.261341  1378.323553  333.8325337  841.348147  2359.657883  1079.038339  2025.054026  
1226.438316  894.9718589  1315.262229  1409.911701  405.6687203  874.6880428  2329.642303  1052.827855  1976.041522  
1195.142926  872.8026226  1230.224295  1419.210675  323.6310953  835.3574145  2308.824474  1039.145019  1985.689805  
1160.300979  895.4329764  1242.367938  1307.98637  327.4161168  827.5249883  2321.44691  1027.734252  1926.281579  
1130.409029  917.2145483  1186.59864  1322.87731  307.1518238  829.7576524  2369.809076  1049.228811  1974.592334  
1152.286161  909.5204459  1177.80684  1329.535551  329.9658865  859.2734208  2383.267867  1075.375492  1991.838746  
1110.923778  909.6127218  1180.476333  1319.302582  354.9031518  790.6240214  2392.245084  1051.729349  1948.558005  
1119.563516  930.8557362  1160.739885  1284.356533  327.4881968  739.954331  2460.881348  1069.553675  1984.940868  
1168.51663  914.9800617  1216.950298  1330.307658  326.4165998  821.0383918  2432.619724  1058.593172  1988.246963  
1159.639837  933.0262003  1246.539791  1340.449318  343.8045311  804.0242944  2462.638722  1034.678293  1915.059364  
1101.583816  1013.201237  1171.041276  1324.33869  396.3110452  772.7832585  2530.831031  1085.78195  1938.815334  
1125.784392  967.671392  1207.520144  1362.254763  409.7232598  766.4802377  2488.939971  1098.293888  1970.901406  
1148.370359  1004.918826  1190.46228  1428.389419  381.2193718  725.3895671  2534.926188  1081.495053  1962.875383  
1097.213858  957.5718452  1184.235831  1342.342248  373.3805876  754.0062049  2518.001613  1069.881934  1959.531847  
1106.40996  992.6012192  1184.58608  1357.019691  391.4767549  707.8780672  2521.740734  1049.222363  1892.52147  
1117.01214  966.5233029  1152.654975  1324.805705  333.919206  762.7423363  2494.873023  1053.822983  1935.476866  
1139.148753  958.9653043  1193.901286  1374.101366  333.815428  806.2158805  2447.491886  1042.14499  1938.45235  
1133.898563  956.9973593  1187.810961  1379.772218  299.1892654  806.4108043  2439.327571  1052.956476  1978.710667  
1133.991789  965.1655257  1220.391406  1345.433397  343.8368791  769.8066398  2524.980279  1060.591401  1977.08577  
1139.691069  962.4881678  1243.657959  1322.235045  362.1924431  788.4764592  2489.9959  1029.778906  1959.307629  
1165.742536  944.8447627  1231.062433  1345.451578  380.8187003  765.6763789  2470.09282  1049.920032  1914.796806  
1126.679716  938.3470641  1205.43  1382.744279  386.9050913  799.4692747  2398.542403  1026.941147  1928.045713  
1151.562954  881.8094439  1191.015807  1336.569401  380.3497254  824.4754727  2407.473784  1072.726755  2021.984044  
1186.665395  923.8459338  1217.70629  1325.579563  444.7611172  825.7728818  2421.469549  1083.874596  1957.409362  
1197.375665  901.7349661  1275.124202  1431.430162  348.8217678  857.7003817  2337.46117  1053.989118  1976.481645  
1140.398799  950.7650039  1179.036548  1337.277892  330.5043842  800.4269839  2346.07587  1009.318819  1904.618479  
1143.581996  955.9642269  1229.66349  1344.198448  323.318068  829.5852565  2336.66147  999.8162792  1915.093111  
1071.496733  945.1708446  1117.948868  1341.132577  303.3174275  785.178099  2460.368046  1065.929979  1956.325242  
1103.243849  899.1544191  1157.330942  1368.813638  343.6353517  830.5412393  2374.903524  1064.277545  1969.244097  
1164.103161  925.6943076  1207.854046  1400.982448  375.3879767  785.4288182  2419.051944  1071.153149  1954.017466  
1144.571919  954.2104107  1172.95608  1365.020724  370.7541842  758.1555154  2468.356196  1072.011399  1935.483737  
1162.921438  987.0826615  1169.835923  1351.210988  378.102276  724.24822  2483.393327  1068.734677  1911.455354  
1119.070876  965.608076  1153.921937  1390.957209  383.831608  728.053664  2515.33005  1083.879232  1917.655626  
1139.995492  963.5399118  1190.071322  1369.918161  368.9400452  739.6179951  2500.572198  1060.206818  1917.837587  
1137.742891  989.2251829  1145.256563  1340.069287  387.511558  738.1029927  2483.793495  1072.043607  1890.090313  
1119.458846  946.4922527  1149.56663  1356.822682  324.1235098  741.8518949  2544.549367  1097.09542  2013.987524  
1172.330735  947.0993499  1106.072536  1301.215618  348.9651038  787.7611579  2431.276991  1072.403894  1992.106332  
1220.276478  959.5246532  1267.890681  1331.827237  395.6205031  880.495811  2359.074718  1069.199183  1987.501253  
1187.278514  873.2333804  1279.009593  1492.383568  404.7292871  890.3539082  2290.441116  1086.096491  1990.314944  
1199.313692  960.400043  1190.070135  1350.785461  357.9412518  824.6116747  2333.18696  1031.41952  1949.548419  
1141.4305  960.4786202  1201.486469  1285.002755  334.7000065  807.6724437  2375.725523  1014.327204  1933.917703  
1124.620929  942.4758938  1153.143721  1303.844237  336.5196706  844.1797694  2383.359207  1051.184118  1922.109759  
1046.856865  980.1600079  1156.358981  1309.100798  342.5958512  741.3394666  2562.444721  1071.906343  1939.109876  
1125.135969  943.1082974  1194.978424  1275.401614  342.2971715  766.8057661  2451.743293  1029.774175  1905.626022  
1142.939791  985.877106  1219.809611  1296.592297  366.3141028  768.2525663  2487.909261  1054.414287  1923.531178  
1138.073668  983.1029491  1210.889118  1310.456153  355.3762417  770.9997006  2538.061627  1072.669145  1944.608073  
1113.283746  963.8196218  1193.455656  1321.348552  348.2855174  772.7929247  2509.415467  1074.322282  1923.044822  
1142.478033  973.0066668  1180.604308  1286.93888  347.8310823  749.5150696  2474.21607  1051.39952  1914.567414  
1157.875882  1018.647388  1186.573912  1272.374581  375.119281  735.3462307  2494.561234  1049.67401  1886.78638  
1134.574933  971.2002812  1215.338353  1307.923708  358.1711426  766.2168313  2493.926149  1054.999242  1899.985278  
1152.282514  959.636137  1198.278473  1339.639222  395.8955637  789.1263839  2475.289714  1066.16391  1909.994576  
1105.477569  946.572639  1155.063135  1343.246873  400.6766041  774.3011613  2468.709637  1091.136376  1943.332259  
1152.186361  932.0593522  1157.247416  1287.924183  391.5136018  782.0053266  2483.039574  1103.804009  1971.436263  
1171.346253  1000.356408  1239.088118  1299.136565  411.381179  863.5762565  2396.931514  1100.387851  1987.180928  
1203.487915  864.8809272  1311.349141  1435.576441  362.6226355  995.1023726  2198.639307  1050.017081  1997.901832  
1167.377557  862.6250987  1239.081182  1390.271777  306.2846749  886.5440294  2304.888719  997.9655349  1955.112341  
1102.950265  901.6825151  1206.835678  1434.777794  284.8866514  816.0998208  2391.227582  1034.624133  1997.047121  
1123.640775  890.9767574  1194.238501  1512.522846  309.3352116  829.4945195  2345.212853  1018.944204  2008.82088  
1125.459829  897.2014657  1213.732136  1441.109365  313.4187222  840.5911434  2397.955576  1030.292324  2016.078031  
1152.789702  891.2003726  1200.004312  1412.351259  310.5003258  853.1859435  2375.997722  1033.395706  1967.843179  
1120.139449  932.0366521  1212.424274  1394.281091  300.1341563  797.8397001  2482.162071  1049.427118  1977.772248  
1139.292808  934.8984495  1171.506659  1349.059382  346.833741  762.3391045  2482.136334  1058.032512  1938.614865  
1118.915943  904.1962794  1161.732424  1367.986184  312.0545654  788.306357  2521.015385  1079.22995  2013.5229  
1123.17435  892.570618  1240.04665  1401.544063  324.5168422  822.2802107  2507.961747  1053.103572  2010.865329  
1161.331662  977.8243779  1202.668112  1383.962535  368.8686444  757.3325193  2502.553711  1053.591786  1950.619946  
1144.17046  939.7049194  1189.784501  1382.34143  354.2307355  771.2546853  2453.91411  1056.371332  1930.079945  
1121.136209  942.4351674  1176.521268  1358.805315  334.4736392  804.6936926  2438.843903  1050.845139  1946.963762  
1118.678691  972.2631507  1182.724941  1338.476069  369.4970311  765.5488391  2486.254441  1071.658226  1906.24102  
1085.322516  991.791599  1134.385525  1315.31626  351.5669133  724.2015916  2499.656294  1065.751068  1912.097892  
1155.571383  913.5999125  1197.7184  1328.079105  319.153174  789.5422134  2427.428656  1063.598381  1966.703795  
1236.446701  925.6557867  1241.040935  1249.447389  444.618116  775.212515  2442.720285  1103.450474  1988.242429  
1164.387039  989.0719328  1200.337191  1358.210491  399.6958395  844.9413597  2363.763421  1062.725487  1949.461654  
