656.1302049  142.6846714  1219.926353  1603.452532  -4.668687447  278.7532381  1302.710632  544.3556833  2016.923394  
669.3235082  134.9464541  1214.520245  1630.32072  -66.06015845  349.0240995  1297.709721  551.656308  1994.890971  
686.7211826  153.3685775  1216.45038  1647.756187  -110.8310825  340.9885388  1309.389593  534.8550003  1964.997545  
629.1209777  138.8712374  1213.82492  1676.401167  -71.23541877  313.6871838  1305.860224  528.8150852  1977.598608  
652.2477111  149.0800959  1233.343991  1681.117021  -70.06945599  300.0997907  1309.631855  528.6273344  1993.160307  
597.7383427  133.2624448  1237.535354  1765.147837  6.345400194  288.61306  1310.410636  542.8151209  2032.06493  
662.2561245  160.4097969  1251.682323  1750.247842  7.576003605  310.8135966  1340.299946  548.9602312  2031.760823  
595.829911  153.3300421  1257.625652  1763.767886  31.72091817  304.8340128  1321.213843  531.4632194  2055.243407  
607.7097751  178.666668  1256.533609  1755.726349  47.27042905  273.9691819  1313.957927  534.1861468  2082.056537  
578.8427346  189.8283909  1231.361295  1759.495949  91.95449498  253.6342686  1305.057985  523.5874368  2088.069348  
583.8431087  165.341035  1218.826287  1654.956145  40.54853075  250.4238658  1315.453439  535.7580533  2067.556264  
596.7859072  162.5601007  1236.718019  1706.981381  57.22793044  283.0898753  1319.250349  537.5409686  2070.491479  
571.5884949  159.3431381  1237.501016  1679.715547  91.97091646  263.7612749  1306.113339  529.4159972  2074.320897  
602.7428017  199.2889649  1234.405347  1633.518646  69.76582712  249.2543434  1317.049802  526.7429048  2058.769947  
567.5607594  152.2364927  1229.794201  1662.690931  88.38816407  238.1870383  1306.27229  525.3197804  2049.839452  
631.3859719  162.0098481  1250.810299  1660.677603  4.733896813  293.4540509  1313.11387  539.9959024  2029.912773  
572.6476419  142.8729362  1236.091494  1664.682479  41.83924666  248.734536  1293.220853  532.3214958  2044.774546  
622.7785644  150.7073346  1237.782272  1658.451462  31.79651104  285.2713436  1309.237192  549.6186932  2039.863018  
594.4456449  153.5524339  1216.254565  1585.276756  38.87051514  280.1227745  1316.843609  540.5637654  2026.068584  
588.4187939  116.9035023  1231.754816  1664.56024  19.70233474  366.5289145  1299.690481  554.9234129  2009.016777  
661.5855424  115.0408677  1228.753874  1706.301048  -14.87472716  320.144742  1305.948933  561.559216  2018.680996  
722.846233  129.918903  1214.237608  1635.943495  -96.10053917  326.6159995  1316.271017  538.5625239  1969.923218  
711.9870289  137.8296932  1227.993182  1682.413347  -120.8853075  370.5307636  1306.67988  541.3696214  1962.98973  
702.8289207  116.3907007  1223.792991  1674.91082  -116.3462424  358.1711186  1296.446956  534.4760136  1941.604546  
665.0821747  147.9387022  1263.056955  1756.326923  -31.30448854  348.3437114  1306.165248  542.7139689  1990.358946  
621.3039633  164.8948323  1247.101297  1690.626676  -28.00839636  307.3518603  1316.646885  531.8826296  2011.260755  
655.5435417  160.8230559  1228.399242  1658.962034  -72.84707019  350.4650468  1323.969218  526.3089748  1996.345819  
635.9572883  148.3076051  1266.120323  1735.066063  17.70471602  319.0869404  1324.202934  545.7193649  2032.848204  
657.1727872  191.3014954  1267.467624  1682.902738  12.45381251  294.7635133  1339.474093  549.5858406  2055.818317  
602.1159136  147.5590709  1220.612904  1699.833559  -2.213196454  309.3442759  1307.535901  535.9041563  2024.382478  
641.7072927  159.9676933  1219.017769  1714.292601  10.2284984  301.3852654  1321.927738  550.3522976  2049.704525  
592.3235779  164.7790577  1233.053455  1717.234383  78.91010334  278.2602753  1333.350453  541.5889445  2081.30374  
569.3121085  144.5503373  1216.984139  1627.192771  42.96984412  295.9768311  1315.387531  539.580417  2050.116726  
648.8952736  168.2753706  1222.918842  1666.384068  -10.79967295  315.1018346  1333.511752  547.0204213  2035.050811  
647.1319464  149.0013085  1267.919795  1711.661207  -0.633512311  310.936021  1352.86111  554.5612828  2055.518305  
603.1059395  172.3055547  1259.312547  1725.242094  63.29922086  263.7431707  1329.843551  558.4930949  2085.095555  
604.256574  172.0355929  1202.616151  1624.37878  8.041880681  253.0198455  1306.936614  527.8012543  2052.230548  
648.8666905  158.8583074  1214.543996  1668.086763  -54.09468361  304.9927565  1325.322449  514.9634982  1996.876726  
655.9406483  176.578462  1227.571361  1737.197538  -29.07586598  328.7503033  1301.053881  531.0548032  2003.164175  
661.8937313  191.004749  1263.353937  1743.077873  29.15584651  314.1552812  1318.081704  546.2445258  2010.761557  
613.3374606  135.5261336  1240.843914  1645.993761  -4.988780749  274.3159883  1319.213351  534.7102037  2009.335844  
705.4249619  149.175337  1239.138494  1657.957246  -73.66777226  341.5924366  1295.402404  549.8013641  1990.246761  
719.3174773  171.9115784  1236.499879  1664.415421  -59.35376676  339.4361614  1294.603556  552.1596486  1980.843054  
654.3767085  143.5777362  1242.583088  1741.486401  -57.48653728  344.9595493  1306.057373  550.3684738  2009.637918  
680.5204827  178.2678633  1269.983857  1733.956024  10.60950953  335.8605928  1290.580239  554.5126065  2010.935726  
665.0352242  154.6311682  1242.868648  1675.331205  24.69978873  316.8131965  1301.803296  538.757442  1989.10243  
604.4512587  129.5836482  1251.553425  1718.688217  39.78984805  276.987499  1313.748484  543.4981023  2021.201076  
588.4458592  146.9436551  1256.333449  1698.970988  40.49211685  274.7611382  1355.537629  560.1060812  2073.42146  
584.4774405  122.6765384  1205.827209  1575.267669  -32.80296232  276.8705643  1321.78704  533.1650678  2047.882618  
653.3077104  108.6793724  1216.950961  1646.585171  -65.38063283  310.374893  1300.321269  541.0930365  2006.488625  
640.4391275  143.5784268  1249.383078  1695.318199  -8.393422431  272.4807961  1313.45806  545.1023106  2037.427637  
578.4549029  119.2002173  1246.470581  1746.099075  32.99460531  269.927508  1307.446255  541.244146  2043.079761  
591.1816955  149.0496255  1242.319697  1679.670933  30.22001284  239.0548809  1304.172548  524.1767392  2040.26399  
550.0681164  172.2632259  1215.448386  1633.474023  49.83331851  216.3714272  1294.389218  506.9871595  2050.179451  
527.7137451  138.4953455  1230.075507  1692.912288  72.63030233  230.9570096  1307.167957  527.3272261  2078.225788  
570.7694132  161.9575331  1230.354772  1662.352725  58.3632823  259.6612145  1307.882066  519.6116532  2077.67606  
562.5754573  165.9169959  1231.128757  1624.161289  81.17112651  258.6176673  1284.354169  527.4720784  2077.708963  
612.0030654  133.6926426  1213.378667  1622.870578  21.06215543  295.1921915  1289.139564  521.3695052  2030.166936  
645.7064373  175.7604008  1253.593893  1647.937394  29.97297883  310.1178746  1319.323685  540.0895981  2039.725661  
600.9505801  175.4113441  1247.154588  1663.198053  50.10376846  287.4812528  1315.63511  534.6684081  2043.737153  
600.4233374  164.1370084  1231.952506  1647.630114  37.68143586  277.5559275  1316.565407  531.7411982  2047.14208  
632.5517833  145.8311782  1205.141769  1627.484927  -44.78709365  310.7520532  1323.245033  531.0195414  2031.075786  
683.337194  165.6492333  1201.587051  1634.431424  -67.248388  314.8031131  1323.269269  525.4331661  1992.16284  
682.973642  164.0105351  1200.428106  1633.278973  -99.49672287  355.624803  1331.713956  538.7351123  2004.259161  
707.1644568  138.8129387  1218.937769  1689.051881  -110.741375  386.3493077  1345.233849  559.924715  2003.300982  
689.8495361  136.7986529  1224.452025  1658.927727  -131.1824276  380.8397297  1313.384788  542.2443778  1973.699965  
689.3141791  138.4968028  1233.263277  1729.591013  -89.6360775  340.0582244  1304.674246  536.2080228  1973.508418  
663.9160403  134.3244751  1246.087211  1712.217724  -63.06685983  323.0056278  1301.846093  534.5769172  1976.565931  
647.8085755  145.0674749  1242.267267  1713.081472  -38.18819712  316.1785837  1314.749423  536.9145783  2023.750254  
621.799367  143.0805352  1214.344468  1692.210564  18.51941702  257.9835638  1314.968758  538.6931292  2049.027023  
582.0553152  117.5280973  1198.028523  1695.568311  24.85099348  229.9471121  1283.775073  518.1634758  2018.12776  
627.1713583  153.1478473  1225.871275  1702.15026  14.91863227  244.1775611  1297.891291  531.7182123  2007.796584  
606.4517373  159.2194623  1243.467605  1734.318956  18.20335305  256.3362703  1316.241174  539.44351  2046.110849  
598.7014648  173.7592263  1252.848682  1718.510347  51.84217263  252.8862048  1298.064321  537.9451737  2038.937808  
622.2066613  182.7479904  1250.727027  1709.526909  52.16045969  275.4993045  1309.923171  532.8012465  2044.287163  
631.078435  205.1590105  1258.301621  1697.643369  21.65338616  302.2221709  1330.995942  536.8656528  2054.610419  
570.3896246  161.3022926  1225.656064  1697.82294  60.5968155  282.8488838  1299.320976  539.1686191  2054.236822  
631.2479557  193.041919  1246.717297  1684.397351  39.22440496  301.8737035  1307.450875  554.3520238  2031.319107  
587.1897523  155.0550565  1257.365274  1722.86065  46.75992355  293.2663606  1331.376604  546.5199847  2044.715006  
589.068712  142.3214336  1269.238816  1727.906721  55.36473479  263.4306779  1327.144059  542.4759903  2054.11888  
547.003391  148.4895057  1265.415497  1721.837795  116.7871102  223.9305494  1333.065928  538.9120016  2097.927484  
521.271936  176.2424234  1218.821021  1634.699062  110.3106818  273.5526495  1306.722883  533.7186802  2067.886606  
616.7387265  143.1238654  1199.967325  1572.212756  -36.33434129  319.8935048  1300.048025  525.335996  1993.453079  
696.8636462  158.8284154  1244.66165  1726.450245  -71.6488505  339.4087412  1310.489142  548.1662258  2005.420869  
707.1810694  173.3517961  1242.309668  1691.611259  -97.62758771  391.1294697  1315.955796  535.8226845  1967.078312  
668.8044456  155.00133  1234.767033  1660.755152  -76.56395422  334.068764  1289.467575  516.6361622  1963.452739  
637.6880961  143.6289933  1247.18932  1681.422465  -45.54363202  307.4280621  1298.837739  527.7960547  2002.326152  
623.8136138  182.1840616  1267.918641  1714.561504  37.83821856  278.6477283  1314.231177  545.7815702  2049.37204  
571.2132443  150.7864953  1255.854422  1666.078198  103.7215462  247.1075925  1294.390188  538.704399  2040.429408  
635.4745371  193.8314844  1254.304108  1649.007058  55.12947057  270.2888816  1313.945204  542.6106219  2048.419582  
595.553126  153.4433847  1228.705152  1669.761607  29.37544831  295.58981  1330.010622  549.1275296  2045.177696  
647.6621332  132.0808628  1206.854468  1607.804178  -27.48344006  329.1342794  1327.477524  548.9089972  2019.539107  
695.9925998  130.0463593  1210.745523  1615.42224  -76.21230683  304.47218  1316.888368  550.9114202  2006.625643  
736.4825768  143.644022  1238.464875  1677.916085  -105.3551737  376.3095622  1322.310441  558.7069124  1982.259203  
651.5590853  126.2092423  1239.439984  1759.078451  -20.18241324  347.3463075  1311.066714  546.1164857  2009.765385  
653.0135663  151.175592  1283.004314  1766.806107  35.20633016  320.1442779  1332.527821  568.9912205  2035.718712  
589.148161  110.3517689  1230.675616  1629.251763  37.71636115  234.2460515  1348.716802  521.2202553  2035.422445  
703.6668175  138.886978  1196.206224  1590.911108  -20.99875331  286.9923262  1275.541969  528.8731576  1990.374864  
634.761604  129.2341941  1217.418784  1819.513137  -7.704853473  330.4838763  1302.393614  563.2381998  2052.476718  
665.1629222  136.7619012  1197.852659  1681.80737  -43.20392154  303.8768052  1324.584917  533.4814904  2033.673043  
711.5461037  157.4568581  1217.698276  1726.68294  -121.3465359  411.2432431  1305.146503  564.156116  2008.81997  
659.4330433  138.9496468  1220.80681  1718.253679  -43.62576753  374.6640677  1295.150151  555.1548107  2007.941471  
644.5406212  155.4564083  1253.950226  1764.07244  7.809677531  328.7361173  1309.162611  557.6964284  2054.425344  
596.242437  151.3753275  1216.646655  1674.312551  27.27087754  288.9994564  1309.78734  530.5455051  2046.452902  
628.9119461  150.8500482  1242.858389  1700.897259  -14.98363179  332.9276883  1314.059617  536.5909496  2031.168328  
576.7708639  135.242474  1246.874066  1662.885954  32.18312432  290.2504478  1312.271677  533.0842402  2034.540133  
623.9675771  163.6988217  1252.827426  1693.600031  5.125253877  265.0255492  1324.815176  537.0114496  2060.208406  
589.7863374  163.8005156  1247.786628  1719.865192  50.7692394  226.510571  1314.490621  520.0248809  2066.693667  
616.2724633  161.5229252  1246.607438  1683.687029  11.60293608  267.135724  1324.571552  552.7274964  2074.151286  
614.4177055  176.7370676  1217.353214  1620.009104  -9.337872476  283.2089313  1336.197506  532.0472224  2048.621692  
650.5281549  145.3053535  1225.919587  1709.841252  -25.65149543  309.6662691  1321.213423  529.6962636  2015.509663  
642.1595219  163.3961542  1244.124651  1693.841569  34.59534227  272.6161138  1304.372517  539.2955302  2034.331687  
601.2055732  159.8736065  1239.047777  1707.851155  22.73632042  267.3714372  1309.679499  534.6817014  2055.861187  
543.2086108  128.1698211  1234.451678  1693.265074  116.4000926  208.6684283  1299.000346  529.4724507  2056.290468  
538.1408176  159.8725208  1241.870093  1697.581882  96.0300203  219.6571833  1310.127666  532.6059477  2093.396342  
566.7871813  189.1060254  1267.213676  1659.327576  112.6827108  229.9538285  1342.468766  533.2924651  2103.664025  
566.6048297  168.4157381  1226.511504  1690.00735  49.20109576  241.6713813  1308.851062  516.7512708  2057.452792  
586.9488777  170.6633891  1228.23985  1668.320244  44.95265465  237.947083  1322.544486  541.0461009  2057.421619  
569.8966243  180.1125971  1192.663304  1590.610233  13.93752174  248.2666069  1319.972097  521.7226789  2056.725454  
608.8058312  128.8049025  1208.65815  1633.518424  -27.22405453  284.4851802  1324.988701  530.3258248  2048.506212  
678.6881775  152.016617  1199.087602  1595.920526  -82.00641053  314.8621004  1301.813058  522.0192137  1991.639152  
663.1774208  139.9630209  1242.834911  1739.393609  -41.07454284  283.8856821  1323.412261  532.3742341  2030.955127  
629.2160486  132.1236707  1241.010653  1711.201885  -25.30079358  304.9323963  1314.986133  535.4139649  2028.515  
615.979457  177.4075357  1210.252717  1594.315246  -15.35715589  283.5572828  1280.635577  512.7629452  2006.502786  
678.5119531  148.9975531  1206.515474  1668.602204  -81.85665181  337.9403578  1288.230092  528.8908569  1975.655653  
669.0608198  137.3058888  1211.302797  1661.948831  -82.06847446  324.1188129  1269.167221  514.1747462  1947.532684  
674.9890719  137.3302605  1245.351392  1769.112316  -62.53049009  324.4345646  1290.044723  541.1042083  1960.682147  
623.1898094  149.7133674  1234.195776  1688.015602  -46.48324329  314.3871165  1291.485807  533.4333674  1966.93737  
681.3488107  141.8708339  1213.909229  1673.820138  -112.4546139  342.4942041  1298.899809  530.9635697  1978.650712  
681.5394576  160.1301217  1227.678483  1715.566683  -44.40796536  335.309058  1289.397206  533.8309729  1975.389284  
629.1101841  150.4399065  1253.616159  1774.185108  34.82646382  309.386655  1303.803092  547.555482  2032.85505  
609.5324583  151.3827649  1251.481812  1681.015502  35.86343711  332.8452202  1312.386626  543.8969678  2033.256656  
678.8426952  181.0611714  1221.850308  1639.720834  -42.68522232  352.612345  1324.357191  525.482794  2001.771665  
637.121901  168.1644478  1222.212013  1703.862059  -9.484802336  352.1432639  1302.284791  529.1782359  2014.598534  
643.9627214  166.5162387  1253.945337  1720.186822  25.46972065  305.3427223  1321.03175  549.1503976  2045.735055  
598.8477338  170.9354021  1246.638212  1718.914484  74.10262999  260.6622977  1309.746491  541.3796033  2061.226461  
576.844069  144.6941735  1233.82846  1693.836241  66.89752832  238.1891025  1292.749521  543.501209  2059.037041  
597.3532467  158.7130887  1229.77711  1645.897575  73.13660936  204.3626252  1291.341627  527.9692397  2066.433235  
612.4177352  141.621499  1225.146809  1678.307638  26.33339595  252.0304703  1298.660904  525.7739218  2034.467969  
625.5515856  168.1007574  1226.637013  1645.544749  9.140156089  274.6488436  1312.258053  535.7864312  2014.598795  
575.7852495  163.9651654  1256.284659  1725.823017  54.68362158  246.0677794  1331.418375  537.2595157  2053.904746  
565.0659579  158.4430447  1256.409828  1698.990346  82.26374409  269.2410742  1339.639597  553.213468  2054.167103  
556.3354919  140.0358795  1249.2267  1627.64201  0.5007395883  246.5860493  1343.523753  535.5585092  2052.868835  
607.827909  134.7461297  1200.555984  1636.359052  -38.91956744  314.0678668  1339.358406  533.8614885  2037.488506  
655.8485485  157.4383447  1194.912825  1598.642789  -41.825939  339.9095025  1307.846469  545.9376195  2015.144538  
682.7876625  128.0399624  1218.319917  1660.610785  -127.5950479  356.8282717  1313.808481  556.04216  1992.998003  
715.2323484  129.6687629  1207.823897  1671.643309  -86.9261133  380.0149569  1320.88984  554.4571898  1974.818341  
710.9124821  123.9260697  1222.588281  1678.275859  -113.7980221  390.0659943  1327.177466  552.4977953  1991.18294  
732.9534842  161.6186424  1228.80061  1696.013391  -120.814161  407.8288403  1319.089093  554.1655407  1974.84389  
671.803894  136.8947601  1230.545607  1671.578233  -63.18217492  363.0556  1307.009261  538.2121811  1968.934954  
691.5564607  145.6044519  1247.424398  1747.371416  -31.90438926  379.5170237  1320.075685  545.7760281  1985.551112  
593.855827  151.2977595  1269.656549  1769.828983  67.1218889  308.7125045  1318.137553  549.350479  2046.483358  
552.2089905  144.9775472  1283.058898  1723.858738  62.1518953  227.1469485  1339.641811  530.3045969  2069.397436  
519.231023  163.0083097  1248.732524  1702.182359  91.99441561  235.060865  1323.57313  539.7044275  2086.562793  
513.1391999  172.9876232  1210.83938  1600.464479  55.05616848  210.9260214  1335.430522  514.6380225  2073.146147  
594.5292784  158.8367116  1210.844038  1662.652285  12.24861591  262.1992804  1312.696083  521.6237965  2032.648275  
648.4393439  164.8819351  1260.50277  1730.997465  24.08200988  293.8072983  1308.802089  540.919287  2035.986409  
642.7702429  191.5261323  1242.873004  1700.082762  39.47894301  320.2301421  1324.235661  535.6817948  2005.026498  
635.6265239  155.2109858  1242.322669  1642.260053  13.73450145  263.7527332  1317.042365  531.9519843  2013.757571  
651.2633447  175.1659238  1242.741367  1652.688861  8.571157752  266.9867845  1322.482286  537.308608  2040.271032  
620.1715488  161.1700145  1263.745691  1700.77658  42.56348899  264.6795033  1302.57959  536.3118357  2038.113837  
595.7442937  189.8519828  1255.367815  1684.274495  107.4170102  262.1600632  1294.459516  547.8679119  2051.295928  
564.6753612  173.4157331  1225.430353  1633.824493  90.68644685  224.3919709  1255.184716  513.2797911  2021.19234  
602.3763482  197.2287204  1190.529942  1617.311119  40.49178027  285.1707203  1252.380181  497.381733  1932.462126  
629.6008228  164.8274207  1236.223454  1703.621254  66.55457151  238.1835875  1293.342523  500.2197313  1961.742185  
502.4398798  108.4086187  1282.945285  1796.905811  139.2786389  268.6505801  1324.240357  578.7588457  2123.230089  
499.7110734  147.6943332  1207.712503  1649.903278  127.5055637  230.5249706  1308.598927  533.0644305  2128.634357  
678.0294987  165.5929973  1214.318415  1638.060928  -68.70282988  313.6934447  1316.491962  547.566329  2028.261819  
678.6422101  121.7309518  1237.328074  1670.542981  -68.63253501  304.7995439  1306.692286  559.6990833  2014.449197  
659.108494  93.72399208  1214.758099  1746.822384  -74.03335906  412.8032727  1269.598599  567.8249437  2003.859871  
600.0055351  111.4977996  1219.733758  1728.65285  32.081415  308.5831814  1319.569151  540.7890329  2064.268164  
722.6022196  164.4055128  1234.02818  1682.381636  -89.000563  345.4706709  1333.938347  544.1821559  2022.769182  
692.8769114  135.4013262  1216.642365  1702.888882  -123.0360128  410.3335006  1295.116224  557.994614  1974.04121  
655.8792007  149.5807404  1218.612044  1752.77651  -76.22650917  310.7712262  1310.455875  544.0747842  2043.992968  
651.9545826  149.1000509  1212.459288  1704.56246  -33.01913728  276.9861774  1309.646692  534.1806024  2024.320987  
672.4201393  145.8783106  1222.351334  1674.654962  -76.84983114  346.3449127  1298.854156  522.2321385  1969.832246  
675.5981638  179.1785768  1253.520117  1716.330393  -50.28934132  365.3390737  1324.908442  535.1520927  2007.559715  
617.5073014  176.4290643  1255.444726  1744.465218  -7.059694035  341.5503937  1318.07489  533.2579642  2028.907916  
591.4061512  165.5037975  1258.413986  1759.021813  49.08485966  289.3533536  1346.14989  533.2674182  2078.703869  
585.8695882  183.5077397  1249.407775  1731.55822  110.1732822  259.6706194  1314.768246  535.7794559  2058.484853  
508.5989601  180.1526866  1265.663114  1719.856634  157.7255071  223.9865693  1310.828179  541.4990155  2082.792951  
562.4929098  179.1784754  1245.134586  1728.712634  94.54193862  255.8090348  1360.30174  541.2200179  2104.9784  
623.6812232  184.5052814  1222.652615  1598.381765  28.13116909  251.3395739  1346.06922  535.9470424  2069.898448  
662.3361211  122.1007209  1244.006584  1677.518065  -70.20164385  298.8784587  1351.343707  564.7082771  2074.846835  
688.8061311  160.9382243  1240.540605  1642.20658  32.93499595  259.3991754  1344.732813  553.8716937  2061.353666  
583.2182221  128.972383  1237.85902  1627.903281  72.55586828  274.2460012  1317.854295  541.9471373  2069.355855  
655.6707424  141.9315403  1188.815604  1616.217207  10.88294917  305.842247  1302.594429  533.7983656  2003.715719  
690.5021635  169.2370014  1199.206538  1622.673936  -44.65348808  340.0114346  1316.358348  536.9092301  1995.84711  
768.9234892  188.1366335  1200.63522  1661.381465  -125.0057707  404.2720564  1298.630891  530.497654  1925.19033  
655.5021591  124.9822975  1221.106811  1634.822426  -29.83668825  263.7750763  1310.992423  514.743945  1991.964255  
693.1724171  130.4560619  1296.3544  1825.05667  -13.85466047  444.3755563  1286.238325  538.6484362  1933.993689  
598.2499271  165.0984119  1229.734788  1812.793466  51.78519031  332.5307911  1312.757906  555.5639541  2046.828683  
560.9963058  169.695659  1217.635644  1598.061414  20.23418721  214.8861402  1298.607405  522.4469102  2052.529083  
684.1093979  171.556689  1272.627554  1667.78838  -31.9590669  347.7832304  1295.17379  540.2273137  1983.537465  
585.1834849  131.2376466  1235.433051  1712.493232  -8.43827843  267.2208492  1308.131284  539.8644764  2062.69522  
596.320913  139.2389273  1230.649875  1683.483587  -16.14340777  258.6189732  1313.183867  541.6817617  2051.949112  
571.8721739  145.5211582  1215.472294  1656.782471  -20.09928878  218.7152739  1322.633192  517.0161613  2056.672953  
631.2683467  162.5860815  1225.47715  1699.422462  1.375645648  305.0819515  1312.8515  539.8521454  2036.095659  
601.507288  135.2396897  1224.450343  1663.047853  29.18199775  282.3922875  1287.879025  544.2208788  2003.409722  
587.0799359  152.9137825  1237.160468  1697.885956  15.95944832  283.4360214  1296.880443  534.7872722  2029.348382  
