1206.244625  537.3097552  1301.132549  1137.73006  137.4316906  819.837267  1885.370994  822.300211  1647.646485  
1127.183533  527.0759726  1263.189779  1144.382595  88.00407178  800.4455329  1871.629453  802.8756159  1632.294716  
1079.125504  451.0625234  1254.584892  1147.252334  94.44327921  780.6192175  1865.586513  797.3467337  1617.445383  
1109.971808  574.3248142  1240.619802  1134.980276  46.11187933  795.6561685  1837.670384  802.052705  1629.410804  
1099.795197  538.9811264  1242.79208  1148.815747  53.63086548  793.8860704  1848.917321  799.9460074  1629.536765  
1107.507885  561.0677326  1215.805737  1182.481794  58.65144919  805.3062028  1843.360898  796.6496191  1625.534111  
1118.869677  601.5384996  1210.429783  1184.583583  39.22523144  804.9062246  1835.615928  799.8772378  1654.564468  
1110.329295  579.8713601  1205.260952  1191.22722  49.5686783  803.728231  1843.171286  804.3027909  1648.830596  
1128.981335  613.0780841  1180.725886  1194.926946  22.33446589  797.786045  1830.333476  797.4912623  1646.085516  
1134.152212  557.5721242  1213.152093  1204.168654  73.2545115  802.4339788  1840.48855  792.5750036  1645.332389  
1184.352307  557.5613735  1250.435695  1178.17498  70.4402669  804.6257854  1855.468742  802.3268867  1652.514293  
1095.304758  573.1270341  1215.293345  1160.843299  68.58442937  825.4737436  1834.382985  803.3737876  1609.951697  
1121.241455  588.0213121  1230.794769  1182.846087  57.15008179  811.5952799  1822.688415  807.9134288  1623.435704  
1120.96324  590.7584115  1201.108505  1174.132456  44.81290739  815.4404763  1831.822285  809.5589296  1625.623359  
1141.719245  566.8427238  1241.305736  1188.100819  55.98629361  799.46905  1835.736776  787.7248544  1638.81945  
1112.622311  553.19026  1214.649315  1183.720732  54.23305455  808.0721289  1843.374789  800.8184736  1621.968528  
1191.463494  562.0304777  1250.259051  1190.409721  80.63334546  781.6456843  1842.609121  783.952026  1641.400174  
1182.40974  572.0192064  1239.743745  1198.099859  48.73333673  786.6321469  1852.608356  783.5722895  1635.377632  
1106.041077  566.7379951  1224.508039  1199.930029  49.11949387  803.5119081  1843.818994  788.6945011  1632.118801  
1120.438934  646.254017  1204.005251  1207.61047  48.94476843  835.7157741  1846.414109  818.0177716  1638.564741  
1119.817466  595.9698074  1223.769089  1182.113216  67.68459403  829.3361684  1871.948106  817.1614509  1636.836824  
1116.980223  589.3702604  1232.318963  1182.100553  66.77322978  842.2446696  1858.434823  813.5678647  1636.088068  
1145.367723  566.1429105  1251.856859  1162.957214  47.94890518  828.9876765  1834.979645  809.4689284  1639.349003  
1165.960224  582.4455989  1259.08443  1177.403084  26.19336018  825.4751483  1844.560813  800.2933725  1643.676488  
1096.997562  553.603957  1229.606486  1190.540266  50.61127045  850.2861166  1827.785174  811.2962198  1630.254661  
1158.778831  612.5891625  1243.50141  1161.480967  59.50937573  820.1537921  1857.82118  824.3333959  1633.839913  
1125.186142  560.1279464  1249.476823  1165.864421  40.69206746  806.2334169  1849.340766  800.2789051  1623.151055  
1157.313288  601.0397117  1253.853807  1159.796587  59.64662171  806.6438626  1851.811187  804.7290955  1632.830961  
1068.405215  551.2484398  1226.199443  1155.466211  55.84868022  821.4830834  1845.539338  812.250907  1615.038603  
1141.915972  580.8367888  1255.324758  1156.187943  68.23327245  801.5758377  1860.430564  801.7695372  1629.370607  
1146.919874  588.4179546  1247.866275  1198.848637  38.40277852  815.4515555  1868.502816  795.3632804  1639.100843  
1087.570285  506.2595526  1246.883803  1177.091507  82.40583444  783.6762799  1887.535588  807.454219  1617.158462  
1119.095289  608.2048363  1223.288853  1187.260235  41.37914106  795.2424449  1861.515111  799.7448404  1627.296312  
1127.956636  617.944801  1221.071183  1184.147814  45.93463042  816.2279982  1861.386335  816.9395675  1637.232577  
1112.608038  543.0069531  1223.989767  1186.086073  66.07264543  813.713408  1859.46309  806.2487411  1634.133552  
1172.463053  566.1657784  1251.325985  1210.874125  70.13704415  800.999169  1848.281087  800.6148929  1646.930396  
1169.457385  509.908087  1275.607842  1208.716092  98.20642784  778.4886168  1866.14283  805.2674127  1647.772867  
1128.982867  466.154398  1261.007648  1190.997009  86.28169034  774.6897343  1854.120924  805.1799946  1635.775623  
1139.201417  560.9013913  1243.151106  1193.763999  87.02252273  808.3415544  1862.004374  809.8130495  1635.885891  
1151.992268  578.6372299  1241.500598  1198.50171  78.69173284  824.2163689  1863.709374  815.3384087  1643.030716  
1132.891911  566.9661237  1214.19154  1174.068702  77.30184331  823.0130585  1845.847762  813.8550484  1633.72325  
1144.985605  575.8271829  1234.050131  1189.821921  73.08048704  811.8882464  1841.260591  807.1396093  1642.129462  
1139.017942  537.8618356  1239.930497  1190.757179  90.22183535  835.2616396  1821.291024  807.3434087  1648.563423  
1155.984514  575.5090578  1240.153757  1196.553689  96.10496737  847.8930316  1840.184333  826.0316737  1653.479052  
1140.78943  526.5821593  1237.666532  1176.520573  68.09930916  837.6832903  1820.870262  815.2998421  1629.518227  
1072.354891  551.4438445  1215.543686  1139.740014  35.82927183  798.4098887  1812.177902  796.9450004  1618.686274  
1079.317362  527.4170742  1231.293306  1150.331217  57.26053322  823.5825003  1840.272508  794.5088586  1630.726265  
1131.258087  553.81452  1237.408274  1151.226194  72.00676088  846.0797869  1845.997119  801.0246799  1644.406226  
1151.273315  572.2987124  1245.143837  1159.177825  100.4273279  845.201826  1827.673489  808.7558726  1649.61389  
1140.188651  548.1748299  1246.0642  1156.640785  120.6708276  827.0636691  1836.517012  818.654716  1654.761813  
1095.939058  541.0725761  1231.684303  1165.591983  81.5287575  790.5802629  1844.172965  808.3180879  1635.205578  
1111.643011  584.1555178  1199.753318  1171.917966  70.3362214  807.7693815  1848.575639  813.6511382  1627.541178  
1124.070698  548.813708  1241.033448  1185.721883  116.3264075  827.6341512  1868.310743  809.4700508  1639.570361  
1139.749443  549.0164887  1231.028567  1186.238753  88.86662842  834.4662965  1831.206326  824.0171326  1629.611797  
1165.066171  544.7474233  1252.301736  1157.332881  62.03376378  776.572985  1851.13928  813.3983551  1638.154209  
1168.18248  593.5089988  1241.331455  1155.968713  39.88101444  763.8717056  1850.305879  792.6608978  1646.467076  
1115.742744  540.694038  1230.368636  1131.250768  41.91372606  773.4362967  1852.571609  779.8901922  1640.08248  
1049.053709  607.507011  1189.327744  1131.54174  20.88362345  802.6282692  1840.266768  791.8671493  1613.826862  
1093.723762  628.1675792  1211.182451  1154.349612  25.66686963  812.4289074  1842.75702  793.3460841  1627.181418  
1069.088395  655.7165677  1177.153483  1149.686751  9.635860501  843.1510197  1840.28131  799.6934552  1636.295561  
1104.487114  637.1044761  1190.374752  1178.260402  21.97571617  828.2608495  1826.921847  795.2631895  1640.05373  
1126.694389  583.7941706  1227.596135  1169.424119  45.80815782  820.6010199  1855.163991  792.3001314  1650.219142  
1116.392364  578.5325219  1218.141656  1177.060337  53.61708267  822.7525958  1859.056765  791.9486654  1640.546351  
1145.823085  546.7548408  1262.163735  1182.626625  81.65260792  826.91097  1861.290722  805.4890333  1663.237364  
1160.950262  500.3876902  1290.304617  1174.021971  128.6629547  829.135848  1861.901949  831.3033692  1664.125708  
1162.841326  577.7956145  1273.025987  1182.207741  55.67875077  783.8968499  1851.915925  803.7119451  1653.323767  
1095.339442  554.9862998  1239.893002  1184.519074  48.46399343  814.4798306  1867.300979  809.0441618  1642.090278  
1096.376616  582.7353978  1242.297792  1167.311571  81.60378959  823.0342487  1856.429337  827.4934301  1636.073873  
1133.52132  590.2653617  1245.667955  1146.221741  38.38173756  812.7197631  1848.234677  807.5147807  1633.765546  
1096.930825  555.6578091  1228.014987  1141.597472  33.28695126  804.7700981  1841.039779  799.1306493  1624.938276  
1125.026643  579.6513892  1235.350238  1142.097266  46.65603567  791.7133821  1865.982029  781.4445942  1630.451833  
1067.823838  590.6658753  1196.678917  1159.741754  34.70319552  801.9736915  1850.509044  781.8402775  1614.678694  
1155.779727  579.0324945  1218.024162  1205.801054  57.24803682  831.8602261  1859.218254  801.6054616  1651.988957  
1182.291928  523.8565074  1259.300645  1193.690258  122.6062232  828.0604186  1853.834039  811.2861402  1639.642338  
1188.57831  517.3558005  1276.455055  1188.8037  77.92886601  804.331168  1852.033507  801.5458588  1624.809667  
1187.033781  486.8020451  1273.760622  1167.751125  89.10997207  789.9296967  1847.443001  811.1817916  1626.71561  
1162.640666  502.0375536  1259.662252  1122.689367  86.64752941  772.9411527  1829.105295  808.5471153  1606.534192  
1169.245791  519.8382062  1228.886989  1161.658774  51.5034304  757.0177256  1821.305761  784.3710294  1607.118727  
1172.960274  510.0641822  1247.542769  1174.175025  91.68394171  815.788909  1834.353472  808.8473687  1634.078894  
1158.774713  549.9705645  1243.887725  1146.678115  85.93703223  815.6710388  1849.12662  801.7964934  1630.936156  
1157.092302  568.15927  1253.96892  1192.939282  54.38133082  793.942444  1847.143871  787.213605  1656.335546  
1160.975479  526.2851625  1249.303164  1209.523264  78.74230774  799.1123255  1860.727788  802.2086195  1653.62036  
1125.43406  501.3382118  1253.908805  1180.731681  97.40492539  799.7788408  1855.847536  807.8899634  1640.50994  
1126.418001  553.1358922  1230.778773  1155.058349  63.43064556  807.1157813  1834.512257  802.2860752  1635.704776  
1147.538775  526.213893  1248.333633  1164.909024  78.17225642  808.1157151  1840.834723  796.2880835  1640.705027  
1160.890131  577.0443746  1231.02384  1177.578553  78.1934745  825.3239893  1858.797094  809.1334616  1659.906934  
1164.410032  551.3896258  1230.880819  1184.97881  111.3184356  818.6370864  1848.941142  814.9592169  1652.253481  
1127.331261  494.9166571  1248.000402  1185.456046  143.0046013  764.905666  1864.182174  800.7889772  1641.599915  
1151.417249  582.76283  1232.2352  1173.608016  89.69771784  764.9134677  1844.093539  800.0763651  1642.384656  
1131.767972  553.9909001  1221.78611  1171.69222  47.69943711  770.107199  1859.593246  782.6007741  1644.71043  
1181.562126  535.5019405  1247.337064  1188.02286  68.62217893  801.2549504  1858.363619  793.199021  1663.707492  
1164.776552  499.675037  1225.301037  1184.208275  120.3120182  796.3646101  1867.879621  810.2144805  1644.935052  
1188.40682  607.6625582  1215.792228  1189.549148  61.24343637  798.2262463  1845.121609  808.5264254  1642.832914  
1142.589646  509.5385838  1272.419703  1176.642168  110.3611996  817.3197569  1870.893975  840.971942  1649.793531  
1195.749258  530.8000055  1289.112671  1155.616814  91.44780094  782.6290753  1872.69553  820.70429  1655.973792  
1184.117893  520.2405415  1283.436914  1143.45387  87.7001522  793.4587282  1915.362964  817.7834345  1660.275341  
1094.481259  585.6374359  1212.643785  1136.714536  37.40498008  830.8814598  1852.165107  798.6393601  1613.359232  
1068.702533  620.6579473  1190.551232  1125.192227  18.61132377  781.427006  1831.528721  787.2110886  1606.682298  
1052.184321  600.2638743  1161.163261  1146.527266  -16.4834126  768.783174  1795.609352  760.3408313  1609.211935  
1071.207068  581.5862549  1194.157934  1157.648708  -0.6938466862  780.8863821  1809.602246  770.3456618  1616.249726  
1071.513812  576.4363121  1197.601095  1152.772505  5.49129176  788.7330748  1826.641954  782.8250866  1614.189135  
1085.39726  544.893224  1196.205918  1169.174116  23.45505642  787.6721822  1824.771137  782.5830009  1608.647904  
1097.841969  602.6745461  1199.099882  1174.360636  3.421508597  812.1574938  1834.986047  785.6755942  1620.275378  
1085.741145  627.2683995  1198.358316  1180.47623  20.89715525  823.0321752  1828.793172  795.7585967  1619.562817  
1051.670743  536.4682412  1210.099347  1167.675457  64.92764447  830.5997163  1840.510422  796.5593336  1610.577366  
1092.183858  626.4997898  1205.599513  1165.210051  38.80124528  833.1804518  1814.891424  776.1736093  1608.410303  
1060.569902  565.7155826  1194.929661  1177.065905  28.41509612  799.8092122  1814.632592  781.8590764  1613.785114  
1121.824598  587.811158  1234.94721  1180.61573  62.48463811  839.4503561  1837.959454  810.5014587  1647.213983  
1159.967232  600.2242078  1269.127031  1188.079264  77.41683519  841.2338893  1839.732236  810.0684646  1649.219819  
1110.580349  604.1659308  1243.004414  1199.40568  41.95347268  842.4985607  1835.361114  803.6325043  1633.175363  
1096.54552  567.298874  1234.547586  1202.265048  50.4036211  848.7443077  1863.943119  805.4836152  1638.228578  
1107.914053  630.2401192  1216.249116  1198.714551  51.78259907  851.1366272  1865.303902  816.2545542  1637.617447  
1110.033517  645.1608335  1230.473306  1208.088552  57.00691118  840.3365396  1865.755908  823.1174318  1645.706794  
1095.290062  618.7288951  1226.3554  1184.430182  75.14957966  828.7424102  1875.75979  825.9628848  1637.900379  
1137.938029  581.5967372  1233.771593  1183.162768  79.91747396  818.9648756  1886.554376  809.3838994  1653.17941  
1160.187327  549.8289207  1259.911604  1187.09399  114.1113819  835.1516861  1873.343362  816.6665492  1640.323795  
1132.937716  529.5724394  1268.052853  1180.584516  114.3051201  829.6129285  1861.116909  822.8951116  1630.039371  
1119.561398  558.3512021  1232.893064  1186.808383  65.73352685  816.7800217  1833.974749  811.280678  1607.721579  
1130.817519  542.0238672  1231.851332  1195.747339  73.31937548  815.095595  1822.341598  804.1477381  1608.211848  
1123.689913  503.327629  1250.790409  1155.84012  93.52043454  785.2219743  1812.313557  815.8939403  1608.321  
1148.883208  540.7618862  1259.715343  1127.552912  86.44331261  723.2237226  1834.324653  805.7525524  1634.2452  
1115.211145  537.6261639  1238.564525  1137.534417  87.35717854  751.1367197  1877.744116  801.8035928  1633.961078  
1141.430527  579.6055344  1234.43079  1167.237026  92.47577695  794.5175271  1877.653621  812.6014488  1646.272122  
1185.473362  583.0087095  1261.881575  1202.733194  83.77187208  839.4222978  1872.070012  815.9440974  1648.394428  
1114.90609  566.0382323  1233.707276  1185.212661  72.14019233  843.6870157  1847.373738  818.9327473  1620.77228  
1126.391259  534.1227146  1258.795458  1144.796229  60.08750135  786.2839769  1855.817664  807.8216632  1627.453581  
1124.181135  518.8046598  1247.949047  1150.453565  65.79026108  749.1653766  1871.331543  782.606682  1637.50465  
1109.252378  546.9508772  1253.000445  1179.629621  63.11549596  796.2818275  1888.363916  793.8140816  1650.684062  
1141.651247  559.7909673  1231.09305  1175.083755  62.52959322  809.6836634  1838.262033  806.7627333  1642.169768  
1104.996725  557.9454957  1230.524675  1176.829124  53.14895308  824.847828  1829.449178  812.8058579  1624.863845  
1099.733568  569.0265118  1211.494549  1188.0909  46.95652903  839.1624407  1805.137701  801.3077611  1613.447367  
1102.014935  503.2138714  1232.532927  1208.212798  65.99442404  823.7613658  1810.768578  787.5365865  1631.183488  
1107.077715  487.875881  1245.089997  1186.673673  82.00481063  756.5922352  1833.891405  787.0548573  1628.298314  
1150.932091  517.9325736  1258.929968  1160.74879  89.76089698  755.1927665  1886.616933  792.438146  1664.47132  
1163.499734  557.3817972  1239.915719  1153.421239  74.31447738  798.385665  1907.837859  803.8292747  1662.401316  
1176.62437  564.5293843  1250.872177  1159.196014  76.73554627  858.3464941  1905.396689  820.1732104  1664.496419  
1160.045587  567.3605425  1239.676903  1159.538128  88.59941615  895.667933  1854.207723  837.2431059  1632.495322  
1088.506333  606.6300452  1208.862945  1154.982334  51.35848747  853.7062929  1826.971318  835.3890507  1598.529081  
1100.645996  647.2744035  1198.210215  1165.85425  27.31147548  817.4770484  1826.38876  814.146516  1611.877731  
1078.115676  663.0615516  1166.933224  1168.482256  40.23154836  807.7639836  1842.124238  810.8783143  1627.000143  
1098.424648  605.0356095  1190.656878  1171.976542  61.2194429  787.5601314  1855.575351  784.3752688  1639.228807  
1105.974785  576.1588008  1204.790397  1191.151521  39.55628077  820.3860285  1864.891559  780.0868236  1643.92138  
1081.022194  590.3219198  1188.673978  1194.824581  5.043624627  834.4046965  1837.115738  779.554475  1623.008354  
1109.505882  605.523671  1227.029236  1202.621657  15.60295932  858.5166074  1822.843522  801.7510997  1621.969471  
1135.085429  572.597177  1247.70979  1190.796202  51.76978793  809.0351322  1832.65786  797.8782541  1626.779978  
1124.312548  568.2114218  1248.397203  1177.248769  65.03176285  803.8715599  1850.2436  805.0645498  1627.678647  
1105.150492  605.5395278  1229.338252  1163.949481  52.93813634  845.2804269  1841.585587  808.8651369  1620.061864  
1130.800367  607.1692092  1241.003022  1182.45811  88.12416342  878.770403  1845.472788  834.5649369  1638.134065  
1084.154315  613.8354292  1172.494115  1174.076707  42.72272126  850.8295237  1826.773686  806.5837967  1597.914067  
1030.937923  642.1130336  1164.862648  1152.90851  21.70465752  855.3909225  1832.60999  806.3041699  1596.378698  
1118.854551  591.2153334  1213.711309  1166.918591  81.10681188  827.8375222  1855.733841  820.1978071  1606.801281  
1127.796212  579.8604002  1236.472911  1209.282935  53.24383108  843.0678314  1842.922205  813.8189555  1620.437092  
1118.696448  580.8354512  1210.244432  1193.078165  40.12826732  801.4174429  1828.826436  807.1853819  1630.390901  
1049.470659  636.9819439  1186.789253  1176.450151  28.44205529  816.5496207  1863.937504  811.5730015  1641.734497  
1053.8577  679.6307629  1134.293566  1143.963555  -7.6050637  842.6287698  1821.993787  788.683341  1615.282361  
1019.608169  695.6296644  1173.073521  1182.513031  -1.792929384  877.7154152  1881.128433  799.43242  1642.107273  
1094.466382  776.5799043  1241.185706  1231.995255  -113.3475574  1005.054575  1891.552079  729.199454  1708.273361  
1174.855585  490.5723921  1222.031922  1140.339678  175.9893186  675.5736849  1865.4262  787.116076  1609.228058  
1149.757862  436.9534597  1307.996546  1179.354308  135.9829763  776.1471673  1893.750786  830.6074118  1654.486005  
1158.873268  473.1557653  1270.947056  1141.216937  89.86833671  757.7417279  1816.396783  800.3404482  1634.796202  
1131.662656  504.5184697  1271.580068  1141.65618  97.31283314  743.9104442  1851.452164  811.5229484  1638.214565  
1144.922422  534.1007783  1247.693008  1128.139402  73.08147854  762.4179334  1833.864141  799.2826973  1635.176412  
1138.920043  566.1082531  1237.579071  1144.961813  62.97031132  792.6154264  1841.99509  792.9718646  1635.165325  
1097.769693  602.8385162  1206.829864  1157.295639  26.43111297  789.0924943  1829.627253  783.121245  1630.710234  
1116.02477  505.367374  1241.822692  1171.719596  55.6911534  774.4383123  1874.933078  766.7702884  1639.084319  
1140.960044  555.11542  1232.845853  1175.981447  52.18431218  805.7453453  1855.055079  781.4405462  1647.652091  
1165.301855  500.0030865  1266.216357  1171.849205  56.10684526  813.6044437  1855.206649  795.6829727  1641.54911  
1147.746712  486.4247274  1258.560024  1150.309114  54.0809844  773.3901536  1831.169892  787.74489  1601.431906  
1158.872924  546.2245617  1272.789453  1182.76984  81.30042394  787.2186398  1847.512695  816.4851785  1620.624797  
1195.943092  541.4990523  1283.142922  1176.477777  92.37095166  804.5827265  1844.291502  826.7712585  1629.771396  
1175.232084  535.3163067  1244.522781  1186.628832  70.82815246  739.6068309  1826.634699  808.7356397  1632.412877  
1141.141347  562.0173128  1221.068875  1179.028111  79.52982406  750.0818582  1870.448283  795.3040358  1644.00055  
1162.957372  572.1657289  1240.219962  1195.100704  51.09608102  817.7816518  1856.166275  823.4182917  1648.234375  
1173.096539  587.0599208  1260.611632  1175.543  75.11885275  783.4459567  1867.86232  826.0901635  1655.601511  
1124.791141  559.6715867  1229.560898  1179.414447  55.10737444  760.7863297  1863.355127  790.7295049  1647.634196  
1116.049273  597.4543585  1208.387943  1188.341777  63.34045407  788.9698744  1866.315336  783.4732852  1651.367621  
1140.866361  551.855273  1244.861255  1203.032895  81.87755614  810.6457939  1880.359232  784.8602677  1653.353613  
1177.223687  475.7986854  1268.812255  1182.857166  77.37901201  772.3040669  1863.689603  788.889076  1655.93923  
1189.957736  409.534271  1294.888931  1163.490305  113.4054341  766.1223565  1840.725036  785.7922569  1652.628954  
1159.659355  469.0007703  1261.843721  1169.65558  80.97612259  801.1612709  1832.707063  801.1259699  1636.312904  
1182.699017  511.9998156  1272.018449  1184.216834  154.060453  780.1524445  1890.485239  813.5561227  1646.249441  
1211.339145  503.2114013  1284.412167  1185.207296  154.2279578  828.116418  1864.515872  830.6128626  1651.203754  
1134.739151  529.0930689  1237.990483  1158.910078  61.47923972  812.8559473  1771.55002  812.8662651  1623.261785  
1091.803308  551.1031557  1208.691589  1125.785641  48.29842791  805.1324152  1779.0559  783.6709051  1616.418822  
1094.416539  591.8841139  1214.135991  1148.503701  74.3846062  806.3604671  1837.001258  798.3622885  1627.870197  
1157.673983  547.830163  1245.767415  1170.542084  64.68640731  841.419147  1848.109446  811.0784393  1644.335631  
1134.220256  549.485849  1228.823988  1156.135776  40.82084145  835.3608168  1811.758877  820.7988389  1635.394753  
1058.065585  639.8906033  1184.659498  1160.366106  9.779223953  830.6870745  1799.215339  809.751901  1616.277625  
1078.076452  625.6580081  1196.677981  1188.159275  80.43120705  831.8925778  1860.341814  803.1828415  1620.860827  
1130.311167  591.9207763  1216.772002  1182.724034  71.92764355  843.1814219  1842.442903  789.8727358  1642.693406  
1135.167487  524.5943965  1230.991281  1173.535504  67.76715264  808.2542532  1838.605783  796.7971619  1636.054888  
1127.281289  533.8869408  1220.804171  1165.918655  46.13570627  784.0687454  1831.255133  792.3575408  1613.072636  
1142.578067  566.2335628  1224.891599  1151.406742  60.04912123  781.1636637  1842.249523  796.6824184  1616.826158  
1111.115886  602.5552611  1196.211498  1163.696627  37.12316806  815.6725855  1820.26448  804.7133475  1619.236773  
1080.43653  602.670158  1207.051364  1158.397027  75.48011561  802.6178001  1850.659774  808.3079134  1632.660403  
1135.456184  591.9350209  1234.398694  1168.345893  110.4925482  775.6567543  1893.337752  796.8640575  1655.062745  
1148.91706  587.9483935  1258.594007  1198.037626  86.46460419  783.6492981  1917.58854  800.6455743  1676.137877  
1135.313207  588.6620331  1248.485567  1216.749086  38.59118971  808.7583053  1893.602639  797.8676307  1654.93025  
1112.188843  547.4610032  1257.862831  1171.900101  30.79535444  816.63155  1846.14626  800.1833665  1625.364449  
1129.712043  522.3296852  1255.23486  1159.749572  20.028707  814.5399616  1827.46702  810.5016642  1608.578746  
