1017.124465  472.6252011  1213.398394  1090.513252  -137.4404023  416.7353854  2356.854741  754.2406908  1695.627123  
966.4090453  446.6521445  1161.641691  1093.3976  -182.9947609  397.4914915  2249.925871  752.1964554  1705.961001  
971.7848863  429.5351879  1194.801824  1089.571878  -190.6750934  445.0239702  2275.066929  747.0313159  1696.579516  
972.6313346  439.3711804  1174.232466  1104.098672  -195.5493212  410.2277278  2242.080415  743.0916784  1694.324477  
958.8707684  446.6006436  1151.046429  1130.422939  -188.0978739  459.9532551  2205.786242  752.3132119  1660.717691  
993.2825412  400.3972328  1227.682348  1099.497631  -228.5596411  484.9415685  2241.222297  733.8472129  1673.138856  
1062.541368  415.4398046  1207.315166  1098.870002  -210.8859584  477.1668896  2273.338683  735.1212318  1652.655064  
1005.421712  404.6906989  1206.803862  1075.910085  -221.8997145  456.4399974  2250.096256  750.3686245  1686.077057  
1015.430623  425.8797916  1194.75648  1110.791923  -180.742762  458.2467204  2238.805214  741.9328922  1679.290312  
1012.584177  392.3870474  1207.107907  1091.891408  -241.0085037  496.8484109  2220.541717  739.4533678  1653.959723  
1031.093992  405.3522664  1199.745591  1138.42041  -202.759487  504.0520589  2247.407661  772.5584058  1650.549601  
1102.971093  434.48573  1224.313654  1083.556276  -210.6768727  513.1271403  2268.600938  766.102952  1662.914943  
1075.31683  388.75606  1208.804859  1094.909937  -199.0826034  502.0418989  2247.626415  763.6057073  1672.099736  
1049.258835  399.9013152  1234.836892  1116.04641  -190.2043445  486.3066082  2294.331246  742.9809733  1667.331257  
1036.996241  412.3545674  1226.729717  1127.416185  -212.8230268  498.3027529  2254.379097  762.2208694  1645.858731  
1035.079381  402.1828676  1236.293057  1091.70946  -219.5308246  474.4399028  2282.59273  748.9441424  1656.425471  
1032.822834  391.6800849  1227.338232  1081.376954  -226.3230554  448.7679713  2296.309035  747.2007184  1684.606254  
1051.784804  389.9354895  1251.050006  1099.375243  -223.84876  500.8704729  2315.899399  732.1607282  1649.78652  
1041.704949  422.6092926  1203.905495  1115.144497  -194.7606104  485.0611066  2267.632573  743.342209  1658.296343  
962.8259784  392.6073012  1215.510651  1107.065666  -176.6236345  508.3988945  2280.698874  771.0117191  1717.361445  
1006.663897  428.5315201  1161.170682  1071.625069  -162.9065259  409.3568609  2239.146906  745.8853951  1705.13417  
958.9379976  376.5830623  1205.84113  1097.154026  -193.2237509  439.7219407  2279.008862  726.5498672  1703.231599  
1093.430376  427.068719  1204.43638  1068.238416  -182.6646545  426.5376688  2296.951494  737.1330769  1697.148274  
1001.106718  395.1816377  1232.129509  1080.171414  -205.2134679  463.8316794  2308.249967  736.6080959  1664.778211  
1031.484248  398.4356767  1187.468382  1086.345644  -214.5040702  412.4218627  2286.299835  744.5778692  1697.122988  
961.1881552  379.7407448  1175.581281  1119.346814  -206.3679483  404.0702632  2221.56007  738.5830827  1684.554509  
1067.253076  418.3904957  1195.707466  1121.87449  -186.1256041  463.3899013  2241.07181  764.6021755  1684.870401  
1030.142259  444.5282907  1193.047792  1134.179391  -183.7527818  505.1853816  2244.858617  751.5498765  1656.266236  
1034.353786  412.6060148  1198.736816  1112.57269  -161.0966148  456.2363435  2277.686222  760.5235228  1677.666035  
930.6124932  408.6001686  1187.784954  1114.667627  -154.9180789  402.8862443  2234.360623  766.3793025  1688.901287  
1032.82699  411.0756666  1210.520403  1074.326204  -203.3539023  436.6403621  2273.164068  745.6759408  1678.215769  
1093.457482  411.4409489  1218.639374  1072.201855  -186.3387038  485.9632666  2291.297602  751.5372187  1639.302805  
1027.532166  373.7272386  1230.563873  1047.45609  -220.976358  483.9965304  2289.700399  765.7239943  1690.101725  
1102.485546  419.6227747  1209.79869  1064.957709  -151.6857627  503.9686214  2291.733946  779.1171184  1685.521747  
1088.092038  424.5005761  1200.32467  1095.263115  -156.0159357  451.9719641  2259.327481  744.8721116  1684.987247  
996.1462807  400.4390273  1218.927617  1120.395112  -183.0614577  433.0881571  2277.16343  739.2699065  1709.5967  
988.0373194  404.479856  1195.271032  1132.637052  -198.4318345  458.3610385  2272.605435  746.0506  1714.202454  
1015.53973  447.2459182  1151.200864  1129.566761  -181.6613535  447.2105935  2242.32966  731.4602781  1672.489662  
973.803992  414.0709405  1147.83995  1128.372534  -245.2229178  455.8715645  2211.816059  742.6107568  1679.544637  
1066.074321  459.7588204  1200.640136  1179.570196  -167.8188058  580.6145073  2276.324364  780.2864507  1675.511372  
1018.256597  455.7735221  1189.568853  1179.377231  -97.13049479  503.771305  2241.383597  801.9030654  1724.762643  
974.2751662  467.4544023  1166.204051  1117.826401  -163.6579839  493.5677591  2193.651429  772.064652  1698.816411  
987.3360287  425.6943145  1222.692166  1129.594537  -223.8983876  555.365614  2244.32959  754.2767381  1644.770777  
1022.853173  457.4124368  1204.35412  1149.844221  -185.2043012  538.3779918  2249.790521  769.4216081  1659.958695  
1073.120844  478.8572133  1187.560748  1081.296575  -170.4788743  477.7756758  2276.720752  774.9633301  1674.560405  
984.0208654  445.6114704  1221.791643  1056.613019  -184.8271493  447.2449113  2283.502374  768.9998587  1705.627029  
982.9809251  435.1877686  1229.794671  1087.774391  -197.1276618  462.770377  2273.050119  756.8704249  1694.666832  
1047.34856  446.0245623  1247.320632  1096.772947  -195.4434446  451.5256927  2307.189996  751.0445514  1668.293004  
1008.605269  439.2971152  1228.632399  1086.655641  -218.1546366  413.3465793  2294.349639  730.6773402  1661.663284  
967.3564142  426.7765791  1239.178261  1081.084897  -246.9673912  430.9721271  2323.296388  726.1710069  1650.029616  
1005.258217  424.3402612  1222.498261  1038.630858  -233.9378103  424.122118  2305.162312  740.3036635  1687.569277  
1008.897323  421.5132685  1196.674298  1063.005917  -209.8055982  391.2095855  2299.825094  745.7409202  1702.420688  
955.6207513  405.4578952  1180.946873  1045.929758  -225.4537996  444.234901  2237.573298  728.6229379  1677.20193  
1065.808721  404.6114625  1231.638072  1060.225707  -200.5823586  460.122219  2297.731141  739.0313698  1686.441652  
1005.43876  377.321288  1206.92898  1050.243023  -216.2656988  445.629179  2273.53578  716.1148258  1690.643098  
989.6956876  413.0672577  1186.918493  1100.779627  -208.8015271  457.8299992  2252.902932  723.0964881  1670.084096  
1046.007358  413.9445756  1224.437627  1094.670664  -183.8221932  434.4264673  2291.154222  745.9751885  1677.613775  
1040.845203  407.017901  1228.658763  1124.756852  -150.2324797  459.4331521  2276.303323  772.5535931  1681.159678  
948.6605256  421.4120085  1199.361691  1116.576964  -197.5150862  490.9037401  2213.515972  750.4118487  1665.816633  
1029.23718  402.9217956  1167.655465  1103.865185  -268.5439822  443.9453283  2203.021467  735.7151923  1620.243541  
1000.929163  405.1811939  1206.799008  1088.176148  -247.6069217  436.9614181  2267.704085  745.7554412  1629.67204  
1081.773487  391.1694899  1208.218903  1064.386516  -199.7712606  451.0254955  2299.631376  764.2580216  1661.245136  
995.0856688  398.1570232  1168.50045  1106.683004  -174.3676092  429.7827917  2254.772189  768.0039176  1692.871931  
957.6312174  417.6907352  1108.435289  1087.255221  -204.3225697  409.4472983  2193.716437  744.4548785  1669.824694  
966.588849  381.2257373  1133.581829  1083.886706  -252.6481711  412.0305555  2214.481047  740.875897  1644.829787  
1000.441259  371.9997765  1145.05702  1076.516962  -249.7752039  381.8803212  2242.063571  736.084499  1660.319148  
1055.679701  407.8053602  1142.595537  1103.77835  -213.1245429  414.5396398  2231.965806  760.3306223  1676.46567  
1027.193347  381.6398555  1176.139028  1083.333777  -185.2710614  430.7317573  2238.00238  768.7824241  1710.78553  
1008.914888  429.9468604  1198.85957  1095.832036  -214.6076835  460.5102361  2263.998617  710.0243498  1659.638407  
1032.252413  406.1098686  1236.830843  1116.588989  -237.1806022  494.4198986  2256.200288  709.6378614  1634.499017  
1050.807113  396.3462267  1260.108261  1145.320008  -193.1600307  545.3246365  2267.717408  746.4057049  1637.670941  
1033.029816  367.4133184  1239.933402  1163.430306  -181.1066112  529.2772961  2237.583735  765.2215903  1667.065237  
1091.414668  422.1504347  1257.942694  1169.315247  -167.693089  580.9340926  2260.330178  767.4863261  1669.284444  
1043.637837  404.1216657  1256.527904  1148.949584  -169.5649696  542.3530378  2284.314145  764.2611218  1704.364274  
952.5437546  392.9170794  1208.705225  1108.744897  -167.760261  498.0261053  2236.120945  765.5016121  1736.243584  
1037.382778  417.0802001  1236.804323  1111.160491  -170.4094174  536.857119  2298.207756  753.6791471  1693.897997  
1030.261052  426.8505458  1219.744252  1112.060203  -167.554742  501.4524222  2295.952969  765.7473213  1723.155497  
1055.37737  452.3139773  1166.212698  1155.007045  -137.5352641  494.7837037  2244.473312  766.0446798  1703.675173  
985.0533502  471.8144002  1200.439737  1141.303839  -138.3199678  459.209605  2267.048581  766.6953529  1714.778627  
978.6444942  469.1119602  1211.882855  1068.701758  -212.3610667  400.7307551  2303.431272  736.2041828  1702.19823  
1061.639536  433.8316464  1220.855051  1071.582668  -200.731795  389.6989421  2306.512479  744.8106076  1667.669783  
1007.138194  410.1888431  1213.552362  1052.501807  -208.5740237  362.2065153  2297.996762  734.0810026  1698.764924  
950.9468256  436.6797533  1168.354239  1071.369791  -235.2656043  365.4273364  2232.376625  727.9020402  1680.972852  
1000.305812  433.4961504  1181.27947  1082.928633  -229.3380523  418.0904724  2270.602152  732.0602599  1662.368067  
1034.371224  421.0330112  1162.265792  1053.93936  -251.2535589  405.7347682  2242.714525  724.3017094  1655.746262  
980.0579907  428.7242907  1182.925946  1111.47241  -219.5017125  396.9335866  2269.44183  734.571637  1620.266069  
991.4992994  438.8183716  1212.600656  1100.861387  -229.2989569  448.5618052  2265.648661  723.1249732  1616.522304  
1011.094879  388.192979  1232.797487  1079.868087  -232.8404979  451.3480886  2309.398789  715.6731457  1625.199869  
990.3972434  405.9347099  1209.188883  1080.246797  -206.9338379  395.7578362  2304.867211  721.5722921  1669.865738  
1032.247159  386.2254017  1171.940931  1078.523587  -167.8937689  434.7272634  2273.893031  773.7732214  1679.362652  
1034.758996  392.9552068  1183.088803  1078.691954  -190.1778622  512.3150478  2242.701223  768.9111255  1662.843599  
1086.521229  424.407758  1213.302843  1068.373048  -173.3561294  505.2089061  2283.728725  751.1389437  1658.254807  
1009.511452  400.3320408  1213.646778  1112.149164  -186.3456269  541.6069991  2277.009176  764.5516402  1662.994686  
1054.1895  431.6868595  1225.383793  1151.995412  -174.5710687  542.7437585  2287.724055  760.8183781  1673.695101  
1028.071077  422.0638169  1187.997204  1181.823271  -146.1903066  547.639222  2228.335949  794.2134854  1691.939343  
1036.455141  466.474123  1193.084826  1167.328997  -107.7522205  507.3728493  2242.749913  778.3164035  1711.477471  
981.747743  431.7081246  1167.721106  1115.280251  -183.3451259  439.6381644  2222.922284  738.4629225  1704.052956  
989.0315515  463.6606679  1187.011632  1125.542696  -177.5318221  478.0493135  2252.186868  756.9354396  1716.991942  
1020.497041  458.1227958  1225.650997  1148.611382  -158.6223602  580.7191678  2267.886027  772.8415013  1693.341261  
977.5795928  503.3413434  1199.929698  1137.476935  -175.3043158  511.4679508  2224.232906  777.772199  1713.749473  
956.1909491  462.6800048  1161.835777  1148.086288  -149.5554388  481.0472915  2231.851983  783.4366725  1743.286966  
943.9394072  451.9500441  1101.305209  1047.051968  -156.044961  319.4233684  2168.469867  765.838994  1767.473508  
941.8894001  470.8952286  1153.328098  1042.877116  -149.2897342  345.9648678  2231.985983  756.1169534  1709.843976  
971.9149412  428.4003271  1190.224192  1071.438308  -206.0426509  418.5294244  2250.924925  724.5093442  1677.511878  
1034.263622  426.620978  1229.050842  1040.815849  -235.5037519  423.3933055  2300.088057  744.5479178  1681.854108  
1011.655827  432.0317437  1219.184744  1042.406815  -224.5341163  470.8243547  2308.320529  745.3778121  1657.14665  
1066.06194  400.250016  1237.96434  1057.797158  -182.3706096  469.60187  2288.626064  761.8474056  1659.416981  
1050.541078  398.3716756  1261.569673  1111.812568  -200.1570146  464.7591529  2288.582578  739.3387774  1627.92573  
1014.825231  371.8230423  1239.578971  1106.49921  -218.2580952  434.5128959  2280.109942  736.4929544  1658.131649  
1114.37988  414.7924274  1268.719038  1123.076566  -166.2141488  443.435328  2333.026565  733.2049137  1658.030011  
1027.062475  366.2947999  1232.480035  1090.209615  -201.5803092  457.0044317  2290.19707  739.2073025  1679.630396  
1100.371656  393.297845  1204.647308  1089.307665  -167.568872  452.7588013  2255.293394  756.793997  1685.803836  
1135.768547  389.6842626  1224.722032  1068.75423  -195.8526704  435.6178735  2292.479181  726.6747802  1683.871886  
964.8765875  356.3621498  1182.891733  1115.353985  -169.9694921  420.6069596  2279.159133  751.9275835  1692.446545  
1019.327409  377.3747024  1225.460974  1078.620606  -186.7195325  464.3366486  2267.992293  742.5052712  1691.470083  
1067.869563  382.2198408  1187.260158  1081.640276  -223.7740714  488.2695313  2237.917984  722.8226963  1644.551106  
1002.890872  363.7533395  1204.807765  1095.251874  -239.9204029  436.5335861  2259.660898  690.8607021  1660.558769  
978.8967161  376.2476374  1208.61508  1094.935098  -287.825122  458.7174885  2263.755705  714.125086  1661.904033  
1027.480597  415.6199634  1205.162013  1091.762389  -209.6270526  491.1133835  2282.824243  755.7412293  1665.991659  
1066.435135  397.3659459  1219.403343  1077.551409  -203.6963995  505.1989576  2288.692526  761.8678516  1657.5148  
1029.803112  365.4407875  1224.749964  1099.570717  -199.9060533  525.9717495  2238.24681  748.4872717  1680.912023  
1085.342783  384.57764  1248.341799  1110.942422  -213.1859004  564.9378119  2251.626906  759.1554306  1670.415651  
1097.997661  404.7235976  1257.812972  1159.60147  -159.3895803  609.3463371  2296.980187  765.2130657  1679.543422  
1067.433561  444.8990489  1254.080765  1167.604738  -171.4522498  598.3643478  2284.048357  773.1959297  1702.977763  
967.8043735  461.7718335  1212.720749  1209.655769  -153.7323721  546.4498655  2246.80856  769.1424373  1728.077051  
1010.562229  466.5641361  1253.141032  1178.790372  -157.3818795  544.5609348  2277.884533  769.7315641  1723.977688  
954.2479373  465.6422515  1176.997071  1078.309313  -137.5919073  408.4690145  2224.185353  754.4586251  1743.924818  
927.9236323  435.9018018  1141.087908  997.4115433  -252.9803337  299.5460042  2163.950575  731.1720745  1683.184748  
1002.343801  359.5412368  1169.317381  990.7699369  -267.8950116  327.9959461  2221.884302  746.3403319  1697.052285  
1050.111155  374.9530376  1175.008691  1023.336114  -217.08565  353.2088222  2243.181797  752.7333076  1677.819847  
982.9761423  435.5147877  1224.100773  1069.787812  -209.4525461  394.9893004  2285.789989  747.3627267  1672.659194  
1007.439262  451.6977374  1200.057561  1059.021115  -227.0426911  384.1950411  2291.3184  739.2173139  1642.690825  
982.8596162  404.7450613  1187.078446  1072.333943  -264.0674749  370.1338103  2273.627706  724.7660402  1641.508412  
992.5877648  388.9233539  1214.822842  1069.849077  -265.7114007  426.8100066  2279.711177  730.0047664  1628.002621  
977.6835605  415.9942246  1187.08116  1090.352096  -249.5349695  391.5480406  2278.017596  727.8969506  1657.662607  
913.9468599  378.5064529  1164.193616  1114.229856  -227.2274575  401.3865806  2216.900604  736.6181583  1665.631824  
1038.953343  389.7521359  1262.218288  1105.835369  -225.6682386  497.2136441  2305.470896  746.2055289  1616.011287  
1072.552692  400.0917167  1223.056211  1093.515323  -220.9555408  474.5311115  2295.853217  740.0090157  1621.761983  
1008.87327  390.6684915  1172.187175  1095.389009  -191.3935118  444.864173  2277.324071  761.6157978  1652.751563  
1011.997521  418.8683249  1121.453882  1109.179417  -208.2618237  429.3775549  2211.106502  752.6316885  1679.204984  
966.9324572  400.4184482  1155.367449  1131.134911  -209.9963528  473.7424071  2241.138089  753.2984762  1678.045479  
995.0688549  414.2263906  1146.271568  1118.634554  -206.6077023  470.5183012  2206.002729  746.3961205  1675.125947  
1055.300601  401.3521016  1181.240362  1130.851438  -160.5255444  516.9566147  2268.736716  767.1305457  1654.922623  
1001.916948  430.6590265  1149.739543  1132.617125  -170.5778142  517.6159544  2217.191907  753.0797187  1681.958895  
991.1408386  412.6752445  1153.883245  1129.23603  -200.816418  469.95065  2243.898847  733.1557065  1661.901938  
1013.261801  397.7099304  1142.527168  1127.908415  -207.5489635  473.0983575  2215.962586  751.0877516  1672.249036  
992.5711611  423.4693608  1190.025121  1164.315194  -192.5968157  527.4448796  2230.943169  767.2446421  1675.653948  
975.0262859  459.9832793  1214.163461  1163.23055  -163.4232608  565.1405151  2268.32604  773.4136364  1706.551673  
1044.534097  492.0122854  1180.362968  1174.287397  -131.0547213  517.8993986  2272.332795  773.1184832  1709.113083  
1004.269947  469.3506523  1167.819262  1106.613941  -158.2107356  416.7582089  2255.820537  743.1093944  1717.152652  
1015.028649  466.0858554  1240.971458  1108.504322  -185.6187409  535.9895967  2286.020202  754.1054399  1682.626005  
1007.14103  467.0424402  1253.520522  1135.281849  -164.1992716  486.5074431  2292.946193  777.8397057  1733.729281  
987.336932  490.8208199  1243.446361  1171.010729  -153.2662416  535.1381462  2297.308978  781.206662  1709.31721  
965.9679868  470.4873207  1227.503176  1136.681807  -166.4666467  422.378922  2284.953102  772.4947679  1739.465067  
982.7238778  464.2620983  1174.422911  1104.917123  -158.2607396  321.3226484  2237.232355  753.599363  1716.508809  
912.0065274  460.7481797  1156.780015  1003.595585  -178.3091047  327.3303243  2219.907235  741.0075168  1705.04088  
980.6004432  455.0983021  1175.739716  1027.266362  -196.5459933  332.1040972  2250.668394  742.1788449  1694.320712  
1021.728212  425.5222906  1191.485775  1036.354094  -215.0648288  379.4099135  2262.31258  743.7115811  1669.642054  
1080.1062  394.1443474  1228.75312  1030.497967  -211.2844401  418.3780338  2306.54248  743.5641579  1665.725065  
1044.790748  389.0023038  1243.075619  1062.549744  -237.1818853  420.8006622  2299.576156  707.7020269  1658.42217  
1082.698301  404.7707902  1246.417408  1054.441301  -241.5723719  462.4958886  2311.391189  717.7514354  1630.674172  
1094.481826  379.7532274  1237.744424  1062.607697  -219.3709994  501.4065704  2332.887581  756.5265429  1652.255221  
1039.511546  392.9914921  1184.055245  1073.303296  -217.1308183  483.5429459  2220.110914  748.1043437  1662.0148  
1093.415036  413.9239977  1253.143707  1112.697434  -214.800762  592.2583274  2248.340436  745.1574629  1634.612082  
1056.303119  420.9805242  1239.538855  1145.290346  -227.1274581  618.8012064  2259.073698  760.0297403  1627.374126  
1068.263739  426.7848396  1264.359635  1155.170532  -203.466517  649.0538462  2301.851245  766.1430485  1652.847332  
949.015046  467.659464  1208.742669  1164.500048  -208.1186134  566.1477437  2232.847947  768.1487  1676.376881  
869.8063841  466.0219384  1198.037636  1165.833678  -227.6293066  474.0749849  2216.458914  738.1209907  1699.611091  
934.4513882  449.0307056  1160.534494  1111.127263  -208.9237285  443.2937937  2218.712524  744.9826254  1689.794794  
976.4485986  495.4750271  1183.14585  1055.787284  -210.3749623  374.6098987  2279.258011  728.5203779  1698.899491  
1001.12635  441.9595534  1186.655701  1054.71922  -189.097956  371.3954702  2299.205902  763.6271228  1712.837485  
1017.507161  447.5004059  1221.923789  1068.087171  -156.3380715  432.9998901  2299.0793  776.7374173  1653.885161  
1017.571521  408.3987928  1223.75982  1060.74766  -198.9255774  433.0608889  2263.56425  750.3505254  1656.53693  
1043.82431  390.2507264  1243.027776  1125.493194  -201.0807154  424.8593475  2320.953187  740.4609227  1654.029649  
1047.389137  395.078528  1246.987225  1117.431119  -219.5504123  423.2998148  2283.546321  733.6171841  1652.517538  
1035.27839  419.0989832  1223.433777  1095.616678  -215.3136987  444.3682512  2323.636779  744.545111  1677.008819  
1011.249948  419.0450973  1181.647102  1099.888956  -205.0036638  424.5699813  2251.7236  765.3447108  1708.538885  
1041.4203  415.7590438  1191.197024  1097.429119  -162.2142536  474.1000633  2276.019969  789.4103731  1655.973825  
1096.776123  422.7040178  1210.873493  1089.532274  -150.4349473  560.6493534  2283.854277  807.7787499  1663.387026  
1087.766475  438.7763006  1206.928169  1106.466425  -142.4427605  503.0114483  2283.574875  770.7254026  1659.979989  
995.3083069  421.0559524  1182.175757  1100.72901  -219.3863706  455.0283566  2240.075192  730.647821  1648.33849  
1016.067009  402.1770097  1195.459274  1087.831287  -232.4641108  429.8645436  2245.742466  747.4004445  1669.148399  
1034.494845  378.6889167  1207.547419  1124.064453  -225.7302693  446.2592245  2262.572303  728.5647294  1656.304061  
1055.181053  406.077428  1232.863778  1082.417663  -249.1433908  477.0635303  2292.042958  733.409285  1675.834438  
1007.249237  385.317527  1245.953419  1086.067951  -209.2408112  428.1648083  2324.28633  722.025177  1696.678943  
1016.567849  419.1503455  1221.923165  1104.931232  -174.7640511  425.0465235  2279.032027  722.5314979  1686.577672  
918.7237872  392.8774887  1206.245038  1098.298572  -198.9453167  364.7235536  2250.762859  707.9403812  1703.789215  
948.9078135  404.4036082  1197.183627  1091.168133  -237.8036454  419.9016854  2248.309592  702.6625623  1683.436626  
955.6645559  392.016677  1187.828545  1111.891428  -220.7624727  408.4822534  2277.806345  736.9440177  1709.272817  
1007.652579  432.5846637  1166.61511  1084.203755  -155.2872905  415.5277756  2252.285132  769.6121301  1711.107947  
1009.878473  461.7161648  1216.274078  1083.788791  -154.4428285  438.3856212  2295.556306  759.4898592  1688.399196  
954.4688764  434.5881865  1165.869177  1079.476896  -184.5803157  375.697445  2235.248059  732.7988136  1694.617667  
1051.031707  440.2990816  1186.504186  1077.892765  -224.2033769  501.5112626  2241.53508  740.3806854  1648.406849  
1014.998575  408.4759682  1186.703241  1105.544501  -232.1963392  451.5582073  2252.811043  742.2781266  1664.990901  
957.0038653  371.4224082  1186.304167  1122.700619  -239.2368401  445.8752919  2235.130151  730.3115687  1652.929622  
1040.557687  414.6210308  1199.202509  1104.64401  -240.9106896  441.2087811  2260.416979  746.62308  1670.262981  
1033.632697  416.6748506  1169.509495  1105.823936  -205.6287091  512.6314703  2236.772793  768.1845255  1684.61439  
1046.799703  430.5921608  1220.634489  1100.292607  -149.8078176  524.7958813  2260.005789  774.5121666  1680.89145  
1020.993635  444.6548457  1226.400648  1104.732163  -156.2770386  529.7339819  2264.351769  770.9948677  1674.10734  
1081.141085  441.543901  1240.267516  1126.94699  -167.9857563  549.6219238  2290.214551  777.055912  1661.179558  
