909.3133837  646.7787808  1128.047094  1756.420097  -132.7200646  463.510523  1904.785191  890.3438974  2086.300629  
927.4617059  639.662665  1120.470434  1773.98477  -103.6765955  470.3001643  1935.729802  890.2172386  2107.748805  
935.468841  669.7827294  1091.854376  1750.955482  -108.3521621  475.0894974  1924.121956  875.2894245  2083.351727  
913.30578  617.2811891  1077.052365  1765.498082  -87.34233612  478.3971999  1912.266141  884.2672497  2067.327419  
895.44723  637.917836  1077.409485  1766.750229  -117.5904196  488.820839  1913.735527  881.5456579  2070.874492  
911.2967187  619.98105  1080.073497  1776.73848  -116.5426164  484.8387189  1917.225317  878.5749889  2069.361769  
901.8113755  616.3498293  1104.425421  1786.436463  -124.7310322  455.1731584  1905.310439  891.7388484  2077.114064  
906.176725  612.1259984  1111.765721  1783.335621  -116.1263273  452.180187  1906.154553  891.1501526  2090.559332  
922.8443614  625.8721306  1109.439226  1768.459922  -110.368215  476.3314214  1905.394554  897.0124838  2075.399197  
937.0716405  603.9441718  1114.73434  1792.821592  -110.3213929  480.8282223  1938.296322  891.4523495  2097.342797  
925.5810903  654.3733956  1118.244005  1774.441386  -108.3971074  476.2585876  1928.239582  885.485719  2102.930905  
893.5451947  625.9941795  1108.452812  1775.867184  -116.7025355  493.5700578  1909.003084  878.5619797  2093.292051  
921.7698906  603.1200656  1117.133427  1786.035192  -110.3238097  492.3578962  1931.506195  876.7926803  2103.036152  
925.7965328  650.9240171  1130.594485  1759.646866  -127.5081124  470.3770025  1921.419471  881.4419336  2088.640337  
932.428318  622.0232902  1132.002591  1802.242115  -78.37207057  448.2259167  1937.866921  908.228687  2108.339244  
903.355802  643.0416354  1113.346909  1797.173968  -99.87180934  484.2212377  1925.309498  897.4547661  2102.962128  
925.5041462  612.8426032  1116.441977  1788.832646  -98.07831115  494.6947199  1923.525167  888.9341265  2088.700934  
886.0834244  654.905118  1129.377987  1786.811539  -97.17003737  472.4578419  1935.473643  899.4054322  2098.35791  
927.1771712  613.1950954  1126.879061  1789.984679  -102.9796816  440.5554724  1937.45483  912.8251215  2090.779403  
920.8985548  624.3571676  1125.861618  1793.910691  -119.9669808  450.7434839  1929.651146  901.0271233  2093.654831  
912.6494725  644.4559416  1108.14333  1773.334697  -87.60190046  506.0025257  1917.91532  898.1849215  2085.033139  
900.0252055  669.5859345  1074.617806  1756.699637  -122.5391132  469.3668214  1897.041329  886.1888666  2068.46352  
899.6862357  656.2260939  1071.747953  1759.094974  -129.3049466  472.6798083  1898.798897  861.3916966  2057.721704  
912.3417866  588.8184287  1086.570579  1767.456617  -122.1964073  479.6733953  1923.669452  862.3453335  2078.460989  
880.0092234  616.0064732  1086.720068  1759.202723  -157.6142437  487.4123602  1902.394785  850.6686013  2055.301727  
934.1084002  672.0467876  1088.691695  1774.410653  -169.7460053  421.5325384  1926.151249  878.6444025  2063.67361  
925.1928234  602.5207669  1092.738727  1803.155941  -100.297195  461.405492  1932.57051  887.3166622  2091.050327  
916.992458  636.8367982  1103.837067  1787.106569  -116.4243753  449.1358343  1938.777027  886.17355  2096.197696  
906.0367303  653.1324732  1103.120792  1758.947128  -129.9078215  459.7797195  1924.276485  878.3772827  2097.879592  
909.5731801  639.7120335  1101.109359  1758.659804  -145.868449  460.2066947  1910.575585  875.1123185  2084.187422  
934.9382742  635.7000376  1134.972918  1798.423094  -87.87319542  448.8008626  1921.727873  923.2035077  2113.782517  
915.000515  649.5074496  1120.819793  1770.18465  -102.3114529  455.4832774  1925.508015  916.6110087  2100.104497  
929.5989076  630.9593408  1086.59272  1784.519955  -72.90845933  490.7416166  1937.813606  904.9655703  2117.262601  
948.7509814  610.8961517  1097.845352  1777.503267  -83.24324021  535.7756047  1929.762575  892.296723  2117.990961  
939.6161666  627.5226465  1097.484305  1764.806725  -106.048839  506.3389507  1902.122142  876.7785204  2096.908855  
920.6582299  616.8373091  1108.824223  1769.958503  -129.6295407  473.0246804  1903.603894  875.3414718  2089.36893  
952.4779473  651.192941  1104.097417  1773.26203  -107.7838799  491.8921085  1925.686061  896.1413475  2086.890009  
922.403732  588.5606574  1127.885103  1798.365052  -112.7847732  448.3795692  1920.758003  899.0302588  2090.443197  
921.3542834  644.1330622  1141.06834  1807.227811  -71.07706971  422.1817018  1929.532574  912.6989829  2119.869907  
910.1727277  605.587918  1135.394353  1807.006088  -74.41539567  458.0110591  1926.73115  919.1143359  2109.406042  
910.3413563  680.5260202  1120.709398  1753.795228  -101.3081568  482.5801518  1902.515624  873.8065189  2091.475557  
887.9476163  583.7625244  1096.255401  1737.077023  -124.6456786  492.6423438  1911.458969  858.5823765  2073.108895  
979.6126733  703.4788865  1116.386616  1781.629926  -96.30526373  478.2378985  1940.791469  881.1547487  2107.014489  
921.2668411  559.4653701  1118.319693  1806.960055  -67.45762188  492.8685669  1907.604146  900.8413726  2091.975296  
941.5418988  632.15523  1135.641281  1811.332716  -67.38868806  508.4112675  1909.382485  907.6453827  2108.862975  
920.2020533  618.2158027  1134.494193  1819.875161  -43.34267314  465.5659804  1900.831986  910.2349299  2101.673777  
950.3519055  650.98491  1146.515852  1778.547679  -90.12027619  486.0311923  1940.981858  903.9949252  2110.779048  
878.4768474  649.3572816  1101.313723  1721.305097  -97.70941994  535.5292076  1919.637258  885.4637571  2086.365305  
919.8266601  678.2909079  1085.036093  1796.754717  -115.5967104  551.8177981  1944.208031  885.6834529  2116.042058  
979.1001041  675.327012  1096.615405  1752.743711  -67.09282063  547.8601584  1955.968237  886.0742352  2118.225182  
925.7998369  617.9698092  1099.383244  1771.795891  -80.63502393  529.6619985  1950.524153  899.6945231  2080.581535  
880.541237  664.4454402  1092.830227  1796.300637  -99.33081442  527.559364  1921.161969  878.3328721  2064.643961  
960.7600482  665.1229188  1079.525209  1751.128873  -131.7199145  500.3625926  1938.665842  849.0669728  2092.123462  
910.3839544  618.5776835  1080.883941  1761.959058  -100.2861482  480.1132429  1945.993761  878.5899783  2105.16633  
914.3953874  586.2056769  1082.628516  1794.96428  -96.1945762  466.4821688  1940.508348  871.2346904  2101.568899  
934.8721763  603.4046809  1080.062065  1772.268016  -149.8304453  493.0142492  1909.028173  845.9786779  2066.682287  
927.3456258  636.8737997  1098.018315  1769.605697  -145.1530128  431.3272469  1914.702716  867.8484922  2080.434478  
913.1353516  627.3413536  1104.540086  1778.60236  -164.1268297  420.9974882  1939.982538  869.6998597  2078.827386  
887.7044205  651.2945982  1100.870195  1761.533524  -162.9215914  440.9982084  1935.69476  868.1327987  2076.234766  
924.4865184  569.7349696  1115.764682  1785.242346  -60.04028967  472.1289644  1949.065137  908.5996058  2110.80244  
918.7751179  608.061202  1119.028049  1792.172914  -110.5127701  492.3377435  1917.139697  884.9469877  2109.119737  
913.9107684  627.1581786  1122.984438  1799.924651  -38.28638845  520.4758538  1922.511708  908.8519738  2110.634806  
923.7257553  615.2315964  1137.922421  1791.881243  -97.81390036  481.6251429  1914.307613  887.50781  2091.605775  
930.4917029  661.6726827  1117.076161  1810.058211  -70.52305486  460.5368041  1930.859738  899.4734557  2121.551302  
934.0626006  571.5074875  1139.774491  1806.528055  -63.14739015  513.0439675  1931.459499  910.5911666  2093.800899  
907.4203681  606.9299398  1123.270391  1760.535873  -104.3979979  505.2534405  1913.32319  857.9643041  2084.370154  
942.8411094  627.0098968  1126.416684  1769.186346  -142.1320218  463.8003367  1923.748499  873.9721629  2081.954706  
944.210384  656.0275719  1117.123385  1765.205575  -94.0579558  509.263664  1922.782203  896.8523879  2091.151849  
913.3745215  570.8345903  1099.469318  1751.09066  -105.9135126  510.6992389  1875.77007  878.6445673  2044.533611  
919.3064356  657.3144111  1081.47105  1754.145602  -122.2893225  483.2255589  1882.71667  870.9656675  2049.994938  
906.1229158  650.7414461  1101.54111  1738.705155  -125.5343662  436.1500011  1889.497792  881.6247832  2031.974463  
897.3184245  666.8968787  1102.072404  1762.155456  -138.2882541  424.3578506  1933.265445  874.9517582  2089.175127  
903.9497479  591.8358171  1099.611964  1778.348963  -112.9611345  419.9287116  1916.397375  880.812139  2062.08668  
919.4649416  640.8116423  1115.264289  1766.458965  -127.9036017  442.6313957  1928.213186  906.251086  2070.736705  
885.0756994  677.706395  1112.242715  1762.728286  -130.4117788  433.340003  1905.164669  908.8990619  2045.397533  
849.4776346  647.000879  1103.06978  1772.02433  -143.4875713  422.5584967  1885.300888  890.0943725  2054.377021  
922.638849  605.7513496  1129.790435  1779.215149  -111.7365331  438.3056495  1907.397798  915.6949492  2077.359825  
906.7427933  683.0268234  1130.910866  1763.66892  -154.1566924  443.1618392  1888.615868  908.9881514  2063.887813  
880.9742072  615.8623926  1138.245943  1780.338594  -124.6770349  444.5217726  1926.728853  925.9608284  2057.772808  
915.5716637  670.2076749  1118.81834  1768.912134  -139.4590018  450.6774975  1918.129407  909.6051688  2060.073632  
907.7676434  684.1867032  1102.569984  1777.052623  -132.9393275  448.0766237  1931.373162  895.4988547  2077.906978  
891.8426043  670.2387651  1109.986907  1783.648096  -149.9311639  443.1493643  1898.107227  884.5602062  2062.160344  
947.7527652  616.2015227  1116.517509  1792.449068  -102.9519874  479.4464034  1912.560762  897.4269282  2089.91448  
911.8286755  597.720408  1105.55878  1785.460796  -106.2048873  499.9889039  1892.950709  882.8372484  2095.175776  
892.3158673  493.7545594  1104.216417  1797.610133  -71.26755777  530.5807599  1886.262724  896.3815999  2086.004025  
928.2690624  580.7860335  1104.008257  1775.496865  -132.5426954  524.5020979  1867.798708  868.3993673  2073.830354  
913.5006914  592.4330131  1095.096859  1749.312861  -144.0290652  431.4243722  1874.594806  856.0611454  2054.028502  
905.7551147  622.467312  1098.411995  1740.283477  -204.9945857  420.1795816  1873.715406  862.5136415  2019.232777  
889.2077941  639.6876559  1108.969596  1770.560098  -161.8638273  396.5430216  1899.537428  887.0508529  2047.816169  
889.0535045  636.2118132  1130.951176  1784.658113  -152.3228187  437.2428324  1895.288721  893.5594253  2063.69345  
916.2019153  657.1613242  1113.404976  1775.740025  -76.78136224  511.1382232  1930.606463  912.3690131  2099.728181  
860.4063524  597.5553592  1119.475703  1796.572395  -98.15730381  517.3378503  1933.615434  890.2938521  2088.521472  
945.9639876  705.1631864  1108.393468  1758.49472  -105.0638475  494.4164014  1952.699006  864.127143  2110.592205  
936.7413783  675.8211997  1073.854776  1757.501241  -89.60879813  488.025319  1952.239306  851.6699005  2116.878834  
969.7220046  683.1359703  1068.49815  1756.35399  -103.7552925  462.6332346  1966.915256  859.6812948  2114.444441  
930.1717141  657.1758392  1052.968539  1776.129511  -154.53917  415.3565853  1957.895465  868.6896856  2093.771438  
951.1023759  622.8355754  1103.158771  1816.997105  -96.62498302  444.7408724  1955.603436  887.8169505  2125.609949  
931.2981754  599.5142661  1115.048709  1808.493418  -59.7581216  520.3872499  1954.021793  893.2142141  2132.316617  
939.1787564  666.0226477  1097.043302  1759.106995  -89.50613373  496.8814695  1938.329499  882.108033  2101.538207  
941.9809283  619.4708056  1093.048065  1742.115826  -92.33701969  487.4492905  1917.234036  861.7919619  2087.540356  
930.0879901  625.5585211  1099.792521  1797.262785  -99.30200421  471.680386  1939.22617  880.775683  2107.104283  
925.0612355  621.0356854  1108.900212  1809.014017  -72.18206322  484.431341  1933.353111  889.2314474  2127.148812  
932.9214572  600.3629086  1118.08981  1806.478406  -50.20811745  484.3634812  1938.57346  900.9616896  2131.121271  
923.6951659  564.0678299  1109.359802  1786.483744  -86.67403858  477.7889517  1909.725709  898.1831421  2094.883153  
883.7787458  625.0975799  1118.94478  1749.634599  -143.6234639  420.2844761  1917.04752  900.32835  2064.80139  
888.0657469  590.1731265  1137.416085  1781.147774  -178.0067546  440.3547772  1917.116755  886.775135  2050.518149  
883.4222864  606.2606938  1112.90067  1787.221926  -146.0419099  443.1997193  1910.424039  902.4312108  2064.223719  
889.8270621  703.123603  1140.871698  1781.021667  -152.1257345  430.8138893  1911.953157  920.3550584  2076.729853  
871.5308159  674.3203925  1119.220861  1779.726148  -121.2214777  455.9750813  1906.076942  921.8230036  2064.787039  
896.4272074  613.4905975  1121.139985  1793.178769  -112.1294272  492.1617574  1901.030659  916.2791745  2083.933198  
956.2148942  569.818791  1098.789924  1753.095016  -82.53321021  520.5704927  1902.087199  910.4620831  2082.68507  
880.2267894  637.7630033  1102.505071  1755.844902  -138.7457608  487.2257112  1886.991009  890.3679205  2042.505153  
872.438476  653.3216196  1070.99426  1778.429434  -163.9477285  468.9979341  1895.580795  844.2720795  2059.513856  
967.6165221  625.5974369  1104.752482  1781.459919  -103.7639959  469.7133556  1952.107056  878.320295  2111.825666  
886.3746872  723.5308723  1107.285763  1757.775462  -126.1198322  459.6881515  1905.474164  878.4393057  2084.068764  
906.2274808  609.3055794  1081.813542  1744.175399  -103.5656381  470.0513983  1906.743894  856.6554466  2077.7255  
943.9904235  638.9645645  1082.33096  1781.750985  -102.3917701  449.3682705  1933.440554  884.1492393  2101.633748  
918.8407431  638.9397476  1100.349085  1797.299015  -73.56280068  466.170022  1920.0014  908.8924784  2107.824872  
948.2743228  613.9487886  1121.180146  1783.512173  -57.51766442  501.1980288  1927.67963  935.6825321  2096.783992  
921.8138289  700.9960387  1150.509293  1768.256217  -97.12302285  476.9001071  1931.229836  907.8317028  2089.193672  
924.1189906  637.0860146  1096.944866  1751.541539  -97.1869407  486.0890232  1940.461694  876.727772  2103.409786  
945.811024  681.6571136  1079.604978  1747.278286  -132.8444867  467.4179348  1929.056808  866.2402438  2080.301845  
918.9566803  657.3770977  1054.577523  1754.21377  -139.2015669  453.3791102  1940.89115  855.0399241  2087.363557  
932.3494748  660.6566478  1087.444322  1809.850995  -124.7667861  436.0235045  1931.611063  878.8850277  2097.846879  
937.2209363  622.5776255  1116.653731  1788.404753  -68.20284312  487.7492773  1926.299654  872.9475803  2130.865745  
910.7872642  609.8889811  1092.803523  1778.121524  -102.1903358  462.4418502  1932.17937  870.0323908  2105.10564  
960.5006527  620.8323298  1119.529208  1768.412948  -89.29564015  495.8113787  1915.448558  863.0175461  2104.26403  
909.7015904  573.6391677  1110.550368  1767.502558  -87.06558531  495.4558241  1907.13716  868.7454211  2103.637473  
949.7054759  609.8293046  1096.55766  1746.575435  -108.939387  461.7927678  1904.911818  891.870514  2088.007567  
933.7727031  545.6801217  1091.320598  1746.959548  -145.6195429  441.9765645  1892.39471  869.0760701  2056.805608  
908.8885453  597.9092321  1122.417443  1753.929874  -163.330578  428.1347688  1898.613107  886.5981498  2056.201196  
885.5754106  601.8098289  1126.487057  1776.524939  -167.8870808  438.9953439  1921.209422  899.8477224  2053.715116  
923.0355239  635.0484232  1149.831111  1796.089779  -104.9531246  489.2085906  1916.477632  919.7810269  2082.104494  
885.7500317  597.9050562  1153.68139  1813.483075  -106.2981294  492.9948935  1913.258612  914.6054612  2082.937743  
929.3077107  647.2579222  1151.004814  1787.613035  -87.33277511  500.5605648  1919.803111  918.4386161  2121.185912  
872.9310867  626.874552  1140.596172  1767.215047  -103.4021312  525.0510459  1880.08177  900.7272788  2087.479153  
896.3214913  564.8726393  1105.090932  1750.20988  -129.085765  524.202719  1876.433469  879.3585296  2060.397333  
919.3196346  633.7114535  1104.352429  1780.378515  -85.66359996  479.6431248  1902.1792  887.6252822  2092.85696  
913.7072209  656.1326437  1084.700281  1794.998509  -112.1143738  462.8488598  1911.158178  871.0350804  2082.60972  
893.4853572  644.0098285  1097.231005  1777.620833  -117.8659705  463.3339215  1921.470584  869.5192614  2072.116254  
882.7906406  659.1343258  1107.689358  1802.754551  -143.7794396  446.7753653  1907.493112  870.743517  2095.971721  
910.2646302  613.1709385  1110.93828  1786.148505  -108.2577982  442.1812453  1906.657153  885.9196695  2093.217626  
904.1447406  672.4355905  1122.377571  1791.684042  -117.6453384  454.6443263  1922.47044  890.4747014  2095.967523  
929.4685909  647.5555994  1119.798347  1789.460216  -111.0042961  457.0170951  1926.690854  911.513208  2096.876917  
894.3670299  639.7948054  1120.63914  1785.516799  -103.2901907  441.8322084  1904.810317  907.0941  2078.351828  
898.7907927  649.8172132  1129.130619  1813.536502  -140.5604147  431.9745292  1926.689562  925.793001  2085.819348  
919.5286013  684.9228047  1109.070264  1805.63887  -133.9907041  454.2397568  1903.159712  912.8754201  2082.07409  
936.5347308  621.9270501  1103.878812  1783.670871  -68.70314713  498.9358275  1929.678018  901.3096603  2101.067924  
935.0269461  693.5665944  1095.587748  1767.946378  -62.07350522  536.3397467  1949.677119  885.5481933  2114.906708  
917.2373914  650.3849429  1081.728513  1779.691535  -48.70160311  520.758701  1946.940788  880.5173891  2115.38626  
927.0067523  746.7954132  1075.251487  1783.038863  -83.27362634  514.2748791  1965.539947  886.8697358  2138.172985  
909.7613645  625.1959626  1054.108462  1771.764553  -76.88169998  519.4142974  1961.704412  861.727821  2113.807632  
932.1579429  627.5680153  1064.660385  1778.287552  -105.0848897  511.2076945  1960.246669  849.1515053  2103.578745  
926.9197015  636.7826623  1063.929674  1741.991843  -152.1179795  467.958998  1940.74137  848.7253548  2070.766378  
916.071131  615.3926556  1059.09667  1748.94409  -144.6924837  467.7816621  1933.10894  848.0546438  2072.505574  
918.2342499  627.8003166  1075.901331  1746.216835  -125.5791687  485.8499014  1938.688715  868.7211239  2087.208127  
926.8521271  641.6111837  1089.299284  1777.063788  -109.0555309  450.6576149  1940.688735  879.6946237  2091.831131  
898.3842574  624.014657  1089.443208  1757.621889  -149.8012847  441.4477964  1924.865488  868.0639121  2080.593634  
884.8172668  604.3571969  1094.031176  1746.793251  -139.8787481  419.543467  1927.043933  878.8592776  2082.381742  
906.3436078  603.1724359  1120.679821  1802.224395  -123.3046018  424.9957551  1942.700068  910.4368121  2100.82366  
887.3178559  613.7704707  1146.590228  1789.913736  -68.61652722  452.8627338  1924.689732  919.0696026  2107.262557  
922.6787047  550.9910105  1136.931782  1780.622152  -76.21917508  460.4122402  1919.34749  902.5886892  2084.531313  
938.7282548  613.7328694  1133.183299  1768.516994  -134.3316177  458.6710044  1910.537834  880.0505111  2075.321878  
927.7714895  584.0281063  1126.962741  1780.436984  -116.4442829  460.6247643  1906.755225  893.8878626  2065.626121  
894.9905389  666.3504276  1133.271636  1777.308283  -133.1847092  450.0003954  1900.791971  915.8393795  2065.727605  
886.5091835  590.62644  1134.745977  1790.150641  -78.16651571  465.6869839  1899.146158  921.3345964  2080.351354  
925.6773002  607.2580113  1142.452372  1753.888659  -137.3076346  456.1608101  1897.355144  909.2381433  2059.728361  
916.4938959  626.44965  1120.813855  1779.375821  -117.8410038  462.9969935  1890.889333  895.6410427  2048.250012  
906.9656436  626.1478818  1116.401369  1743.689179  -156.3819272  469.225224  1879.477459  868.8016493  2011.55939  
952.5220444  662.8738978  1104.179976  1714.736757  -161.1235281  431.3122551  1933.404657  859.9550606  2057.337537  
926.0015658  596.5240409  1112.032657  1775.432635  -126.9715583  444.3015761  1924.505877  872.5127742  2076.118584  
946.7265913  620.61298  1136.485515  1773.215332  -128.4393473  456.5587992  1926.46458  905.8181565  2086.293461  
913.4050196  587.1000263  1121.190033  1791.282832  -116.7609127  450.7528126  1895.76854  908.3514946  2070.738612  
919.6089699  582.2323634  1129.366596  1795.075189  -97.65488497  469.3464625  1904.514138  912.6942175  2084.985151  
908.6488867  651.2861199  1156.812553  1809.178245  -112.201414  453.9790328  1900.346331  901.4265826  2088.052779  
929.7854681  652.3229266  1158.080212  1799.569322  -127.0387175  459.6829003  1921.140443  895.7316973  2100.205908  
936.9166374  613.9772075  1142.622867  1792.746836  -118.6106554  452.1653724  1909.928006  889.2826509  2091.95103  
962.1132304  523.2519675  1127.062803  1763.751639  -123.7941653  473.9871904  1914.587051  897.8054012  2086.370589  
918.4876812  661.1058276  1127.717352  1755.984204  -118.4455348  458.4222291  1903.659752  889.8095923  2073.415695  
868.5096865  626.0411208  1084.08127  1759.664182  -131.5537378  468.8584878  1891.640808  854.8284715  2055.039097  
945.2557229  723.684033  1071.328956  1761.247658  -159.5728839  464.6380247  1922.495671  864.2244281  2086.810492  
939.8585886  681.1817921  1070.636619  1779.654002  -121.1194288  452.4523422  1934.814819  867.800397  2098.289214  
953.7433535  682.4935445  1093.008979  1786.2882  -135.4190739  449.7956699  1933.916166  869.8519153  2110.226656  
917.6855306  682.9774474  1096.579963  1795.287186  -122.3358626  448.6468847  1926.76347  872.2433843  2109.168357  
905.1308026  626.2702938  1101.021188  1773.943204  -136.4217453  446.7385397  1929.155085  881.6685969  2099.111619  
895.0473855  629.6615932  1085.862127  1774.509171  -149.0079856  412.8509685  1923.368191  871.4779255  2090.612598  
909.8101614  687.1739284  1101.988223  1756.153166  -161.5216189  413.5732403  1923.361591  882.0122354  2085.513352  
887.5970258  647.561937  1098.560737  1762.46102  -129.2560837  435.9217987  1931.508998  907.8035564  2095.607103  
925.5528015  634.334534  1103.774684  1797.135441  -73.29145978  468.3998901  1950.935784  913.7465226  2109.060356  
934.7970308  648.1551506  1121.828129  1775.745795  -110.3954944  496.0648551  1914.013363  887.7487498  2095.024151  
918.890511  623.2515495  1104.138104  1755.514649  -119.9242575  483.3078484  1917.004007  888.4306321  2091.251113  
923.5534973  573.3822211  1093.22005  1780.212153  -57.21582377  498.5653979  1933.434836  893.3300458  2106.71483  
925.4734385  637.5388976  1101.143534  1775.953366  -82.51046705  504.5002477  1925.809783  894.4025444  2099.63837  
884.3201768  600.4640487  1090.765331  1778.21234  -92.58698493  485.2020745  1906.552945  886.6934595  2084.647601  
904.1475017  612.3023025  1115.846315  1782.317296  -102.5939714  496.8521913  1913.721431  874.260146  2084.392164  
890.4783612  653.5046101  1112.792076  1772.357639  -127.8313693  471.4241358  1901.96783  885.4905576  2075.676112  
902.8435241  649.3579664  1102.122257  1766.098584  -107.593778  477.6019714  1901.303417  887.8327612  2059.052584  
916.3903597  635.7648432  1122.166688  1772.178042  -106.1632602  486.2605313  1916.59029  899.7582337  2080.124975  
939.1180542  618.7312075  1112.718209  1771.231581  -88.17238784  520.6051082  1923.568323  892.0359976  2081.444686  
915.3302426  582.9447796  1110.608819  1787.361324  -117.0645072  469.6540118  1933.665142  880.9664878  2075.120403  
