1078.148698  467.6160494  978.8607767  1346.550533  300.2292751  582.2222739  1798.650209  1085.534165  1808.100254  
1043.500707  469.8292213  971.0158363  1364.976127  266.066699  575.3037832  1771.606973  1074.037578  1809.682106  
1026.410218  458.9788551  987.2022801  1359.897361  262.1456153  570.1816261  1797.95704  1079.935467  1809.116503  
1040.523127  462.8122604  1011.821542  1372.5147  275.8157378  571.6108411  1799.02732  1080.201792  1823.757053  
1033.634477  435.2835064  1001.988256  1371.353164  274.0339499  561.1193841  1787.036367  1071.515349  1822.769016  
1043.670786  462.6232258  1001.284327  1372.315586  277.1965157  574.067278  1804.442718  1078.164678  1824.725476  
1041.394128  468.6070987  1013.72615  1377.092526  269.7462745  579.8278003  1800.459638  1078.483727  1821.575098  
1058.841109  452.9566648  1020.354097  1395.554224  272.846389  576.8122065  1800.170877  1074.738091  1825.365689  
1031.131231  470.3214494  995.9473631  1373.780223  285.5735265  560.2647569  1792.049161  1072.697989  1825.246323  
1052.930682  458.3791792  994.3748093  1381.303051  285.701156  573.398081  1788.359519  1083.999953  1826.708028  
1034.727658  457.6204229  1021.288173  1388.682582  282.3634376  573.4541747  1761.635659  1080.408782  1826.32753  
1033.5056  454.955327  1000.067555  1379.07822  281.9953571  567.4463887  1772.311326  1076.124041  1839.296299  
1039.753368  455.2213803  1000.586281  1385.859036  280.313656  581.3976576  1788.939744  1080.243431  1828.284186  
1052.091285  466.5531024  1019.328016  1403.541914  294.1445383  601.4741331  1761.282657  1094.823602  1855.221755  
1068.792336  443.8578289  1043.281462  1448.539666  319.4119088  633.7330252  1767.028143  1107.461944  1875.410093  
1084.535409  440.6930174  1005.429299  1441.721067  319.0877883  647.3744682  1782.178701  1104.766922  1860.408731  
1065.288455  426.369718  982.2891482  1384.346308  291.5645789  595.3271472  1770.085958  1072.762925  1830.531325  
1049.239257  451.370793  1009.824509  1420.661586  315.1708688  633.6706445  1759.561331  1096.357497  1867.120807  
1037.615053  470.1764976  962.5674786  1390.887555  295.3227449  619.4330937  1763.205718  1093.597636  1818.982086  
1035.107769  447.5028279  982.5016293  1390.889319  298.0542975  618.0616856  1755.688804  1097.990314  1830.709499  
1041.710083  455.2443115  1004.169704  1406.622172  314.5826051  638.7103547  1743.85021  1106.090811  1836.675949  
1056.597648  454.9632997  957.8217515  1367.668328  277.6565614  613.7490492  1796.49484  1090.912866  1804.448958  
1026.700745  451.2538973  974.1475074  1306.346881  270.5279243  564.1477424  1783.46306  1064.074936  1794.57081  
1013.778111  465.6966342  987.4574878  1313.59689  288.2134283  565.9029169  1749.864628  1060.687397  1816.853263  
1016.139488  490.8569289  979.099677  1346.021779  275.1969153  569.1262597  1730.748285  1062.076564  1823.248882  
1015.133927  502.8842367  993.0868172  1361.411338  298.4810604  597.0653557  1737.550646  1085.45063  1840.875296  
1035.360972  488.3176166  1018.776314  1393.76132  274.1098983  628.3234662  1751.024294  1095.244812  1835.931677  
1040.855466  465.5440149  1012.150604  1431.909543  289.5552801  632.5161127  1775.514597  1101.037899  1834.279205  
1072.584568  436.9549952  991.9961223  1427.246421  299.6865038  645.1156483  1809.355546  1097.137678  1844.458041  
1086.968575  433.2006689  986.6940959  1402.451488  262.5386727  603.9975549  1867.004871  1076.624661  1802.353111  
1049.278032  457.2742605  995.7372943  1351.138397  271.9088179  574.7479612  1829.536992  1075.809058  1808.500874  
1026.290338  491.2649012  997.9578158  1315.236967  280.4387303  544.3120539  1794.286157  1076.809426  1801.773233  
1040.159694  486.3984123  987.6851365  1350.588175  265.8028225  557.3882071  1806.129218  1084.11746  1807.80205  
1038.127697  471.6129423  998.3965043  1348.648159  250.9479508  555.0853933  1806.117172  1083.476823  1797.18564  
1044.022779  456.9579134  995.3248587  1361.950281  261.417032  556.058821  1836.594415  1081.614498  1807.141958  
1057.159134  459.0484977  1023.847369  1381.82735  260.6434585  560.969909  1806.485928  1087.552994  1804.560373  
1048.584293  456.420089  1014.162268  1374.392297  259.4392731  568.5381521  1802.422835  1078.23703  1796.075181  
1044.076971  445.5122075  991.667045  1387.387442  268.529832  573.1436815  1804.840889  1084.710485  1806.289437  
1050.15194  467.5571034  1015.516761  1388.035229  274.0059548  582.6706675  1797.667922  1086.225186  1799.071509  
1054.532151  451.2757427  1016.620511  1386.363768  281.894812  572.6703336  1831.420995  1079.170803  1827.792188  
1050.601921  432.7855448  1005.839807  1379.247564  282.06793  570.3372232  1820.933911  1081.722615  1836.312931  
1030.56239  468.8773073  998.7288661  1365.9738  290.3585404  558.9088789  1766.806315  1075.426266  1828.097498  
1042.108832  470.5995964  1000.260716  1382.901803  287.1200633  569.881357  1791.046339  1089.510299  1834.848931  
1048.099863  455.6806764  1000.780211  1387.738007  288.3275884  579.2121577  1786.820045  1083.904779  1844.327517  
1049.35426  440.202031  1002.241966  1400.864618  291.4953598  579.5858123  1796.368253  1082.919895  1841.391345  
1052.093752  434.6894525  1006.572729  1385.105903  286.1787462  587.1742792  1782.98412  1072.691246  1841.497573  
1059.621437  453.1184105  1009.876301  1377.063949  282.2647813  597.1629356  1789.59973  1081.089569  1834.455345  
1042.042533  473.997143  985.5422432  1363.376788  294.0160066  568.9516143  1773.771399  1079.432693  1831.549624  
1049.294381  476.1051383  992.4806494  1371.154792  290.5829854  583.4814716  1781.618941  1078.934093  1838.677988  
1062.079928  471.5242473  1006.708076  1380.091577  277.594546  572.8776139  1790.977366  1084.519465  1817.797772  
1054.224694  458.5738382  996.9737927  1377.770285  270.2108858  584.43165  1773.076385  1083.89163  1815.707263  
1045.853287  477.4557741  1007.534106  1385.635247  274.1827183  582.9509663  1770.42268  1077.362713  1817.502015  
1045.911463  465.8505754  1012.619111  1397.354356  281.1843616  589.6324939  1804.514738  1091.55683  1838.132767  
1047.371812  456.3596795  1003.867908  1405.078925  285.1065861  601.2720149  1785.357262  1090.57212  1850.463802  
1050.15847  460.2941949  981.0236297  1379.157565  278.8900939  568.34184  1784.137877  1070.578296  1814.272637  
1040.635913  435.5801475  983.4041114  1364.35471  288.6429543  541.4982506  1793.01146  1077.668683  1806.720804  
1051.972882  479.1763823  1005.123839  1365.64098  274.7482885  571.067432  1792.868705  1073.594806  1823.482899  
1045.585207  475.3202108  1040.688402  1398.684136  289.4221016  625.5783509  1770.458731  1099.208765  1869.872907  
1066.383262  453.068595  1030.826838  1436.135741  313.9296162  615.9398577  1781.561492  1115.905732  1866.965852  
1056.03232  442.1832011  1013.999208  1436.961634  323.5954455  633.774281  1757.411758  1116.087685  1866.308847  
1067.128287  447.3179232  1002.680259  1457.450425  337.4242979  657.8395845  1773.911213  1126.208483  1882.740334  
1086.001925  431.4058534  1003.309783  1464.872404  327.5401978  645.1908057  1795.006377  1118.157644  1858.733514  
1078.71864  420.3470556  976.5668182  1422.263221  293.654397  667.1676565  1801.408561  1085.266123  1808.225209  
1036.919476  436.3822582  965.1908757  1332.319014  271.3753489  579.1533918  1786.816971  1043.423549  1787.834256  
1040.324422  451.3905295  972.1887259  1313.443638  269.3270229  525.5043703  1775.401337  1046.709361  1788.788295  
1035.557767  468.0980466  952.6132208  1311.438627  250.8626193  531.7180652  1793.180687  1051.28004  1782.332201  
1049.095026  483.0598706  974.8960398  1318.180888  256.5425059  531.8158206  1807.974105  1058.333543  1792.191709  
1045.173409  464.9241803  983.0754188  1325.449038  257.9632828  527.2948327  1804.924175  1054.251793  1797.1885  
1023.654144  474.5040896  978.4928618  1303.475617  266.7574954  509.6506053  1789.962695  1066.488631  1794.218855  
1015.215161  479.0579143  991.1018454  1329.209201  253.9096273  530.8769695  1768.399354  1073.096279  1788.679814  
1034.129302  474.558744  1019.666071  1360.72521  256.3471672  567.8939415  1775.260752  1079.171092  1802.329944  
1019.960259  468.0733336  999.3247825  1359.676004  270.2825206  578.1749412  1782.593706  1077.860964  1815.318994  
1039.237492  467.3967096  1003.867364  1395.482553  283.8320901  603.8689377  1774.528765  1099.143825  1839.482033  
1094.999105  466.6517952  1038.58802  1454.662097  311.2591785  658.6002924  1809.02012  1128.832716  1861.954568  
1075.762965  444.5720739  1050.401004  1470.243085  319.4542502  662.4491582  1814.774934  1129.603831  1878.932745  
1086.946283  419.0139525  1029.276431  1441.940768  298.9322002  638.0302362  1808.485948  1098.2678  1838.523759  
1065.574697  411.4583144  975.9493906  1420.124603  297.4380747  635.7929951  1766.08831  1080.526925  1826.863879  
1049.653273  430.0075704  973.5474565  1419.759481  318.6872648  614.062785  1760.28346  1089.13361  1840.485266  
1051.942317  440.4975506  963.90251  1364.70889  277.3783311  610.5236019  1806.144394  1063.487664  1797.987037  
1035.911114  454.4175928  1000.159328  1363.30726  277.3789293  610.8765167  1776.995925  1072.588681  1841.357605  
1015.331218  473.2538562  993.4255114  1366.900413  293.5102666  596.2439556  1758.586535  1082.666372  1835.308033  
1028.302296  465.4063392  1007.369671  1357.251042  295.6479722  582.920629  1755.763125  1087.483974  1848.768758  
1024.653552  489.8185403  984.1479559  1378.077628  301.404464  588.4155619  1735.499458  1089.344803  1845.093574  
1047.567601  471.0793932  981.03374  1361.773478  289.4660032  610.6525596  1755.341131  1092.191798  1821.846653  
1045.918053  438.4268021  963.4840972  1375.631054  264.9445016  607.8760504  1773.149547  1084.755638  1793.904273  
1028.885595  421.0233863  947.7106495  1365.373585  272.01211  583.9220278  1802.77663  1056.217371  1827.623249  
1040.293218  478.2959205  1004.154426  1325.897479  294.0970087  541.4039072  1806.946659  1050.158325  1840.750392  
1024.881832  502.926672  1020.719901  1330.964617  276.3621452  502.6305854  1787.973006  1065.287674  1831.1279  
1026.786962  488.761964  1007.30976  1349.528978  269.9771312  531.3297162  1826.594359  1060.586644  1811.816755  
1032.215648  499.3193745  1031.496558  1333.151602  264.0787249  511.9582731  1805.479342  1066.918994  1802.960732  
1036.083514  489.741186  1012.132428  1341.57308  262.5792591  520.7367644  1799.763055  1070.63767  1821.082277  
1008.028675  503.4951589  1002.616412  1340.62548  267.7814575  537.664287  1780.213421  1072.696512  1801.258441  
1033.915832  483.9363631  1021.800521  1360.771691  274.4165661  533.9340996  1784.631958  1071.930877  1805.956809  
1044.56076  461.7511687  1026.753205  1383.183788  267.5652204  569.7685243  1774.33543  1074.337963  1831.42904  
1055.556293  468.478882  1014.980704  1412.086864  294.9871516  610.0350425  1774.604404  1102.180771  1863.430084  
1060.31841  450.7788318  1045.382569  1456.613388  308.986432  625.693934  1792.671773  1116.741792  1869.309924  
1080.787184  406.1154751  1023.000687  1459.169303  298.9527529  634.7647557  1793.255631  1099.237119  1816.180536  
1060.761569  409.9609565  959.6338793  1384.573303  289.3535458  622.3817814  1777.043274  1065.950409  1813.172386  
1049.399113  428.124781  966.5046953  1376.882304  290.1991993  583.0616454  1794.220673  1067.020582  1831.092192  
1051.758152  469.7681458  986.2911529  1387.219401  290.4273207  585.6489498  1787.888577  1084.566928  1837.619163  
1056.458676  465.6728183  996.9557628  1399.529538  301.9255363  596.340697  1818.353146  1096.273329  1856.130924  
1084.94106  453.4569295  1010.929333  1408.727359  276.9161944  635.9751915  1817.237334  1113.086276  1825.060886  
1049.177094  418.8391233  965.2737119  1383.728336  268.5411978  616.8686799  1809.70862  1087.517747  1812.492196  
1053.467544  430.6136764  994.3660632  1399.394113  303.4319555  635.4735658  1794.711057  1095.683462  1835.024102  
1032.988759  447.0445662  968.6032018  1401.469265  276.6326222  592.2375217  1801.468992  1076.597339  1812.637289  
1033.767429  459.280793  980.3066325  1355.360091  285.6166726  570.5440093  1820.470772  1075.128538  1825.106593  
1029.239363  464.6684698  1023.532638  1386.863018  289.4516041  589.3220841  1785.824379  1087.966473  1851.358754  
1055.009276  441.9362594  1012.043106  1389.054546  283.0177038  597.9168816  1772.130113  1073.225187  1818.056549  
1022.762896  456.5141949  998.8115838  1373.823079  296.0634178  597.9774703  1736.542527  1077.964928  1807.991471  
1025.517264  466.9021629  983.2634243  1364.156491  288.1748168  594.4534081  1754.238266  1077.637764  1790.466434  
1019.984661  458.034817  1011.426275  1362.963878  259.4045158  572.9724991  1746.018865  1068.197129  1800.41468  
1001.521823  467.0680018  1000.942526  1365.711973  260.2125875  559.4246186  1710.824  1062.897157  1828.735745  
1038.895341  497.9504436  1003.282988  1395.044553  263.9229875  580.0479591  1738.494507  1079.495577  1813.947533  
1030.082653  456.000299  992.8991484  1371.546597  262.2115496  580.5593642  1755.649301  1075.756638  1813.871528  
1052.656015  475.8348214  991.5462268  1340.794902  288.1652458  576.4972359  1779.596177  1072.649651  1822.27596  
1019.593545  470.1637869  1016.091952  1343.067461  294.2798311  537.6776562  1751.866617  1064.580259  1839.522054  
1040.462083  510.4122092  1021.734778  1358.900721  298.0411805  558.9227572  1780.360293  1097.840116  1861.288176  
1036.710608  483.7951523  1013.635504  1367.907522  306.5587413  559.8457493  1799.120181  1101.387869  1851.733603  
1050.192224  436.4543794  1003.473853  1394.781637  263.5390356  547.989459  1832.14592  1090.312132  1827.687777  
1059.293454  456.3777985  1000.711966  1323.027951  271.741419  542.7411804  1810.058098  1047.908136  1813.008588  
1013.697318  475.6617001  992.4750185  1325.650035  281.827641  539.2916303  1763.79079  1055.459751  1817.900152  
1030.0958  477.7374283  1010.392082  1367.670566  283.115932  545.2067503  1767.684773  1080.971283  1826.185793  
1053.097834  447.9936639  1005.871307  1386.884061  265.4560664  584.0023362  1787.636124  1079.032945  1793.858488  
1035.584603  427.9592371  978.7453369  1396.823443  279.3531024  583.1193576  1752.275243  1073.690957  1822.547833  
1032.251213  439.0657167  989.5380001  1403.125448  291.1441262  582.2834683  1748.795954  1084.263837  1830.863098  
1041.355465  465.4261304  980.5262858  1385.052266  310.1175085  572.4888874  1761.466791  1089.618241  1852.677771  
1093.204322  463.0567691  991.209034  1422.114329  308.1696982  557.8382181  1822.169122  1104.501461  1839.802625  
1064.527868  441.5844461  990.5536734  1363.08481  262.7452492  574.3701626  1795.082703  1067.289242  1798.335598  
1036.004407  455.5818106  1010.913873  1371.932234  291.3053154  592.9268496  1770.259439  1079.946845  1832.598343  
1039.795426  493.3600401  1013.726812  1391.458323  297.2245605  581.723826  1796.27849  1101.873315  1841.437254  
1036.963726  480.1058742  1004.117418  1410.281543  279.7259076  598.7681901  1794.477714  1100.6089  1831.307947  
1106.171381  463.1450259  1029.865595  1458.066392  287.5939743  619.7432198  1846.212048  1119.947177  1826.843388  
1096.776096  410.6281809  1014.812677  1468.935831  275.3796524  624.5573856  1837.599518  1121.274636  1835.321535  
1058.186661  427.5754817  970.2429286  1391.501944  278.6000771  624.0094893  1818.133868  1093.825718  1825.065301  
1030.98386  424.3709357  984.4449715  1347.561854  302.2071925  622.9708411  1747.600989  1080.21604  1857.93598  
1039.466148  433.5428534  995.7150143  1380.397048  297.0704792  621.9349413  1749.963262  1078.280548  1845.520309  
1026.124418  444.2051485  1001.053991  1399.502489  303.1229569  614.5140472  1756.313009  1106.424182  1855.10354  
1059.646382  426.652782  1007.806459  1431.880081  299.465705  653.1710688  1793.305127  1095.377506  1836.596793  
1103.133465  419.85193  1007.73241  1488.934541  310.5377726  677.4537224  1836.010127  1115.470542  1830.029793  
1069.318438  439.3066408  1010.031374  1406.677849  282.1343289  620.4384642  1835.089507  1095.113882  1807.671914  
982.1828372  426.9508143  983.0558677  1307.522612  276.7157334  551.8076464  1763.921689  1025.051581  1824.234066  
1009.363329  469.5957148  992.1199797  1324.351165  287.031998  512.7869225  1764.54674  1067.56067  1850.300966  
1036.075739  497.6411052  1009.272262  1355.492865  280.491802  558.5793504  1793.156646  1101.314446  1861.839983  
1072.078962  484.9421518  1008.626197  1407.876613  270.7518608  568.9868949  1831.434057  1114.941355  1859.035242  
1093.728442  498.4043963  1017.015946  1403.685498  287.9029349  596.3744557  1809.422292  1122.387053  1877.386871  
1112.092616  462.8444161  993.9319941  1409.34029  260.2765254  619.8603475  1775.16265  1100.738898  1805.534691  
1033.4408  456.1666233  948.1948173  1344.986635  264.9003446  586.2156683  1712.641308  1047.943043  1783.357236  
1042.963865  478.3329158  999.1347688  1377.58929  285.7791225  590.3129674  1728.316981  1057.596923  1818.09921  
1040.720964  494.5734794  994.1230109  1372.285598  296.3989108  590.6605627  1721.442556  1054.872993  1794.599735  
1011.674652  486.7268235  966.6670482  1332.195022  293.9482575  569.7225967  1715.705691  1052.011779  1810.682591  
993.4028211  486.9233683  990.7477581  1321.959879  300.3950325  568.039631  1722.112266  1043.248361  1814.918222  
1064.048549  481.5121977  1010.142423  1389.924955  290.274986  583.8010793  1805.402135  1096.654357  1841.214769  
1044.917768  451.6636762  1005.046261  1345.661334  245.8435191  574.7869457  1791.690592  1069.545115  1794.146898  
1011.418043  452.3179682  1001.103078  1296.820316  262.8137499  573.7003533  1757.089574  1045.805257  1804.104809  
1031.492956  486.1753832  986.2250162  1358.833283  290.4191997  579.9289505  1757.866811  1069.20787  1814.21604  
1040.185608  481.8770877  999.2139142  1414.297991  279.1578043  574.2133023  1791.18084  1089.126006  1806.652676  
1068.496523  478.0045048  1020.557452  1408.151497  282.7886245  592.1619359  1832.868394  1101.085418  1812.510945  
1088.146999  468.6042943  1027.385421  1422.731846  282.7388333  645.1725127  1851.408198  1121.490001  1834.68461  
1113.968393  447.4302369  1012.359353  1440.98047  286.836557  690.997422  1873.908667  1131.719684  1823.173436  
1097.044288  435.8003043  1043.545546  1470.681485  301.1592317  705.5827376  1834.391449  1139.203091  1840.555044  
1040.750802  416.7137517  960.7856906  1420.079354  296.5035911  588.1571388  1790.566668  1082.677154  1828.998116  
1046.396243  422.9928594  963.7451408  1418.839032  298.7672336  550.4685736  1810.273222  1069.422581  1848.822421  
1085.557556  425.7186047  994.6889133  1457.595145  313.3738018  596.6311129  1833.208152  1102.992932  1860.034643  
1047.163959  393.0147362  984.4573784  1421.107727  316.0264834  580.8802409  1789.89703  1080.151234  1837.06769  
1012.639677  420.6051111  967.5983258  1359.489326  291.142723  570.8870638  1740.61255  1053.918004  1801.219145  
967.7428532  454.174058  989.2508671  1277.715989  293.3573119  535.3533215  1701.748351  1018.115516  1817.037929  
984.1441082  486.6152734  999.551513  1334.846258  252.7774192  538.0069962  1721.467648  1057.939126  1819.559435  
1017.4785  484.1602034  982.7575783  1321.768154  252.3641116  515.353127  1776.233428  1049.199519  1812.053217  
992.0215975  477.8740928  1011.727189  1281.070501  277.6364653  510.0895851  1754.735699  1036.980228  1824.342173  
1022.037398  504.6585775  985.9177947  1300.064761  270.0350725  520.6693638  1746.978777  1061.988634  1812.504393  
978.7643163  492.9992716  986.6176905  1304.829396  288.7423752  518.5407459  1729.496226  1055.065485  1829.189861  
1036.805234  527.1218635  1037.519851  1361.208319  298.2020497  549.5700347  1762.730131  1096.116968  1856.885459  
1053.747963  499.2936309  1034.150414  1396.845478  289.2137454  574.4864151  1792.916367  1097.582332  1850.699095  
1083.982446  444.0401566  1021.752558  1435.867163  276.7974659  599.253133  1821.66934  1114.664163  1841.391793  
1033.642671  437.1396781  1009.07126  1407.637722  247.001839  568.4983506  1781.792088  1083.409449  1827.958438  
1038.853666  422.0617292  987.8251273  1396.488357  249.7207451  596.4286251  1803.116924  1093.570236  1805.707271  
1056.512398  403.1662044  958.0660096  1369.401138  259.7158181  601.0689307  1824.570417  1073.634788  1795.644994  
1041.919058  433.557984  994.9623883  1327.118421  279.4024504  577.1652242  1785.694603  1050.892679  1824.743824  
1071.532897  507.6978342  1048.036709  1349.103943  296.1124656  580.701742  1800.390785  1090.709683  1837.422356  
1034.479676  474.3704042  977.4419748  1355.047781  275.9806576  589.1692296  1776.17628  1072.69427  1811.606999  
1033.200984  467.355772  989.448992  1356.179932  271.8388377  573.7867951  1763.886168  1092.263069  1820.178426  
1022.723375  443.0851895  989.5698147  1349.55707  257.2236025  587.2589332  1759.284595  1073.81694  1819.995507  
1079.707178  482.1653655  1022.277537  1390.191369  297.2353332  626.6534187  1805.164771  1097.406564  1836.810964  
1086.96939  458.5161913  1020.31585  1424.930128  294.0586137  609.0995782  1829.366396  1097.911378  1819.871401  
1049.945623  459.5427991  960.143653  1349.558865  264.2386261  549.5911452  1785.705183  1044.441094  1787.394141  
1029.554548  431.6824022  982.873981  1364.475565  275.6660049  542.1882076  1752.288769  1054.139336  1825.383197  
1095.354323  462.3894656  1011.83166  1419.453546  278.8565978  557.2406439  1812.545511  1087.592619  1820.958619  
1099.129447  448.5721468  1002.054262  1441.759708  277.8587818  631.2043295  1828.676625  1097.448625  1831.195214  
1158.88243  410.8883741  1038.580912  1490.753776  295.0944874  657.07749  1908.990392  1125.498676  1838.807708  
1090.747725  386.3754865  1007.904833  1473.928693  294.6259951  657.0682064  1842.42167  1117.679917  1856.014196  
1063.841975  421.9237377  944.2890768  1435.569173  317.5479991  592.6678149  1802.379406  1099.807021  1850.268702  
1011.437019  442.3808363  986.6590938  1345.282822  309.2230921  526.8634704  1725.38179  1064.507215  1860.883981  
964.7332097  457.7980197  993.9239793  1321.720662  282.8708441  537.6381458  1722.614194  1068.942213  1845.501325  
994.8169677  472.6560942  1004.145416  1329.669986  281.121686  551.4693543  1738.82592  1076.834023  1827.161695  
968.7432987  463.5840848  986.7356513  1313.627328  267.8743899  570.0437215  1723.80066  1058.358884  1795.434289  
985.2963742  482.797343  998.0963324  1307.051956  295.6516733  554.149731  1721.41948  1057.958248  1821.086515  
1012.224681  480.0397285  981.810788  1333.271697  286.8596337  552.7485536  1727.180294  1055.874982  1812.513808  
1052.124086  498.1347535  993.5094623  1369.298971  270.3697448  593.1136644  1813.166227  1078.222422  1805.244484  
1092.54883  487.8738944  1032.890423  1415.295853  284.7954852  623.687183  1838.905409  1112.309935  1837.557722  
1096.036576  459.2075974  1012.385535  1458.259812  282.4700639  649.7225704  1807.009854  1104.049801  1825.64518  
