1138.25213  861.5583013  1387.343354  1506.381068  -423.357134  124.1122089  2479.928773  667.7892884  2148.910405  
1103.47901  834.6367342  1376.930818  1502.321277  -449.189046  68.42369261  2515.986817  666.0435492  2137.31723  
1098.92154  823.2454706  1301.657463  1494.64952  -456.2606091  38.91681231  2511.654347  675.3756786  2090.746514  
1109.374257  847.2747605  1316.085641  1487.367183  -428.779249  -31.21636433  2540.896691  702.3113271  2063.007213  
1097.531946  834.144387  1319.462072  1489.686862  -447.5847727  -24.14379317  2513.065504  674.5273568  2104.353288  
1070.658738  835.3640324  1325.018521  1510.092  -442.5021815  -41.89903493  2511.336999  677.6670922  2121.175841  
1097.103896  830.7189641  1328.072374  1510.216542  -444.5471808  -10.49387685  2515.604707  692.6751319  2114.487636  
1123.692076  865.6553382  1344.005108  1479.536  -422.8523576  -102.9779709  2543.035426  715.7089217  2100.236402  
1116.795871  851.3677164  1361.397713  1491.223011  -439.4160607  -48.30116708  2531.748271  689.5173726  2125.399663  
1114.537597  852.8912841  1370.703626  1493.318004  -452.6045936  -24.42994528  2518.62896  686.314577  2123.890509  
1116.751702  835.2583252  1344.787542  1512.056887  -441.2606006  -36.90662457  2524.16025  685.5991143  2120.880529  
1123.58327  857.3863799  1340.516535  1525.30634  -417.3764431  -42.33772803  2517.759384  705.2886141  2091.907679  
1113.570476  853.8842742  1327.572013  1510.973835  -412.3132709  -10.26560123  2494.176657  691.1207853  2085.788612  
1112.136548  854.381245  1351.028591  1500.539447  -412.786568  -29.75337337  2502.524594  709.9398194  2085.742242  
1123.36817  853.812814  1376.87305  1506.86523  -421.4115157  -27.79009758  2547.703151  698.6557706  2112.928608  
1109.891305  827.4908419  1347.598211  1526.225562  -444.9959386  45.99704193  2527.316021  676.2963436  2096.164966  
1115.517138  822.4825434  1310.035219  1519.988391  -432.4299617  20.62953498  2505.463702  690.6530658  2086.342352  
1128.604924  823.7880157  1312.949564  1526.64635  -419.5119792  -15.61838769  2539.83147  705.003892  2083.310443  
1111.685356  833.4867184  1338.624045  1520.835889  -436.223511  -26.04601306  2548.536694  697.6426206  2113.053892  
1119.401617  824.7217401  1343.793621  1512.46091  -450.6318202  -12.12770134  2550.247897  678.1590615  2135.595406  
1126.447434  842.4330223  1375.567211  1499.291684  -429.361627  38.26253872  2529.59515  668.6681635  2112.453563  
1123.665071  843.5447063  1343.882975  1495.757854  -436.6011297  55.54164973  2482.104895  670.4944279  2062.047344  
1140.938928  850.37262  1349.886054  1476.865103  -429.0943009  8.399037058  2507.909425  681.4822946  2051.665019  
1142.214178  876.8328952  1375.659214  1467.294445  -420.0279227  1.759238931  2520.900972  686.7524908  2074.816285  
1130.776165  849.7826527  1342.848152  1479.182  -422.23912  -13.18692572  2490.357237  685.8379761  2092.376742  
1136.059856  827.680512  1320.436678  1489.345867  -427.7696139  -27.93791095  2520.246315  695.0097712  2084.967486  
1123.88522  837.8537485  1336.909391  1508.173399  -420.3917422  -107.6596443  2541.884458  713.9817727  2103.473879  
1155.906569  864.3050465  1351.389451  1479.424095  -414.4405  -149.0571474  2566.613681  732.7723519  2103.856457  
1135.589891  858.1137196  1339.177711  1481.561835  -421.3658813  -70.21219205  2578.135435  709.2970783  2107.91457  
1146.703825  849.3194162  1359.563647  1505.696476  -433.918745  45.30103136  2539.407415  669.17514  2107.672009  
1104.10763  862.9396781  1367.748814  1477.43668  -425.2809144  3.373914178  2501.302391  684.4350785  2085.465105  
1126.257648  888.1909468  1383.544117  1481.499648  -429.1891192  19.80880935  2520.707177  679.5064209  2092.188804  
1121.775046  849.7889998  1357.381364  1498.828743  -429.6927844  -17.52855053  2491.95578  689.0806996  2110.120371  
1116.466757  839.8981316  1331.432189  1493.253789  -440.8966945  -42.72324202  2496.502551  693.1974381  2100.93374  
1125.723067  859.2564878  1342.261696  1492.592126  -429.6537493  -57.87561972  2505.022325  690.8108216  2102.187494  
1123.923123  844.2208434  1319.359055  1491.498261  -430.3243871  -13.38898443  2496.531347  674.0003465  2087.785768  
1136.817737  844.6098044  1333.55611  1495.206984  -420.6356047  -32.20348792  2510.406476  693.943255  2089.374274  
1125.457548  842.0156962  1343.563726  1531.593591  -417.4031787  -71.66960833  2537.022212  703.7673682  2101.62814  
1146.995743  829.5013981  1349.997507  1556.842699  -423.7927463  -47.13407838  2566.639442  692.5045176  2120.794574  
1134.558854  816.9679931  1355.650396  1556.977364  -423.5105006  9.838296104  2537.336373  677.719999  2125.02607  
1126.158356  848.9803674  1357.088243  1550.479468  -420.0074416  -42.86977607  2514.518264  713.703755  2104.20042  
1114.737102  855.5909003  1394.72149  1575.61676  -418.2890141  10.07006777  2571.025047  712.6877991  2163.4123  
1120.289083  819.7223484  1380.841884  1555.69584  -433.9672163  60.8914564  2509.311041  661.7563746  2183.538817  
1066.506171  807.5533134  1342.483038  1473.880521  -444.0605083  28.1452357  2469.960123  677.6724347  2118.360819  
1084.92549  843.8433313  1340.122532  1455.450064  -445.9683787  -72.20234841  2542.63147  706.2502994  2093.481968  
1103.282368  851.2510962  1341.778839  1442.782504  -438.361788  -48.92375128  2578.824048  698.7411878  2094.708367  
1101.389824  858.8966854  1342.267438  1444.746021  -459.640341  -50.14568551  2560.119416  688.0618861  2082.140087  
1114.174976  848.2452519  1360.567668  1455.834955  -474.5871638  -8.460269079  2532.27082  666.1572262  2120.031697  
1084.946618  845.7220411  1348.419041  1483.786813  -457.3517244  13.17781105  2489.675494  662.2975295  2106.374497  
1090.603591  842.9030805  1340.997675  1497.786568  -443.5520331  20.33320756  2496.522321  681.1868243  2084.687383  
1121.804387  839.6842997  1327.602683  1499.927289  -445.7353217  55.64742616  2498.103145  672.5552833  2113.2162  
1084.049208  855.5243472  1312.81954  1497.194896  -423.8442972  -28.92273435  2447.420103  700.2364947  2067.648478  
1114.41875  859.5241776  1325.63372  1493.387224  -436.9098005  -34.15332819  2496.55825  710.7699384  2076.339593  
1112.914264  857.0489901  1323.449157  1498.822622  -444.1484712  3.222916362  2525.497659  690.8444962  2094.973458  
1092.089666  848.5017878  1312.535779  1499.487996  -437.9057198  -6.793707931  2496.506741  689.1009671  2092.870336  
1126.659787  841.4411486  1329.055825  1528.45003  -442.457609  32.39143364  2549.280653  672.5978632  2128.399059  
1084.024896  796.6786889  1334.277445  1546.694285  -463.2223591  139.1361921  2522.00273  646.3227601  2170.344446  
1088.835926  823.8901178  1326.092491  1536.391511  -436.7567184  41.66785352  2518.070341  670.520764  2125.888068  
1098.048584  850.8297404  1352.628149  1487.127796  -425.8067245  -47.99953958  2530.777903  705.0410399  2101.517634  
1113.26574  837.4135545  1357.270947  1507.320402  -450.4379037  -19.26630577  2556.448202  688.361369  2141.621298  
1133.714319  864.0724742  1350.485267  1498.949065  -433.3021622  -24.38029742  2549.418564  703.0549683  2110.351573  
1112.255198  858.6073687  1380.056849  1499.875387  -421.6670196  25.61509963  2529.128637  695.8572001  2115.598152  
1109.697598  867.5015963  1363.163095  1480.132857  -427.6556635  24.73473819  2505.395959  699.8872028  2085.013434  
1104.046259  856.3354928  1309.31715  1489.593857  -426.8725384  41.50171463  2472.855609  693.664502  2075.326865  
1102.627768  858.4213857  1331.918073  1476.166209  -427.3880026  -42.24497339  2486.307831  716.4184625  2076.302434  
1108.637729  843.2097387  1333.153526  1509.228059  -453.8373941  23.53000679  2493.003773  682.0814716  2140.490973  
1103.211586  834.24556  1308.883426  1497.280473  -436.5628171  6.365171389  2475.2566  693.3530312  2084.445504  
1105.702512  823.6792879  1315.759103  1520.633716  -452.4560346  48.43309345  2456.908209  670.9662699  2122.264259  
1110.327057  827.4880046  1324.046674  1525.024879  -449.6445662  26.35124895  2455.143247  669.5447867  2120.878851  
1115.759519  815.9326204  1345.805928  1536.628799  -444.6263169  6.718169481  2510.277423  675.1181258  2132.915987  
1131.101891  842.8908752  1350.46177  1520.191201  -429.4194301  -18.38419572  2535.864035  687.8885825  2099.999977  
1112.14927  830.4574345  1353.518338  1477.419617  -443.9326761  -5.247928023  2541.560592  690.720054  2085.423853  
1095.490612  846.8101892  1370.545513  1488.340745  -445.9818832  -42.28664629  2544.848512  689.7071159  2099.935586  
1116.329094  832.0464131  1343.404609  1507.230207  -448.9420227  -44.38258264  2543.345729  689.4892122  2111.102539  
1141.914649  856.7783264  1387.293356  1537.729707  -422.979876  -10.2370976  2549.409096  688.9607439  2164.046175  
1114.966052  851.390485  1382.99173  1500.378867  -420.8130281  32.81427685  2518.907439  679.0774457  2149.337341  
1093.75974  828.1498382  1352.815406  1467.013675  -433.4960198  -3.770098859  2527.337601  689.3807126  2113.952618  
1116.095529  841.4910277  1376.206941  1516.876238  -434.3315123  -48.43626315  2519.739025  688.4976485  2120.05394  
1121.386999  840.4828328  1385.081165  1547.136157  -431.9830567  -54.10295172  2504.394361  682.9983724  2160.464752  
1129.008792  853.8927223  1399.357224  1582.094751  -413.7748088  -50.55574742  2527.743579  676.2361162  2165.062218  
1128.723918  837.9172675  1357.431794  1522.586823  -430.5180432  37.10137964  2524.080051  667.9009557  2127.689312  
1079.348886  815.3793682  1322.630252  1469.290051  -445.4155182  62.71236419  2539.474869  685.9831206  2083.545985  
1124.26383  850.7577867  1330.041211  1455.96464  -456.271499  7.376592382  2549.075376  676.567579  2082.834955  
1118.837199  825.2021399  1345.314917  1495.040881  -464.4523793  51.92985622  2568.152068  667.5853067  2152.49668  
1117.063085  858.7535345  1376.128993  1474.042154  -437.9611503  -29.14938284  2548.097945  693.1381448  2136.570892  
1106.284155  857.4760254  1367.529537  1459.386677  -442.337182  -1.698926263  2554.549273  686.1658071  2101.905477  
1115.718105  853.3348932  1356.393775  1463.41756  -442.6316343  -43.29019256  2538.22349  686.6772295  2104.992223  
1160.015216  875.3790632  1363.714935  1507.855033  -412.670585  -55.36220059  2575.150133  707.2065267  2107.788778  
1134.865757  846.1968413  1370.227188  1570.680759  -415.507028  23.51846943  2538.569355  703.8560011  2145.758136  
1147.384584  842.4765634  1371.545239  1548.534127  -411.1496531  13.70891775  2539.240958  681.5542558  2163.441468  
1132.54784  848.6892958  1350.594128  1495.750194  -418.9277972  20.35193087  2531.468074  691.0286789  2098.23066  
1111.645718  824.8319426  1338.015447  1489.838177  -433.9443542  15.68606178  2518.36412  694.1333902  2102.751292  
1096.208615  849.8434932  1318.784192  1491.806652  -428.5074362  -26.19143228  2514.658349  695.6450484  2082.730354  
1102.333886  840.092941  1316.587806  1482.625225  -433.7147352  -1.66605738  2516.243788  682.797498  2050.400139  
1109.89194  848.3472089  1338.830239  1489.640933  -449.1790055  -21.09648833  2527.131989  671.9942531  2082.033217  
1114.385732  862.3235944  1351.217235  1493.105714  -444.1999724  29.53673161  2522.067305  664.7691767  2119.192056  
1100.695643  865.3468489  1333.079434  1492.23033  -427.5373878  25.02826935  2458.114735  679.3139127  2075.520836  
1093.005613  839.629788  1307.950751  1486.723027  -442.0761198  33.31559064  2456.499634  681.3248821  2072.785537  
1114.612317  879.6436321  1356.711671  1511.087636  -431.9353636  -7.558752057  2479.477771  672.769235  2118.402417  
1117.721503  873.0128245  1340.688128  1504.23538  -427.9401402  28.43710731  2466.269884  673.2861757  2109.228934  
1081.206502  843.9650267  1312.328061  1495.587941  -426.9555071  29.31743207  2453.979994  686.083577  2070.122097  
1107.758799  843.3747607  1322.231135  1512.390108  -423.4713944  17.1446123  2450.838694  682.8221312  2080.351314  
1130.903737  824.7981262  1327.119003  1542.533561  -427.6295219  23.96879948  2506.068077  687.0329907  2095.579911  
1126.312793  827.9596147  1362.767727  1515.838296  -431.7106495  -23.14901497  2547.880333  682.9228518  2142.876453  
1136.210002  836.1859363  1360.321544  1506.144593  -429.3949943  -34.95283182  2540.894401  691.2389006  2112.966515  
1127.972461  843.1410768  1371.284354  1470.618691  -447.6620852  -24.4473483  2534.991076  695.2823099  2125.009429  
1104.172265  856.6941695  1349.221602  1482.519435  -417.5322626  -90.27629351  2541.969764  712.506075  2117.833556  
1108.432168  849.2266402  1340.731649  1471.975368  -434.5532305  -103.9182361  2588.799794  715.936547  2119.985195  
1093.415395  846.4928757  1323.927361  1490.406999  -439.9334874  -67.35423808  2564.054429  695.8653262  2117.941582  
1116.36149  846.895279  1321.402734  1477.304102  -435.1683634  -83.58936129  2550.369556  706.5160533  2108.629133  
1118.519423  803.9622689  1319.335702  1504.127397  -451.8273066  25.93715994  2535.028929  676.9507596  2098.888983  
1097.585081  809.5204593  1295.555043  1501.394515  -437.6251145  18.62551695  2507.411067  690.7484798  2069.170031  
1090.073718  824.3316019  1314.631319  1480.177484  -425.0096435  -19.80388156  2505.841472  703.5345025  2049.289007  
1101.62202  833.5453421  1327.705762  1490.43015  -438.5724484  -11.74046084  2546.455221  695.4027149  2086.708688  
1109.627692  857.1395281  1351.595244  1473.469917  -428.7687081  0.4766752689  2517.620991  684.5510435  2080.527821  
1110.069047  825.5854672  1353.200531  1471.272839  -436.6505279  13.61287444  2513.185207  685.0092174  2099.777556  
1125.756329  840.8528005  1346.008826  1512.876999  -439.159425  -30.1094116  2529.057901  694.3821859  2119.381863  
1115.371187  843.4260392  1346.997488  1500.725906  -425.1854364  -39.23632884  2536.473477  701.0855024  2107.058798  
1112.316381  856.1315185  1395.05739  1539.89729  -419.916677  -17.24301431  2504.276412  704.9890307  2115.5283  
1134.711997  884.3617429  1410.969732  1563.700614  -382.4100036  -53.57537343  2529.761229  743.819893  2128.613892  
1157.050956  876.710777  1405.256967  1548.669896  -387.5140005  -24.38701251  2560.910818  725.32515  2146.208777  
1129.001505  838.0449473  1338.508433  1513.725859  -418.2371822  40.4282054  2500.862815  677.1504143  2097.634986  
1108.547912  847.6423062  1342.873037  1551.696312  -398.1168649  11.02595066  2480.103116  718.631566  2084.598535  
1150.745899  878.1754495  1360.722491  1539.205882  -406.0601501  -45.46311758  2526.368714  710.9356543  2105.408813  
1115.428189  864.9271054  1348.774567  1498.376558  -419.6409976  -39.59561022  2518.774031  710.1580239  2063.912703  
1131.21385  873.8900682  1369.729943  1509.08116  -424.9304147  -38.98991578  2537.848815  705.8290665  2119.266777  
1108.947062  869.4810954  1346.942737  1497.219081  -434.1675373  -2.881004714  2524.252699  695.8718265  2091.693418  
1114.271  865.8629809  1333.810492  1489.099962  -439.2823337  17.85979653  2500.019743  686.7362765  2079.27715  
1114.164397  841.7335697  1334.165629  1528.817478  -449.3955846  -8.144332277  2477.180843  663.7477661  2076.91544  
1167.980251  863.948594  1374.566571  1556.126666  -415.4808154  -19.89155566  2494.679983  697.5885909  2080.510001  
1123.435511  868.1542073  1380.613553  1599.370625  -394.1992076  -1.006473522  2500.07134  698.940773  2082.239717  
1164.414299  883.6842145  1402.280406  1571.145796  -395.6671055  -35.55124087  2533.704359  676.4416378  2115.615961  
1118.820341  838.8255646  1361.264532  1493.01242  -428.3262516  5.488798937  2518.471707  658.0554665  2113.719239  
1116.379529  817.3873958  1299.145572  1465.302197  -441.1253111  10.49989011  2537.25549  679.3073947  2097.623749  
1093.642734  833.1482124  1331.712228  1454.102304  -442.6211783  -77.38919088  2582.004459  698.0686943  2110.112019  
1122.458084  838.0431977  1321.593379  1459.439835  -462.0108691  -38.59113588  2571.319323  674.820539  2116.261645  
1098.04718  852.627456  1325.873554  1446.45759  -449.5541315  -88.51190789  2561.580358  690.5377152  2118.320085  
1098.735927  835.5698837  1322.439945  1458.941683  -465.9455193  -33.92066632  2513.728527  658.4353029  2141.602166  
1107.553124  837.2429207  1288.88598  1461.680614  -440.4626235  -37.79819542  2501.470662  679.1844285  2097.216943  
1093.54171  814.8960047  1298.065094  1476.865265  -450.7337828  -61.50770177  2526.501455  692.9540265  2105.492897  
1111.757106  856.5002459  1325.640731  1479.317474  -449.4133227  -31.57766587  2557.020925  682.884682  2108.436112  
1113.434347  843.4435786  1366.793572  1511.820423  -453.4412339  4.637174975  2540.235168  677.3199417  2143.391257  
1098.051006  834.9243298  1357.420074  1515.416322  -460.3057078  -0.06138715912  2502.529  665.3274161  2159.978761  
1102.723837  830.8369369  1336.444727  1504.253783  -451.8154788  11.56184846  2497.026933  680.1116934  2142.409231  
1130.83317  852.6153284  1337.430016  1498.564024  -432.5051392  -56.77087097  2528.936997  694.3691004  2117.975909  
1124.598198  827.3601445  1362.457652  1508.412031  -451.3568009  5.038339618  2541.364026  677.9957442  2146.880598  
1107.762297  835.5369373  1330.288033  1516.968399  -422.7876881  46.96199435  2477.71987  670.7580696  2110.905557  
1102.409972  853.9628471  1335.530383  1476.545653  -417.6116953  0.6478683713  2482.780133  684.3806075  2066.960637  
1097.827541  858.7767468  1334.382112  1485.26772  -418.7485525  41.04491105  2519.892025  696.5966144  2095.398817  
1122.903626  855.8414335  1320.575014  1492.826533  -414.4690134  -12.22798412  2542.476067  714.9254858  2061.800298  
1102.491357  840.753689  1319.930381  1502.445176  -420.0094965  31.89925755  2510.565178  706.1847907  2080.536266  
1133.048667  850.941268  1330.606827  1535.186714  -400.6737235  14.49284954  2519.949955  722.4088428  2072.317961  
1137.24038  840.9022711  1380.310158  1557.162996  -414.940657  34.43930096  2528.251377  710.6789566  2122.254646  
1137.872393  865.7564075  1389.474499  1578.444793  -399.7509385  0.3009217603  2508.031264  701.0506422  2125.803254  
1129.168601  818.868397  1387.17538  1588.144281  -413.0101964  27.25682403  2523.782589  675.1342303  2165.253125  
1100.485849  797.0485583  1355.314838  1506.050667  -458.0688699  53.67088698  2496.250506  643.707184  2130.36261  
1072.304469  825.5666649  1344.734608  1416.736115  -474.1196497  14.50504677  2494.736003  668.9656274  2071.653446  
1099.63905  843.095134  1336.85117  1421.210954  -472.5084982  -21.74198138  2540.305976  662.1726555  2093.385962  
1109.967475  834.9146792  1335.930842  1452.388768  -481.5372786  -1.612900334  2530.653902  651.1666313  2124.335665  
1106.095822  835.5843766  1337.797165  1486.878041  -457.2970182  17.8438069  2520.973412  682.738177  2110.555366  
1095.824993  827.713339  1345.349357  1533.649274  -437.5520619  14.68129939  2509.42215  704.8161752  2122.030797  
1146.755824  841.7339316  1368.584552  1537.253888  -429.1558714  38.25355874  2527.843685  685.3268648  2144.999986  
1120.817724  814.5311208  1341.577686  1504.845889  -444.5590492  49.88236568  2525.740276  663.8647736  2117.666285  
1082.045384  825.1665057  1298.034127  1466.41675  -450.3197886  16.16053876  2505.970138  685.4883553  2066.706424  
1076.025311  851.7829189  1318.998545  1452.678648  -456.4890414  -36.98713556  2514.167421  685.5556033  2107.415159  
1087.119996  855.4106816  1307.474832  1463.769882  -461.5410447  -11.73604509  2495.224432  676.6823572  2057.084089  
1082.632434  817.1569917  1300.804452  1487.638017  -475.5923871  67.39737548  2499.479938  653.4718403  2099.139651  
1073.53977  819.6681557  1270.366718  1508.701892  -464.0928428  50.50103286  2468.65579  649.5132542  2060.513295  
1083.287355  822.8901206  1297.917362  1476.132633  -464.4325091  46.13396397  2457.469776  655.5074646  2086.564549  
1074.229828  851.4038645  1320.470854  1479.220368  -453.7905548  3.289785908  2441.639109  659.287284  2093.463653  
1131.466092  868.0790166  1368.165037  1532.210061  -428.314677  10.31477543  2499.741072  689.143081  2120.111838  
1118.520067  858.2598904  1380.153989  1574.752693  -400.3954061  -20.48750335  2515.14423  701.5488199  2135.847482  
1137.9322  846.8710632  1321.30063  1544.335258  -417.3876473  -8.891991259  2516.634998  680.2182553  2103.617828  
1098.281256  815.5812016  1314.71791  1483.996158  -441.7752779  27.57423565  2479.245281  670.418087  2068.116865  
1121.992511  851.6423481  1357.906311  1494.068928  -428.9211663  -56.44169712  2504.249539  707.4000899  2069.869006  
1127.311049  842.501243  1373.771801  1529.768272  -427.7031178  -20.27433993  2525.826778  713.7474427  2115.856253  
1127.270707  839.4383032  1374.536535  1537.250416  -436.7064487  14.37154053  2560.45013  687.5982344  2144.217848  
1113.709192  806.3784045  1358.540964  1472.099348  -469.0350778  64.83101252  2523.778472  643.3955908  2154.095937  
1094.662816  797.3424079  1328.235594  1487.115834  -479.170737  40.65816317  2491.962948  643.0699104  2123.005468  
1142.636579  818.0761571  1336.048865  1508.59524  -451.383957  -15.13980769  2517.033051  672.4961227  2111.168046  
1111.379969  842.8347494  1366.276185  1551.086824  -421.9962041  -23.6717446  2522.923057  707.6057243  2138.711116  
1144.333899  858.3467989  1374.523904  1534.361843  -413.4611272  15.85571896  2561.041822  700.1727768  2147.519065  
1114.473957  848.0615395  1360.614159  1502.11124  -436.5098717  -35.24874241  2562.515407  690.2558287  2126.090084  
1133.021615  853.0837344  1352.002049  1482.878627  -434.9179205  -83.17865694  2560.571767  702.8868295  2127.417739  
1110.671639  839.9385671  1349.910142  1467.847008  -446.5686458  -66.88887818  2552.170543  690.9698776  2123.614068  
1111.141454  860.9896884  1358.176634  1461.157225  -434.8267791  -67.47695357  2567.752704  696.2952447  2093.993801  
1116.790124  841.9024749  1359.659704  1475.284757  -452.0112508  -39.52822429  2534.133432  681.5023822  2114.750509  
1092.997611  848.5209102  1332.402298  1480.807607  -435.0523155  -21.39695131  2511.438036  696.1181573  2076.826768  
1109.424664  856.246547  1335.48728  1467.518283  -436.7681484  -18.99243297  2536.6303  700.5140455  2075.818442  
1109.674378  860.7151922  1349.230901  1483.785209  -438.2740133  5.88612869  2545.666559  693.8912716  2104.753559  
1106.418537  869.4503808  1336.616825  1496.106713  -419.0100044  58.19719667  2519.479468  680.3408916  2073.273376  
1099.195081  848.5211258  1325.052391  1484.614055  -422.2734743  81.82850865  2498.882648  679.277168  2068.6564  
1119.777018  853.6148405  1337.828138  1495.528357  -411.9004746  29.89364679  2522.739656  703.6398917  2072.772862  
1132.268417  862.6860229  1378.090088  1530.130153  -408.0706867  -3.452185237  2532.590159  711.0500542  2120.209295  
1123.372506  846.3195767  1359.527207  1555.441919  -416.3423696  -25.988317  2551.932351  709.4946181  2125.356436  
1134.786423  835.6490552  1337.785724  1519.282181  -436.8415595  -52.29461344  2560.619077  683.1478367  2120.523353  
1091.98182  821.4517427  1323.098959  1495.302506  -459.5439495  -31.90260552  2492.916535  660.0510682  2112.263992  
1092.072687  823.9169637  1295.610429  1494.374039  -464.4440723  -1.977798812  2449.987045  664.9942854  2074.456658  
1104.42414  834.4528478  1338.545504  1504.489917  -430.5108982  11.28379556  2468.275679  695.2901153  2113.764768  
1123.692031  835.9534401  1353.272681  1519.14981  -430.9668712  12.76691171  2487.366601  677.8395876  2128.539734  
