876.1077177  70.9250733  1316.499973  1788.084204  -45.36752713  328.3350579  1859.14931  722.0484532  1864.606448  
906.3446562  61.18228685  1329.470481  1750.066619  -35.95663575  338.4960133  1857.036309  718.1166695  1840.679746  
899.8915094  43.37309692  1328.015124  1740.380733  -31.82671401  324.3509562  1859.921912  717.6378686  1848.868626  
912.76089  46.25992346  1348.476333  1739.079334  -24.38099495  306.7689762  1869.420197  719.0055859  1855.605435  
915.8051655  34.21234119  1332.828354  1730.021266  -11.14025027  304.6991914  1850.565555  714.509966  1850.92946  
911.6992913  47.37778718  1324.874407  1731.896718  -40.16878043  353.922466  1850.983673  718.7300235  1829.750018  
899.0171908  52.00949068  1339.620013  1740.719711  -46.88230341  313.1169268  1864.089209  729.4352832  1831.049625  
865.0466444  89.32431593  1327.768558  1760.505212  -77.96316123  305.7740798  1875.007233  736.3477196  1834.568929  
868.1388912  78.0940124  1321.470884  1741.004101  -93.70973284  371.8786169  1876.742236  727.273925  1817.61282  
867.1182948  74.71169072  1317.582608  1769.975085  -96.10767874  366.7552505  1878.625809  737.7282886  1838.053573  
875.7967305  59.8521923  1323.649984  1768.489745  -69.58608077  364.3617017  1878.611448  729.7932501  1833.715499  
893.6217226  64.77224191  1338.587706  1763.887242  -45.56559021  373.4342169  1872.597955  727.5905975  1830.077017  
916.7898751  61.48601014  1354.213909  1782.708869  -20.73349456  329.9774147  1868.210769  724.9837215  1831.050975  
926.1097539  26.78853444  1354.043908  1760.996688  -5.172839779  295.1380283  1852.070703  724.3676363  1817.973681  
909.7022556  51.76006703  1338.123549  1745.933656  -13.70111529  279.4141762  1863.29604  730.8816764  1836.857834  
895.1195606  44.88952783  1353.357972  1758.829846  -35.52364235  256.4871819  1867.865738  726.6676125  1836.962182  
881.1557608  46.81915598  1355.015112  1773.16892  -63.76946923  302.8076077  1864.297058  717.3185213  1833.669813  
883.7095801  51.53731182  1343.433142  1772.816309  -73.31673776  318.6004033  1873.996298  718.319532  1837.210123  
874.8625245  61.61080665  1342.818754  1789.102567  -66.28647395  320.4604972  1878.481829  730.3847628  1836.3524  
882.6878236  69.38343692  1319.398325  1796.145997  -66.91989367  304.7168628  1867.20044  727.8590901  1841.577002  
866.9996366  75.44628645  1320.577313  1763.015853  -99.28193552  349.6846912  1862.848879  725.3432963  1843.201452  
889.1040154  63.90200537  1340.218147  1758.796834  -86.68539926  358.8663762  1863.746918  732.559859  1832.046152  
895.4771208  51.53740659  1352.023305  1741.918063  -68.36124505  339.9155472  1868.131692  734.0859634  1829.888168  
891.4581572  52.20229323  1345.350009  1765.582254  -72.84792099  357.4946817  1876.910057  734.4364279  1820.083164  
884.4948838  63.21981429  1351.890234  1766.62577  -63.33504611  363.1485752  1912.505508  736.792878  1842.285948  
879.657769  89.08065869  1333.8077  1772.732914  -74.40196089  358.1591268  1892.194841  743.1006071  1858.084503  
886.0253529  81.30199801  1321.892526  1788.079625  -64.59075551  379.4459947  1889.872228  740.9438084  1845.937135  
893.566648  77.11071782  1332.491966  1782.331389  -51.0810298  355.3346299  1876.238832  737.6268413  1838.401849  
917.5013115  48.52707911  1339.422082  1762.183763  -37.98370665  337.7901344  1863.242323  736.2776735  1822.604462  
909.7207064  66.07668433  1329.464879  1753.851942  -34.01220026  344.3061763  1857.835032  734.6896241  1825.07413  
905.4788789  74.6997222  1304.416153  1747.797216  -34.6023923  366.6412195  1853.836305  726.1869709  1843.980769  
883.9065819  70.35610366  1317.298318  1740.875303  -26.94762725  355.4240039  1870.594643  724.7203242  1846.614267  
884.7347341  65.94866267  1327.393248  1744.74882  -31.61453208  364.0703535  1875.693375  728.8114588  1857.557719  
903.2316285  64.30661057  1343.589427  1746.748158  -24.79262417  364.4930588  1888.567684  728.3949186  1852.841194  
907.7178646  60.65096896  1354.093809  1731.300448  -33.22376255  353.270635  1873.729285  729.2711059  1854.222607  
906.734316  55.79122689  1360.027993  1737.200885  -47.39603933  334.6867278  1862.543281  731.3124239  1844.747432  
898.2170077  58.02830312  1342.285316  1750.432577  -53.52164781  337.3417497  1876.668256  733.5285643  1840.365314  
912.646696  49.91041455  1344.475053  1732.999273  -35.45612256  334.5731048  1869.278032  734.1577862  1840.960436  
907.0826352  48.22200183  1330.774138  1744.623463  -42.0129297  319.2684612  1858.307485  724.4957242  1847.499751  
914.5416178  59.4243815  1331.995762  1737.778818  -40.0505326  329.5931894  1855.652521  725.3113773  1841.49347  
895.5489804  59.11316447  1324.854598  1742.17768  -50.1349888  322.0845662  1857.875653  721.9866345  1840.750059  
890.4310988  69.97565621  1311.832028  1750.667883  -61.56363813  329.0945817  1856.137154  715.9098182  1831.171038  
911.8160844  53.59834084  1333.039641  1749.167189  -39.40430955  316.761042  1858.483764  714.3205791  1825.045934  
902.5219267  34.42818592  1344.324438  1746.486946  -35.3463445  294.2256511  1851.874948  716.8849799  1824.047051  
894.1932052  41.03749944  1324.971576  1762.466097  -54.25248848  316.2138826  1840.947872  719.683751  1839.893213  
887.335644  32.58353567  1337.156831  1752.078924  -50.74981069  328.7528616  1857.056686  717.4222621  1835.627864  
892.295614  39.07190031  1334.180465  1759.091469  -51.54945524  336.5738176  1863.56387  723.129228  1840.454639  
897.4991002  49.50146759  1335.310728  1760.767197  -40.83235918  340.2626103  1864.276526  726.7017748  1842.864042  
903.5263314  56.27767352  1342.287505  1748.996248  -50.84413474  331.6079663  1867.06665  723.8809717  1831.736547  
900.0254469  38.15986353  1353.966898  1733.852677  -50.11834342  333.9250898  1868.501974  730.034704  1827.556788  
910.9442691  53.01663357  1343.514471  1738.5208  -41.54262068  352.5529417  1859.149805  734.7528586  1829.339934  
892.8827141  54.26293673  1334.09364  1754.598605  -54.36935306  342.819895  1852.935616  722.6535439  1821.367018  
887.6956266  69.31400394  1331.164315  1753.945306  -61.52376637  323.3138571  1854.270466  724.1717368  1827.51255  
883.3499188  73.78381195  1326.961859  1775.980278  -62.37953148  285.96179  1870.518785  729.4153906  1837.028422  
882.6249681  70.90293125  1336.274171  1781.205982  -54.30608194  277.174007  1880.116842  724.0458374  1841.683512  
894.1910804  47.30786234  1335.071009  1768.54835  -53.06979443  323.8033386  1868.110526  724.4174509  1822.350753  
903.9318622  53.22228688  1342.057735  1770.016851  -51.72625534  320.4475479  1874.41625  729.5993225  1822.688362  
892.8635778  52.06534762  1333.707674  1766.19881  -55.54315713  317.5474317  1868.36836  724.9398856  1833.876548  
903.1678533  50.7461604  1350.930801  1772.553623  -53.70140741  321.8626192  1871.795915  723.5625524  1832.746689  
890.7084165  37.70557507  1344.232439  1759.719348  -60.47228327  333.1428463  1860.679919  718.9567307  1831.25676  
888.0667854  54.6819338  1330.0735  1776.233171  -54.17389619  339.638869  1857.678004  725.5885327  1839.218941  
886.2260992  68.06508978  1334.774177  1786.888957  -56.2693522  307.9310324  1856.853634  730.2249211  1848.594233  
893.7833236  55.76891786  1347.084576  1758.773169  -52.42052212  298.9146087  1861.236019  729.5729818  1840.208843  
910.2907053  49.13200224  1346.970149  1745.823534  -53.96418041  340.9612035  1866.927015  718.2915347  1828.173951  
896.2381939  63.48180677  1357.034477  1742.624988  -67.23666357  338.0612205  1873.779966  719.6072393  1842.851887  
887.438166  62.91919054  1351.022596  1770.565158  -67.15376384  317.2088318  1870.605897  721.6309926  1846.313791  
896.9102519  51.99424341  1345.147128  1764.138343  -55.14131321  312.1896822  1863.610804  716.6173273  1835.371304  
889.5515478  41.73460434  1336.88051  1756.246799  -70.01369533  318.319507  1878.114414  708.3497215  1836.82292  
891.103517  58.42742277  1334.00055  1779.282001  -61.05560299  316.6859056  1873.990945  720.4969601  1845.444287  
904.0234185  41.12688007  1331.809898  1778.317597  -47.19875003  322.8300872  1875.383793  713.3256909  1835.69035  
892.5459303  65.71343367  1335.289532  1764.974482  -27.91764186  377.1756199  1888.02568  724.510148  1845.231237  
911.4994222  55.77117185  1352.836186  1744.802493  -25.60028876  360.0039715  1883.720315  718.2596198  1830.116589  
881.9914226  86.09719211  1332.260854  1772.375313  -30.60206915  312.6985495  1844.688564  715.4749405  1849.248476  
878.7189412  55.93467254  1321.058231  1782.098016  -44.7599694  291.139885  1868.416562  711.3997575  1853.454272  
912.8692234  11.59852442  1341.804435  1774.562878  -22.01657015  335.5138543  1864.571408  709.1363562  1847.185516  
887.8278231  99.01928508  1338.561999  1789.865097  29.69496629  361.2305052  1865.263944  743.9365872  1855.578906  
892.2122521  43.88457469  1325.395155  1749.906523  -10.82153578  383.4066176  1887.609474  724.9428505  1841.189071  
883.1105441  92.9685112  1313.039369  1764.962791  -22.890654  374.2796424  1881.472221  744.5549565  1864.844074  
887.6850317  66.31559413  1287.541664  1735.493527  -47.74689453  345.2411015  1848.565232  725.0701872  1849.423515  
872.8571057  67.86990154  1301.399228  1707.443285  -88.67655522  326.8845121  1847.159337  709.4075918  1839.426982  
891.0583379  58.8933969  1319.092828  1727.327837  -91.81395636  314.0352727  1849.979224  717.567973  1833.135789  
886.6832079  54.10379973  1319.060103  1737.943507  -74.25962253  311.6367438  1849.360503  718.6090953  1835.405781  
893.4729731  53.22673832  1323.838594  1733.307491  -76.86441034  337.2689004  1884.130703  721.8345147  1813.636428  
866.7866787  85.11530517  1319.332903  1738.834249  -83.80595117  348.2684686  1886.922168  737.3641689  1830.610606  
873.6627987  80.62500276  1337.181067  1762.935922  -68.85443168  290.988458  1872.116374  735.0022689  1824.475254  
875.711093  73.19733553  1356.056747  1779.472321  -68.31621119  251.9459625  1877.732219  732.5566183  1836.346995  
885.5347324  73.34308288  1359.678734  1763.343698  -66.70485193  272.3904348  1863.432011  741.5535836  1840.589818  
884.1355066  80.63049933  1359.483296  1739.441655  -55.16427359  321.6744919  1873.750517  749.8905738  1845.829185  
908.5533226  70.60940127  1356.877538  1766.763837  -40.76229271  320.3515032  1869.671818  745.8386591  1852.581523  
909.298378  50.36539278  1357.861602  1746.827533  -16.50066053  313.3948597  1865.415909  736.4947618  1835.893437  
899.3462062  57.71533494  1315.567768  1741.267558  -58.90293892  349.6855274  1857.895652  733.4659053  1837.092168  
885.1297706  78.63726496  1319.091858  1766.061051  -70.408541  375.248263  1882.424232  741.0590853  1833.091922  
867.7973486  57.9891497  1338.866434  1785.663866  -71.14737832  369.1367977  1893.774765  740.9499477  1834.780822  
890.6574351  64.8732254  1346.611543  1778.491912  -48.28766434  377.3254453  1876.206683  737.8809537  1838.148526  
895.464162  68.27200981  1340.074705  1797.274595  -41.69209352  335.6591574  1864.317763  734.7051037  1854.362621  
910.9959111  70.18546543  1350.223961  1787.820228  -22.64990885  311.7636677  1865.025043  731.6338476  1843.41952  
907.5907525  49.57498814  1341.772082  1775.169399  -25.15274152  285.2952516  1859.709716  720.6083752  1841.339971  
915.0530522  49.62752904  1345.597767  1749.267518  -24.21273479  274.5231333  1855.970236  718.3984888  1832.408458  
922.185344  27.45791435  1343.060828  1744.254899  -13.12147436  288.7844653  1849.165365  719.5882995  1835.835339  
920.5461569  36.05728001  1322.108923  1744.015478  -16.61197909  315.9969703  1833.502186  714.806725  1829.741491  
907.0152925  30.95663283  1310.17256  1751.746828  -37.19933874  332.4452809  1845.655529  705.6280195  1821.952922  
904.8921954  44.02969142  1337.520838  1756.094562  -27.25541252  339.3594917  1860.460563  720.5057283  1832.065897  
904.33212  49.72686143  1353.088698  1761.417838  -22.85157951  311.478285  1865.134066  722.3964025  1838.527027  
903.3618272  45.24517952  1366.798144  1756.80814  -36.67499971  320.5982409  1858.831263  726.7244441  1846.756308  
890.4797708  36.0479885  1351.552675  1772.851935  -44.65733164  346.0487058  1871.924497  724.2064821  1852.220729  
888.0236814  43.54323903  1361.599263  1739.686416  -52.56524944  362.8978608  1860.710223  715.3474245  1834.273706  
885.3757943  41.41467923  1360.321527  1750.751929  -57.08234096  347.007149  1856.458867  727.1993772  1831.555327  
902.6055798  53.8078832  1367.538612  1769.411054  -47.65126492  331.3274323  1880.645904  745.8969569  1845.824261  
897.6115212  52.47811397  1338.861771  1772.865325  -36.59437876  339.9143045  1860.410733  739.793094  1853.693044  
883.3170398  51.15956806  1344.939319  1761.717863  -47.8651021  318.0718989  1861.987456  719.8901821  1843.185851  
873.2339988  59.17341769  1344.778964  1777.710578  -71.09509186  284.3198995  1864.917419  730.4420215  1849.523578  
900.4344491  76.23103313  1348.845647  1783.951795  -47.03472842  285.3996514  1884.841478  730.1062929  1844.528757  
897.0789411  74.26648992  1311.51158  1757.328692  -65.11981837  363.6688482  1887.603738  738.8521054  1821.886325  
883.0299183  100.4394697  1320.180164  1768.113913  -63.77587094  401.6281641  1887.458915  753.585949  1838.685868  
884.6949933  81.85703978  1343.073987  1780.674874  -51.49455336  331.0560231  1889.872662  734.0280069  1854.725725  
882.6924395  73.55876582  1346.105718  1779.918555  -40.97788237  290.7154332  1871.804869  733.1141765  1865.566975  
902.1694108  35.64856986  1344.902186  1755.410752  -50.51450028  299.1869794  1873.977859  718.1077066  1846.74568  
903.6277605  66.64962069  1341.648584  1745.533581  -29.51477369  340.9183852  1844.350383  730.0524229  1827.722253  
895.5191638  31.5072845  1333.268269  1740.956871  -41.90104096  321.5520142  1852.433193  726.8216626  1827.690221  
905.1144847  61.98161308  1362.521339  1737.734661  -24.27328818  336.6389493  1872.80674  737.8414641  1835.358512  
882.4362723  40.12274919  1314.693208  1752.521883  -81.05636474  326.4696528  1872.399778  728.6405236  1837.950465  
874.7134219  11.76541543  1320.16419  1669.502341  -140.4108896  452.9022987  1865.003711  698.4985953  1764.32249  
932.7818018  107.9821394  1391.032429  1787.18236  29.46752423  343.2678377  1892.482497  732.5673931  1862.143209  
901.9084677  38.59826586  1320.38545  1794.50481  -5.96483807  308.27126  1858.103152  723.6847387  1846.22324  
911.8613746  59.60979016  1329.534917  1742.28789  -19.58576305  315.2707408  1878.472361  721.7092704  1845.708404  
891.9276346  62.06389148  1293.565466  1729.800133  -72.57630863  333.2607663  1884.932427  702.5099172  1833.29099  
868.8796161  89.99303779  1302.045292  1741.032334  -85.70350355  323.1491741  1884.817251  709.3713852  1840.378963  
865.110928  57.23418981  1304.216268  1750.723921  -90.6365925  316.6862655  1868.602737  702.5908217  1846.258847  
872.6219101  67.37798921  1311.82851  1736.975581  -83.81083257  339.0213277  1867.976097  703.6432477  1836.353224  
863.0782546  65.98831325  1321.985724  1743.106014  -97.23888333  316.1268419  1861.764221  703.8998103  1844.765133  
866.4284056  70.99737112  1352.310615  1763.262637  -75.33537688  309.7236546  1868.285946  710.2674365  1848.046852  
895.651797  58.51613445  1331.768883  1777.124572  -69.80391045  333.8796629  1847.032296  717.518037  1825.552706  
897.7566599  60.54614161  1324.527616  1772.774025  -46.98271898  357.2724648  1836.909152  724.0789661  1821.372607  
886.1444948  77.71112752  1316.047811  1771.312941  -46.90125895  383.0935679  1850.914568  741.9272782  1844.051059  
906.1186505  74.14613537  1325.316813  1765.472664  -33.12251773  399.7711825  1855.963407  730.0809712  1825.119476  
895.5760928  70.75857367  1312.042872  1790.049378  -20.50343126  384.9481023  1841.584011  735.1030995  1828.039366  
924.8003481  73.53153514  1311.838693  1799.224704  16.43396884  357.9048849  1847.145845  731.4036607  1835.515227  
917.2911343  57.30948009  1315.930325  1762.992875  21.46626145  360.1150921  1847.941886  724.8800637  1822.911581  
918.2374523  70.2215763  1325.112397  1736.20666  -7.90839836  361.2401662  1863.88449  742.9188702  1838.441673  
923.0103393  58.41775138  1329.01637  1719.629711  -18.71645478  328.7821133  1876.089154  743.6014953  1832.112503  
919.9434823  41.57130769  1319.547491  1709.95741  -32.47425469  341.8856987  1875.688798  734.9348313  1836.382097  
897.6342872  42.08777805  1326.071795  1706.26528  -80.18345809  322.0113604  1871.747926  714.8708609  1833.012644  
885.7240266  53.40317545  1325.719145  1735.619608  -76.63471017  326.6099143  1889.627235  718.8791938  1853.801767  
871.0588712  64.86355039  1323.775835  1749.270869  -68.77847509  327.9441352  1894.515681  731.7360327  1845.485029  
884.7595135  88.94196931  1313.177568  1746.803191  -68.43636054  321.8319216  1889.987846  721.2999798  1847.372481  
875.8412961  61.68323226  1336.009216  1721.453667  -63.7085115  357.0167054  1882.058275  725.2206291  1824.780692  
859.0903685  76.61461141  1315.393473  1779.058427  -70.28829224  318.3960487  1860.785768  726.0010813  1854.289189  
871.3353952  42.64600182  1332.852174  1792.35671  -79.01537362  294.6852377  1859.418359  721.5092873  1843.151891  
896.3454117  41.65736222  1356.303017  1771.849783  -45.95485537  265.3629999  1862.729675  716.3140846  1850.418208  
917.428487  28.47879951  1355.897386  1774.549827  -21.96782752  260.4408435  1848.640345  714.554587  1847.751596  
911.3487939  38.7783728  1340.120222  1748.888319  -29.60766455  284.5398769  1854.750306  714.6804453  1845.916065  
923.5650837  37.47325106  1351.343546  1732.250368  -33.62511187  303.9695044  1874.460835  711.3442371  1849.191396  
904.4420506  39.73294355  1348.363531  1709.641541  -64.18142158  318.3114687  1874.487461  711.119828  1838.634385  
890.9942332  36.90916463  1346.224155  1716.186353  -84.23266995  349.9736711  1861.038722  711.2765086  1840.195651  
879.5353862  48.54777621  1338.443821  1737.664387  -66.45286678  352.6742906  1846.883099  714.8549226  1843.826784  
888.1420229  51.62745224  1309.202895  1764.912484  -59.95613678  351.6986687  1861.162566  719.6007723  1828.051578  
874.4800107  75.41882909  1298.11263  1775.421139  -55.21755392  320.8271814  1851.572197  724.2464923  1848.102188  
877.7139012  36.66457851  1327.941413  1738.568594  -65.85625793  317.8041446  1864.46112  710.7829394  1837.765576  
887.1867271  55.60076033  1323.579683  1740.822526  -68.78614526  341.1723242  1860.336121  723.9715556  1849.186483  
873.999834  54.88069276  1334.736169  1761.927987  -77.64614556  330.5891666  1874.116603  713.8155804  1832.799515  
883.701607  55.72691  1336.171001  1751.283594  -61.60587258  296.0906634  1867.815337  714.3155483  1853.414842  
891.2924935  37.92429479  1358.183215  1753.338047  -49.84018359  313.1096918  1862.874212  730.3384197  1825.639221  
898.8166068  79.32661511  1342.171389  1755.243861  -31.8312314  326.5660685  1874.50043  744.4190439  1851.378636  
915.8178259  56.20821694  1344.599637  1724.671434  -92.93260027  277.7028804  1849.354408  715.6700289  1766.555705  
954.9221715  42.59370222  1373.223037  1816.936762  -28.70914847  253.8979078  1873.732445  732.3851884  1792.942414  
923.884417  104.4781756  1343.662976  1821.215924  60.31362835  287.8655047  1901.311733  754.3376515  1889.362328  
875.4647062  49.04892805  1320.493816  1718.519452  -35.06651757  371.9889537  1891.071797  724.7992288  1818.990679  
857.5170753  79.26715531  1319.093635  1735.31914  -108.7413827  385.1519416  1890.725513  737.0965525  1825.859295  
846.9896472  70.85439685  1318.614361  1803.599454  -121.0714617  338.8531056  1877.723559  730.8159536  1834.411591  
857.6111808  72.6806636  1337.54871  1763.428283  -84.54573075  354.4658447  1888.009836  727.598674  1857.035951  
858.5895656  83.47995813  1344.314948  1770.380433  -79.13556213  344.2308155  1876.446861  742.2559257  1857.204704  
858.5525574  63.25371788  1341.186629  1801.608443  -82.19369744  311.9093506  1886.628556  724.4584014  1863.276084  
875.7615552  47.88867026  1356.113261  1804.331253  -52.38651853  311.7306695  1880.858891  732.6466058  1851.141451  
902.6306857  48.52370104  1369.627329  1771.317448  -31.59291711  318.1261622  1875.559507  731.8237636  1846.238346  
899.2058279  56.00006164  1362.297295  1752.057648  -35.69669986  305.7377586  1863.755437  732.6387999  1838.648249  
912.6032958  51.06124939  1354.128686  1756.93376  -16.43036094  322.3822927  1858.633253  735.3746231  1855.027293  
916.129348  46.33033864  1359.338007  1748.118809  -0.3643443201  311.5239771  1845.45789  742.8029641  1840.067535  
914.8069553  35.64788552  1373.459065  1720.897971  -27.45250777  325.2194578  1865.006807  737.2373004  1829.817674  
909.5714643  48.70104006  1363.907661  1742.324359  -54.12868462  330.6160192  1876.647122  730.6164124  1835.348461  
878.9297698  52.26216112  1345.668863  1770.012351  -59.38943683  329.2495769  1859.705361  723.6085437  1845.033974  
873.9974097  52.98840439  1332.243088  1772.723364  -63.05893126  335.2336285  1846.233347  715.7916524  1831.612527  
890.7637703  75.48438937  1342.119466  1782.079636  -50.00078213  317.8280646  1863.308465  727.696512  1847.70873  
910.1494013  66.81112353  1349.809887  1778.780207  -41.32573495  343.9759779  1877.881236  735.8785659  1839.078009  
911.002851  76.8813768  1337.389027  1775.947568  -23.84762362  336.4235716  1876.148671  728.8669586  1849.407881  
906.7114084  65.08302924  1317.964421  1741.464586  -25.04890923  309.7556945  1853.251901  707.5849483  1840.248833  
895.1231027  56.46111714  1319.422687  1695.948658  -38.94216678  334.7418487  1848.302435  713.684749  1834.062982  
890.7798381  62.46104774  1327.37523  1715.757613  -57.50040452  394.5075912  1879.495935  734.3766164  1834.848348  
899.7949937  68.44630342  1342.226155  1772.388957  -36.23432894  367.7909036  1895.195846  737.4717925  1847.123828  
896.6825272  51.72066749  1336.173732  1776.646178  -15.53271206  346.1707806  1871.991667  734.6816237  1842.609831  
896.660267  50.28792492  1338.927556  1771.507923  -33.46053131  334.7660536  1847.419358  717.0305541  1850.337849  
904.7090715  94.02410302  1322.567603  1760.412691  -44.72169792  316.6986844  1854.31549  724.6313236  1847.309053  
910.2337153  80.26540666  1328.648944  1733.66335  -48.72653179  357.2308154  1863.842989  743.0791216  1838.841307  
884.6996565  75.51831955  1328.752252  1735.925895  -70.21666009  358.0660844  1871.914061  737.6262574  1824.426558  
872.6694615  57.54294395  1310.713882  1748.380125  -90.06814978  338.8305194  1872.757465  720.442217  1829.790676  
877.4797253  66.10174175  1310.922759  1765.309599  -75.23942926  352.021091  1859.931379  715.5022994  1840.110779  
882.7522764  71.85673254  1308.689397  1805.876575  -53.16999731  340.8043992  1856.146657  720.8505513  1845.113065  
900.4437219  49.42823702  1350.076493  1786.118094  -44.00812979  322.7402574  1861.348939  725.1455929  1825.132878  
892.5900498  26.41066917  1349.866228  1743.890303  -55.25235164  308.4471883  1878.430844  721.0040091  1834.073659  
893.4474068  40.27098349  1342.57619  1740.086854  -52.96947048  284.7988881  1879.136896  717.0888941  1839.050578  
890.9603319  30.83845347  1334.376057  1745.078173  -42.1485928  263.2973376  1860.329831  717.9145141  1835.467489  
