1446.488097  850.7907551  1547.050381  2369.839375  853.7479895  992.4035015  2736.807104  1150.985204  2534.98068  
1408.673204  829.1245684  1511.783092  2376.082811  841.5977581  970.558791  2724.342979  1150.630539  2556.550761  
1399.216204  794.17552  1487.335114  2396.645012  827.5024821  939.8931693  2726.340782  1146.404267  2535.015184  
1374.318559  810.4003206  1493.228511  2388.309673  801.3001889  955.9107302  2730.023159  1111.209557  2517.836046  
1387.605196  792.444279  1468.8944  2398.907146  822.394246  973.2279748  2756.537708  1117.927159  2516.264942  
1407.457101  798.871947  1473.089591  2425.7491  811.4274164  1002.280618  2764.507402  1123.479973  2533.878293  
1406.796875  809.9689751  1494.262639  2445.498521  828.3760022  973.9373188  2761.308942  1136.910644  2544.090438  
1430.116997  812.191563  1495.988057  2409.638718  860.345042  1011.79808  2739.82437  1136.977281  2576.765361  
1461.63647  823.787065  1517.85838  2399.302307  866.83107  1015.375908  2723.872929  1147.445242  2572.062264  
1431.762131  799.1892546  1502.56232  2422.671406  863.3719354  992.0193371  2739.263267  1155.454341  2566.416905  
1429.675236  823.7600857  1490.134181  2425.756726  848.4370269  991.3396771  2709.243  1129.45232  2544.414271  
1435.647104  822.1874637  1507.636519  2456.102751  850.859895  1000.042429  2732.77161  1131.224562  2543.909028  
1450.466672  821.9633322  1493.72104  2421.185564  864.1411776  1003.21749  2706.731142  1146.985341  2560.229472  
1458.404325  817.8425477  1515.520349  2415.478113  876.7985413  1051.282798  2684.168848  1146.947191  2565.935637  
1438.05014  820.3168832  1525.150265  2398.508273  857.5798785  990.5368093  2662.927154  1133.697903  2514.016709  
1431.979316  835.5844639  1494.835643  2395.270105  846.5060236  999.4152572  2680.431672  1112.397967  2524.735241  
1470.562583  835.1028992  1488.665141  2411.141531  866.8277207  1029.881915  2725.194205  1132.605388  2566.541291  
1433.611155  842.4566256  1514.969238  2383.873029  854.2834895  993.3465616  2706.735382  1149.719581  2526.799702  
1397.818465  844.2310582  1491.674481  2436.396677  858.4936104  975.3938431  2711.635033  1153.727586  2521.099688  
1450.38297  845.9975786  1477.847178  2415.507197  885.077702  1031.248013  2748.386109  1158.627262  2579.832267  
1477.478739  818.9019183  1508.637118  2423.212323  897.41154  1028.516903  2751.807825  1167.04784  2595.557912  
1464.735502  838.6460822  1518.969618  2394.194383  873.3471898  984.3807122  2756.513067  1162.274728  2596.049628  
1446.462633  836.6114893  1511.568718  2371.529144  853.9379648  986.174047  2764.993525  1157.379029  2571.922032  
1430.992363  831.3229955  1493.587509  2376.899103  851.3652483  1001.042653  2757.411543  1145.454779  2574.925649  
1417.059071  830.0849575  1509.269397  2387.495625  820.6144269  981.8909819  2747.433457  1118.03954  2561.700351  
1433.510036  829.0514686  1498.158454  2412.021772  846.337003  1059.486318  2755.086577  1123.99895  2599.418758  
1456.907024  803.6753613  1539.319729  2406.029798  860.6429477  1044.340112  2720.099591  1130.075804  2581.108134  
1458.904506  825.2568809  1534.124078  2428.550167  840.5190787  994.7145454  2684.992288  1136.891409  2541.27474  
1446.238137  792.2502266  1483.891486  2433.828588  867.7065374  1077.810777  2688.268188  1133.432649  2575.113068  
1501.744165  821.2547512  1522.530054  2405.87181  892.1262685  1093.975789  2700.267891  1147.252402  2595.505643  
1451.008376  780.4171835  1524.121043  2413.834128  860.6440492  1015.024867  2689.071852  1128.305837  2557.627831  
1452.894222  794.0422202  1526.616341  2432.118615  839.3013835  955.4736536  2719.423782  1133.675485  2519.285332  
1459.878729  791.181033  1506.849745  2444.34016  820.0645567  926.5096854  2676.26768  1132.710911  2521.730475  
1459.620592  785.604389  1491.907039  2441.803432  848.1428963  970.8785942  2704.378106  1127.641254  2545.894062  
1451.985933  800.1689945  1525.348715  2401.380231  848.0497135  956.8485727  2734.412188  1139.091568  2545.770438  
1462.754069  814.144665  1501.36147  2378.347734  849.6199789  968.0486517  2766.871107  1143.937161  2554.983308  
1491.654326  847.8191059  1514.105382  2347.269564  855.5762606  965.1470746  2753.865377  1174.326216  2578.256421  
1413.00946  851.6912323  1494.198541  2330.127353  838.6790932  940.7621593  2712.772431  1126.486238  2531.944423  
1408.170333  833.7761407  1486.200204  2337.507618  814.1574383  967.5078746  2739.610165  1118.340218  2556.128601  
1459.882506  822.9372537  1501.750497  2392.48082  828.4465207  1018.699329  2741.659348  1126.155354  2576.83749  
1462.643744  803.7060207  1525.205208  2367.781033  840.1624543  1065.594046  2754.813006  1108.930364  2599.232636  
1483.817907  797.4018755  1544.704693  2387.324426  841.7971856  1056.436703  2732.960375  1122.126734  2587.6994  
1444.949384  783.7701125  1550.970906  2397.874281  830.3187994  1015.183206  2676.909494  1121.214319  2560.37504  
1461.387715  804.7322016  1536.861217  2445.166473  847.9779548  1026.448983  2667.618214  1120.307302  2534.685784  
1477.507842  817.9246666  1538.705428  2461.783917  876.0909284  980.7488652  2727.240618  1174.341448  2518.829953  
1379.757922  797.7897369  1533.560029  2407.496828  831.0394808  864.4956785  2741.25366  1154.557653  2487.030627  
1397.230716  839.2617605  1472.176553  2368.907021  836.7623925  944.1114726  2748.542452  1126.903547  2539.037802  
1458.499506  826.9714154  1505.076559  2325.128799  822.3493247  1052.16808  2733.484863  1131.50799  2578.965302  
1448.542608  797.371404  1522.986441  2362.765954  827.2628156  1035.930375  2713.157313  1133.468297  2550.012422  
1446.446476  819.1788619  1513.206417  2401.144868  851.9500032  1031.484232  2745.60047  1155.000514  2585.807717  
1451.047398  822.608078  1518.208543  2392.345803  818.3348365  973.3528819  2704.040313  1148.210816  2532.817606  
1382.514609  827.8463136  1520.933765  2404.108645  829.3824549  881.9218219  2733.09272  1149.016407  2499.404205  
1372.387872  840.2304406  1475.91382  2352.919304  825.6557981  882.3178226  2736.202345  1129.852489  2498.668859  
1361.452678  845.4750673  1460.336846  2336.834431  815.8921247  888.5706466  2724.473728  1151.053642  2508.273031  
1368.139375  883.1511218  1448.049847  2372.829463  828.8790926  953.7662302  2724.490439  1135.221204  2522.311808  
1422.18635  850.2108086  1444.850976  2423.436366  855.3134552  1065.979828  2740.554859  1144.455052  2589.851837  
1437.14607  784.2889374  1445.296824  2435.698324  869.8192369  1066.805871  2720.820825  1141.655354  2593.267306  
1443.075182  783.9029241  1485.017373  2436.252632  871.5147736  1075.481714  2704.169533  1136.17138  2604.124003  
1457.469012  764.215238  1503.141239  2440.16949  851.2370605  1038.418987  2706.285506  1127.750124  2575.311638  
1450.727357  741.6606395  1506.119328  2413.003316  859.4831618  1037.084076  2722.493312  1136.85999  2539.974024  
1391.399188  796.5333017  1524.845107  2408.944729  819.2491977  959.221123  2717.181108  1142.204922  2455.16426  
1376.289497  813.7012879  1491.742877  2421.130425  816.5621189  998.2959123  2710.37189  1125.819583  2504.24336  
1468.480147  860.9927201  1527.809826  2408.203499  844.2938321  1027.701487  2742.559665  1140.935001  2551.99952  
1404.939752  823.3095716  1510.901897  2389.895243  843.8188887  926.2836267  2713.905519  1151.675067  2525.036831  
1425.266298  866.5647687  1491.193345  2408.628178  836.4729628  943.5982218  2738.518278  1151.165524  2529.734286  
1422.353159  846.0329865  1490.804404  2385.458097  858.0409804  962.3757383  2750.775654  1158.660675  2568.162678  
1396.772791  853.6515342  1485.501162  2387.5655  838.6464543  947.8080304  2755.410344  1147.786125  2548.592137  
1435.489722  818.7825425  1494.189979  2377.271014  841.255944  1019.099565  2726.626515  1115.326484  2578.022234  
1456.456503  815.9539446  1496.45585  2391.17515  853.9668239  1017.054025  2747.189617  1138.176393  2583.710528  
1469.425026  826.6569819  1497.314627  2424.857833  837.2194002  1026.980464  2689.895686  1125.839906  2559.983941  
1388.866931  801.3260154  1474.916589  2439.878696  832.3136201  957.1899164  2721.392017  1129.255254  2520.510589  
1452.522728  813.8330695  1464.403264  2441.733293  842.1621475  1015.760473  2711.790337  1126.43367  2552.647151  
1450.38294  818.638317  1500.564057  2432.46621  874.3687406  1008.038021  2729.577328  1155.251585  2567.089634  
1414.721164  815.876477  1519.455463  2402.105277  815.6429057  967.3537795  2756.390621  1135.629744  2539.639586  
1433.908574  800.8890242  1522.595191  2377.508552  835.0855551  1000.937929  2724.677407  1119.716449  2560.318099  
1474.623425  834.0186534  1570.094506  2358.580989  873.2638989  1023.861069  2751.386681  1123.26735  2573.552452  
1461.634618  834.5266742  1546.393654  2378.32569  876.2154722  1034.166417  2758.071465  1137.496071  2586.491525  
1452.916691  794.1958685  1507.711098  2338.987521  852.3715021  1044.730353  2658.877358  1126.081952  2554.247795  
1440.257136  797.2141901  1524.639672  2415.135735  827.8295281  970.5154323  2708.559363  1135.412931  2524.854256  
1387.684896  783.2744996  1509.450417  2413.774367  833.7047696  911.3009908  2748.761266  1151.606317  2520.107703  
1455.697176  847.3976349  1522.097934  2401.7854  822.1643929  981.1391824  2721.402459  1124.304246  2539.834853  
1437.732123  790.3327685  1497.799928  2448.133  827.0627584  994.9921916  2720.976529  1140.740443  2551.936611  
1433.254015  835.3860686  1501.258085  2417.726377  840.7841365  1017.830806  2703.365851  1135.756224  2535.217897  
1389.766023  816.1971104  1490.66137  2410.434523  855.1986028  983.1880501  2776.017023  1150.254181  2539.713982  
1385.327668  828.7374922  1476.731559  2432.04487  822.8741784  894.3715608  2794.325907  1159.71837  2510.242624  
1433.376163  808.5162702  1506.662523  2452.499881  817.8932547  952.8697687  2764.476339  1160.363349  2539.261815  
1446.422583  835.9334449  1507.918589  2460.12695  842.5547132  991.6799889  2710.404708  1154.498326  2535.108746  
1442.046909  772.9230997  1483.611293  2469.031051  852.3300625  1016.937303  2736.584599  1138.551781  2546.003234  
1492.528954  829.0962697  1543.850749  2432.449925  862.9309941  1040.517565  2733.662415  1139.169455  2573.758465  
1413.842111  818.9190904  1518.880964  2390.274736  852.5471806  965.3219946  2708.098686  1140.533244  2535.011328  
1376.784826  803.3130993  1507.243937  2372.102133  823.9913315  963.3430545  2752.123444  1132.056503  2546.882278  
1422.072479  852.3035999  1495.743909  2365.90914  843.2946081  1008.068916  2719.468231  1129.035915  2543.880544  
1430.848833  817.7333786  1482.932107  2417.286531  866.537099  1048.993389  2717.046707  1133.372026  2578.233444  
1458.499415  842.2363982  1488.044277  2423.263111  882.770483  1082.739596  2689.616135  1145.137813  2550.672212  
1444.015661  834.4133563  1502.441885  2428.528097  890.9612002  1048.202109  2710.83191  1141.767261  2551.057014  
1454.139189  838.6418737  1504.560136  2349.662901  871.5742102  1048.4145  2693.023171  1131.14922  2552.772728  
1496.602725  862.2964633  1542.134649  2318.545494  859.0987389  987.6218848  2732.08244  1132.111029  2543.808896  
1410.88459  851.4905838  1535.641012  2296.44694  826.9097486  895.6858149  2700.492579  1134.199326  2492.794936  
1390.100961  832.1194982  1473.102223  2343.427451  804.4163721  894.6587097  2721.117353  1135.330253  2516.15364  
1423.194523  898.7346461  1491.890021  2296.597284  797.3128595  951.9426652  2714.031947  1115.887804  2528.848355  
1411.513922  869.4787388  1450.436739  2344.626778  817.9843059  943.7764879  2722.168947  1136.359049  2538.440905  
1428.866934  887.3958096  1466.913623  2334.742268  820.23038  1015.559544  2702.437541  1132.48727  2566.632377  
1444.427907  836.5589637  1480.025549  2365.242845  867.8012351  1067.10486  2720.38576  1138.199021  2615.892514  
1475.146758  831.9356985  1537.561357  2332.076494  891.1075594  1114.586274  2730.571951  1136.267336  2652.290279  
1417.721152  785.1779927  1524.684759  2369.547344  865.4453496  1072.019429  2712.68039  1131.869951  2588.247299  
1434.179527  762.9180052  1509.471573  2360.71087  836.1641125  1022.606956  2671.563553  1117.784987  2532.765886  
1464.314193  773.2841893  1519.561775  2420.538065  857.8371678  989.8698967  2720.319608  1118.276506  2545.978836  
1399.926663  781.7321216  1530.490633  2472.625611  862.1113889  934.3521115  2769.315305  1155.421647  2526.779921  
1395.511246  786.681708  1520.947658  2460.550809  864.3562796  928.2779709  2748.224695  1139.961488  2531.681738  
1393.562681  786.3045749  1498.459742  2482.998439  872.7647819  989.2613226  2765.095355  1153.710013  2532.39814  
1417.829883  774.2882521  1513.478004  2406.93294  884.2223633  1063.013287  2749.548055  1142.842214  2564.530102  
1423.042622  811.9654283  1542.797696  2416.502072  855.0391221  989.0232032  2744.236743  1168.068755  2527.835881  
1345.639366  792.9184284  1520.440748  2418.143984  823.7544911  923.2641898  2704.705013  1135.533244  2474.41195  
1345.66284  791.6921481  1467.006078  2459.057737  812.0520001  936.0261255  2785.559327  1125.101667  2481.221313  
1414.552135  856.840301  1511.751853  2434.654647  853.4787426  964.5635914  2801.675326  1168.848863  2546.151455  
1349.330328  826.0345673  1489.842433  2445.75088  830.1152544  918.2615784  2778.607875  1151.733932  2523.625412  
1412.572907  841.7918657  1472.901173  2458.920949  827.3608959  1042.097575  2771.932858  1136.334918  2572.676248  
1461.297738  838.9559385  1487.913827  2500.430557  842.0435297  1045.535646  2756.601311  1152.781243  2577.4315  
1437.259345  829.5572114  1491.240023  2463.085757  849.953663  1017.800708  2698.676281  1133.898895  2514.432415  
1390.768569  803.6392196  1469.179605  2465.317708  831.3495783  1006.91956  2717.17163  1132.799872  2510.538895  
1457.918234  816.9923156  1489.158884  2459.518372  848.236188  1072.167521  2719.64572  1130.144713  2558.944068  
1475.335516  836.66914  1482.072993  2421.676412  864.7216481  993.9372996  2734.937792  1146.538868  2554.806701  
1453.75162  805.8405606  1478.240998  2390.490012  817.9955977  949.8908172  2710.288034  1131.35433  2536.359721  
1460.826891  812.1228569  1501.598195  2403.440297  757.4994237  914.2474095  2708.183927  1116.648592  2515.938606  
1479.60665  828.0890256  1520.146341  2412.643537  802.5589518  949.1808363  2675.211959  1108.182899  2533.373717  
1487.349301  874.747286  1536.494397  2363.962207  822.1639406  968.1124776  2718.432948  1148.018827  2560.417002  
1421.635538  849.4728961  1524.457306  2335.815637  858.1939709  886.2169584  2758.692811  1180.274339  2545.631972  
1376.725395  861.7194981  1500.085244  2385.309344  831.9516962  848.4233169  2826.243685  1170.88893  2529.556994  
1400.620105  873.4150704  1475.184892  2310.788055  807.6731182  930.326669  2797.563357  1150.298132  2579.09421  
1403.512359  834.0082749  1460.909252  2333.288545  797.3478161  942.7241674  2765.244247  1148.067931  2547.601295  
1408.331295  854.9004863  1485.437082  2345.798706  844.7479801  937.8922703  2742.770322  1165.921519  2543.944819  
1389.551695  801.7213941  1500.257448  2444.041964  885.8759786  971.0531699  2770.039495  1151.942498  2561.446622  
1433.813555  806.5126773  1536.268352  2470.499949  897.8247917  1084.051083  2791.795419  1135.225563  2617.660634  
1429.349359  798.1859319  1544.362467  2454.749973  945.5152466  1095.039725  2793.439282  1139.718819  2637.730624  
1471.035053  791.1271019  1540.404994  2424.980948  915.8109404  1112.580861  2752.620005  1150.522607  2624.217122  
1436.205281  782.4760028  1528.191167  2441.741123  878.9537424  1034.838142  2677.256416  1151.05967  2562.322284  
1416.119634  770.2044  1507.351741  2460.227943  875.1817418  1007.69046  2665.288561  1119.150031  2511.940799  
1453.344491  797.4137651  1501.960793  2392.003718  834.4587914  1039.60253  2663.515756  1119.905569  2529.937496  
1455.777964  848.7724388  1534.40733  2361.291742  866.9435433  961.1995059  2675.409554  1147.409661  2517.911725  
1324.796585  790.0857289  1484.454314  2393.513702  842.7276733  902.234556  2695.026563  1126.933474  2481.093185  
1348.887308  806.1123508  1442.386129  2428.601635  825.9697251  970.2891583  2730.354342  1105.309269  2511.689442  
1439.64875  794.9571726  1460.339435  2413.707923  833.4625088  1045.811963  2732.408753  1128.701483  2578.92293  
1450.840176  788.4482522  1479.719639  2409.039039  834.158335  1078.109999  2687.16821  1114.118856  2568.414233  
1434.626092  789.8894255  1490.401742  2438.968094  868.0889578  1082.900472  2729.463311  1137.922049  2577.989237  
1431.14955  782.0572264  1522.674335  2453.621464  867.4282464  1094.744679  2736.103985  1136.483627  2569.377075  
1407.287751  828.7029583  1528.789265  2417.395965  889.0001217  1039.828151  2726.786795  1130.935031  2550.172173  
1410.344336  835.7640692  1506.806429  2410.15555  871.9669698  1051.930442  2721.895839  1127.478446  2555.049709  
1430.186958  819.4278572  1507.810359  2425.021592  900.8706268  1055.855493  2758.394235  1147.503117  2602.464206  
1469.296598  815.4486894  1546.239252  2418.247891  898.354233  1032.169824  2748.224235  1160.103661  2594.370571  
1411.568268  831.7973996  1539.114576  2428.740864  887.3613603  937.1790592  2741.021062  1161.213342  2551.957401  
1379.893317  833.3579534  1488.700099  2478.965234  868.3034745  939.5832133  2750.150612  1160.441199  2531.944123  
1416.378008  838.1053253  1490.087072  2377.459711  861.2403073  994.7277727  2767.208563  1155.264967  2580.65735  
1409.478345  807.5327732  1486.884105  2352.15559  814.3275178  929.9465888  2695.850977  1130.52431  2542.315975  
1436.45416  814.3085874  1489.782066  2347.845696  776.6158568  907.8112747  2690.880896  1126.171357  2508.369423  
1420.641692  804.7880338  1490.608607  2376.057977  818.7081501  944.4119564  2667.001273  1127.861807  2513.947819  
1403.743113  820.530014  1491.290269  2404.989382  812.6212031  1042.158252  2706.834456  1095.795379  2516.666066  
1449.000787  852.3219005  1507.57694  2382.600291  735.4432198  993.3282153  2750.965992  1107.048527  2509.203631  
1426.299529  805.257762  1463.834063  2402.381164  764.5905111  902.7910724  2723.085314  1110.63977  2520.275911  
1477.5079  799.8668187  1490.790526  2487.71056  808.4603712  961.2195993  2746.55304  1150.303828  2548.955597  
1507.276152  812.5684868  1499.011448  2482.94433  816.7967801  963.4910982  2704.891877  1141.84952  2552.259855  
1489.887389  844.2673135  1492.994454  2430.645182  827.0678058  1017.221288  2694.351654  1126.601946  2549.748109  
1462.704761  786.0528055  1500.107133  2453.499199  855.399115  996.9699796  2740.88295  1158.301607  2518.953207  
1443.240554  836.6556053  1540.586274  2459.185039  868.1855523  1027.39345  2760.708595  1166.156563  2533.978339  
1473.769678  849.5117488  1554.361238  2404.48627  858.4061891  1038.688085  2788.102382  1168.947192  2585.917744  
1433.290958  808.9611057  1537.908406  2396.040782  823.222765  901.2209482  2725.49844  1191.916146  2519.444098  
1398.536421  827.3094816  1493.534928  2356.325712  830.3160374  903.5752563  2665.838167  1135.356617  2485.167609  
1327.815263  805.464619  1440.971587  2359.138105  849.4938637  936.7028241  2741.390152  1122.78362  2488.950995  
1365.367351  817.5602035  1449.640077  2368.755671  830.7931256  1017.064916  2715.849978  1115.004917  2522.743379  
1400.056073  839.757557  1434.067021  2372.466636  849.4206123  1039.761782  2760.784246  1123.958145  2579.077471  
1416.24686  828.9838264  1473.678082  2377.78659  858.7339903  965.5573297  2768.014446  1157.124509  2594.763555  
1420.959128  850.3401667  1507.093324  2376.697705  812.9796128  940.4970516  2749.71142  1133.039963  2573.381266  
1471.20265  789.5146592  1490.549328  2409.866161  861.0032176  1027.814356  2745.624996  1125.66457  2629.130037  
1466.512663  791.6955453  1536.191815  2415.157264  874.3695844  1026.479257  2741.75622  1147.046019  2613.436269  
1485.704  849.8783477  1567.855668  2418.241392  862.9712992  988.8842735  2669.388312  1143.13021  2557.084289  
1419.844969  823.0314452  1517.101603  2417.268116  865.9259185  1045.023126  2662.185883  1117.226693  2514.983657  
1383.887752  834.0433252  1501.10501  2328.776993  856.7152285  1049.382453  2696.94782  1117.181285  2499.02904  
1389.118835  864.1402714  1483.036552  2404.8038  869.4728226  1019.351276  2785.864561  1149.189381  2533.264916  
1406.916658  816.658911  1489.273587  2433.339344  885.611301  1011.452211  2788.80292  1171.118804  2575.618245  
1415.636032  816.4364197  1512.442142  2358.928042  878.8588292  1012.882844  2788.412009  1166.931908  2572.30828  
1405.959246  805.2822988  1511.963334  2401.350779  851.2427227  979.4538386  2760.818252  1155.787131  2540.073965  
1414.976068  824.8801833  1545.166125  2378.878509  862.4091202  1006.106221  2752.233146  1129.951548  2570.059162  
1353.078967  791.8919687  1519.806803  2415.164198  822.7340203  888.8350291  2752.08752  1143.813613  2516.310023  
1341.326848  771.2301905  1479.267218  2423.737136  787.5909861  898.8014882  2703.018378  1106.465023  2495.771638  
1357.812623  763.1358371  1460.017342  2492.945224  810.4945083  931.8342874  2762.063152  1118.271214  2505.097875  
1410.312909  793.3623022  1483.763694  2441.927003  871.4824671  993.1468161  2784.619771  1149.083993  2554.885208  
1424.803593  842.5599144  1533.040986  2438.397142  860.7652619  1007.358967  2740.907645  1165.745013  2554.346455  
1394.475747  860.1536774  1545.99037  2426.544301  878.019994  1060.161744  2743.888297  1136.96034  2540.775198  
1393.005496  849.5075559  1504.165948  2430.883311  876.3155829  1068.002955  2730.580324  1137.643001  2524.489105  
1413.566304  867.4841735  1501.850978  2426.656202  885.8942622  1103.564933  2762.365336  1141.950219  2558.952355  
1447.875823  844.1738137  1509.578042  2423.987219  894.9494215  1111.358588  2768.227319  1145.512167  2573.033397  
1463.560502  832.8226405  1556.692792  2401.915423  913.6881699  1130.895454  2778.148398  1147.497918  2600.908053  
1444.188438  815.1063036  1530.34084  2494.652915  877.5922449  994.8876137  2777.031884  1180.052811  2547.759341  
1462.151929  835.1370597  1531.612508  2444.609397  888.5292796  1078.396803  2767.920504  1146.330568  2607.683971  
1513.551245  795.2110374  1525.537121  2406.485514  778.7761574  997.8159577  2644.524975  1135.191981  2510.777541  
1520.072316  840.0565626  1504.554063  2332.163863  783.0465132  928.6927628  2619.600974  1123.759094  2525.963261  
1459.765958  829.7401291  1516.181497  2295.664503  881.7434801  989.799002  2705.574282  1140.373604  2622.458918  
1346.165599  783.983283  1474.736257  2392.628583  831.1537177  874.6313738  2733.696026  1134.586712  2520.418313  
1441.795812  811.4300933  1439.987315  2420.647887  815.3584532  966.1676182  2738.344275  1137.115317  2552.518267  
1456.444666  822.6315477  1473.602647  2421.469168  800.6361082  905.7679558  2690.61256  1143.727827  2514.272424  
1369.02513  779.6385896  1447.490931  2374.242541  810.8911454  920.9779877  2691.220674  1091.28977  2522.281447  
