1181.200705  727.1728841  1137.953266  891.0920117  -693.9424438  448.4987848  2412.447804  1018.625913  1475.095878  
1169.346474  716.4446725  1148.8201  904.1578162  -670.6362432  447.2634676  2437.75352  984.6850905  1490.485494  
1107.788212  668.6974401  1170.427471  937.5125456  -712.2122383  440.9209213  2456.772484  964.0072246  1456.452333  
1191.245603  696.3065499  1161.178878  954.2751289  -675.1886616  443.5421501  2450.219922  987.1229244  1511.01221  
1181.308739  705.9367116  1127.904842  958.927272  -670.7557517  433.0526531  2435.011967  991.4928216  1481.897298  
1172.850931  700.0826493  1196.021641  947.4991135  -650.6610112  445.162247  2467.435218  998.0857024  1499.684243  
1173.77955  674.4786198  1168.935456  922.2824549  -663.0120195  452.5882335  2449.358716  1003.067266  1498.929159  
1211.221186  686.6255078  1163.712261  920.1804871  -666.9939841  423.0764466  2437.852869  966.5832495  1503.631118  
1215.809237  719.125357  1149.966466  928.4780081  -684.3224068  436.2023041  2438.785008  978.1531152  1522.275383  
1180.085355  715.9706434  1130.188239  919.8274638  -676.2247969  431.3760182  2436.006468  983.751137  1501.313797  
1177.98616  714.5321457  1157.275576  932.3539402  -691.3436904  429.5480934  2443.200803  962.8101294  1486.736408  
1146.04251  724.5712529  1191.141525  914.9907596  -679.1135326  432.1233819  2410.159136  979.5227678  1479.632632  
1112.74879  702.467111  1149.044885  954.8312902  -680.7180003  413.2657221  2386.370295  982.1842215  1503.972612  
1194.090746  727.1881476  1155.130127  956.3108651  -635.8168246  444.4570992  2434.886023  972.9922039  1511.018245  
1182.111899  737.0972178  1149.489731  941.3972629  -660.380131  439.8902268  2447.865179  979.742605  1518.573951  
1176.166328  704.6502566  1181.992992  921.755617  -671.7073657  436.6112227  2455.506908  993.7806378  1514.324286  
1171.361844  674.9743795  1161.000041  909.6827136  -647.2263722  439.7888143  2451.246349  1002.87128  1503.146169  
1107.257156  714.7973892  1162.40362  900.3041305  -650.2802888  469.6342712  2415.408307  1006.391553  1492.590262  
1164.485334  723.6908868  1173.620847  934.6745405  -678.5654796  464.1230369  2414.96011  959.8982476  1492.672815  
1168.79904  705.3259677  1156.209933  924.8054351  -686.6269677  464.2077663  2425.132374  982.4883112  1503.566908  
1195.100819  684.9176537  1180.145125  916.0209898  -651.9863402  442.9647633  2440.652976  998.1464945  1512.9207  
1134.219989  682.6203761  1150.32691  941.6296755  -671.7264135  438.0402909  2403.12781  980.2384528  1502.78928  
1200.236563  728.7980646  1135.300037  934.1364157  -708.871301  449.0464761  2434.589222  985.5628132  1487.827945  
1199.483257  656.9047612  1165.488685  940.9087979  -696.6918208  432.5694365  2455.315985  975.6026866  1486.877283  
1160.729403  743.4593313  1172.885187  927.7826395  -681.4563717  466.3777717  2446.040659  1010.80967  1485.035191  
1180.504959  723.5013046  1182.655036  928.0407783  -666.84197  457.3053844  2465.211515  999.9146416  1498.976848  
1151.847761  712.7100519  1167.051029  940.2799699  -679.3416503  442.2085702  2452.138583  997.8201335  1498.103141  
1189.445375  709.0550837  1166.897472  934.0713171  -669.245884  439.8109879  2457.314812  1005.749015  1507.760354  
1130.983294  679.6711316  1170.838989  932.1218637  -652.1996138  461.6870292  2438.776727  995.4451048  1489.600241  
1169.702796  698.5733016  1153.278494  938.6519828  -671.4630065  455.6888737  2441.768637  1024.475357  1496.093241  
1221.658304  682.5773489  1159.677491  928.535482  -649.3595035  451.5870438  2452.764852  984.6823128  1487.483431  
1147.807386  666.899426  1131.477907  919.4987475  -698.7176595  440.5715071  2440.580725  990.6631022  1496.909545  
1255.916592  698.7768058  1213.062681  955.9865421  -661.956919  423.5749118  2459.771645  993.7553557  1508.64078  
1191.785111  669.3477511  1134.441131  929.9345319  -674.6109839  466.9877258  2430.729398  1004.770485  1513.241995  
1190.105477  708.4585755  1176.772733  929.3401458  -655.0818991  453.7189497  2436.509296  984.2996882  1481.255955  
1176.949763  740.9003929  1164.208963  927.6984805  -678.6345983  426.8910911  2456.599345  1002.404621  1508.658871  
1165.119391  710.8957156  1163.262964  896.2935746  -675.2679076  433.2746921  2430.995415  984.3608423  1482.629356  
1216.023991  697.1324608  1150.050248  927.7844164  -662.6096645  415.2374217  2416.075986  965.3898249  1503.492015  
1177.244198  716.0687151  1149.468215  928.3704369  -674.8017693  430.8748164  2429.578495  982.5950227  1504.21032  
1176.43593  687.84226  1156.373287  939.4071524  -655.6666887  430.6844376  2428.619428  970.7313006  1507.60604  
1162.089165  701.4134916  1145.371347  928.4426427  -653.5973777  453.4313919  2434.173366  1005.695422  1527.393607  
1153.428907  705.9105495  1156.740788  941.8081118  -671.6483117  425.1323667  2449.274508  997.7648146  1503.153344  
1174.291803  678.6815811  1142.435177  907.0571667  -676.8360066  444.0683209  2452.576792  980.8352063  1495.831462  
1149.328839  667.3787961  1151.682129  951.1453982  -684.0079253  425.3860157  2422.503162  994.3898556  1485.547897  
1180.387394  729.2616778  1146.974584  938.375513  -683.9306569  451.6430197  2417.626095  968.3110163  1488.142275  
1128.151226  743.8319257  1161.817728  929.8104544  -704.9262859  461.6055364  2426.585919  979.2076931  1505.247126  
1210.201275  725.0271567  1173.856778  934.6025863  -663.6787105  431.954549  2429.588793  987.4153817  1493.205668  
1157.703935  704.2453297  1152.998929  913.9937221  -667.0583499  460.8603021  2429.406002  1021.584749  1507.423635  
1169.361207  671.9149898  1153.52076  934.8031704  -635.8221701  449.3316659  2424.289343  1013.414598  1503.050083  
1140.403751  715.7002166  1152.170849  921.3497627  -660.202893  461.7850064  2418.698666  1016.495156  1491.470313  
1149.367187  692.062006  1168.13483  937.4665159  -669.4501158  422.594183  2437.748713  977.6026713  1503.139297  
1162.24266  722.530946  1171.168859  929.207398  -668.4967723  426.5643706  2462.115071  997.8926171  1498.472104  
1150.953913  688.5737989  1170.194024  911.5833461  -661.9314802  435.6760145  2481.24843  998.6900471  1505.450406  
1205.367226  689.8955352  1177.815648  905.092516  -651.5374089  449.8864946  2462.843221  1004.002277  1488.637921  
1198.405222  712.1823664  1168.956217  920.4829849  -679.3614177  443.3551347  2485.044521  992.8540029  1501.677876  
1177.807879  699.4413452  1183.894141  927.8053141  -693.8756928  453.9028376  2420.141254  976.8882483  1472.295671  
1193.926787  708.9013369  1136.530489  947.0202386  -677.224646  450.4192887  2412.310443  974.1020525  1500.662586  
1206.42993  723.1452111  1157.046156  937.4875875  -654.1340815  461.2903911  2447.921583  976.161133  1496.851688  
1168.453586  710.9615963  1175.154321  939.4120224  -681.938997  443.5755239  2458.152054  976.3550512  1514.85339  
1221.445716  709.8114203  1161.589425  916.0137199  -677.9484031  434.1767306  2437.979311  973.9047035  1490.767314  
1164.203994  681.3920417  1172.783214  938.364629  -694.2795337  431.5329915  2468.920476  982.1013333  1496.644723  
1188.661522  687.0614844  1146.269317  910.2286351  -663.7695608  446.7876451  2474.855756  989.4913364  1493.617691  
1185.846564  686.2547717  1192.622919  932.1727886  -674.12337  433.5042994  2478.011839  988.2379497  1499.577168  
1180.344723  682.1654319  1153.923978  931.389728  -673.1349889  446.74756  2453.699281  986.9766128  1512.007735  
1211.859355  697.792435  1172.921626  933.4006712  -657.3463212  449.1698147  2437.046316  974.3025612  1487.629472  
1207.008369  706.3698965  1158.362028  951.7467913  -675.0807891  427.5700367  2463.053456  965.6406559  1521.037223  
1174.76598  690.7574164  1129.009432  929.1531225  -673.1428483  438.0248185  2448.344708  960.0352113  1514.58143  
1163.660033  730.8126668  1172.142733  938.0627503  -650.8985577  468.9564494  2427.666446  994.3187212  1486.692364  
1151.722969  749.0542642  1144.221229  922.7976646  -650.1953186  456.7089122  2429.711298  1015.954409  1498.416612  
1142.738332  743.6589955  1157.345115  919.3729651  -681.1639129  437.9706693  2421.524529  997.0380712  1491.961339  
1140.380269  718.5107685  1182.560525  929.1101392  -684.7256113  430.3666889  2395.248386  987.1945056  1512.461273  
1165.883055  690.1726365  1140.048886  923.7094303  -668.597254  412.2970603  2399.303013  961.6920265  1499.926124  
1130.311641  704.8488163  1167.687091  938.8981238  -709.7691778  413.937698  2411.355613  949.7017815  1482.847317  
1142.774069  685.932997  1131.631636  920.3677575  -684.0144326  425.1062477  2425.648927  960.7569038  1482.363044  
1157.004  729.8354891  1190.139043  949.5109231  -705.0883229  433.7549622  2442.710976  983.2718556  1472.76788  
1136.300884  737.3552574  1155.148904  943.2796572  -701.5912049  440.0371595  2438.832545  981.8772407  1499.620095  
1179.520409  736.1582534  1185.919292  943.5302423  -703.6930534  441.5089973  2437.950605  982.8556878  1475.932973  
1177.242897  726.6069177  1173.65156  935.1109379  -677.1393187  437.2988897  2459.177931  992.4004333  1501.700134  
1157.279969  757.1206428  1166.261093  922.3885673  -682.3907261  439.3963824  2439.262428  986.6571894  1486.316156  
1156.663247  727.3140064  1184.730066  951.0409116  -697.0699166  444.7605993  2416.558271  990.2109032  1489.253763  
1214.8895  715.9968357  1146.786442  938.7094187  -663.7227591  449.9085986  2432.669176  985.8278156  1497.948341  
1160.940013  711.3274998  1194.398091  933.6748935  -680.8463346  431.9023939  2446.246584  979.4959706  1488.648218  
1140.790017  708.1668221  1171.150683  920.3396539  -685.2541459  433.4709035  2468.074708  994.0087453  1477.530926  
1177.687627  667.6785458  1190.805179  916.3742096  -677.7156861  412.8263594  2475.515727  988.3760191  1475.303891  
1180.338041  677.134473  1155.935726  895.9842568  -686.2822883  417.0633936  2466.81896  983.6352025  1491.159379  
1181.650564  702.4712542  1194.664346  915.3003235  -679.2385112  428.3918979  2432.907807  1005.675935  1488.419086  
1131.903347  692.5308645  1150.708466  936.4093678  -671.9160919  424.3272227  2399.869593  987.7830422  1505.104445  
1119.83833  712.5237347  1162.293642  923.5872002  -672.068456  433.7373955  2398.605847  985.225357  1492.855142  
1171.744468  669.9121943  1149.34856  949.934447  -657.2637187  423.9684241  2420.828571  971.5142076  1505.877268  
1157.14164  689.2111008  1135.643676  916.8324072  -682.8184149  449.5345929  2422.280675  969.8087053  1494.698654  
1161.83114  708.529654  1178.619536  928.8576548  -662.187353  441.706079  2452.249334  999.1299047  1487.417965  
1150.402156  736.9496084  1155.955401  920.3711723  -663.099092  450.3936673  2446.424318  1020.990903  1507.181147  
1158.774766  734.5077692  1160.188277  913.7604899  -656.4298885  453.0517761  2420.950366  1005.101741  1493.397308  
1166.679855  726.9999618  1136.727605  938.6483752  -681.4015582  430.2570805  2430.374728  973.3964612  1492.2976  
1185.045829  714.7407859  1188.548757  926.4446977  -695.0296764  430.2116128  2460.878665  974.0148927  1497.66353  
1205.266831  710.4890114  1164.046624  942.9706239  -670.9604372  425.9627732  2441.917007  989.8739241  1528.841979  
1181.599733  674.6540986  1113.838087  949.3280383  -673.633457  441.9781986  2402.28011  975.799929  1479.038951  
1175.199103  713.9830142  1141.183336  930.1744233  -674.5249467  469.1159349  2439.322407  977.192012  1496.124146  
1146.564525  720.9465471  1147.96051  904.6648613  -675.5960484  453.4877498  2454.030658  994.1464554  1474.647654  
1161.986716  693.7414239  1169.438426  934.8025017  -684.8668953  423.4258111  2455.226999  981.4831808  1503.204271  
1179.001432  682.9286213  1135.798506  907.0326495  -656.4139097  449.943186  2438.272588  988.8159591  1504.753666  
1217.409335  698.8198568  1169.371987  938.777212  -675.9886808  428.884206  2421.27908  985.39273  1480.404857  
1169.905757  716.4659299  1134.84844  917.6524117  -688.2634254  469.9065449  2442.096671  983.0718356  1494.252184  
1193.330767  744.6242211  1181.843846  927.3257649  -692.9816251  461.1822081  2447.615451  974.8751488  1473.14413  
1172.921576  698.5919475  1148.256545  937.064222  -697.3954256  434.2357774  2422.614429  969.5057722  1506.384253  
1197.869294  748.2812706  1159.608588  906.8533599  -693.4144074  442.1686082  2410.757965  976.7937251  1491.206102  
1217.465765  709.8763807  1154.666801  936.0330099  -686.4520716  440.6590322  2440.070002  971.8889027  1497.079137  
1205.395387  734.591889  1153.35838  924.8272387  -667.7030544  452.7952458  2448.958928  991.0253775  1507.181822  
1136.717252  701.1063048  1146.90747  927.1710087  -687.7278569  422.8700304  2423.41451  984.0750679  1491.601657  
1134.477903  716.7952648  1136.956814  916.2059957  -687.6974356  435.6369727  2411.641461  986.8071634  1477.523889  
1149.411385  686.7543448  1154.308614  924.0310581  -676.4058001  428.2152402  2422.445488  962.3178624  1490.301405  
1118.620852  711.2738871  1155.107469  916.0778927  -677.7619841  446.8028772  2456.441246  983.2790379  1485.254578  
1177.270746  666.9844982  1201.282049  933.8327845  -664.4748867  422.9464165  2496.119158  986.4540926  1513.667847  
1145.216306  656.2483024  1165.32023  941.2855154  -682.3680806  449.0611067  2466.628433  998.3107133  1517.659757  
1185.817586  697.2659811  1144.544745  935.7623994  -648.2445393  466.4014629  2439.656921  984.4451841  1505.485719  
1142.904319  728.56807  1202.842983  939.5940393  -672.0646094  458.8422483  2427.862542  1001.975009  1499.793489  
1211.037556  715.5802314  1137.511529  925.0978344  -608.1968256  452.8456564  2429.711438  1018.860233  1523.747448  
1177.499605  701.306909  1137.928748  920.1464231  -638.6136786  445.752853  2432.794061  995.1864219  1492.730526  
1207.809615  719.846228  1154.085753  923.0851034  -683.5775024  424.6151995  2434.485122  978.5512089  1497.652973  
1187.675574  670.7523948  1171.689048  957.3524084  -697.3721093  411.2679758  2448.405536  968.155668  1506.919612  
1217.904025  685.4930652  1155.702646  937.5316876  -687.2026509  443.8650558  2446.283388  968.3987055  1507.470269  
1157.144218  692.5220998  1161.589471  936.3081033  -673.0304532  443.0556903  2445.041554  977.6560997  1493.849379  
1164.020165  727.2630501  1177.257276  953.6525324  -673.4349103  437.3384154  2442.156226  983.7747921  1507.204799  
1191.970555  717.5407392  1144.890067  934.1449438  -667.0231968  441.452764  2431.091499  986.3536449  1512.819921  
1184.774237  701.3403012  1168.474539  940.4165474  -675.4467902  429.6736493  2430.503931  978.7525735  1487.877327  
1175.042456  687.6012949  1136.185054  940.4464927  -668.9159176  453.9156814  2460.371065  969.1664866  1509.309367  
1184.89649  723.5301268  1172.387077  953.826126  -679.1296949  431.6818481  2451.039298  991.3165588  1491.951136  
1165.995858  666.4327995  1145.057005  967.6692657  -664.254478  447.0905613  2422.927145  990.2123676  1505.14224  
1241.88801  690.9220541  1137.564747  937.0221465  -636.277652  440.6661133  2425.958216  977.3760388  1508.349952  
1183.041507  707.698498  1154.049127  923.5950476  -659.7381687  440.7568724  2442.219176  986.5886196  1492.392046  
1136.53197  707.3274261  1156.22507  897.7753607  -671.5055638  448.0152653  2452.743329  997.9211097  1493.728368  
1139.265038  687.934107  1181.818088  925.5194182  -694.2452481  414.3824706  2417.698892  990.0525412  1477.365297  
1164.68792  702.8811947  1147.887057  909.5558239  -689.8364212  446.7554503  2431.141489  989.7487733  1509.366927  
1212.992409  685.5146754  1168.616479  902.7604585  -666.5757136  459.220341  2447.625693  985.1171463  1500.859934  
1167.07817  689.4105876  1128.271311  907.8868401  -677.926097  444.5734584  2428.360594  998.5219201  1503.978173  
1154.898914  672.4083521  1120.040988  925.9291996  -687.6132655  458.1048014  2433.22585  981.915838  1495.538825  
1145.975056  670.7773979  1114.910023  910.6565647  -690.1676628  435.574578  2417.658383  977.8724464  1475.108788  
1172.183341  687.0053747  1119.457734  906.2316022  -686.6499578  439.6638604  2411.508073  966.4393568  1483.695562  
1150.135655  727.9605933  1160.283641  934.6705295  -688.8794878  449.385289  2400.152  990.7142726  1476.357436  
1100.599087  726.031361  1187.036404  945.0020022  -685.5633664  453.075199  2445.395003  996.2908474  1494.813467  
1126.946813  721.4318488  1176.855178  909.7546528  -651.0489632  460.7192785  2448.035138  1017.902232  1513.366323  
1178.405111  747.5441709  1194.706571  938.222699  -640.1094053  452.9870245  2460.254808  1006.975178  1524.090469  
1158.464693  731.7660783  1155.903716  904.8036825  -652.4214006  448.0015125  2466.616627  1016.884717  1516.454704  
1197.024899  715.0740761  1196.945303  916.1140803  -663.7845933  433.1325818  2474.468258  1000.98145  1504.187809  
1211.754204  703.5069165  1165.334916  931.5299753  -681.5866354  421.1636939  2460.396611  979.9036623  1505.98953  
1174.431705  713.3202446  1193.641256  919.6562744  -679.6879815  472.4778316  2435.437073  981.8027005  1479.803221  
1179.037518  755.58665  1196.757289  930.8464905  -667.0989451  467.6330058  2426.890544  1024.901518  1489.293117  
1172.978652  697.6099445  1158.99534  918.337425  -662.358143  444.3936365  2444.423207  995.9176557  1501.517523  
1206.688646  743.5626508  1199.70566  953.0205185  -686.5083125  449.8356769  2436.115757  1002.26231  1489.747901  
1187.775203  685.354941  1142.059658  929.2029482  -661.7130832  448.1831142  2432.690117  987.0397673  1480.849675  
1185.468877  701.3914994  1159.600706  919.1968125  -689.9487533  445.607215  2427.374935  981.3342897  1472.669799  
1189.730021  723.5976085  1168.578689  930.0882767  -687.8010259  441.590587  2460.430067  975.463015  1482.404833  
1171.509927  690.8918945  1174.802037  949.8841237  -684.2202844  436.602849  2443.753995  981.6698182  1500.134899  
1149.711307  664.4691637  1114.153954  926.7813397  -657.5350727  463.3120909  2407.822993  993.0739749  1496.999085  
1123.20317  702.3183311  1156.835593  941.1187303  -681.9588311  432.4162494  2377.934914  995.7802132  1440.752745  
1172.892643  708.551443  1165.510232  944.425148  -676.0568602  458.3090595  2457.417657  1012.387986  1512.525854  
1173.096397  696.9176438  1183.009877  940.0639546  -663.7197483  444.1161337  2427.140924  1011.136383  1498.650987  
1140.171263  725.1960333  1146.211882  949.7178833  -665.9698267  443.1586345  2420.093585  981.9589964  1501.394895  
1126.54384  724.5666444  1165.51485  912.2940127  -685.7921424  437.2371327  2426.475965  978.7141229  1477.683923  
1204.502729  673.6477909  1162.719458  957.1717121  -677.5571926  401.860402  2473.756687  950.3822039  1541.898775  
1188.344358  677.3807815  1153.706329  914.9390085  -669.7241395  432.2021279  2449.739048  973.4945858  1511.916905  
1222.212387  687.8481847  1164.650499  935.890884  -645.6207454  416.3242582  2450.865679  963.8993299  1522.451336  
1196.584149  717.3133555  1133.228402  923.0151697  -653.1667143  441.976722  2453.066997  986.7811686  1511.346799  
1191.478539  694.5205816  1170.699482  942.3764042  -659.0940372  451.9626321  2441.843177  965.4770891  1492.164776  
1156.170239  682.813882  1124.642528  952.7030173  -669.8184366  454.6488949  2423.932439  986.9642855  1528.57537  
1224.315515  728.9562159  1133.60115  956.1861692  -638.7459289  458.9899861  2433.9622  969.885765  1500.950266  
1157.793157  690.8976287  1139.895038  950.5426291  -680.6138751  444.9101207  2437.292191  977.4701118  1495.526339  
1205.501049  731.6612397  1164.457008  919.7269672  -656.1216853  452.3470969  2468.579549  995.4211298  1497.965267  
1158.367882  700.4552652  1158.793309  896.7988046  -655.6914593  428.021661  2453.318989  1000.193445  1484.745268  
1151.600476  682.6350982  1160.978932  883.0614271  -665.7154135  434.7449971  2433.245009  991.3296854  1486.51595  
1202.902519  689.1089831  1154.498699  900.2791408  -676.6183098  420.9519202  2456.298968  979.3111733  1479.73537  
1159.986739  707.1907468  1179.480907  908.8114042  -702.8446475  439.7636419  2472.63225  973.4020789  1496.98806  
1171.607487  722.1674957  1204.765236  929.6616064  -679.818747  443.8656385  2432.421983  978.7046615  1501.734135  
1151.853505  723.4921783  1156.133451  921.227348  -678.2485847  453.2303762  2431.862648  994.882691  1512.521416  
1211.989217  715.2162235  1185.390212  917.295591  -672.3585642  433.944844  2436.698869  984.2814898  1481.326831  
1167.146082  700.6935869  1153.066195  925.580883  -695.1584269  415.6418601  2441.585633  994.5864182  1504.090691  
1161.992165  703.2065668  1199.069639  918.1822502  -681.1423031  441.9861413  2402.612582  994.5638803  1472.891019  
1168.822495  709.6256905  1151.805119  949.289859  -682.2003572  442.6624842  2397.906713  991.3952298  1484.61577  
1192.847785  690.9702526  1151.615947  933.724083  -690.6267111  449.2394228  2437.172897  978.3159641  1475.49874  
1165.194854  685.8312103  1157.417821  929.3772968  -701.5475776  446.3113465  2421.137795  978.0075276  1487.335665  
1203.772067  726.0263484  1148.707679  924.7583698  -677.2252256  432.9683662  2412.633624  983.4833173  1499.867406  
1168.275881  705.1725569  1170.748598  946.7004384  -650.1642179  450.3606386  2449.248805  989.3416448  1524.102347  
1189.710966  698.1012798  1158.564669  946.2721258  -632.9846769  458.1695952  2456.807089  992.9750804  1520.805988  
1191.911543  680.589419  1133.733523  948.137392  -679.0361749  411.4645121  2430.422909  978.0340187  1497.868427  
1161.023935  692.6892498  1132.707414  922.7204352  -689.103182  445.5222928  2423.642055  971.7834996  1489.874059  
1183.745771  672.4713565  1159.298505  937.4746872  -673.5567698  436.1321054  2437.163833  972.6522086  1485.690785  
1134.645069  701.3632244  1117.957119  925.2060432  -671.6052466  465.9614515  2399.979619  988.6763701  1480.254188  
1163.972693  710.2926258  1186.508047  962.8644505  -686.2619602  454.0623405  2423.323102  1032.514592  1470.877192  
1131.645666  662.7729416  1103.028429  937.5622522  -687.5129757  447.8860269  2390.526623  1012.585885  1460.841717  
1197.438193  706.1751719  1135.435298  903.017489  -697.9342262  441.7246338  2406.576733  974.5793887  1469.775044  
1189.23247  740.130117  1178.428344  927.9988536  -708.4457444  430.6349757  2417.637794  976.4470808  1486.633037  
1191.109936  764.8863165  1194.555705  942.3708399  -664.4805725  428.1506246  2475.136605  973.2581987  1512.361964  
1170.308714  720.019782  1198.764828  909.7894017  -667.5919548  439.7685755  2477.187515  973.4544215  1516.836786  
1181.892141  703.8211572  1182.664422  933.9477194  -661.7259142  445.851056  2464.598587  1000.328772  1514.825201  
1148.777058  736.9659204  1161.487978  921.6893048  -661.8619508  451.8717307  2441.021404  1002.785427  1512.446664  
1145.82842  696.0852688  1133.862698  943.7392517  -652.0715233  441.8597922  2445.456209  964.8656688  1515.881763  
1162.935274  743.5856278  1172.335626  909.0495571  -665.7239175  448.1973584  2463.149453  997.6671653  1497.708665  
1157.329129  670.7747729  1170.416451  919.3241127  -679.0237664  431.9243961  2468.50178  975.877521  1497.639929  
1180.380028  693.0152218  1160.751298  928.1395588  -666.4588335  437.0782422  2419.160108  992.9670323  1483.379957  
1197.245246  668.6872727  1134.365867  939.0758852  -679.120994  433.509592  2424.262589  980.7520304  1494.463311  
