1208.95917  462.6221422  1250.826467  964.1298323  512.1201146  705.2583807  2101.570005  906.2528179  2048.611136  
1141.312752  429.4140975  1248.618601  964.5079344  472.7680688  701.7396226  2086.009959  915.0571408  2016.725662  
1135.094962  493.3098279  1247.940784  935.7330525  468.8623008  728.9104058  2103.817304  910.1511829  1974.665237  
1128.19827  429.792718  1267.249748  939.2212704  447.0050853  716.2749058  2102.070038  924.2839996  1989.765504  
1132.611819  431.2884861  1259.684209  950.2253419  486.8561916  700.5334815  2095.36599  923.1829627  1983.752808  
1119.58446  490.3816822  1238.155544  938.8510743  471.4620899  732.9217031  2107.167355  902.0292754  1969.924059  
1117.615043  452.298663  1262.315732  948.0089424  437.2908251  718.7964065  2132.344334  915.4351698  1971.882427  
1124.756937  447.2277767  1274.396333  965.3095235  427.1249556  721.8444507  2102.381823  918.4370872  1966.072764  
1126.470084  491.4232753  1262.95841  966.3108753  432.7548886  712.5509398  2108.792505  893.437558  1994.612851  
1135.032415  441.4698656  1261.952999  968.6700262  461.969952  708.8509294  2100.403254  901.223605  2000.36737  
1161.089518  459.4879214  1264.650228  962.2096422  500.9525825  719.544817  2106.037286  906.7804083  2001.311801  
1111.380996  443.3259138  1256.344654  941.2289626  476.5773475  739.0477385  2095.076642  917.4706278  1966.949989  
1150.845889  490.5221292  1255.537619  938.0896737  469.3081714  751.6982617  2090.919839  899.126543  1964.931375  
1103.075126  432.4512472  1249.480664  932.2515836  451.2317124  759.4611434  2115.142038  914.6197795  1979.422436  
1150.995657  507.5160488  1247.528837  1031.845097  517.2990273  741.3502669  2122.371632  897.789773  2033.117024  
1147.307081  510.781265  1258.164576  971.9223285  486.1022917  770.1712788  2125.91555  908.5579954  1997.294208  
1117.596968  505.8235348  1261.607956  944.1974396  462.5769743  752.0151777  2120.444257  924.4631368  1965.506667  
1152.371454  533.325908  1264.14468  966.292873  486.874989  737.2770382  2136.560221  914.2321237  1972.758179  
1140.074164  465.458379  1278.605994  960.445903  505.6555743  726.6954393  2120.446616  923.0036252  1993.479085  
1130.499654  452.2313735  1273.65841  930.0531952  482.8928225  740.3807739  2081.270348  929.5042385  1974.643042  
1144.280874  450.590529  1255.3818  953.4086872  435.656799  724.8663999  2083.495891  907.5051779  1981.80032  
1150.971642  452.7446307  1264.053962  943.560405  449.9659316  737.9454491  2095.24386  900.0241649  1984.230291  
1107.083207  430.4376834  1257.370216  969.6705267  432.2732646  719.3867369  2097.567385  913.2114565  1989.383691  
1162.991685  405.8712038  1257.178859  1009.112548  467.2587014  697.1453524  2069.186292  919.3190411  2012.505579  
1167.97617  431.7567888  1255.958043  973.1769896  490.8878025  736.3770804  2081.040907  915.1528501  2025.945581  
1172.513633  430.3005459  1235.094232  917.8491443  465.4938591  748.9295939  2073.910929  907.8880603  2010.585495  
1142.236368  447.7744198  1256.835962  958.4505838  438.9011533  752.4986945  2080.009585  902.9307197  1992.439989  
1146.135533  473.8146103  1263.66624  931.3511025  480.4867759  713.5273263  2117.279342  920.6046385  1985.241087  
1111.287441  483.7820735  1266.503417  930.9017446  482.3644142  747.0264322  2085.730304  932.4697212  1964.74031  
1096.579123  478.4103362  1277.55765  933.746297  469.9848935  736.7726535  2084.199879  918.7381805  1956.44237  
1127.220679  454.0173323  1269.972277  988.8024274  438.4858587  715.6069187  2066.031496  900.1989563  1987.717746  
1137.777059  405.5738319  1264.974797  977.1726371  471.1742249  696.3003904  2099.312393  917.8483311  2011.250864  
1167.92883  444.8645293  1244.380051  989.8208943  518.5223274  715.7215241  2115.267098  903.4500357  2027.343374  
1202.445922  404.5154432  1244.326589  974.1031155  502.9925983  711.2099651  2136.457577  901.5473798  2049.267834  
1223.335382  468.5441174  1250.910613  955.2750316  472.5467595  720.2353878  2126.431991  888.1459174  2033.476646  
1143.102603  428.9499452  1277.704424  913.335777  460.5872109  762.5141976  2086.585717  921.029897  1989.588458  
1135.949175  495.6249136  1262.374707  929.7780351  459.2349721  730.0567119  2103.00411  905.6636356  1975.747542  
1109.187513  500.256149  1282.655227  918.1831109  474.5500294  765.3144371  2108.269588  922.16039  1954.840947  
1107.254167  484.7943291  1271.413514  908.2101958  463.1140483  719.8815285  2125.575628  921.0760314  1938.377798  
1075.330197  480.5363505  1289.003258  943.8684889  478.9262608  741.5033918  2110.86771  909.1447773  1939.319459  
1114.733724  522.4285659  1261.741523  950.3719287  493.1111257  737.0912531  2110.795646  903.7173148  1964.119893  
1125.800937  527.8198174  1238.697707  932.1083861  491.0922265  754.3740058  2117.762598  892.211418  1965.036584  
1166.117988  439.4661671  1258.714086  976.4403256  462.3345835  687.4550604  2131.628559  907.9430733  1972.363427  
1132.010234  415.772159  1292.927622  940.7113205  447.1836327  713.3408449  2097.452565  924.0345494  1972.602147  
1140.064997  442.3274609  1297.392088  956.5605935  445.1853048  692.520963  2102.985636  924.7136894  1984.091194  
1138.897819  451.4100917  1272.255743  940.1032244  509.636481  731.8865825  2112.563072  933.0671657  1987.038481  
1158.942316  441.0629071  1251.090467  987.9904099  484.8806804  694.3945351  2077.696485  931.6175947  2006.781645  
1098.738532  448.5186243  1243.588638  967.1415965  450.810451  718.1109855  2104.458829  909.8388904  2012.051994  
1153.137634  526.6409754  1255.82542  998.3444736  532.8920665  769.3357046  2136.836545  911.092796  2028.181529  
1172.197051  425.3966277  1237.750336  963.859625  553.3321529  741.6107704  2101.253715  929.2106267  2048.271284  
1194.560068  399.24605  1225.940246  955.311618  480.0199279  693.1001066  2086.135321  908.92921  2041.536189  
1151.83315  366.8421087  1265.109637  940.6854495  487.1984926  697.7926502  2030.905569  936.1143403  1986.333505  
1127.83499  379.068044  1233.423225  930.4021188  464.7049854  696.8710536  2054.487113  913.3364374  2001.247075  
1118.960301  458.1237239  1234.765381  958.2100486  496.1239937  729.8709147  2090.070478  900.0814413  2004.835791  
1177.713417  402.7740307  1257.078469  946.1144854  535.7045126  720.552975  2100.105039  937.1922518  2028.909424  
1179.262741  447.373142  1256.204915  945.5891757  482.5626039  705.3625054  2121.187285  914.6993138  2020.923334  
1181.686449  409.8858395  1286.018698  924.4195019  441.1202193  690.8559888  2092.507576  932.0601933  1997.041348  
1163.518518  402.9306554  1287.060414  922.935246  444.1394397  677.1227596  2092.646549  949.5001868  2007.754451  
1114.307407  452.7236241  1270.694217  920.8251036  465.983521  711.9669984  2087.093499  931.8149231  1969.011898  
1137.833372  477.9349188  1246.317091  916.2347688  426.2711548  754.133313  2082.56305  919.2168403  1956.459239  
1139.730113  462.4795235  1252.312586  923.6073965  423.3562856  741.3735593  2112.282639  906.4313294  1975.03371  
1155.6263  514.7370339  1259.411747  956.988295  427.0611453  737.797138  2109.178125  896.7684193  1986.560007  
1131.196931  467.4757563  1266.261881  935.0596259  453.7995405  712.7290362  2109.753366  918.5005458  1981.920678  
1112.530723  473.4731909  1281.141608  936.4644407  460.4232011  736.2799792  2101.952875  923.5930957  1975.404227  
1093.623668  506.7710876  1284.105233  898.0296987  457.9399606  761.5159075  2092.53804  930.0264067  1945.469526  
1096.400006  491.8683168  1252.02155  941.5921933  398.7289332  749.2868991  2079.79428  907.091912  1960.716016  
1136.600782  497.2778417  1253.489908  1020.15113  462.0637383  737.2506982  2129.340015  888.5356444  2024.438205  
1171.893199  485.1456238  1261.239274  995.5229096  547.4079655  727.5482983  2139.132279  891.7863535  2032.331607  
1116.667607  459.6790872  1227.070052  981.3870706  483.6250243  721.275314  2133.314793  896.1554323  2038.012288  
1195.429665  457.3318469  1207.092888  1072.434081  524.8952959  668.2030712  2124.517538  870.0944208  2100.58459  
1172.023939  514.6136429  1230.514039  978.0137521  496.583429  728.1223915  2098.220813  859.5640011  2036.386018  
1111.28157  466.9644596  1272.248909  913.7598706  454.6072512  742.371386  2120.041583  909.2776767  1966.852191  
1119.058812  523.9461267  1258.52976  964.3537185  422.0759741  740.763658  2105.965348  894.8647685  1969.325418  
1135.732688  507.7883768  1274.913943  940.490348  390.6637243  758.7613331  2100.904307  897.504749  1962.949179  
1096.683108  496.8226404  1268.691024  949.8738388  387.8198876  746.6164457  2104.258358  904.1812769  1962.457633  
1112.945243  550.5860625  1255.238567  939.5375392  420.4621871  778.6735717  2102.11515  902.5634443  1943.871126  
1094.336776  512.2446693  1247.896598  952.2478917  441.8972138  752.192377  2110.531375  902.8067187  1959.075691  
1129.67343  503.419792  1277.604006  954.8842715  440.6811816  732.2676022  2120.742915  916.7680246  1951.390214  
1112.710471  445.4877996  1268.47626  958.1443496  428.1181485  703.1512354  2114.490915  931.2992839  1950.355931  
1132.439245  461.1749909  1287.831648  960.7968327  447.7141901  734.5744521  2090.289771  942.9823692  1930.404063  
1109.241589  446.2601907  1279.12232  934.415998  456.437731  713.0596824  2116.073613  927.6119059  1945.894538  
1132.014143  509.4115627  1267.911879  915.7425533  480.513149  734.6779179  2128.357502  915.7691124  1943.226899  
1124.214117  453.5123951  1267.024557  933.1386625  495.65133  727.3126174  2114.283294  928.7710652  1961.339268  
1146.964865  482.125896  1265.389899  952.1705237  495.6784896  731.700354  2122.917692  909.6837475  1965.644301  
1140.195742  513.4608859  1253.903837  946.5635321  505.7588115  764.6581552  2116.197323  902.0860106  1983.816241  
1145.771076  485.3279162  1264.822035  996.1357358  524.4031888  730.5789239  2134.556441  906.642268  2013.028298  
1163.1805  435.0629448  1247.526893  1009.432439  537.0068351  717.7118328  2097.640343  905.7048934  2032.767319  
1205.093646  416.9741944  1236.969722  1027.436421  561.4240125  662.2072148  2102.449718  896.7443407  2055.031352  
1209.341412  343.0015019  1230.912362  965.6707917  521.99973  695.5714485  2059.719034  912.5318943  2056.121409  
1175.73451  388.5458214  1250.657874  949.8855468  458.2052374  716.2855189  2073.468834  904.8072856  2023.687194  
1177.740893  388.9415275  1270.404474  999.930907  483.7752967  706.392207  2071.954861  914.7536532  2025.12184  
1175.981783  418.8815837  1273.53777  937.7059999  508.2526003  758.4859324  2071.819339  921.8204843  2011.712762  
1157.811218  420.0517181  1249.208097  935.6780738  430.4946276  734.48091  2074.588981  908.1538325  2010.610803  
1122.332519  422.8378126  1261.251616  933.9562657  440.8297835  744.1476691  2083.83917  920.3391032  1997.083055  
1102.036949  452.7935793  1284.247433  928.2021872  438.4316189  710.8576877  2099.75829  930.4438294  1947.683763  
1111.369934  479.165268  1274.868187  976.1225449  494.458108  731.9640131  2102.895041  940.0658323  1972.154498  
1149.433798  485.6083062  1255.159115  949.5987548  462.9732421  760.0658254  2079.901246  910.2638185  2012.730754  
1106.400363  466.929573  1252.691923  947.4041151  456.5071787  736.1519775  2117.201161  899.7395951  1993.238148  
1118.611717  516.7280699  1241.975031  939.5259595  473.2676576  742.4499652  2127.27492  898.3507841  1987.479695  
1098.068808  483.9185903  1259.572371  955.570049  467.4165441  765.5275335  2098.513368  890.8902111  1999.355961  
1155.674818  445.1663134  1255.112159  983.619337  506.3030593  695.7745863  2095.876873  899.815817  2020.140276  
1141.454877  442.103878  1280.839981  974.4021685  509.571674  712.385966  2097.13904  903.0810188  2020.655122  
1157.569413  430.1754215  1265.769682  938.6773171  470.6592795  678.4318048  2116.195211  917.9556364  2010.474052  
1176.179878  419.7968273  1237.32046  981.4245834  446.7517496  667.9439707  2120.33856  888.5585671  2034.866885  
1146.768659  487.8240948  1244.835137  956.2766087  487.3437364  728.6586415  2141.248616  902.765818  2004.805268  
1136.302117  487.2516338  1265.344772  922.7915949  443.664589  693.8479667  2130.219025  938.464783  1948.443205  
1038.681539  505.1034889  1264.458865  904.8903655  406.7216136  741.1039759  2125.113222  923.9329671  1922.113857  
1113.114729  553.8471233  1273.60963  957.9634658  500.9454586  747.4183008  2139.462774  914.4304653  1957.900612  
1123.381124  503.9958619  1266.091859  954.3430741  492.7816463  753.319561  2150.892517  931.6381483  1989.144229  
1127.638428  508.5095384  1251.15565  955.6408383  406.5087066  743.9201232  2123.747386  915.256183  1956.534144  
1064.830125  466.1383576  1258.219032  938.133812  408.7973036  741.3069123  2078.193232  903.3047951  1950.831886  
1129.59842  487.6426686  1249.163743  953.717329  461.3106002  747.6952914  2103.476396  904.7405419  1964.594778  
1128.317702  461.8772452  1266.257442  973.3094221  491.1453354  683.8670882  2117.196855  911.7414934  1976.698654  
1142.900028  472.362161  1237.511359  947.8395297  470.2780411  724.0356325  2105.796305  889.7980353  1990.288344  
1151.505373  430.9389067  1257.780296  944.0891668  414.6946166  728.7473628  2067.160269  882.6564154  1995.175513  
1176.607389  501.3040068  1269.91732  963.1600111  500.0702171  758.3322354  2113.780174  902.6805564  2017.96967  
1137.614863  478.3109322  1236.681409  937.6103453  480.0544389  742.3315805  2118.445876  912.1874878  2001.949218  
1113.28767  480.2036082  1293.688527  940.7490154  451.2620632  747.1194328  2117.643911  912.9836945  1977.584835  
1128.806233  448.1487473  1270.855572  956.5072661  476.211643  750.6054065  2071.934376  928.3352581  1964.716655  
1136.811496  411.0536967  1277.561943  956.015873  442.1462246  739.3887551  2051.226134  924.2970032  1977.853035  
1164.724698  402.6429584  1304.651501  965.7639907  468.2078706  734.6748723  2092.989614  947.5304273  1985.852045  
1180.8926  446.8723416  1275.273996  1008.612265  504.3461067  725.4457128  2085.170995  922.4514869  2025.559029  
1193.229758  408.0276101  1258.237359  941.6580961  487.1096134  684.8529493  2072.817685  913.0266125  2036.831106  
1159.843132  457.2994282  1235.593104  910.3197467  425.5967829  711.2519218  2105.682652  894.6919955  1975.849703  
1121.105099  454.2842535  1260.164098  944.4135741  447.0850079  713.803729  2100.387261  908.0969447  1970.126597  
1086.278573  424.705257  1271.82996  917.4534187  495.0933728  699.6562694  2119.34576  940.4040346  1973.434301  
1175.570465  513.0551126  1288.140648  933.9785145  573.7271774  749.0615777  2119.685467  951.9966326  1986.901428  
1135.187748  458.1280063  1272.711275  956.0403954  473.9078731  741.4401757  2075.129121  914.3085556  2022.362644  
1199.373448  425.1218974  1289.77891  972.7838447  537.8633327  715.1622003  2093.548358  928.3684738  2031.723019  
1170.368065  409.7923449  1278.291143  955.6475139  529.4152409  718.6062915  2091.912179  933.9903699  2025.591127  
1152.392896  443.349077  1232.373109  936.4326566  430.3737919  743.0912288  2067.507899  902.3539036  1998.528221  
1149.407887  436.8324863  1242.183674  938.1970442  399.2679115  701.5834876  2093.733066  895.8686903  1978.958091  
1128.887654  513.4675526  1248.034329  956.4039064  438.5999314  722.7717822  2135.143072  877.934875  1970.591376  
1133.240438  466.0488045  1247.425599  990.2256123  483.0771785  706.3836817  2117.634545  907.5575543  1999.781126  
1156.999522  513.2438652  1237.992478  967.1674685  507.5470624  740.6741868  2119.399985  899.7201318  1987.206347  
1193.956584  442.9698547  1240.749028  974.6761298  469.1410183  653.9497113  2113.843508  902.5418874  1994.785429  
1131.659573  427.7645873  1248.315488  945.9537218  487.9897115  660.1876149  2109.975432  920.2516185  1989.502329  
1159.513224  495.0982734  1244.817778  943.593735  488.9593804  718.0962889  2092.224407  916.2938875  1988.276551  
1154.701392  463.3114982  1241.181255  973.4123701  493.2473575  742.0527222  2079.140652  911.5679128  1999.666676  
1140.206135  434.3064653  1243.674378  964.5522652  505.2303006  746.1106973  2121.215252  932.4498586  2021.612751  
1179.839447  395.3019107  1256.818897  972.0380132  493.8317259  680.2017893  2093.322505  926.6663255  2058.66183  
1163.201653  423.2082213  1263.598854  1008.600158  446.5963905  721.9457468  2106.331869  895.7447875  2063.241261  
1149.032295  482.4204402  1273.330412  989.7765178  499.5343251  768.0656363  2097.112981  905.8566004  2022.367701  
1119.478671  493.3380225  1228.597175  960.2729265  430.6433663  740.8760447  2092.473762  860.6340882  2012.573642  
1086.048707  444.2119939  1218.490502  954.0550722  391.7397797  706.496196  2112.147036  857.3378233  1977.475327  
1084.191506  445.6104044  1267.826778  934.091936  444.9445184  736.1688594  2124.893254  920.8842327  1951.725446  
1087.939701  552.968466  1251.518494  906.9792347  451.9944025  785.2185271  2108.052918  908.6440136  1926.684729  
1086.831878  482.7783333  1247.115299  913.5841473  404.4435775  738.7869927  2087.317818  884.9492589  1949.275001  
1108.753072  457.0271411  1261.845805  945.065389  423.2853596  721.011119  2106.338617  916.3147864  1945.381019  
1090.588587  491.6337952  1262.811628  928.2279123  465.4859794  737.8933282  2139.832839  926.6982298  1948.067553  
1108.30078  488.845327  1289.092386  942.8235712  468.9381916  735.6666006  2138.560093  927.2566082  1964.405481  
1154.953905  535.109  1274.390246  951.8928155  463.6313654  767.3326486  2125.955832  909.0500512  1973.359994  
1147.778943  513.7066677  1257.991745  955.1614076  475.8981769  784.240238  2098.79587  904.1557758  1989.710978  
1156.257795  478.7109099  1231.461602  964.2163705  414.0247055  717.7986845  2103.741345  864.2776232  2004.176836  
1125.89061  437.3868886  1273.831  934.1871239  414.4741636  694.0625858  2101.737933  892.5554105  1967.875625  
1108.429587  427.3521311  1277.456646  950.3332302  401.5593248  645.5327897  2108.563846  881.7027275  1976.847618  
1135.420817  451.9482102  1292.436651  922.275499  463.901239  723.1272113  2109.25753  923.900109  1967.250598  
1176.545191  466.1820075  1270.98594  980.7262373  442.8447724  693.055422  2130.985243  909.6332699  2015.830473  
1089.617767  435.7350727  1277.959702  956.5327432  442.7920035  717.8135567  2124.653654  907.7216328  1977.324597  
1123.874283  481.9664129  1303.566783  946.3169163  496.7485702  792.9431998  2081.765503  956.2052534  1957.762454  
1156.929445  425.8736261  1280.917475  983.2526034  538.5859069  727.1908561  2098.56416  960.6474415  2001.621267  
1181.910978  481.9912154  1298.927528  974.1357734  572.3072003  794.6617693  2097.149028  968.8278924  2004.745941  
1176.578739  438.2014003  1260.712885  1012.244588  523.7994442  731.8312248  2070.552359  928.1959019  2022.049466  
1130.71966  451.0502608  1250.470305  984.9952829  510.9832642  763.4378181  2090.353595  907.9234616  2008.273574  
1132.095046  502.0237224  1222.585635  989.4908713  522.6860059  764.4117944  2091.743297  915.525018  1976.840488  
1138.886945  410.076483  1254.53196  948.5026561  541.8037206  713.367112  2084.813905  921.4420084  1985.368577  
1190.83767  431.8474122  1274.108772  923.9919189  506.3455668  723.3536603  2103.39032  934.4748249  1998.438383  
1162.430747  426.7861455  1260.672495  924.587107  448.5218056  684.9324302  2081.418033  916.079069  2000.780295  
1183.891602  432.7604225  1268.014453  973.1690458  486.7738495  671.0954594  2120.752134  931.3313441  2008.123618  
1171.043438  459.2131053  1264.13187  962.456125  507.8396072  711.4435002  2136.366846  945.2394756  2003.246362  
1143.567171  494.442532  1259.084832  979.2029771  509.8238834  732.4449085  2101.716818  916.6812938  1997.844983  
1178.433092  474.3743252  1215.653592  1012.581055  482.1759808  713.422843  2092.319737  879.2105174  2022.04607  
1110.078824  453.4605833  1219.693859  985.5529685  387.2201063  717.1416699  2082.264474  852.1050324  1992.605664  
1086.20224  506.5572682  1240.866042  965.0901551  446.105481  750.1633054  2096.396129  879.6588528  1994.204121  
1142.321484  517.2524038  1204.91275  949.8975778  421.2509428  693.4908043  2096.060376  854.7180826  2005.905125  
1130.986338  468.1487505  1188.94778  920.2779325  356.6608311  655.4354816  2104.617086  825.4287078  2011.269541  
1133.275214  441.3654456  1251.243161  909.8455694  402.1917732  709.1353091  2115.469435  896.4677677  2000.548039  
1115.987979  494.9057342  1267.442598  946.3426999  480.1156856  784.1846568  2120.568859  947.0302052  1994.037453  
1157.935938  503.5266661  1272.783762  949.240913  533.6636726  780.0589868  2100.366442  937.9140243  1985.449488  
1111.870737  403.1451908  1257.336402  917.0448599  405.1942046  704.9087746  2077.421814  894.581536  1960.375751  
1099.48708  407.4393918  1256.228914  913.3666462  380.5855411  725.7339633  2107.480782  910.3832354  1962.615056  
1081.169667  427.209547  1281.151827  902.6315837  400.6304131  774.926987  2074.246855  927.8550577  1944.014329  
1093.132158  453.2016775  1297.252025  918.5027998  422.5783025  746.7371545  2090.67666  936.0674088  1928.909296  
1115.054112  501.9679195  1271.739638  934.8863499  432.0546168  758.3627559  2086.80665  931.7094959  1932.670511  
1130.777184  474.1391303  1283.050315  949.8867902  465.8195361  764.3062285  2129.730021  954.8855055  1985.589097  
1168.066397  528.0645677  1256.544611  975.9632818  533.3892508  773.1945468  2119.13659  934.3849761  2015.288727  
1152.728806  483.1449973  1236.25563  957.9207699  536.0582837  703.2154344  2133.750817  925.4717977  2025.717154  
1147.51697  457.8784033  1249.894676  968.4166276  546.214819  699.083354  2102.935996  928.0300274  1986.383747  
1148.743595  452.3424586  1212.322947  977.3107884  491.1183782  717.1123362  2072.954999  871.8729145  2010.336132  
1145.285542  457.9785106  1223.91412  947.1780837  427.0859652  695.6563305  2090.082996  831.848654  2008.41762  
1140.522923  439.4199716  1252.239222  939.9061145  433.4484209  682.9442792  2128.685422  869.1651671  1981.348524  
1135.89747  445.74751  1291.813355  963.4020414  437.9930717  667.4701948  2128.635323  901.0259491  2016.28754  
1115.590618  432.1688833  1278.282482  963.5180364  464.768346  696.9720654  2098.602683  929.0773555  2005.23502  
1160.129777  444.2685308  1293.89939  971.5067784  495.5422201  702.4525551  2098.808208  918.570601  2016.054081  
1175.527245  454.8606786  1256.261168  959.4438924  477.9025189  716.8656408  2097.277143  898.2269057  2006.163023  
1132.672365  409.0962371  1238.952329  965.494029  447.4080087  673.2524041  2111.95745  900.727852  1999.711099  
1114.914012  448.4577493  1274.566141  933.6114249  465.8308559  743.816481  2111.287402  929.8449975  1969.538068  
1106.035425  505.6572097  1274.222112  943.1078938  484.8304099  799.3713565  2101.382312  934.7541268  1952.6661  
1160.993711  516.2205932  1243.932337  975.4749713  496.7345304  757.4050299  2102.531814  926.0937807  1966.794806  
1176.71339  465.6504117  1245.056818  991.299963  497.8892151  750.5237928  2094.21012  928.692766  2017.543425  
