1121.745587  615.8748644  1414.053538  871.2618371  -115.9205689  750.6388659  2232.870773  1056.483853  1977.629762  
1142.900722  615.5219046  1387.966916  874.4999864  -104.2426928  759.5358633  2257.066032  1044.24182  1976.625981  
1108.773762  589.7188353  1402.468679  902.0934211  -125.6631072  733.4530784  2243.175571  1045.508874  1970.989761  
1129.436113  600.0485187  1372.179049  928.2707197  -112.6599369  762.0109119  2234.466679  1059.303232  1979.848299  
1117.421799  600.5874889  1368.793643  898.5302778  -120.9825045  758.728233  2199.001786  1037.169474  1949.692505  
1121.086873  632.3581559  1394.835355  865.8090138  -97.52767996  762.7577932  2221.331796  1025.025002  1966.643921  
1106.078582  643.794402  1410.582698  896.2613108  -100.0500012  781.1163483  2261.886623  1058.614387  1957.29547  
1088.318939  599.4468091  1397.77465  920.3030656  -112.6708122  763.2322923  2225.671875  1062.664601  1988.545711  
1131.133167  626.0704787  1426.023608  878.3085413  -87.52275351  774.1587879  2218.833156  1062.289153  1970.407492  
1118.95085  591.2469214  1418.183072  862.4262745  -109.6059827  745.6520424  2246.812308  1065.216176  1971.352513  
1129.252071  614.410357  1404.135001  869.5413782  -90.00503999  766.0446255  2246.788229  1062.67089  1987.565076  
1122.075027  622.1763545  1411.275827  883.1099862  -96.36893589  771.1966889  2240.519357  1068.704054  1987.908429  
1152.425892  600.0388916  1402.798456  867.4310014  -109.3949158  757.2475561  2208.562198  1055.723543  1960.629786  
1108.561393  619.7334712  1424.092917  880.7532861  -93.14005211  766.2712456  2211.831237  1065.519869  1949.505037  
1135.238792  600.6230569  1389.880617  887.9513216  -100.1138588  771.1885432  2193.991369  1062.428634  1959.658409  
1101.188644  638.1086853  1413.174544  886.3422406  -104.2657618  738.5256549  2197.787791  1062.591941  1941.548717  
1120.95393  613.9100586  1408.37673  893.2062593  -90.36655478  744.1712904  2238.616264  1065.069339  1978.000219  
1133.017296  605.6501523  1385.328352  889.2043266  -81.72379683  756.9192544  2234.107012  1044.660069  1970.843767  
1104.912791  605.8478793  1367.660243  905.8726941  -91.60667737  768.4896773  2237.571942  1047.492356  1962.32142  
1119.059721  600.9424263  1366.212889  936.2879946  -105.1812882  766.7603917  2211.577802  1049.238408  1984.397886  
1129.15181  629.0400555  1427.099437  880.226121  -75.49427168  772.4012494  2255.712469  1043.521457  1983.289853  
1096.567503  599.3489186  1388.255218  925.4042794  -106.5866775  752.8515205  2234.791511  1055.714306  1971.589557  
1124.903664  609.2048698  1375.654023  888.1313157  -75.59957271  771.338058  2274.230639  1057.908438  1966.640276  
1132.624455  601.8092939  1385.386231  926.3702182  -107.4405508  759.4188119  2230.621527  1045.453318  1972.667097  
1112.835524  646.9651727  1403.134032  910.8342936  -86.71753262  790.4230934  2248.425927  1066.507922  1977.126165  
1145.1412  618.1917952  1383.711786  896.5267445  -91.97123286  763.3241885  2234.335101  1080.574875  1969.546321  
1140.945342  632.608266  1388.635139  900.7091466  -101.7004461  764.6326924  2224.027861  1061.430612  1982.526884  
1121.957697  630.0956701  1390.053231  890.7252035  -85.31417097  775.1262564  2244.342533  1049.085994  1975.317868  
1133.930455  623.2330455  1372.087505  906.5552846  -86.58589712  784.1693917  2238.004311  1070.162985  1995.350343  
1114.849131  624.8136349  1403.647235  873.5406  -96.903766  777.5349732  2234.864458  1050.169292  1973.299536  
1103.704801  570.660735  1405.934411  893.0161056  -142.8378942  733.4336779  2206.393425  1042.324994  1946.287934  
1110.823649  591.1601114  1412.068975  896.3900283  -116.2914194  756.210383  2232.282862  1057.73127  1956.87926  
1121.314604  616.4056466  1391.608626  909.5749875  -108.1494617  756.7780945  2228.305854  1040.787196  1972.04062  
1131.967969  611.9597246  1414.104617  903.0066304  -89.62519289  761.921178  2234.472721  1063.698844  1995.427188  
1131.627864  611.5984531  1405.217297  878.1576631  -88.00925757  754.3222984  2236.337615  1055.562366  1972.418277  
1131.61822  578.8595599  1397.435466  884.998675  -100.695404  760.252508  2251.960456  1057.05735  1973.632047  
1106.023291  623.4730658  1392.570529  891.2529711  -108.6975048  744.1353006  2230.597194  1061.211755  1965.23617  
1125.441299  602.9332596  1386.278634  896.3507104  -105.7836533  743.4113847  2230.18911  1053.248584  1981.485497  
1094.148655  631.3165714  1390.678456  902.9743998  -101.9488462  790.7071637  2256.053891  1056.523255  1966.817896  
1089.151806  634.9282196  1410.316249  918.2092621  -120.3640983  773.7260033  2244.673316  1063.322781  1975.743735  
1124.321107  598.5414363  1380.226087  921.9193891  -98.45722453  759.3621478  2248.871567  1061.915754  2002.28018  
1155.83446  641.6938577  1435.110794  855.8409868  -69.81858433  772.7316108  2280.465556  1060.618252  1980.607235  
1139.040931  630.2271686  1388.398598  877.2733722  -91.30716751  783.4904176  2217.37385  1069.056885  1957.294226  
1103.422324  657.5433212  1417.36472  866.9889105  -104.3866127  744.5651244  2230.710724  1051.966586  1933.34876  
1107.870895  635.4319621  1372.787622  913.2752875  -141.7744298  725.7409974  2239.098512  1073.121331  1948.88177  
1128.316763  649.4794134  1371.605881  901.9677421  -103.9851145  773.4291949  2248.438047  1076.775919  1976.146733  
1124.233143  609.0830329  1404.939663  860.2631594  -117.2996554  751.3963532  2225.255845  1044.496042  1952.75789  
1084.587079  623.9449712  1423.295676  866.9864654  -123.2027027  761.1997268  2220.300269  1055.307974  1946.626657  
1136.656374  633.8257546  1421.586427  873.876524  -95.61340487  788.7519557  2240.788738  1078.242699  1971.594166  
1161.643986  635.28192  1420.279003  844.7687342  -93.74210619  742.8165827  2220.10929  1058.790696  1972.908445  
1110.380004  554.9333183  1403.407814  872.881856  -149.3996219  735.9617192  2178.536617  1041.064463  1931.710129  
1127.011793  615.2889361  1398.535442  892.4363217  -95.06882658  758.8609058  2245.073562  1058.526076  1957.011372  
1146.888685  601.0335958  1383.051841  893.869978  -85.96558819  761.768275  2229.489091  1037.754111  1972.546267  
1132.917188  596.6448398  1372.107004  909.4343331  -104.73298  792.7104516  2250.027869  1049.069502  1982.132759  
1105.672849  587.403648  1382.766567  910.149345  -94.49977561  757.1858789  2234.590154  1046.598244  1990.79809  
1123.537038  570.1311568  1392.771276  926.7790892  -99.54120381  745.7693511  2233.155915  1046.24136  1997.500144  
1152.188218  610.8948473  1395.253711  896.4425675  -92.7188147  773.2178118  2255.979251  1041.88408  1993.044897  
1134.991549  609.805139  1389.875997  863.722789  -91.43198259  761.9287643  2263.704142  1031.975327  1980.008982  
1134.689578  598.4119576  1401.581787  874.1901474  -104.2140064  772.4306294  2231.443133  1040.406274  1977.276934  
1130.922542  596.6431136  1379.725337  893.7251986  -85.87358004  768.6623902  2229.485483  1053.89577  1980.40821  
1117.953054  601.5445225  1399.103437  909.0084943  -100.6002502  751.1625248  2231.012619  1053.736033  1975.443542  
1128.364291  613.3311982  1393.785293  922.8894458  -91.33913069  746.7910182  2237.154253  1051.921133  2002.438721  
1123.645382  604.8900686  1393.309415  901.8224885  -83.51681607  754.0117305  2285.665165  1044.140466  1996.745761  
1124.997345  593.3440784  1403.175555  880.2839782  -105.1338884  768.1872681  2271.54495  1049.389864  1983.558291  
1125.959675  602.3900791  1378.627206  904.3434398  -99.22372818  777.2405396  2237.229227  1056.725789  1981.160192  
1123.543146  616.63557  1369.510663  911.2800244  -108.800175  766.6893311  2236.614705  1064.949408  1989.395062  
1116.226371  632.2581476  1388.22107  930.0601292  -91.29897603  766.9393356  2220.527351  1059.648677  1975.70822  
1128.430765  605.8061689  1411.033152  899.6203055  -102.9731909  754.6649413  2248.833768  1051.009101  1991.72981  
1103.277741  627.8088368  1416.693049  886.3853274  -111.9912941  769.6568114  2275.455844  1055.010374  1949.874652  
1136.506058  600.6593798  1400.437002  864.6843793  -106.0048583  769.3736583  2214.365342  1054.097274  1975.000258  
1125.80866  578.346161  1408.945323  894.5229254  -103.0972708  770.6390036  2258.693246  1057.253014  1982.134381  
1133.47968  635.1210637  1392.690207  890.1376069  -95.0298034  774.5076393  2223.867551  1082.107485  1963.840564  
1122.951529  619.0958382  1411.202469  865.705617  -106.6467991  751.3916301  2247.713067  1041.087584  1983.649205  
1077.237631  650.2102773  1448.093189  882.1542482  -100.3710955  770.4417071  2261.554644  1061.997002  1970.915845  
1100.691998  629.9193679  1400.85129  882.2265127  -89.38643937  780.4695881  2215.690586  1067.364847  1959.711551  
1122.426816  626.1560663  1392.070727  872.5597746  -113.5190556  765.4097917  2211.613713  1055.237796  1947.747655  
1095.901723  618.2494271  1441.826495  882.6052836  -85.21697349  758.1798274  2231.115791  1057.17551  1964.803321  
1104.824549  606.0051049  1411.963699  868.6873286  -104.3377064  777.0474378  2199.018065  1064.260348  1946.962742  
1128.587246  638.7853633  1406.05676  867.9563535  -99.85756302  758.9754193  2221.653503  1052.032221  1961.163867  
1091.973378  620.0894914  1399.594677  883.1166758  -110.9784822  752.5440815  2191.953816  1040.659  1936.54353  
1090.503395  639.1526115  1436.651864  896.039707  -110.3993728  750.3466768  2210.247503  1055.944181  1943.33679  
1106.037795  629.0418696  1417.472776  872.6466079  -96.51985078  741.474373  2206.455955  1052.068558  1968.034174  
1077.686342  620.6304272  1424.809088  896.7525445  -117.2162581  745.6122089  2198.499102  1064.923451  1942.572204  
1102.591818  619.6103682  1413.548672  863.0039382  -127.6384227  746.1167193  2217.07234  1057.416546  1923.62869  
1122.859318  624.0299827  1383.566442  874.9620973  -120.4909547  760.0295872  2191.421326  1060.604531  1915.819492  
1128.275189  629.4099872  1380.418401  889.8956206  -121.0339788  772.6773353  2231.866065  1063.029958  1955.802377  
1130.678213  576.2131023  1405.321564  879.228042  -115.7196731  747.8850027  2234.504748  1041.276421  1973.385691  
1097.619484  617.1003762  1398.371968  881.9321823  -112.3176786  754.7281062  2255.381787  1047.998272  1966.365254  
1116.146081  567.9023823  1418.046048  889.8512228  -116.179708  744.3673411  2216.927866  1046.670758  1996.145358  
1155.609953  575.6427772  1418.18262  909.8183155  -90.71734287  754.8996632  2240.847636  1052.606644  2007.812556  
1124.878336  616.3158789  1397.279528  900.6306153  -92.48716395  750.5902973  2224.447733  1047.35754  1979.339017  
1152.520487  607.0151245  1378.452077  893.0252058  -106.1386071  762.5191679  2211.116729  1056.482277  1993.961222  
1150.685424  619.6449815  1399.540016  897.1645586  -76.98907544  766.4956123  2265.619872  1067.872701  2000.830851  
1151.120783  598.8349927  1381.9502  873.0518062  -107.4555295  768.9305707  2212.656628  1053.984606  1978.203597  
1133.391546  627.1896347  1410.520213  908.118658  -98.43233713  779.7156512  2234.002743  1067.598464  2005.006141  
1140.081742  607.4286992  1361.377723  902.2115072  -71.21150541  760.7836063  2201.818337  1037.524405  1991.581434  
1139.369595  609.4402043  1393.726428  911.6252459  -112.5256947  750.0648934  2268.092792  1046.591369  1989.388748  
1125.097456  600.3717357  1370.974478  897.2826363  -99.73377733  775.3026665  2225.67274  1056.616786  1950.991973  
1079.488231  650.1568944  1420.383843  871.8133802  -114.710547  767.1304177  2257.260663  1040.45096  1962.357423  
1070.378197  667.5243839  1428.471914  892.1610493  -82.65164773  755.7616514  2232.696795  1092.035124  1943.532852  
1131.180685  578.1032019  1384.02947  855.4205005  -120.6711814  759.9653842  2194.716916  1053.11086  1954.263222  
1078.262565  641.9345169  1389.267822  901.5698474  -122.8535095  764.2544439  2213.336693  1055.554434  1939.186566  
1148.314032  596.0190829  1359.656441  883.8925023  -113.9555402  760.9845505  2221.788694  1046.475931  1968.860252  
1125.864707  602.1212857  1407.814245  892.1541162  -102.2329353  770.0545  2242.99185  1035.285016  1968.41337  
1131.032158  629.3089154  1375.933122  895.8493327  -76.05016872  785.8866198  2230.873942  1042.269646  1977.985833  
1132.615438  614.164673  1382.515004  915.9732871  -92.44010201  787.9054893  2267.911599  1061.260489  2008.630566  
1175.430032  607.117454  1345.442844  928.9740619  -53.47443172  765.197453  2230.124026  1047.691681  2001.777338  
1129.886027  597.3115597  1391.522458  904.7982007  -104.9563574  762.3713675  2230.176906  1035.002233  1979.240663  
1110.874418  595.5376982  1380.755064  914.2274122  -94.39442011  766.2357257  2226.547735  1059.180103  1982.853501  
1130.336073  612.0223331  1389.086403  881.714068  -93.20674824  764.747635  2225.407003  1049.242482  1968.789525  
1121.910713  624.084491  1414.053994  885.4146544  -122.9802532  738.2155396  2255.618253  1052.650184  1963.610522  
1118.750542  617.3200234  1397.292742  883.5715608  -94.1756815  752.9794973  2249.77067  1042.966272  1974.121281  
1117.443715  585.309559  1389.607283  910.8536142  -110.4321204  749.9244575  2263.150798  1050.709824  1990.130677  
1113.651654  634.2700085  1382.481919  912.9524526  -76.45944402  771.9146867  2231.938303  1073.230015  1981.795172  
1136.924669  635.5322197  1405.648755  908.6149396  -82.21873719  784.5846147  2257.571085  1056.586076  1986.231091  
1151.091549  634.5105439  1397.319928  914.7416765  -72.44454936  769.8147657  2292.9033  1077.793663  1992.454672  
1114.045302  613.9815805  1396.981147  891.026438  -102.5511602  758.3064342  2216.445109  1065.337465  1965.457918  
1119.734701  658.6527317  1407.287652  885.6997201  -96.35691398  777.3977478  2249.723186  1038.356589  1974.128221  
1130.055126  600.9408593  1389.793772  918.1237864  -88.90576523  772.245792  2260.419482  1059.360657  1990.923379  
1103.339857  616.6517789  1401.191475  922.5475906  -129.8843931  747.4032469  2199.020305  1055.192981  1975.064724  
1135.338741  634.8905095  1422.724396  907.5335069  -104.4142921  768.1691886  2261.298409  1080.644825  1981.366152  
1159.975236  608.9280595  1393.885252  869.8855829  -114.6705191  738.5237743  2216.05055  1055.179735  1979.048343  
1091.502792  657.8489973  1421.625275  888.7794388  -104.4081802  789.2161737  2272.068476  1063.627673  1991.495652  
1130.745095  612.8182409  1400.139165  875.2817055  -103.1523675  766.8837013  2227.403869  1062.0522  1975.125757  
1124.275537  600.4051365  1397.010831  901.07395  -127.0202439  746.885579  2247.223851  1062.409872  1981.088303  
1131.89336  638.6295267  1411.149991  901.8305347  -83.99344604  756.9723115  2237.701628  1064.857534  1971.98161  
1132.134428  639.5436767  1360.345454  847.2338624  -108.9121504  752.5435038  2209.771291  1035.892382  1943.729122  
1160.070277  577.974971  1386.901258  903.8215035  -99.42409501  771.222091  2248.417579  1078.50606  1982.584312  
1107.055076  604.2347954  1390.801147  895.6923778  -131.7096334  748.582003  2209.290412  1030.005801  1959.422845  
1089.148029  635.2717153  1439.636213  910.2198573  -95.08589091  760.0889396  2272.393844  1075.565097  1989.172532  
1113.360743  658.5640181  1421.441919  891.0709442  -59.93682708  770.7777163  2237.236331  1053.964244  1974.213602  
1098.914769  578.8362576  1399.473953  898.7940626  -105.3907015  762.0288202  2226.057824  1048.875119  1955.722659  
1089.968239  595.9517476  1394.070304  879.3394406  -117.4522646  742.1484068  2206.722831  1044.619061  1951.860518  
1127.723568  584.0033198  1362.665286  892.2759042  -110.691031  762.5300853  2258.874413  1062.657782  1968.391754  
1124.558852  596.2132769  1391.040543  882.1125783  -91.38699285  765.0819202  2217.806704  1058.920142  1958.420918  
1094.028949  593.2322894  1367.766004  897.936868  -110.2206231  760.4991755  2232.639163  1036.544677  1949.290548  
1100.475761  597.4501924  1407.811482  902.2002188  -114.2710387  766.6289196  2223.22222  1072.418184  1954.166949  
1090.54519  613.7817949  1389.494024  864.483137  -125.2583588  742.3858658  2158.405325  1032.649344  1921.516248  
1099.657552  612.8736208  1417.008016  903.5958929  -115.6068885  752.4860804  2241.294216  1054.511793  1957.931692  
1097.124423  647.0855577  1419.428187  907.8555042  -78.31100537  760.022284  2247.591703  1084.718382  1970.374567  
1169.230286  610.816433  1394.158792  913.2006277  -92.77485868  774.7370104  2249.550903  1074.061576  1997.096496  
1135.011517  615.7653983  1418.416568  849.9084363  -101.3485712  747.8891239  2236.152064  1032.012334  1978.4693  
1122.261602  625.3355736  1412.754215  870.2902341  -80.19601632  745.4423998  2232.752098  1050.296476  1971.680876  
1136.4  641.7604287  1437.013612  858.3042184  -77.27495342  765.8030181  2217.73992  1054.344995  1994.198676  
1120.639339  625.7914714  1426.515547  873.0173321  -106.9190215  750.2935926  2232.488986  1048.783902  1956.4813  
1097.360527  595.7101359  1423.072088  867.1898559  -111.6831308  758.0968005  2220.518693  1060.918688  1957.717531  
1109.960759  584.1423782  1396.995143  870.1357722  -132.6288267  766.6637546  2214.319088  1060.950124  1962.15934  
1118.328985  581.4055038  1411.273543  886.2427816  -104.0300163  764.6659064  2195.801918  1063.00855  1968.706118  
1111.831164  601.500624  1402.992705  872.629789  -134.0497908  733.3442967  2200.38789  1021.412243  1946.699928  
1130.94073  638.9389827  1420.370018  901.6258743  -97.87916813  768.9509533  2236.671922  1061.905868  1969.034716  
1136.731218  601.553317  1382.722839  868.1650816  -113.7149993  762.541742  2214.787179  1045.174098  1951.36184  
1166.388773  612.1949846  1416.872287  863.2725522  -101.2938474  764.5357992  2269.469055  1060.127356  1986.780567  
1097.495302  645.0000679  1422.80449  875.0719799  -105.1455915  738.4605256  2233.530669  1050.841206  1961.42278  
1103.715443  640.4802458  1403.763732  903.698215  -109.4337119  782.5101753  2209.799948  1050.722579  1950.357052  
1146.814802  609.5035299  1388.087487  900.3791717  -95.79180318  760.1888718  2242.919156  1053.287286  1977.943139  
1127.638448  600.2374112  1376.838679  910.6939415  -98.73135532  744.6654835  2262.482933  1035.869549  1976.9026  
1132.046766  617.607955  1376.752566  915.2186507  -96.06830654  780.4575316  2210.662005  1063.073575  1982.815745  
1124.158837  621.0561625  1388.137051  923.0194936  -105.4844658  765.7909845  2223.318395  1048.481089  1962.066225  
1127.542374  609.1137693  1393.976961  865.1369466  -128.5694545  752.8619521  2230.752628  1047.39942  1953.595554  
1128.633869  622.027016  1383.574482  869.1380256  -79.16100659  788.2149757  2249.008767  1056.070863  1970.747949  
1106.144475  594.3316661  1378.629938  944.8977922  -96.91604481  759.8128915  2246.189739  1066.957531  2003.942208  
1108.334688  632.7815851  1432.728483  905.9102645  -115.2719305  750.5556423  2242.822999  1059.822577  1969.21032  
1141.383005  594.9183554  1410.329169  895.8981655  -82.58329442  745.8388012  2261.659052  1060.212936  2008.973327  
1156.077335  654.6206906  1397.412971  907.6933542  -60.13186738  765.4570923  2282.880001  1062.903856  2030.845379  
1096.315691  609.3905485  1398.707685  915.2682799  -95.96550854  757.4740198  2206.005509  1055.850449  1984.611189  
1088.04245  611.7973806  1418.880355  889.9126182  -132.9554889  726.1645126  2200.777403  1058.976045  1934.423543  
1097.269532  592.1288972  1421.164183  854.7282462  -120.382103  721.6882035  2193.278767  1039.871793  1964.242996  
1138.364743  621.4698383  1393.721629  861.6765698  -90.52691057  754.2728943  2226.27481  1077.470888  1942.223024  
1116.475652  568.7894783  1405.182947  824.5277577  -107.6871599  743.1860219  2213.317262  1028.625262  1956.230664  
1133.790247  590.6742486  1378.452175  895.7089077  -105.4208183  762.4733142  2244.670266  1060.033306  1952.662121  
1105.489113  565.188708  1383.920224  862.2802087  -123.4090845  758.5370129  2198.438759  1042.573477  1966.786768  
1136.583448  596.7524238  1374.511973  913.2558615  -99.50897444  796.0165714  2269.721197  1075.574571  1989.989594  
1104.634811  651.8961857  1387.593407  902.5772797  -79.80607401  783.4558029  2239.009582  1083.706154  1962.955172  
1107.630286  599.222041  1414.456157  911.6560601  -125.2577036  778.6947316  2246.782381  1068.397314  1977.10373  
1114.849542  613.724827  1397.088813  873.560158  -101.8886674  762.4361557  2202.448313  1051.911725  1946.190948  
1081.915136  604.0133449  1401.650248  854.9880983  -140.0828556  760.7060835  2199.111623  1047.714284  1945.429137  
1139.123962  619.1561067  1399.279039  874.9709254  -79.29722092  773.83203  2214.01019  1070.323169  1959.988226  
1100.477576  573.8346127  1393.415216  861.2085432  -131.0649133  742.7631681  2196.438954  1038.443895  1955.979051  
1145.885342  615.9977523  1386.004497  894.3142302  -97.94706614  774.916767  2218.349065  1060.011309  1965.125535  
1142.232511  555.0226969  1361.29901  870.4329416  -116.2727376  746.7697118  2213.976755  1021.510043  1951.488664  
1127.572283  611.289081  1411.728771  904.3150217  -106.0262839  750.1088651  2275.1578  1058.254194  1980.503305  
1127.543324  633.3053924  1416.732112  873.2581138  -99.62681263  751.3847601  2234.556351  1021.821058  1959.198392  
1144.688153  612.050527  1385.99074  907.4399022  -121.6120644  775.6724625  2267.325516  1051.910181  1975.626976  
1103.514717  611.3906376  1421.223654  884.0596768  -114.8421975  763.9805569  2232.422644  1053.678919  1994.238798  
1114.704666  613.97484  1434.816769  890.920255  -120.2258057  731.0449239  2249.85622  1037.253451  1964.972864  
1117.049101  645.4778211  1383.466787  944.2504096  -82.96634668  756.393239  2246.600528  1079.838865  1975.875577  
1105.434672  578.3194817  1386.770011  919.5925386  -106.9651316  753.0296451  2247.679507  1060.500991  1988.745587  
1133.620128  602.0566615  1380.233556  923.438265  -91.77080046  754.1956821  2264.999813  1059.041705  1999.406599  
1140.948997  603.687013  1383.236306  898.7125613  -86.16601225  756.2136698  2241.780507  1051.508856  1998.201954  
1164.226341  623.1966101  1405.092195  901.5656754  -85.13306263  776.8469684  2251.011408  1035.791784  1994.647411  
1107.842328  630.9013835  1430.606993  881.5542318  -86.60091028  772.7842001  2250.520531  1071.164303  1978.194246  
1123.227767  639.3463611  1401.710042  874.1690796  -109.255564  725.3342934  2229.800468  1068.94595  1952.628657  
1157.280784  590.4651247  1381.298081  904.2725823  -99.26098322  740.3050209  2245.808198  1054.097509  1991.458864  
1119.361465  608.4653626  1382.942798  864.6382144  -105.7291798  765.3097632  2204.335816  1043.296486  1966.279647  
1142.074816  595.7801974  1378.636494  871.3458614  -113.4714182  762.5336285  2231.850884  1042.739394  1958.63229  
1118.715437  610.6108799  1376.300354  865.143737  -92.40068777  769.0171562  2209.406759  1052.214879  1952.449011  
1078.054347  626.1279174  1401.002456  888.6215425  -110.271901  779.435052  2226.334529  1047.885986  1943.82856  
1112.27631  644.8521739  1397.90587  909.7170932  -86.52021873  783.4567961  2244.39124  1076.184689  1976.043991  
1093.974964  599.0122405  1426.857352  878.8531829  -131.0745577  736.9953277  2180.641823  1049.742093  1950.846052  
1118.071534  614.3237517  1423.389522  895.554436  -100.6981966  776.1858967  2225.715369  1061.709494  1982.28665  
