1391.364276  613.5448945  1163.028212  1356.456024  -82.18276585  851.032915  2462.158921  1197.09319  2197.088699  
1373.157169  622.8656256  1164.741496  1324.48093  -103.8088728  817.9947501  2454.6798  1177.425522  2216.671128  
1308.25096  584.4759034  1195.296648  1338.28501  -147.896792  875.7082788  2426.664778  1166.101897  2158.564904  
1354.790967  569.3131779  1162.38649  1370.389289  -125.7906702  891.0013617  2412.60548  1152.458707  2113.38832  
1365.614069  595.6174529  1168.482291  1371.309936  -83.11767612  868.8035985  2430.668346  1145.58922  2143.986429  
1313.918094  598.7478654  1167.725807  1364.238256  -102.6266773  853.7826831  2424.363643  1143.863162  2179.121554  
1342.993142  597.1698316  1126.415252  1337.995528  -68.21034704  856.646531  2424.34482  1132.745926  2179.187683  
1329.976407  627.7320374  1164.197788  1372.962411  -85.01760138  881.6740371  2421.344436  1143.596687  2151.652558  
1337.885866  626.9036634  1213.508863  1384.557508  -119.6121704  918.6072364  2410.821243  1165.737559  2140.885236  
1328.586162  599.5983907  1228.967414  1413.147045  -127.6003818  927.365273  2387.287963  1174.034811  2123.386506  
1367.037261  612.8926029  1155.115323  1372.377781  -57.02182479  826.1361567  2420.789174  1172.402648  2212.903167  
1336.041976  582.2930283  1154.785871  1379.209979  -71.97095651  867.7170004  2438.524752  1194.831713  2219.999059  
1341.411469  604.2716841  1157.745301  1382.314517  -61.19141574  912.7798589  2405.31806  1136.006196  2137.109996  
1356.74814  595.7146542  1136.476488  1397.040663  -61.46760526  908.9209327  2419.826806  1162.574338  2172.528693  
1333.220791  601.9239562  1164.975651  1399.41015  -48.9005926  918.8880727  2424.381159  1173.869005  2193.564718  
1338.032145  632.5378978  1183.867434  1357.006413  -56.17092824  944.6726185  2406.884478  1165.986056  2206.427699  
1356.480503  624.9982009  1170.064394  1336.50534  -74.37572283  873.9823654  2433.791991  1174.792112  2223.712613  
1333.659928  623.8454815  1177.944823  1358.075674  -57.03368383  892.7657545  2434.911533  1179.107965  2228.802442  
1340.600034  623.8619606  1191.036637  1351.073271  -95.4212944  883.6372463  2435.12361  1164.723987  2179.158162  
1343.246209  580.8455952  1152.931431  1363.076446  -106.457663  887.0564091  2443.722019  1155.995737  2157.478783  
1322.120128  616.6497917  1150.554342  1356.573677  -72.82000867  926.639271  2465.093688  1172.497008  2176.912513  
1334.884146  608.0919826  1181.504973  1348.979664  -89.4020743  897.8486599  2402.274567  1175.139906  2148.905584  
1326.671162  616.2743056  1189.669801  1317.821152  -130.4736112  874.2769127  2402.329281  1173.742153  2126.752884  
1329.287422  581.7401792  1134.476621  1358.522708  -117.0757455  886.3442062  2420.41759  1174.341559  2136.277065  
1326.315041  567.5316063  1122.718276  1366.403423  -110.2833987  869.4489133  2414.014622  1156.76283  2157.553073  
1310.802135  582.5758154  1123.305726  1381.882843  -77.4059608  885.0603025  2407.436976  1151.650043  2183.914467  
1325.683734  612.4615449  1142.107963  1371.193961  -79.40019839  907.0458772  2404.91322  1132.81165  2151.152742  
1353.301095  602.1955643  1199.650506  1418.008241  -133.9107045  923.0029038  2407.619579  1165.978069  2054.366241  
1329.640815  629.7781311  1210.054362  1396.124311  -126.4562254  978.7168624  2375.685454  1165.629992  2110.664971  
1321.996233  623.3555218  1213.005769  1389.989361  -144.9471708  957.5355718  2384.520719  1164.913096  2122.895304  
1347.854199  604.6118385  1195.669644  1393.695604  -117.3301576  947.3601443  2418.341302  1176.596936  2113.383968  
1355.086973  643.823579  1203.252284  1404.134093  -97.07639729  917.4000259  2450.565785  1174.869248  2145.035447  
1353.809648  619.5580023  1192.604615  1356.622478  -104.3270412  921.9209015  2437.984981  1186.787938  2171.216242  
1349.512919  599.3630276  1162.306582  1362.651946  -87.7088021  876.941682  2454.351476  1188.758686  2188.029257  
1330.554005  623.8260965  1167.352648  1335.153255  -103.9771701  885.1112081  2444.60692  1165.287676  2180.646303  
1329.082863  594.4148001  1181.239884  1324.857869  -119.3446717  861.7626633  2432.969704  1139.62966  2166.274777  
1331.463982  618.0649527  1149.613844  1397.163992  -92.22775953  845.5981012  2474.773764  1143.270487  2186.405125  
1360.154771  609.5585353  1184.980737  1377.518269  -76.55924849  846.5548134  2432.606761  1161.288538  2161.816529  
1321.557568  603.8457862  1194.070235  1383.726255  -87.43923638  866.5683783  2403.747367  1159.97461  2155.81203  
1351.662249  617.8307577  1140.400734  1349.459123  -38.37659085  888.1855813  2433.348297  1151.095617  2204.210863  
1353.965966  603.1227053  1156.27637  1356.61857  -67.57516034  811.579257  2460.269567  1145.877659  2217.235628  
1365.538759  605.5640389  1158.77572  1384.049162  -50.19448541  836.8918224  2457.324532  1175.027036  2213.538642  
1357.953978  577.5809249  1165.271104  1358.422363  -54.04417547  875.2351856  2432.739009  1201.458782  2226.01135  
1343.102693  594.895052  1158.157601  1361.113044  -97.37067413  905.3507622  2430.754276  1189.718333  2212.111739  
1363.03646  595.90448  1139.708782  1337.321483  -88.77751494  824.9209627  2446.703596  1180.642918  2217.907711  
1345.535833  653.2143876  1129.798517  1342.783376  -58.12136824  869.6099195  2451.643954  1180.092094  2250.358933  
1336.462375  614.5721372  1146.999362  1313.135707  -93.18432101  870.9722314  2477.054241  1180.142997  2225.720504  
1340.161525  572.5298185  1170.044544  1338.330992  -92.77312272  902.248357  2421.847485  1158.336672  2149.900937  
1349.436582  581.5310807  1145.705001  1362.329815  -81.72285442  882.00093  2425.134226  1152.617995  2169.193485  
1341.604676  600.484634  1168.868734  1370.188413  -89.52190127  859.9624402  2438.178086  1149.722021  2168.818902  
1347.862767  608.3531158  1182.600573  1351.616089  -84.84433198  850.0191926  2411.631988  1177.339418  2177.749691  
1350.510167  580.2290532  1184.191863  1367.433933  -125.802731  859.4218839  2389.887464  1155.792573  2119.85889  
1356.786571  568.2125557  1176.923609  1394.386711  -84.29036875  863.4401431  2413.354627  1174.991749  2149.560508  
1371.752741  593.5149067  1189.66904  1435.278828  -61.17275448  897.4083045  2411.534744  1178.544413  2152.054695  
1363.610529  625.8036783  1176.967994  1435.477054  -82.46413033  881.3895298  2393.356027  1177.253557  2137.836472  
1375.569538  626.9690524  1145.593481  1346.782434  -54.28695854  834.5786743  2407.66882  1184.193176  2229.382782  
1361.899137  631.4750484  1195.087947  1347.556392  -99.11376142  899.2986317  2418.14865  1192.495158  2218.031699  
1321.931316  618.5214671  1252.399215  1379.883729  -150.8719668  981.8705348  2383.860389  1158.290212  2113.867117  
1348.657026  621.7481148  1217.053612  1352.876175  -102.2520877  979.8568367  2390.775052  1173.347965  2147.59218  
1304.470087  572.4696851  1214.876532  1316.339331  -130.3811901  969.3270528  2349.531296  1156.144242  2117.229179  
1344.214609  585.1477723  1189.015695  1329.923151  -101.6761519  905.1000774  2413.067766  1125.434036  2110.071153  
1368.009475  624.9454182  1132.865493  1358.277809  -91.36411128  834.9830281  2440.132896  1150.91817  2154.473971  
1320.045202  619.7717185  1193.286791  1353.228238  -121.6579309  884.840997  2422.804166  1158.548731  2158.847767  
1325.039817  605.4137603  1194.725349  1324.625463  -137.4089683  863.6641747  2433.821234  1130.514877  2136.840054  
1326.295749  580.9081819  1212.547989  1358.445364  -112.7081257  912.0488474  2417.478761  1143.040612  2111.870051  
1338.388859  602.313007  1213.769885  1366.358558  -103.2846745  894.6071789  2412.567769  1139.941219  2141.72356  
1354.294216  621.6244263  1183.67709  1395.442002  -53.47908325  867.3425732  2412.19146  1155.003553  2211.089183  
1350.028082  600.4953196  1144.497089  1392.165808  -71.98627593  899.4216301  2420.230011  1173.46201  2162.531281  
1312.065768  587.7372523  1117.066696  1382.361481  -99.18219242  838.5275298  2434.472528  1162.893544  2153.846635  
1360.696394  624.794926  1142.799507  1353.541836  -67.83970309  849.4198224  2480.256765  1159.906506  2204.074317  
1362.352547  650.3510256  1159.468897  1329.113912  -81.96704062  870.6263565  2461.110262  1172.588823  2199.861357  
1352.150194  631.8898902  1153.748615  1336.095515  -108.0833361  875.7435587  2452.766489  1184.106568  2208.640055  
1333.347645  587.5663046  1169.363167  1344.838635  -117.0273492  886.1612914  2433.874782  1187.473625  2208.614409  
1295.042939  615.1803225  1164.095479  1395.654247  -159.9388746  931.1953387  2423.651415  1153.017442  2126.19618  
1288.619509  574.3132227  1170.078586  1358.689283  -127.9190157  932.9595194  2405.51583  1133.275053  2102.931376  
1329.393672  598.5533006  1173.457192  1334.220868  -99.21109997  837.581815  2424.989578  1127.281227  2136.328166  
1359.806402  616.6890169  1141.513242  1344.968664  -75.71597158  803.2569788  2424.546374  1142.745023  2179.779708  
1339.262949  600.8189539  1140.743494  1371.472187  -105.0401493  828.9889192  2444.61427  1166.198717  2172.736722  
1340.246969  574.1302716  1155.833818  1363.303593  -97.88862841  875.9449199  2437.424991  1162.630012  2162.588819  
1339.74947  618.8386577  1170.473794  1375.045956  -77.65717933  856.0542972  2464.600504  1162.283025  2201.793364  
1323.216711  605.6762637  1172.944187  1361.123189  -99.39340505  857.861391  2439.127326  1173.093052  2193.106031  
1351.726898  601.882  1178.610087  1340.748417  -106.7292103  880.4990709  2411.630545  1174.774575  2172.91223  
1373.183082  600.6193102  1165.486873  1381.914853  -77.94566654  905.7512295  2406.3634  1194.631098  2199.147206  
1348.666085  600.6339528  1178.472142  1397.204518  -84.95742982  911.5057705  2397.231686  1193.268072  2178.741783  
1331.033878  613.2410011  1181.106844  1412.439289  -105.9504734  904.7605351  2411.908455  1179.627128  2169.310682  
1344.219388  616.738336  1176.626802  1404.188414  -91.18405211  899.5407108  2423.888054  1169.150936  2180.416425  
1352.876221  617.0546973  1156.819369  1357.04068  -43.47065035  878.3793038  2409.642679  1155.248519  2190.144439  
1357.743206  602.4146496  1167.514944  1357.347729  -46.26847481  908.2483913  2402.591853  1170.781499  2208.550842  
1344.404588  613.2738996  1190.993547  1387.711476  -78.66170331  893.0854986  2460.538136  1153.022054  2185.46135  
1357.925715  591.4710967  1155.011939  1368.347013  -68.24098609  850.479923  2455.211161  1173.894457  2211.783589  
1376.348012  589.4305521  1165.893372  1368.498049  -70.31205485  872.3810954  2467.081654  1201.32033  2204.355047  
1351.552118  607.1063346  1169.539345  1381.041313  -91.69513428  879.0484818  2438.474807  1169.35431  2185.607841  
1369.755468  606.2947668  1148.57364  1371.366431  -58.29442546  863.6200979  2452.368524  1161.597646  2204.588742  
1353.204917  594.3004605  1186.487069  1325.794661  -103.3839219  911.5402301  2454.969688  1175.410069  2175.103377  
1346.908328  611.4577706  1186.567762  1340.098243  -111.2082521  902.5782073  2427.85648  1167.152888  2143.511823  
1365.074981  605.2099427  1144.664234  1349.394238  -115.3749789  882.6150616  2422.002709  1169.20299  2144.303878  
1367.350405  595.9142177  1140.241191  1370.974315  -73.72262399  878.6532687  2442.719938  1183.700037  2202.158513  
1367.179021  602.1360017  1142.691986  1404.568438  -25.97037949  903.4103123  2438.197259  1194.086285  2232.103031  
1353.596117  588.6718436  1156.810847  1402.885411  -63.94945186  905.7029729  2428.659718  1193.307759  2202.762605  
1346.994444  589.9053311  1175.427103  1406.805079  -82.49977458  871.426164  2433.429033  1209.106005  2217.299706  
1341.54196  624.8106741  1215.809692  1390.170087  -75.58837369  901.0496192  2425.444961  1185.090649  2198.849477  
1350.217555  625.3681766  1230.923131  1338.771625  -75.81885144  924.1959457  2414.385963  1147.222774  2153.370835  
1376.751158  576.6895507  1172.428452  1334.682979  -93.84164082  855.6141917  2474.095758  1159.838249  2180.43808  
1349.017838  563.5761348  1149.610455  1326.987977  -125.1612672  846.4958646  2450.125853  1161.092689  2143.04571  
1325.41907  580.1909742  1140.503112  1369.822081  -107.7348162  855.825457  2412.410196  1125.224535  2117.604708  
1324.765547  572.4751222  1125.584793  1316.945642  -85.21805274  842.2170619  2384.684372  1157.119634  2165.748244  
1300.4317  596.1591204  1110.427284  1324.742702  -121.4822278  854.8164899  2345.230361  1115.975427  2141.173796  
1327.533118  609.4708378  1124.523416  1372.011785  -100.184862  892.884175  2421.468704  1140.03916  2160.30751  
1344.899314  628.5140667  1152.90801  1304.493669  -88.99341195  884.8128992  2425.845571  1128.075793  2149.70469  
1297.937188  602.3107755  1136.737187  1333.662167  -119.7533099  874.52736  2397.367947  1140.334577  2160.592579  
1324.216152  595.5400927  1155.642918  1334.039035  -90.20461235  889.6006968  2407.46707  1163.313997  2152.622846  
1338.869726  616.616523  1199.07615  1360.156291  -82.69304625  905.7584461  2417.561822  1148.410275  2148.717459  
1362.277163  634.0958525  1193.16805  1404.353422  -76.76812959  910.3437516  2415.537033  1165.91564  2167.41202  
1352.209458  663.0869133  1186.32636  1407.263591  -73.80519936  896.6148401  2435.250651  1199.329951  2224.545309  
1312.051773  647.2817306  1215.723075  1384.640203  -98.03030103  935.3479633  2407.613283  1188.276821  2177.083957  
1311.498074  569.352149  1229.951153  1331.590621  -133.0242774  943.2417492  2418.746275  1158.87385  2124.621058  
1318.987882  616.5769918  1199.953615  1305.453425  -155.4603809  869.8436706  2426.329886  1099.648592  2089.887885  
1307.016327  595.8531301  1175.301866  1346.554769  -169.7979751  789.5236216  2405.996956  1117.830266  2112.176975  
1335.588519  574.0883834  1115.977465  1397.941736  -114.2196963  803.009261  2372.942854  1134.502698  2151.302629  
1325.484157  613.0815611  1129.096902  1418.556303  -30.18931192  905.2387961  2377.818438  1139.26438  2186.609283  
1354.218226  590.7433397  1138.262185  1418.99321  -27.86544241  896.4210683  2424.217115  1177.25996  2196.937493  
1350.848127  621.0947885  1134.997423  1420.724062  -17.64343559  896.6556484  2425.242829  1175.833435  2238.490674  
1386.830865  631.5937608  1145.828703  1385.400149  -36.10169233  861.0873224  2464.753737  1190.781749  2245.024061  
1361.206722  609.1253566  1171.769373  1334.519629  -93.58937303  850.5070514  2459.62379  1179.728512  2205.482191  
1375.581243  615.0126276  1152.59348  1340.366018  -80.57249609  860.0824872  2460.509639  1167.863001  2197.890265  
1387.330854  585.2557572  1120.721802  1305.456263  -94.17895844  774.9023515  2452.437071  1166.337446  2216.258913  
1340.248489  577.905981  1175.319775  1367.71241  -123.7624124  876.2988075  2391.853542  1174.616621  2157.797218  
1302.882534  613.6804198  1169.07753  1398.751914  -113.8554067  950.9393286  2385.691393  1178.005515  2127.874292  
1324.552589  611.5650747  1214.942487  1358.391741  -137.8205911  939.389344  2360.285469  1138.042577  2110.572709  
1357.762916  623.9516185  1238.658326  1366.496371  -114.9496625  965.7128277  2366.236044  1129.673744  2102.992214  
1351.249671  599.7783702  1253.267459  1381.584924  -118.9042867  935.6338727  2396.639062  1124.255406  2084.735024  
1338.61828  595.3028399  1227.12861  1426.198371  -93.64001858  940.7363985  2384.669729  1153.517511  2120.98815  
1329.394375  599.0887557  1202.862154  1441.230523  -55.85167753  968.4822233  2394.657294  1192.710743  2146.943376  
1318.610927  629.6143554  1171.299955  1470.868046  -74.9695245  965.091575  2389.203567  1195.630156  2169.251475  
1348.027126  618.9945367  1150.945977  1344.361873  -59.5914822  887.2692509  2417.735364  1189.29019  2205.404034  
1344.127859  619.3585634  1172.891433  1313.348359  -65.57684227  854.5892407  2424.997277  1166.985744  2196.950888  
1344.508716  616.6136473  1198.529469  1347.196157  -96.99862378  908.6672231  2439.433858  1153.149745  2162.60124  
1357.191036  589.9662166  1192.602632  1356.721567  -135.5253385  890.143609  2483.584257  1123.108387  2091.868459  
1386.464561  605.6036972  1138.945961  1390.96011  -96.42152899  807.4643281  2495.818673  1153.404014  2139.86025  
1341.029953  633.341367  1175.960056  1394.967679  -92.89948705  872.670638  2455.372433  1172.815611  2153.958342  
1339.553936  617.9035022  1171.243534  1302.877321  -132.3933117  829.0076652  2463.482666  1149.14233  2151.064486  
1342.715369  590.9783183  1152.879263  1298.654391  -131.2518892  803.2439193  2460.613333  1126.591248  2142.06442  
1345.462572  576.6259258  1125.804181  1348.307717  -105.3325171  847.7523479  2427.79852  1169.938712  2174.086893  
1346.341844  587.1478194  1141.78149  1369.278842  -88.05779464  855.0284414  2431.249119  1201.920635  2239.963037  
1329.165743  596.7658111  1150.899662  1380.391459  -74.25188644  891.4426567  2431.379245  1224.586933  2252.897922  
1331.143811  591.1653105  1167.766228  1354.099712  -110.3752471  868.2419984  2411.600379  1178.003433  2189.999947  
1354.345365  612.5263198  1163.728559  1365.315942  -54.60323552  889.3963982  2417.796621  1184.075074  2235.949173  
1349.381784  621.1150984  1158.400802  1325.064782  -55.69523497  874.472394  2445.856572  1164.528954  2247.34478  
1360.961275  599.2106597  1197.238208  1363.209281  -108.9233258  822.5878921  2493.46224  1139.16782  2165.047832  
1349.411075  583.3456683  1162.837502  1360.132064  -102.3148064  869.1697952  2430.233476  1189.008616  2163.317385  
1347.287178  578.7233111  1170.831876  1370.898629  -66.64872221  888.9888738  2396.98738  1187.871081  2184.409919  
1355.522804  616.5652204  1208.282973  1377.484256  -73.12085081  913.7423491  2386.692329  1178.179386  2168.287618  
1361.985193  604.8245765  1158.683308  1385.62496  -54.11897234  869.4076262  2424.978646  1150.660074  2182.311035  
1357.823535  569.591057  1139.357486  1330.652947  -58.92305626  799.0801228  2439.777513  1135.806545  2204.956887  
1349.273744  582.5388669  1167.586739  1359.247552  -70.36737817  815.5542698  2447.685564  1137.336308  2215.99449  
1383.586295  611.531467  1164.385391  1342.605751  -60.82848426  870.137178  2464.031263  1164.354578  2214.182813  
1326.914716  628.8246424  1164.996593  1360.696135  -77.99515848  910.9272817  2405.601578  1196.955366  2234.47433  
1339.705996  601.9210358  1167.623712  1322.183989  -120.0346805  935.7273347  2411.709318  1186.578173  2173.057165  
1333.567419  597.2291289  1209.438111  1322.258304  -143.1505861  933.7367518  2376.284013  1119.546775  2121.549086  
1358.221705  606.6559552  1179.471797  1387.356044  -74.99539462  900.1015703  2415.922327  1146.529513  2157.893757  
1351.774869  622.3410705  1147.674603  1399.95952  -66.69868068  853.9725375  2462.740545  1164.718911  2183.15548  
1346.906721  603.8559647  1151.40634  1381.227475  -83.70284511  882.4207666  2447.437714  1197.416033  2201.567595  
1356.487444  598.4465425  1210.903445  1376.465689  -105.6013402  895.352089  2429.98771  1158.917727  2141.186922  
1335.383412  598.2199435  1205.386623  1407.774594  -54.31814771  925.4929901  2393.726535  1196.789058  2204.42975  
1334.370304  592.9033105  1213.91738  1417.096364  -95.68031848  967.9026461  2363.665819  1199.811319  2126.007773  
1369.165898  617.7280064  1203.166863  1433.89425  -107.8677324  930.8046865  2375.525426  1175.077083  2102.3029  
1361.106977  622.9602064  1176.99242  1393.928722  -69.63499828  925.7307869  2403.13869  1185.41134  2154.985082  
1316.230633  603.0961511  1213.084885  1346.02501  -128.7785051  967.529361  2405.420187  1158.32713  2145.742366  
1346.724982  574.8598479  1175.079862  1371.844547  -121.7008052  886.9873106  2407.174766  1132.110347  2137.256799  
1361.602712  587.8768146  1121.739284  1388.68601  -48.86239631  856.1960574  2423.848701  1179.385563  2229.864119  
1342.66631  578.9177109  1138.941863  1388.42018  -38.47581558  891.1194373  2399.38525  1185.765262  2230.593086  
1331.722275  600.5149016  1179.466299  1373.613423  -76.43748628  916.5356305  2415.219762  1171.0408  2177.921344  
1304.968914  603.539376  1156.603912  1399.077738  -118.2953093  933.950718  2407.883691  1198.499799  2200.277973  
1372.48841  645.9348322  1155.953817  1321.476747  -50.72609186  859.1103056  2502.475271  1178.729653  2218.455311  
1337.923108  649.235717  1168.611527  1228.879535  -100.1963347  850.3703374  2459.082359  1136.598263  2175.521024  
1309.178611  597.4149047  1196.040749  1282.39038  -163.5294398  886.6930719  2419.071566  1119.098261  2092.13262  
1334.924097  646.414057  1148.834644  1279.090343  -173.6200434  791.5922518  2453.314447  1104.995717  2079.92455  
1322.028603  624.0447359  1182.103885  1274.965774  -163.6027961  806.7091304  2440.57551  1101.566291  2075.832056  
1343.069178  623.5620575  1138.17188  1298.042416  -155.3836376  828.6217367  2472.101529  1115.973419  2096.386964  
1333.185842  606.7311249  1146.27455  1304.139766  -133.9054587  809.300205  2455.124933  1125.887731  2119.221421  
1345.078639  634.3767637  1150.312274  1323.02505  -128.3664146  832.0606806  2430.859277  1127.05  2113.309911  
1383.970236  638.1935088  1109.232022  1327.965124  -89.65914714  787.8109637  2479.083382  1136.5055  2188.792484  
1350.206402  616.6768066  1150.051487  1379.061291  -111.6555484  838.5796461  2453.567666  1142.776919  2159.247463  
1342.582001  603.3727  1170.142782  1408.140855  -72.21155562  914.3202001  2442.658209  1195.395728  2194.560572  
1338.402245  614.7410476  1154.000564  1411.307978  -72.57222917  926.0912521  2427.544791  1192.934846  2185.539893  
1309.637441  590.2142178  1152.719664  1402.123162  -99.51160719  848.8877164  2414.521594  1146.515106  2142.949699  
1322.439519  557.546934  1150.401788  1394.516758  -72.15312823  870.1937068  2404.447591  1181.282492  2190.589699  
1343.568459  563.7580508  1174.872156  1433.641707  -59.43035284  906.4120465  2408.441684  1193.337798  2193.053567  
1330.452196  587.219785  1176.570392  1411.909667  -65.10899703  903.0498499  2406.85891  1180.10825  2169.258964  
1325.226613  592.988316  1169.508823  1419.153677  -72.05049334  909.0513361  2404.181667  1198.735133  2206.36239  
1308.542258  612.3742707  1175.732372  1396.810099  -85.18502572  964.7554401  2351.374719  1164.294229  2198.402728  
1328.289803  607.6056608  1191.773524  1386.401536  -81.67134597  924.4137513  2369.936248  1162.455836  2200.433029  
1379.73433  625.0384003  1173.432801  1338.505974  -34.80655282  934.6484505  2439.636674  1172.744696  2189.630626  
1358.991576  630.168226  1202.498334  1279.107133  -83.77185937  891.7133603  2452.80919  1114.44156  2138.094531  
1380.150764  620.6942755  1179.792688  1337.745271  -110.5401962  790.8236756  2486.268756  1111.467734  2144.786466  
1370.409093  609.0688657  1180.328717  1373.917428  -77.89264264  823.1450891  2483.633897  1183.059167  2212.803905  
1361.592809  606.8427734  1167.665392  1387.102166  -71.02152615  854.9844618  2434.050315  1187.71186  2211.991777  
1367.963073  600.4475206  1147.779727  1396.025979  -60.58521337  854.3819027  2415.412881  1191.453148  2222.733117  
1344.464828  578.9785022  1177.745596  1369.436454  -123.8180588  928.7825497  2398.36156  1181.012465  2119.003573  
1298.354863  590.6075694  1180.824812  1321.187624  -166.6453423  942.144538  2385.505153  1161.878757  2115.34176  
