1293.535733  631.2318283  1044.906186  1541.903886  363.7083842  634.3413574  2005.279843  842.237612  1806.081813  
1278.497196  625.5595355  998.7448027  1602.82252  373.5947711  664.6376034  2001.352491  854.4393011  1815.879677  
1247.343326  649.8736311  1007.286355  1594.220975  386.5859483  646.802454  1973.301844  866.1643522  1817.462977  
1257.911263  655.8793372  1034.600965  1562.67493  386.1989108  656.9377408  1997.253092  862.4681961  1809.97473  
1256.100982  675.4296423  1042.184442  1550.320186  397.1003613  676.1017032  2005.316013  885.6176777  1822.503574  
1260.630964  668.2256815  1016.519043  1568.139613  412.0221126  670.0224046  2003.047163  874.9672701  1798.972168  
1237.192647  717.7998972  1022.028139  1574.300579  403.1247189  704.3628853  2006.430717  898.4599849  1789.656115  
1241.022194  667.2853401  1016.840044  1537.172997  349.1459521  651.3425248  1973.915215  865.6046996  1791.422637  
1235.443126  678.3536465  1038.562594  1596.083833  388.640882  677.39668  2050.593145  890.5101717  1829.802402  
1222.497022  717.2038344  1058.354567  1580.25734  401.3762689  700.7556473  2019.539167  916.0529996  1834.8806  
1230.792776  628.3087241  1054.897107  1589.77196  364.8994517  667.3009025  1978.787099  857.5971278  1805.895171  
1259.394942  658.4915211  1037.501091  1578.455252  386.8535628  657.3587296  1999.982093  857.3778403  1795.958941  
1239.427268  687.4117387  1055.087162  1559.473188  415.1848476  663.9749004  2039.857443  894.7127349  1827.10544  
1249.535168  679.9322984  1034.232352  1600.769644  419.6388509  625.7076843  2031.882979  863.1605153  1841.045319  
1264.344496  672.1986324  1045.545078  1603.904333  429.2674369  633.9790709  2075.535009  865.9947247  1828.862619  
1258.107191  680.6692997  1029.018344  1572.584844  404.7026336  673.2556112  2041.671993  884.2397263  1840.23066  
1253.603692  635.433001  998.0275109  1613.328575  411.6735432  649.1624876  1996.238612  866.1494294  1846.834454  
1251.659331  688.435349  1041.146377  1561.943421  419.1943359  650.480062  2036.988401  885.164944  1823.908371  
1213.630072  672.8451746  1059.747337  1534.669403  352.61385  667.505668  2011.524331  890.4644527  1787.650376  
1260.16221  637.2520306  1036.49124  1552.915067  357.4306629  678.9375906  1973.611886  886.4169527  1815.715753  
1282.85961  645.1646465  1044.560772  1574.967156  401.5583919  642.3640353  2008.771775  887.3100961  1819.443735  
1253.604598  662.3620257  1060.494616  1560.715849  381.4692261  665.2827604  2011.119164  865.8615097  1805.080946  
1246.766236  648.535655  1016.131024  1556.339018  374.785635  676.7588196  2013.137277  875.6130713  1828.117791  
1261.453826  669.3466267  1007.055777  1600.385778  415.9536901  690.6739683  1996.928636  909.0823793  1845.850499  
1235.700554  664.6882617  1035.047633  1581.832153  390.8586694  669.675419  1968.470522  850.6226053  1784.992645  
1213.622824  670.211476  1016.128806  1619.745994  386.181111  680.4112958  1961.535183  851.546662  1768.042031  
1214.049319  682.1037536  998.7582701  1637.159406  412.8934179  679.2712091  1933.879887  873.465667  1792.045161  
1257.16283  684.207211  982.4604845  1589.04356  401.5246331  669.3626479  1937.29139  845.7333219  1766.478336  
1234.323702  667.4152247  993.3219598  1599.857829  380.6153405  720.5655331  1966.779579  880.8945821  1813.290402  
1270.420991  658.2653816  1030.374131  1609.273483  437.5375257  674.606696  2024.645589  901.5501713  1834.161002  
1267.956444  636.4144184  1014.734911  1550.968984  396.0144709  646.3436712  1999.073421  862.3690247  1839.626446  
1262.558661  647.3887129  1027.214187  1604.994019  409.7786972  659.1616041  2059.317959  900.079932  1859.095307  
1260.423432  660.9945964  1067.37758  1562.80283  400.1404184  659.1982919  2047.112402  908.2815528  1837.708849  
1266.019988  624.6497045  1004.188278  1600.603787  361.8724185  705.6266059  2023.717014  880.4099041  1827.958174  
1276.993145  680.0715389  1022.835566  1577.104668  377.1613294  688.9955448  2030.10431  891.0882054  1774.677992  
1243.932542  669.3563615  1019.27549  1561.427148  384.276954  669.6468707  2005.562659  878.2011731  1795.577464  
1246.031362  701.4288062  1015.793804  1568.531784  390.0047979  681.6157259  2031.61955  876.301791  1809.165208  
1229.938642  675.2672678  1028.968392  1544.671387  363.7340278  658.8306812  1971.754654  878.6635708  1843.685721  
1250.878255  688.7019465  1021.9687  1563.031204  375.2677781  645.551661  1965.577199  871.0427172  1814.106178  
1229.187692  685.7497526  1023.932842  1567.934018  399.3914844  652.173297  2022.362492  854.932179  1788.184181  
1229.760594  702.5298074  1042.837835  1560.618114  432.6723779  674.8298804  2011.806041  903.9246954  1780.580829  
1225.370431  677.1605838  1028.782068  1574.037849  351.7108573  686.0246057  1966.806075  861.0988217  1795.365983  
1274.014194  655.4213267  1028.663658  1615.734299  401.9001386  672.8167447  2046.943297  854.2328405  1818.000435  
1257.609201  663.4611609  1050.221229  1643.706564  406.5521387  689.6868365  2013.177472  886.2746572  1828.077411  
1260.793823  650.4591206  1043.905634  1599.969604  393.4904808  678.4700585  1995.295922  885.0290882  1847.518269  
1246.863149  682.5868716  1020.415924  1557.854743  405.8122435  687.7355801  2028.792224  884.7447927  1807.764983  
1236.009142  674.9904523  1043.419654  1559.558463  381.8123877  668.1509256  2042.544175  896.5441889  1810.497444  
1266.472012  649.0041008  1070.54633  1528.133375  347.5280246  634.7846477  1993.541603  849.7010979  1808.40592  
1260.932182  621.4100724  1013.683077  1565.456142  362.5404995  638.5735322  1983.776317  839.9443732  1818.163552  
1285.102861  685.7749528  1039.830271  1619.918698  461.8751128  680.3555128  2055.556585  899.560016  1845.750391  
1243.867639  694.3664732  1080.537162  1587.311069  400.883112  659.2674113  2038.068913  886.584733  1850.845493  
1266.091527  670.7007268  1084.78102  1516.102754  364.0791966  619.4362155  2050.600805  860.2576068  1847.777381  
1274.413914  696.8653831  1058.734481  1502.360927  404.5550381  638.5893049  2039.848175  879.3645783  1820.326933  
1246.761931  698.0531848  1062.98452  1515.137778  395.4595665  646.9558254  2016.840078  892.1051858  1823.732659  
1221.025799  668.2334256  1084.316706  1473.332486  361.8569057  629.6759866  1999.451648  869.4682701  1799.634043  
1261.261832  631.8179593  1044.545488  1578.473191  411.429564  649.3550015  2017.497956  876.309212  1834.939029  
1293.694296  653.7748356  1030.676451  1581.286414  450.383299  664.8406562  1988.510495  898.507985  1847.509232  
1257.569053  663.3125529  1008.247183  1578.266784  449.1161538  678.9118497  2023.309942  903.794671  1839.374607  
1251.066238  698.207582  1024.476656  1604.310917  463.6121468  692.9108337  2017.687455  929.9343563  1858.994584  
1268.981191  636.2036941  1009.006785  1535.215349  326.7367105  642.3988426  1940.21375  839.3489757  1811.363875  
1243.399544  665.795749  991.6275827  1561.273609  341.3704319  704.7833262  1939.690902  859.9690659  1796.895944  
1204.605916  707.879522  1032.77221  1555.310157  366.6909065  690.4199142  1980.891563  882.7222584  1792.046878  
1241.846374  657.5053576  1061.876227  1549.021612  343.4534628  625.4318045  2012.052086  829.7296803  1772.212477  
1234.387283  676.4657228  1048.609361  1554.324802  355.3243458  654.9273366  2002.633679  861.9326685  1768.953889  
1248.427108  663.1983519  1010.441527  1548.538867  369.2652655  654.9890687  1946.842484  853.8415253  1776.44053  
1236.184317  657.0388757  1018.045003  1548.150122  369.6352177  662.9989157  1969.827104  844.6105953  1764.31783  
1263.235976  666.1323276  1013.171992  1575.311102  405.9957557  659.3457572  1983.922288  876.5979635  1788.924603  
1250.435476  634.7249011  1014.857842  1566.438346  338.8123295  651.0865628  1965.803804  830.1563821  1785.228207  
1232.282076  695.7654431  1063.019868  1589.143237  353.0947257  680.1671686  2053.35071  852.2145057  1796.73922  
1223.951777  704.9327539  1055.49288  1599.802975  371.3839124  684.9645372  2030.924932  864.4376296  1778.778734  
1212.563505  692.3219472  993.1555966  1595.439837  414.3302762  693.8907166  2005.405909  886.704472  1778.777819  
1263.791701  648.4924723  1029.560671  1640.455473  412.9419773  666.9611885  2013.999763  887.9862152  1840.045603  
1263.968936  677.7622075  1042.352219  1657.557396  431.7864799  633.653404  2022.44315  874.7066272  1866.668957  
1256.007799  668.1852826  1023.657328  1599.413387  406.900907  628.6575177  2043.356163  877.116187  1877.261043  
1254.880603  673.247553  1047.496077  1553.709884  377.8742994  658.8180259  2075.159141  892.4476013  1837.895596  
1258.7751  666.2713511  1036.792493  1529.16318  359.2204315  651.520805  2004.963941  864.8752267  1801.695788  
1263.60146  639.6041884  1021.706925  1586.379819  368.0163186  660.925548  2002.652931  838.4030431  1809.802155  
1236.229263  694.5149683  1023.224008  1614.342608  407.0783746  712.1497609  2034.749925  903.8392868  1813.620268  
1256.756198  634.6968907  997.0311899  1577.864554  391.5537794  658.3785275  2000.46288  864.7791511  1822.877699  
1255.97569  641.0745772  1019.356183  1531.460731  346.115506  656.2377862  2008.687486  872.5128765  1811.29445  
1274.939206  652.2810315  995.4858019  1558.568574  404.9609716  656.9155215  1962.07638  879.5475015  1823.452559  
1259.678236  617.6197947  995.7796421  1579.818173  377.9182037  622.8530881  1984.764438  852.6793804  1808.179832  
1259.40378  627.4334453  1001.233888  1557.86232  362.2583183  638.7561227  2001.994292  858.6286865  1814.599719  
1275.132725  577.2759007  975.7587651  1587.989934  360.5939702  634.2418828  1960.600378  840.3521562  1812.372381  
1295.57016  635.1561565  1003.855665  1585.699059  384.7812026  666.9149757  2027.410574  880.0465795  1824.57381  
1283.442973  736.7432478  1090.744638  1592.91238  480.889595  739.4864081  2046.924419  934.9099241  1837.923214  
1237.880083  673.6739756  1037.584027  1613.797464  449.5424763  677.0416406  2000.773681  893.5616373  1822.193205  
1213.484885  672.0710021  1044.659173  1599.973235  392.8587765  662.8477933  2007.609436  876.727215  1825.304397  
1237.91121  674.4210817  1069.713875  1574.343378  419.0183902  671.1731281  2019.563366  901.9138427  1841.243916  
1262.440581  620.0336796  1015.101182  1611.679692  402.4624567  655.7608882  1987.747227  885.8518463  1856.557041  
1253.174231  675.7055742  1038.549115  1564.10928  405.3579942  682.6213974  1998.300851  900.4313318  1825.92014  
1246.426041  637.3255722  1066.269443  1582.649529  371.1323659  674.4490286  1988.761036  867.1371375  1795.289928  
1238.195363  684.4552606  1076.042138  1543.666822  370.886133  653.6531405  2059.458972  865.0908062  1797.883758  
1254.917104  670.7979003  1045.594761  1516.115924  390.4207295  638.7333494  2006.899019  859.6793346  1792.909483  
1273.488272  664.5587263  988.6384344  1574.61921  403.0360447  652.3619823  1982.288999  845.7045068  1812.701838  
1249.74363  711.4049851  994.7731241  1570.347358  413.4617561  683.7538262  1971.032395  877.8446313  1793.164935  
1250.112138  697.4705501  987.7334475  1561.244821  427.2725946  706.077149  1963.092817  907.6806337  1807.046458  
1260.177536  680.612691  995.5669857  1594.773456  438.2601631  651.4787326  1989.420559  885.7138586  1792.148301  
1229.479448  690.4193732  1037.393082  1571.138492  395.5197503  667.7610589  2034.063346  894.069822  1810.635267  
1253.328668  634.9142589  1050.985799  1600.368294  382.2422934  656.4136709  2027.516887  859.437272  1813.716707  
1263.711113  653.7570416  1035.884113  1607.336853  419.2117259  658.9853436  2033.145366  868.9931568  1832.219727  
1234.538725  645.0877945  1020.000941  1588.894186  360.8293173  668.9931202  1985.513577  865.3742362  1806.731808  
1228.196707  686.6428431  1019.027895  1583.517315  380.9163632  676.3957765  2035.39707  881.8710315  1808.125767  
1273.026902  695.5835898  1040.569241  1562.23057  411.3303032  664.8491752  2036.18233  904.1067814  1830.732305  
1261.227827  650.7427327  1027.561205  1597.154075  389.6549585  665.5307381  2013.937836  859.715612  1852.933175  
1247.222921  668.994099  1046.694691  1573.000622  373.6931509  609.9232871  2040.356481  859.7962684  1830.34675  
1267.094814  663.602721  1052.172422  1565.906185  359.4794268  654.3875018  2043.335426  859.7235748  1812.362298  
1249.309606  667.27769  1043.195535  1595.635017  416.7914059  719.0151883  2009.439969  911.5322738  1824.463952  
1258.827023  654.5078047  1007.513337  1589.701822  409.6557687  668.1297925  2008.5939  866.7880338  1799.859244  
1250.751953  681.2078295  1013.72336  1556.793701  381.6314773  699.9830604  2003.870454  874.3982619  1792.285966  
1240.843579  708.0570834  1052.474629  1546.334798  413.4902229  686.7996222  1996.594908  902.9014628  1781.817775  
1247.493827  664.229611  1033.688539  1548.536131  365.6773468  668.5806923  1956.087591  868.4854261  1769.226038  
1246.996458  594.7856564  1026.635197  1553.204443  330.9668016  631.6957735  1952.019074  841.3782222  1782.013114  
1279.354726  644.5977159  1024.653551  1551.75791  382.0396813  648.52093  1961.369123  863.6086394  1802.523698  
1260.119387  648.7199598  1007.343547  1566.882526  402.0548298  643.7651646  1957.504472  852.9730011  1791.936746  
1251.267965  637.8134823  1019.670787  1549.501727  355.2472022  700.8943289  1972.695668  881.2458247  1785.030118  
1228.166543  656.8521027  1043.045059  1563.830723  389.9557801  692.9026292  1972.66114  888.1617813  1776.335465  
1224.046864  673.0424275  1048.150909  1558.191111  365.3973234  660.7032623  1984.088933  845.6849703  1777.670372  
1270.200973  658.3999544  1058.609898  1581.249481  366.5937395  678.4423983  2011.451868  838.3396765  1810.954899  
1217.226629  677.0838217  1054.531011  1589.46254  356.7798168  654.5922215  2037.352432  850.5869079  1804.867851  
1210.32697  672.4558645  1042.282305  1577.528564  364.7484522  657.6149867  1985.638849  854.455698  1798.416476  
1241.184184  667.7408106  1016.59799  1613.436055  363.1949878  660.2259985  1992.012361  860.6010565  1794.864403  
1259.668774  649.1052524  1030.118896  1598.65195  357.8675433  648.1979789  1966.407154  853.8227494  1801.5339  
1258.553995  634.3011913  1017.557886  1565.433595  371.9926169  673.3421008  2030.876224  848.0295921  1798.20922  
1255.390915  686.6640394  1048.359108  1583.662829  408.8796749  679.3096146  2067.271786  913.1098307  1848.469699  
1266.75478  652.9263928  1037.163728  1622.9559  450.9113175  676.4913045  2006.738148  919.3396709  1869.547504  
1292.304377  646.826471  1034.3278  1622.696193  439.5960973  675.9237674  2009.780254  890.0955001  1860.429449  
1261.514595  676.5364545  1045.180026  1567.978692  437.7842413  679.0280071  2038.960006  920.964924  1856.30388  
1282.926645  660.5771394  1040.723399  1539.573806  390.5613434  653.0794222  2017.780879  874.4658596  1840.032868  
1282.049613  670.4215871  1008.241501  1602.62039  429.7493408  657.0641525  2025.349662  895.6311031  1827.22453  
1268.046801  682.7874033  1029.655897  1568.36851  384.8614545  669.8518669  2008.667927  886.243806  1830.335704  
1258.236101  673.3571059  1031.159021  1549.270666  385.8594698  670.8533867  2032.76452  864.21615  1805.609664  
1255.198958  679.3855397  1029.862709  1569.785297  406.8751082  641.7046496  2050.035231  879.9869494  1805.602503  
1247.559323  718.5365655  1024.080112  1549.333978  383.583165  650.4741453  2028.413729  875.2431255  1817.110402  
1214.461605  695.6098284  1025.519613  1525.068432  351.3295893  682.5087077  2003.212712  891.6187513  1839.628985  
1254.028274  664.6187756  1051.498089  1529.995434  369.7189383  620.9367988  2025.998659  857.9685587  1819.17064  
1263.543243  669.166976  1037.900105  1547.172661  382.1625791  625.5530939  2012.265075  842.6328886  1801.577451  
1271.82471  693.8214801  1058.142056  1557.547704  433.0315143  616.6031114  2047.063782  867.6034617  1843.624361  
1275.008592  663.9516729  1050.681258  1603.359692  404.4572198  637.4318607  2007.087513  866.7911536  1863.380038  
1239.593254  651.6782893  1038.574627  1623.633869  404.1289439  679.0314498  2010.725245  908.5994425  1876.437409  
1238.032363  655.2929801  1036.420428  1575.741985  383.4832494  676.5516331  2015.681034  914.3211856  1856.134388  
1284.822216  645.3513401  1015.441244  1581.905819  401.4353212  655.4973569  2034.178261  853.7688068  1836.256174  
1252.343011  683.3639307  1028.9558  1590.761122  403.0185106  677.4970943  2064.073078  888.1872226  1830.766549  
1260.755897  617.4091722  1019.968331  1569.576978  372.9757601  676.1939884  2002.76628  871.280508  1812.02357  
1220.589164  662.2323184  990.6286896  1628.066014  399.9029985  701.6292617  1974.534655  869.6882415  1799.219582  
1240.723022  653.8820288  997.5845898  1569.5569  368.9831921  674.100267  1943.727017  854.4978155  1768.075651  
1240.182722  664.6144265  989.362648  1567.305479  391.2816121  689.8893736  1987.904751  873.699557  1765.173144  
1207.193275  722.6702115  1039.408024  1565.570865  396.4276076  674.2650831  2009.362121  882.1739764  1757.812277  
1229.491857  679.6398515  1052.204517  1543.151494  348.9565584  642.0804472  1989.408085  849.7039759  1766.751374  
1253.465752  647.7358154  1026.739349  1512.091479  332.737815  632.5390072  1967.384464  842.6002401  1766.92267  
1227.570263  629.3249207  1033.401152  1548.493166  325.7190332  624.4970432  1967.405563  843.7740276  1793.38448  
1228.098803  657.3023553  1070.5569  1587.008765  383.5040226  649.050279  2009.868215  856.3319772  1793.597521  
1242.278097  692.5687022  1036.556362  1570.186217  408.0277392  648.2376408  1993.712819  864.0683303  1810.551886  
1248.819595  669.3861422  1024.085255  1552.213522  390.5219897  663.0142597  1974.068207  856.4614189  1785.755775  
1255.818357  638.9900748  994.0185551  1612.43228  409.5552703  688.8805689  1974.206851  860.2141697  1782.421643  
1269.430668  663.3256679  1012.373227  1603.821737  432.1289517  717.4606833  1950.236489  900.936319  1805.257167  
1262.524946  608.2713545  1023.402326  1560.535749  394.8657884  669.3505674  1942.294766  876.7888103  1791.558781  
1236.146781  659.9012143  1034.92981  1575.750465  391.7107782  677.6630541  1984.157329  893.1103769  1799.295292  
1275.640874  644.6647094  1057.557412  1560.75601  400.6409781  656.8208472  1979.906983  897.844042  1834.269774  
1266.921507  616.185573  1009.23714  1629.283365  397.621153  669.8585834  2025.875279  858.275974  1856.878472  
1231.685599  713.3572938  1047.282192  1625.657337  409.6749732  666.6284569  2089.400089  881.5477203  1842.884198  
1279.207047  632.7804001  1020.645561  1586.17929  364.868282  631.2048861  2053.318805  849.8568411  1817.602461  
1257.50021  718.3264467  1056.409398  1587.957937  435.0748608  650.0871588  2063.034314  890.8486417  1841.003085  
1278.135956  687.1914848  1076.769072  1605.898919  428.9768503  660.6169461  2024.529714  884.207105  1849.487213  
1261.100309  665.7747801  1045.082319  1594.810297  432.6618107  733.796586  2007.121829  922.4312195  1843.762081  
1252.869698  706.0189788  1059.162893  1588.028961  452.9062205  709.3241918  2013.106366  928.4780372  1874.327467  
1261.977058  666.4730383  1037.237116  1623.57943  431.2687244  685.1863541  1994.379735  883.0023266  1854.078922  
1230.113236  697.2245599  1036.600053  1580.161364  395.9189839  687.3081643  2046.593081  919.7376267  1839.052063  
1245.945089  700.1598033  1061.989921  1492.991233  334.7483526  637.2780273  2020.646655  887.2726958  1802.653921  
1262.669105  641.5688139  1034.662915  1458.114106  310.7454522  620.2824785  2007.536399  841.8644146  1791.500321  
1256.621105  691.2415701  997.771823  1515.64774  351.9313466  666.0078934  2005.812237  863.8765728  1780.149123  
1224.873748  657.2226679  1029.216044  1570.843816  340.877673  663.0174298  2003.745898  840.6779492  1803.454028  
1262.680012  657.6807691  1048.83552  1603.974254  376.53915  630.8724375  2018.060783  861.9889276  1839.994649  
1284.663002  623.6959728  1000.005462  1627.484098  381.9129983  635.3417763  2001.745656  855.3450352  1848.831785  
1261.14827  658.9216126  1023.343668  1545.902299  424.5722345  648.2440722  1995.005693  876.3499832  1845.02827  
1278.292708  670.2836408  1033.859849  1601.541302  448.0421486  661.5336294  2009.446878  869.6337339  1856.795535  
1225.289848  722.1206011  1046.15063  1594.33963  450.4123847  682.2760479  2031.574801  919.1915811  1842.393138  
1274.099686  641.4566458  1010.746035  1543.985923  384.9635662  623.7602223  1972.872135  857.1985541  1792.791386  
1297.094439  584.3277521  983.6060879  1594.105463  339.3534522  623.7578537  2018.395076  827.2415834  1804.9291  
1228.164396  674.536278  1030.61117  1606.015177  406.6160975  689.6407232  2026.237005  899.8104658  1795.925478  
1219.863782  624.9028647  1049.107241  1537.321978  337.099996  649.5813384  2009.833247  863.9953684  1772.069976  
1241.236149  605.2589951  1024.746539  1560.836893  320.3864793  645.4497779  2029.839728  832.8918009  1777.948688  
1214.282897  661.1516154  1051.170136  1571.332492  376.9290103  668.1580588  2038.26992  866.5509762  1801.397823  
1242.521008  687.3477476  1055.31002  1593.916323  433.2904105  704.0514619  2012.195514  897.0981894  1864.956243  
1287.625915  688.3490483  1025.42173  1631.868748  442.5079407  697.2712599  1965.202284  887.1544468  1828.087062  
1245.664856  704.5623849  1014.112128  1601.135795  401.1353427  682.5532114  1972.248209  876.7448779  1778.165607  
1227.560697  697.4314011  1018.611259  1548.913681  327.300957  673.1601778  1971.125259  854.9303757  1782.650073  
1247.038821  635.377744  1003.025386  1595.519045  346.9947291  652.790111  1958.650725  838.198243  1796.042484  
1281.105955  664.6428718  1005.43935  1600.727163  357.1995276  684.1336801  1983.13001  841.4036022  1794.832684  
1257.50743  676.9701807  1016.384979  1596.6481  409.6173932  674.500388  1989.011866  889.7447732  1817.912125  
1245.640808  673.191701  1020.48798  1589.805339  429.6775662  634.2449543  2013.869839  876.1875951  1806.860215  
1231.465421  657.9132882  1021.320048  1567.497611  373.5832522  633.775873  2035.987254  849.1657618  1770.637531  
1221.198226  715.3046212  1057.339974  1569.01303  412.73663  689.1102889  2006.265039  910.1639914  1833.73857  
1262.496136  687.1779684  1073.142887  1556.408849  383.1727473  682.9434193  2029.881472  918.9652732  1853.815085  
1289.650456  600.0508682  1046.116254  1525.512685  326.6315854  622.2758862  1998.063992  831.4244685  1801.89977  
1266.256409  636.4141252  1024.962255  1599.060718  351.4807087  647.5131629  2010.423241  853.6801213  1800.765083  
1269.941678  635.8419645  1033.540255  1533.479329  391.2622057  624.5916179  2026.383497  850.5807949  1806.236707  
1250.634816  648.0971731  1023.821239  1556.385809  399.927921  652.5533967  2009.090699  847.442267  1808.633234  
1231.048753  700.0727337  1051.650821  1608.248707  443.1186792  726.5526414  2017.421477  926.7867377  1863.334174  
1250.67058  693.6183433  1020.120013  1570.876397  458.5258369  676.7383551  2010.322107  924.3074977  1841.427272  
