126.1879975  494.9821848  -9.279202587  198.8320994  187.8225163  289.7102332  242.1029748  555.3515304  265.5829008  194.7957601  541.2237551  240.8159891  45.11107632  559.4984953  -44.36012003  -46.37338653  465.4201101  239.9452507  225.1718781  -180.9710923  272.1508813  17.09705218  4.169437606  388.4318866  190.0669012  3.838163023  396.4109382  178.3230022  226.3900951  98.85492518  
128.1842324  492.0650586  -7.993233236  188.8069026  176.718432  288.9137716  224.2859422  567.4249153  251.0787163  183.3179357  534.950255  264.5095312  49.4110193  563.1755242  -28.00289562  -56.6379027  456.7909068  229.2012714  203.6996982  -187.0447533  267.3093494  -3.3058497  -3.896541894  387.5257425  187.9373273  8.860119795  388.5774226  199.7509482  194.504638  107.9520483  
132.3470272  504.9278029  -10.10252323  196.6519417  167.4566502  303.0313743  222.965783  577.028492  247.4007382  169.3793878  545.0482729  264.0781593  30.41490676  561.0368965  -35.82570333  -58.51367879  464.8326471  232.8654752  177.3756285  -194.5461162  279.6299293  15.48713924  -4.377424483  389.8579059  191.7789227  -7.130818781  382.1335639  184.0775739  199.5507108  110.0733169  
141.924801  502.5260737  -5.284864053  195.8638535  147.685972  332.2678706  229.9586857  553.7305235  251.3480351  195.0394696  546.5918195  265.6610115  15.88859673  569.7218878  -59.90880515  -33.23520692  503.6004788  257.0398947  202.0748412  -193.4633694  306.6946234  65.28298309  0.8777676661  390.3060358  192.1273756  -3.102780716  394.8390074  161.5470074  216.8804368  89.31380377  
140.3825722  516.6896377  -9.948298675  195.2059821  122.6245144  335.3053082  229.5735859  537.3422953  235.7002564  181.5836101  551.3405257  278.8909397  0.2709325229  575.8401422  -57.09385944  -34.61575988  514.8782439  267.9755559  194.8381483  -223.6203676  315.6663458  110.6736474  4.830897002  398.1937658  189.8982461  -9.785214196  397.1488143  155.3347556  220.1945081  89.6366427  
143.5903282  520.4777081  -4.552262605  190.2800679  130.1896389  335.8092298  241.4550269  543.337998  250.1301345  206.8458441  564.635003  294.1295362  1.615873698  563.8471884  -65.05949698  -28.00780321  512.4279823  289.3779805  212.7679057  -239.8547629  330.8104243  113.9473671  -5.190084438  391.0824177  191.4345313  -27.34401207  400.3159068  155.8537352  225.4754416  82.53935328  
135.0735163  537.3629303  -9.219328615  197.1632816  143.2553743  299.6408108  217.1714977  551.1285381  231.9166416  191.7670443  537.1023047  324.3659407  37.16182631  583.3677807  -60.65947933  -32.17582658  519.5003634  286.4413559  218.3340983  -250.7940903  302.4327021  153.0353192  2.218927494  387.7698972  175.4101037  -22.48070096  413.5961907  177.2413888  220.6635095  106.288989  
123.562851  574.060573  -11.29321832  190.8683337  167.4948087  323.8745213  240.6870447  553.3653147  247.2603135  196.2399741  558.8465707  316.6853665  14.90552633  564.767209  -64.97533079  -31.35951973  540.5369732  297.1785298  202.6292428  -239.9702711  306.4891714  171.305491  4.71995123  385.86095  187.2230245  -37.53676783  415.627796  164.811158  219.0282314  119.9804022  
111.2808281  533.5299928  -6.982106268  173.8196816  199.8354578  270.9927358  233.0952634  510.1947791  246.4202795  205.1832769  543.943611  347.1760962  47.56779647  561.9131874  -57.86900945  -31.14023687  487.3166225  281.9707932  268.2189077  -276.2829772  284.6913135  157.3290131  -8.25369367  375.6547767  179.2735321  -56.92495703  420.4549884  190.7268686  225.2728451  104.4127471  
116.537481  514.9721723  -15.37925321  176.6728471  201.8325449  257.0353626  202.395113  529.8417902  242.7925972  186.2676256  525.5000646  324.9615695  70.24405937  573.1866303  -38.83648869  -60.35388588  450.7258299  238.1826063  268.9408949  -246.153178  253.4620029  79.45048183  -8.372566365  374.7213265  166.056903  -28.73463122  407.9448557  211.0627587  205.2819216  110.2508736  
127.4717974  511.9828241  -9.009092965  190.4372151  184.2869  278.9944018  212.7463597  564.3348523  247.0401642  170.3847751  528.0661217  279.3623551  53.42096842  570.9415213  -31.56318223  -59.93036847  464.6903223  219.9622694  200.4896899  -192.1985024  262.2728469  15.88542647  4.604676849  384.7201991  179.2604614  -10.15306558  392.0856063  209.2485081  193.0552611  111.3972682  
124.4784028  529.6760946  -10.26794128  192.3901927  193.9306217  276.7711554  210.0934966  570.0146722  241.9376642  162.1319055  536.912109  273.8651688  61.22878757  567.519677  -25.16448435  -65.63204959  456.7480392  220.4850061  178.0623837  -185.0527415  265.6810979  15.86009508  9.175860909  392.8449992  174.4925705  4.514175168  387.3634071  203.3895797  183.7410879  133.3621106  
120.2918928  529.3333586  -13.19075288  200.3224827  174.6506073  304.3224599  223.4776236  569.7244807  252.2738916  188.078518  553.3994666  260.4898349  29.70474709  566.5988354  -52.9780696  -52.32952151  485.5280371  243.1034363  176.9833583  -180.629758  299.8474497  20.69312272  3.93818296  389.7768999  184.0532626  -1.988661698  394.1627902  179.4839392  208.8129512  115.7703505  
125.1106875  532.6179332  -9.355192381  194.8106607  173.5733706  303.2646444  219.3528041  571.1990769  236.7467583  175.3068171  534.2455282  284.7375606  49.08608842  574.3227178  -43.35453572  -53.57456485  500.1308641  243.1896904  187.3841155  -202.9851705  282.9371576  44.82223161  3.184389307  385.0316554  183.6456983  -9.940587368  406.8168468  201.5212079  196.8194395  115.6282233  
138.9507073  536.8994103  -4.267453923  195.4890335  154.0005502  314.4209878  230.7804452  572.0999715  231.7873776  176.1805569  545.6954425  310.7849574  31.39464425  588.5317399  -33.64228087  -53.79279618  515.6437435  274.4037634  182.9602028  -243.0716962  285.8240579  92.38925456  -0.8639473631  399.3325358  182.8120674  -34.20006252  408.6517686  206.0070829  202.1392611  114.0757176  
133.2470959  530.643896  -5.065814757  197.9474581  183.5886174  294.4279258  230.4083115  539.6715176  232.2305715  194.8744113  526.4505197  339.7744366  56.36095146  569.2542628  -36.09952493  -55.71977822  503.1396192  269.026339  222.5925988  -252.4159661  267.7115483  117.8566834  -3.860657032  384.7717518  170.3838806  -41.19297988  413.7847515  215.1248579  197.0791513  115.3397156  
118.9828607  525.1936174  -10.81819446  195.0571009  188.234137  278.3003847  207.8463489  541.4874806  230.6241493  176.5498214  523.817856  316.1754689  69.4317885  568.3291159  -45.92124577  -48.01310059  491.6093532  243.185801  231.1975839  -220.6755963  280.3385129  80.25914621  2.823603086  377.9404282  169.2777158  -22.18501868  412.0080431  203.5494771  193.1417307  115.1880213  
124.344355  513.8819165  -7.093084701  202.1580836  215.9118421  295.2544072  227.3931272  567.6196052  266.6595958  169.4251368  537.8779691  272.8773594  60.49325062  554.5446091  -51.45293421  -51.06067167  479.6115199  229.7423861  212.1287153  -188.8315602  285.6931835  35.81530004  0.5483752236  375.6693783  174.5986804  -11.49140358  394.5516396  183.3545981  201.0946875  117.1948002  
125.4565255  520.1051697  -9.061764125  202.4662511  196.1132839  290.1519906  211.9955814  570.3012254  246.7196967  179.0101686  532.6842531  296.7181603  49.03144737  569.3301945  -48.09817739  -46.91490927  490.308236  227.8264114  200.0473918  -191.9461005  275.9309432  40.52960765  4.774909339  387.1073808  180.6494552  -15.09904386  392.935084  195.4117687  198.2666356  114.3126703  
122.1323757  525.8044141  -6.146426879  207.552271  165.2888079  298.6016596  235.5682857  573.7704361  243.5778818  179.4754879  551.4809027  275.3740571  40.03382472  582.2989856  -42.55514763  -36.65528635  504.5695602  253.7078888  174.988349  -192.8834079  296.6664329  62.68566222  19.50532104  400.1081028  188.1272674  0.6927078703  395.8543373  180.2567018  212.7231573  123.2953202  
123.5878111  526.790817  -6.583069481  200.3792115  171.4424072  319.7528575  243.6739859  558.3653425  244.9881497  192.2711862  552.9009428  308.3057947  26.14704863  575.8159803  -43.55130498  -34.95052924  509.9564242  265.4854734  194.5932561  -214.5498569  303.2373379  90.17483243  0.2724186991  400.0857575  181.7731942  -14.94733745  399.7657093  175.5126839  216.6810718  116.1694682  
122.5526538  514.631561  -6.545231976  180.0254765  146.2111901  316.8985869  226.3496418  547.337274  241.0631239  192.6796951  546.2946699  302.2735002  23.0573673  581.0625784  -51.93729646  -26.1133118  510.2721224  272.5788576  220.4682187  -232.6769646  301.942085  102.2463252  -1.713802028  388.4843549  188.3955234  -18.9770733  407.7320387  175.2902482  225.8590905  103.9022039  
124.5786853  524.3113269  -24.45411631  187.4511281  142.5133453  311.2495758  224.7264269  528.5687138  222.2880523  179.9928506  545.7763654  301.2087872  20.87888428  577.248242  -43.43505571  -36.24465655  507.4823659  279.6314386  203.0607778  -234.6936023  297.8554296  119.6669423  1.578638474  401.0058041  190.1869695  -32.58758621  397.0210737  174.9194901  217.5746588  101.3083088  
139.1495153  524.838322  -11.92866097  204.7963708  144.7205092  317.3658246  245.5086702  539.6908231  248.7374677  199.8514554  556.2329472  290.6060516  6.045554085  568.3427067  -69.39615212  -31.92304039  518.64165  279.9619935  201.4281799  -219.847869  314.9862847  129.6544248  4.741662674  390.2711927  194.7578651  -34.1265784  399.3145246  153.2993875  234.7454301  94.00444558  
139.64017  537.6426972  -7.364099927  204.9278286  169.1963833  311.3741074  259.6784943  545.5062859  260.4140517  220.1568587  563.071283  303.655127  23.82962567  573.0293763  -63.28504835  -33.55328819  523.5728868  280.6137943  200.444821  -225.2120156  314.0655295  130.1492797  10.70000217  400.0804251  201.0216346  -11.11279372  407.9025899  166.8325513  231.8211434  103.8242793  
142.2064378  559.6885992  1.088565721  204.3221965  223.8470534  303.8699405  254.2697229  548.7331182  264.9062044  208.5585788  550.5331935  308.0493134  55.41069637  558.6732017  -60.41631999  -47.14951679  510.4410128  277.0917905  208.9980156  -224.3038297  295.447633  113.3935287  1.266123386  393.7196206  187.5550311  -21.91644447  420.6320513  181.2396944  226.0797924  117.7858918  
127.8561875  528.5092874  1.299928564  185.3455563  223.5718745  278.0104302  231.3296908  539.9412232  260.6662447  212.2018431  529.2275366  305.0750466  76.03544202  544.9979426  -44.49183873  -55.48524831  463.2722238  243.7587637  242.5309123  -226.3466476  258.8401266  71.4203606  -3.823149041  368.5672589  170.7583975  -18.7388155  411.5226612  201.19582  203.565482  113.4923266  
123.0946797  507.0810099  -6.051990353  177.8725364  202.1309278  258.4823139  206.7886443  555.6578379  250.9813843  184.4283721  536.4745269  293.0854727  71.99193168  571.5067035  -36.08035529  -60.27045207  439.0503419  225.9899676  240.1275426  -221.6784122  257.0384395  33.77718009  -10.54396438  380.3978001  174.7947493  -11.07925508  403.7016131  206.8757099  206.2642441  112.218176  
121.063581  514.1089912  -17.97620524  196.5294534  183.661934  293.6983564  218.9364944  561.825275  239.9872464  168.6649735  547.9208148  277.5652614  43.94886864  569.4643344  -37.2777945  -56.05602074  471.5170068  233.1915851  189.7419555  -189.5934839  286.6924462  33.01081265  7.847660594  398.1035156  178.4232054  5.307696971  383.3149896  192.0291056  200.7674239  114.3586036  
128.5580054  515.7743934  -11.46184123  206.7841217  166.9917821  316.3234573  212.9289288  563.5940732  230.8727299  169.3914368  541.1967905  276.3693639  20.73481956  573.7788044  -50.8083833  -42.79800202  512.312608  245.2773752  186.5199141  -182.966138  298.0034737  66.80955554  15.00575274  402.228387  184.9806296  5.956896774  398.2414138  179.6987913  206.5937405  106.6510885  
123.2603925  540.7347127  -4.5221809  203.9487589  177.4457695  303.5282327  223.3339248  566.4785872  231.5753079  169.8050508  546.0959652  294.6329713  31.30122132  568.5073531  -41.43938931  -32.59972309  508.4301561  243.1734957  179.3556739  -197.8751417  295.0927537  74.16811851  17.80322963  402.7539454  184.3786145  3.716913732  406.2643374  197.739185  196.4092304  126.3805903  
118.4041513  532.1834314  -6.674035689  190.3736072  182.6250725  314.3339357  217.3998168  540.9865275  227.6820102  180.313244  530.3920098  305.7664149  37.42317643  554.4158915  -39.30077475  -38.93554907  500.5340365  257.8644294  218.6714411  -218.6421544  291.1288899  96.18418011  3.719657409  387.1309856  172.7422936  -21.72217919  404.139257  192.5256001  190.5438295  113.96903  
122.7005192  508.3029249  -1.275789609  177.7096543  169.9368924  291.9441445  202.3938678  534.9461398  231.7317603  174.5910074  510.9189136  311.9552634  51.21980988  566.8876815  -36.57727932  -43.59226896  474.1351724  243.4303715  219.3884502  -237.4000511  261.3008999  74.58574057  -6.855458925  372.6148888  173.1589581  -24.7651161  395.2324011  207.3529864  194.1371888  109.5838888  
126.7624622  517.4627174  -3.407527565  179.8799715  200.203442  272.9956487  210.9462427  564.5430614  247.7138334  177.1024117  530.4185786  308.9384684  74.14477527  567.4873594  -22.56405543  -71.9020981  438.5695487  240.209411  224.7352791  -241.652925  251.9692039  29.268549  -22.3298914  378.4983277  175.3947052  -17.97023072  399.0504415  221.0667117  190.4329474  121.0023832  
136.3311227  517.5509973  -8.389305275  181.1646984  188.7652743  283.8677637  199.0021514  565.519068  244.1423716  178.5512049  523.965596  290.2081008  67.38444491  573.4998276  -39.4578999  -60.93603179  466.4994425  237.7856509  231.3012936  -216.9417983  256.794534  29.6939145  -2.572090766  385.5463916  180.3664255  -12.34792756  403.4556929  209.9794326  202.293858  115.262095  
142.693696  514.8431153  -8.537315312  187.7593416  173.2507223  285.6467676  236.1304721  579.1064976  274.0225895  177.8340724  550.9835934  274.8810363  54.25802101  583.0979772  -49.95571121  -51.05186697  478.1300633  246.3246095  189.1719266  -214.7328722  270.5518989  27.31371428  4.025611387  393.3612715  189.3069573  -14.99509943  396.9106382  196.2438902  227.7812603  118.5085543  
137.0681789  522.5962136  -13.63944416  177.1037466  173.232085  281.4678195  224.6351935  583.9025155  255.7305362  177.3944972  540.9286569  292.6954373  48.33090594  577.0332628  -40.76928862  -58.66009945  463.5712404  240.0885868  187.3188194  -218.3616549  257.4172023  37.11830479  3.861500363  387.6997956  193.2196262  -6.448104794  394.5341307  205.1446406  203.957842  117.5633139  
133.3743735  509.4813314  -14.67530906  189.520367  172.1288396  297.0345685  223.0397083  563.7599499  252.7357901  175.9157564  540.4523152  254.8182745  42.32313165  566.2641377  -50.47913526  -56.08648768  471.3397887  235.6596112  198.1970397  -180.9171591  285.7280251  28.92786167  1.653420102  383.4655941  182.5705322  9.106126618  391.0026013  177.5889181  204.2199072  105.6802857  
129.4188524  503.5979174  -19.29866849  198.7786962  143.3440922  331.8145406  216.4768625  548.3147156  244.0492931  177.8200435  545.3795847  252.8620218  12.83643542  569.9565389  -50.00690496  -47.61633525  500.8760306  244.2945531  195.2996175  -178.0650447  309.1545798  50.63617323  8.982829359  395.3958088  177.4753809  1.714392974  386.2221307  159.5959835  208.6823715  94.3798513  
127.5499823  518.8716645  -17.63021157  208.0298371  139.0942201  352.5807068  224.3786467  553.1249114  249.3644081  188.7550697  554.3721264  266.554596  6.966955203  580.876821  -64.40415539  -48.14559338  526.9005241  261.4148484  193.0272721  -194.2540119  319.514185  69.4246209  5.978455259  395.7246939  176.1793288  -6.892663638  393.1724514  159.2002445  221.3965707  92.40441833  
123.8359132  515.1461633  -11.13411454  202.8405726  118.404394  337.2681163  237.9914685  541.1972947  235.2415166  191.7189434  550.1382499  278.9752248  -8.745296228  571.6017722  -53.56841981  -33.32663007  524.1802372  266.1996281  184.9518967  -204.0329143  324.8399587  101.0672577  15.3005392  392.4955167  180.710742  -5.185594216  394.9732246  162.2129338  214.7468864  91.65972843  
126.0922164  511.9469206  -8.402185826  199.9118121  119.0853174  343.5470917  239.9953803  525.5899503  235.0456043  193.8062955  561.5528227  284.4279548  -18.73563601  560.3509583  -58.16800368  -33.85244343  527.6777067  286.0438104  196.9427245  -226.2476121  333.7230985  144.4301228  1.593162273  387.059451  179.848166  -20.77061666  399.225317  144.9807943  224.6843417  91.39671252  
130.0720556  519.4149035  3.906521997  195.0226819  144.1762061  340.1312395  238.3316051  529.3398349  253.1940869  211.5974317  555.073291  305.116739  -0.001902471363  564.5596948  -75.43375894  -33.62550759  538.6074993  294.2907651  223.7314788  -248.3176822  327.9764509  158.087524  -3.786568421  378.105178  191.1255842  -32.13304778  413.5198489  158.8500825  228.2774642  89.79591004  
131.3357318  539.0462777  -3.146238008  203.165758  181.2703084  303.3587944  239.191972  530.5174908  257.6627871  208.0527432  535.3436749  341.2365951  45.9399508  570.4407614  -72.78193132  -39.51837933  526.0212272  287.3232803  210.0816158  -261.0390223  298.3834668  142.6790987  -2.165173505  385.9500747  181.8320685  -31.71079041  421.8660718  189.9485187  228.3638347  106.7625329  
126.2508165  513.071943  -13.93113663  190.4959061  187.74677  262.003071  204.6316842  522.0346687  232.8615415  182.6495198  516.7027926  341.9056367  76.08239866  584.5185677  -47.9239742  -42.11921965  489.5541011  264.2821996  250.7651017  -260.257303  266.1951899  121.9502779  -9.662352565  379.0532568  168.3758886  -43.61711064  416.9491823  207.1635668  214.1185942  103.2468458  
129.8427801  494.1537974  -23.45801495  203.4504313  157.3264105  302.7519653  208.1815485  532.9357212  244.043371  177.651217  538.3731767  292.2400284  44.50148945  577.6996651  -47.3402149  -47.79271107  492.4932426  251.9573696  229.4514559  -219.320774  292.0718685  97.59823567  1.630513714  398.4883009  168.8308523  -14.73090249  395.3967213  174.2206821  214.7172388  97.89198337  
124.2240642  511.0220566  -27.62211637  209.734348  163.2344134  311.0452204  210.2193911  548.7090569  238.0767779  170.6993342  529.4889868  285.5824247  35.57748301  576.0612377  -55.74795684  -46.51400486  504.2646362  248.6097967  199.9983404  -194.1791567  298.8013447  79.98683401  9.722685253  394.5331355  175.8898044  -14.01496436  388.7488047  177.0689524  207.2340692  104.549387  
131.3028398  516.3906148  -15.41968313  210.6660152  185.0450099  299.8776517  217.3507627  542.4173562  240.786192  174.7723218  530.9615243  282.8758253  37.64733987  551.8232591  -52.15949497  -50.10065854  491.0718137  232.9085248  191.8772568  -177.2774943  300.4230974  64.24665802  6.272397122  383.4535652  167.7415176  -5.140322815  393.865624  171.7689052  197.4950071  111.155221  
120.9744396  518.7886327  -27.19156395  205.9886247  154.2837831  308.717604  195.3683767  552.937983  230.1911533  167.0089587  527.1418119  293.3929665  37.12035686  580.1397074  -45.24827856  -42.61783998  508.3560828  239.8268542  201.8500901  -198.3966264  298.8151078  75.66156208  8.919802781  397.6523857  178.3852474  -8.20918877  396.657434  182.9537055  196.2929287  107.0440668  
117.7953357  542.5171363  -21.65787437  206.6181355  176.4850349  320.907018  229.4985491  555.511833  251.6275664  184.9763774  552.2500501  278.7793951  37.86438884  562.2190603  -57.09249731  -48.15359845  509.9212018  262.073902  183.9895633  -193.5915657  309.765346  74.54271951  10.57772466  396.2233174  179.5603911  -9.554927951  401.1917719  171.5514978  214.8414057  117.6941124  
127.6338424  533.4669613  -14.703649  194.2507995  180.8752342  290.5822138  211.8437296  547.9599647  244.7941855  177.5532804  515.6465494  291.0520832  57.9893751  564.3084787  -52.08069696  -58.39033806  490.5026676  236.9316978  200.9775896  -202.4343818  269.562874  65.66924555  4.571562234  368.3197828  175.0813638  -16.46925584  400.4716533  200.9579136  192.821594  113.1314162  
138.6891918  512.7185734  -3.76668925  192.73143  169.2669048  284.2481284  224.9474842  559.8472195  256.9823375  160.9902859  542.7296188  285.3446759  60.9215606  577.9383647  -43.30884758  -56.06791599  465.3102618  238.0316553  198.6100607  -220.5982912  277.6120897  40.63678484  -0.4818293285  384.9860492  180.5384264  -16.99190551  399.2606469  199.174079  212.1688343  116.0848208  
140.5801611  524.1358511  1.748019594  197.9005994  173.3358854  298.9633414  235.0475113  579.743093  264.1516361  177.521079  547.4338822  278.0266865  46.08186811  573.6859383  -42.69396279  -52.48431837  477.9945189  236.51175  174.0085503  -214.2336262  278.3248228  52.96684405  16.37734837  392.9896304  181.7451789  -6.596650585  384.7318013  185.0218549  213.5758987  115.6538254  
129.9657575  534.7009379  -1.176538011  181.0794764  184.9768073  291.4254795  221.8453771  589.0128871  255.220304  193.4137838  541.7608229  285.5521773  42.51133255  577.2467208  -42.2068128  -52.53014232  472.1799455  236.2332663  204.0864093  -211.7527414  264.1366621  38.67972815  3.868058933  388.6923087  184.0263874  -0.03329489985  404.7318339  196.5518048  205.6954554  114.7366686  
131.0189317  534.9172416  -11.52717665  179.6177715  172.4994857  291.1521138  222.0884778  574.5535099  227.5672987  184.9811219  543.1454233  292.6685997  40.15814453  582.3777147  -28.30825474  -57.32584924  471.6563995  254.6934819  192.2356282  -222.5568797  264.9787201  47.56006369  -0.7999163426  398.4454328  189.3560457  -16.5591746  403.2324311  201.406193  204.9923512  121.6801769  
135.067399  521.0610906  -19.1164915  190.4237894  135.6514701  307.5241314  237.0060865  571.2599083  266.9664708  178.6040402  545.3697203  269.0652276  20.53850662  577.9543122  -58.38825299  -43.29101409  493.4367531  250.4574494  200.3009395  -215.5938096  285.1373015  68.06286997  4.21984205  379.0782025  191.6622231  -30.62606923  394.4745479  182.9038253  217.0020689  98.25557223  
135.3703502  505.0342466  -3.812302867  184.2626178  147.4340693  288.6601385  234.8486208  562.5667507  269.7431046  178.7226884  535.435755  257.5137147  35.85157689  566.5011966  -56.36797306  -41.6786549  479.7438828  249.6081455  199.0367584  -208.9300183  283.8775781  51.13499118  6.846589044  371.3384353  190.1523803  -14.91202284  394.5301127  181.3037164  216.4132917  107.6850038  
129.4149433  532.8739997  -5.398429676  186.1390722  189.3199415  300.0410337  232.4717994  566.2457691  262.5764955  193.7798313  555.5483246  290.367509  35.22435932  569.8597494  -53.43304356  -44.08651308  495.4689494  261.0256506  205.8933187  -224.5976524  285.3554699  63.76301678  -3.964417637  392.8866239  190.6281493  -17.53367056  408.4463539  181.6795646  222.1272527  107.4074771  
126.9180286  516.9662809  -7.494345859  176.140232  173.7223861  280.6078881  229.2610164  570.8901886  243.636563  192.6820153  536.8444516  291.7472172  43.27511651  569.5979092  -35.56200323  -46.7379789  463.1097197  251.1603625  214.1077508  -219.3057065  266.4980975  40.01384171  -11.16039272  375.3243864  189.9377329  -8.733508545  398.9597187  204.8938483  201.3012507  110.7539937  
130.6732007  540.8139382  -16.31775518  191.6292416  170.995727  297.9634354  215.7996045  570.3670024  237.8131027  173.2606239  543.650632  299.645378  37.90308567  579.0298385  -42.15081114  -57.27571028  494.1193138  251.7012027  193.0480605  -219.3826016  277.8045653  66.13644106  4.362504144  389.7700198  186.7620306  -18.09414058  397.9837609  197.470655  196.9225051  117.4019589  
133.884855  516.3224642  -13.07143794  189.2969502  149.8770646  300.097255  212.8847734  556.8460821  231.7121252  178.6749349  535.572657  287.6988672  29.55739642  579.8354441  -47.10422133  -44.73177871  501.9275152  261.4709038  208.9756868  -222.0443882  288.0096603  85.37489592  1.497124395  385.598675  188.1166454  -28.19672192  399.1869814  191.4284768  205.9289263  104.9087298  
136.3293574  515.6583567  -5.970618468  182.74011  151.9768542  303.6840305  219.2106887  568.7875086  266.1510349  175.6156033  538.3452673  285.9132876  34.04626344  577.7055548  -62.13049229  -39.00245037  495.9813938  252.8296629  202.3871736  -221.1843582  291.4584816  74.96637484  4.572591755  383.722473  193.4425766  -28.87431684  394.8252532  185.9282656  212.6938626  106.0375164  
133.542492  514.6086074  -9.027204808  191.2249647  153.5990726  313.4410708  225.4357719  560.5786647  260.3762602  180.3679494  542.1721777  267.539639  25.85165822  575.9983343  -56.73528567  -35.62409574  509.3327495  252.3918016  201.3446231  -201.8556867  289.9471731  69.27429546  2.212937512  384.8372221  193.797801  -25.18874393  399.2240789  175.403114  221.1473257  101.190239  
125.3126096  527.5784205  -1.191417928  183.0011096  176.7366549  294.2084916  245.4531283  568.9119771  252.3919856  192.4322384  544.6047426  281.6022376  44.11708355  560.6193141  -31.2903589  -41.9258499  479.8395592  256.4036825  191.7076108  -210.8108115  278.1383579  44.2309649  2.013290153  384.7075428  191.3498608  -17.44231643  400.8843406  188.245588  202.6888331  116.6556824  
121.1120286  527.1426353  0.729839872  173.251806  202.8405131  285.6699508  242.9049189  567.8078428  240.7774019  205.0340448  554.1658417  292.7913602  45.85697862  552.939418  -23.97372469  -37.34755903  463.3684846  261.3359585  215.9647631  -212.4799243  274.1646226  46.1521553  -13.43856162  391.6972873  195.851199  -11.24611945  408.0170771  191.7159907  200.0891282  119.8424629  
125.8932686  544.8270477  -3.598337415  182.2271136  198.2770391  280.4530379  235.4683088  563.7152033  228.095993  194.3730721  551.6503081  316.9298766  52.29993075  562.6707756  -21.1254114  -53.9811039  473.9793759  266.1294287  204.2932465  -233.2134804  273.2512549  70.1000273  -4.652705878  397.2961366  186.3123778  -13.30999313  407.4798785  203.3297467  195.2120695  127.487056  
126.0958732  520.6925488  -1.498036535  188.2157086  187.5555827  301.6105211  227.2929477  551.2923749  231.2953549  202.1653031  534.0021267  287.5049355  44.42545353  560.9145704  -35.3965627  -43.90449254  477.7207315  255.8100324  222.6619102  -207.4083789  279.3787376  60.24693407  -0.1030097088  387.7638204  181.1291292  -4.602935696  405.4732904  188.5188979  201.4107156  111.8260713  
131.197617  532.2637523  4.75907557  176.9768837  169.1261326  289.8924833  237.4740783  575.8146944  236.1496246  169.4176499  546.8040444  305.107418  39.28322023  572.4084227  -37.90452136  -36.48175962  478.0249704  255.6059949  182.7065288  -237.8328029  267.4963672  63.86433085  -2.627431742  391.6651907  192.220334  -23.11891053  401.6073821  199.3959097  207.3708636  119.651843  
137.1425862  540.6197286  0.8224992294  175.2065233  203.5358915  262.6948382  234.1636913  559.2249457  232.5987765  182.613412  548.2175857  327.8626017  52.5280673  566.0597975  -32.00588327  -49.30910584  462.8865514  250.9720197  200.3963044  -248.8771292  269.8719482  82.90682448  -15.23780946  392.2288913  196.722642  -21.01739393  408.5882616  212.5109523  192.5120172  121.4952344  
120.9458005  529.5318958  -3.393189724  183.9729737  196.8630892  285.2085122  221.4764573  563.9263737  255.6425194  205.683706  541.1844939  304.5173295  51.2135126  560.0158961  -53.38368014  -48.44509557  477.3862773  250.7230525  222.8130585  -224.2888458  277.4800073  50.21118087  -1.092552912  378.1782083  182.0778041  -10.52513725  411.7565439  196.7441919  207.8011748  110.7655067  
120.4934345  535.6544272  -16.12424851  186.5871609  178.6883138  301.602304  231.2278706  565.4022265  233.8140429  193.983549  553.2243018  297.2505752  38.97880637  571.6797117  -31.24725594  -49.45842291  484.7027291  263.5325986  209.4143509  -220.7474597  279.9886833  61.3792607  -5.882170433  397.6306035  186.7906859  -16.67355036  401.9094593  188.82967  207.3051925  115.4631066  
121.6253907  524.3448038  -12.848179  192.790456  169.7072606  313.6653144  231.6268192  544.2768169  237.1580802  201.0650768  543.8097794  281.158102  23.66170574  563.1918484  -43.54989772  -39.35854973  495.1910486  265.1247818  224.702819  -205.8890517  299.771512  72.64687269  6.465425071  389.9413715  187.972122  -15.15105799  404.4082073  172.0065409  211.9848412  101.2453114  
124.5929935  535.547164  -8.900406771  189.4557225  175.9822364  302.0161656  232.0607846  556.4488515  243.9086695  193.5795075  547.9043778  299.4162232  38.19249184  569.4550851  -39.74722776  -48.31183594  490.5321107  268.1717235  215.4498759  -224.5170575  287.2684375  77.465002  1.277890721  389.3942995  186.7636052  -31.22799115  398.2787026  187.4950617  204.9582037  112.1647719  
123.4810158  524.5286862  -14.48268291  194.4518491  175.4431735  310.6406129  213.0021244  531.1150462  230.0768207  196.7584339  533.6374192  295.675587  32.06188846  562.2890692  -53.21737804  -39.37240118  497.8321899  255.8643369  230.9822054  -214.7219257  304.0881951  99.79703668  6.917035541  395.4381662  177.8429477  -14.39851144  406.0812459  170.2120468  205.2016089  94.05201847  
123.2831901  511.4892278  -2.178869756  201.6220422  162.3573461  313.8269145  228.4223905  544.5648077  249.5559874  195.5190456  547.9023807  271.8991717  23.54228932  557.3420419  -50.47342177  -34.03779543  502.4897204  256.9434363  216.0212778  -202.9893317  296.4129636  81.31005951  7.353475405  387.7044782  178.0455166  -20.74326852  398.5164009  169.9279019  213.6772903  96.31529172  
125.311137  531.0688382  14.35130807  178.0596661  183.6718207  302.1805654  241.9015161  566.159418  260.2818119  207.8852729  551.5743341  297.0173047  33.28678463  560.8155217  -40.02332864  -36.88223592  488.3865152  252.5009342  211.4393047  -223.7246265  285.4541269  60.60490606  5.838502289  389.4882565  187.3446305  -19.99615699  402.7270658  196.5376428  208.4808396  110.8991926  
124.8560404  531.548615  -7.956912036  194.1225395  190.5745811  285.7647112  235.6974506  569.1191608  252.8347534  200.7394731  552.6217399  326.5525835  44.95387304  579.9067061  -43.38046599  -50.46045504  496.7213004  266.0575237  210.1537558  -247.4134799  277.6923258  82.83564714  -9.1866522  394.7515305  186.2418691  -25.56306108  405.247475  204.9026151  210.969931  112.4967374  
124.4673234  527.7984031  -17.87751827  193.7386754  168.788919  292.0343245  224.9945483  542.9442793  232.4552951  188.0504916  546.9221458  295.7071622  44.90626741  574.757058  -35.73006603  -53.39098521  485.9244725  272.4913694  213.4696836  -231.0676701  291.4038748  87.60565416  -0.2521546044  397.9889067  185.6298407  -27.68275746  399.9547427  180.3389566  211.0949809  110.7069231  
125.4993601  503.5374988  -5.518991091  200.8633236  143.1159095  317.8020767  232.4108878  530.0624761  243.9853515  186.2270281  555.1682386  257.8394624  29.36550224  558.3382985  -42.64842814  -46.6394579  488.3664722  249.505224  229.1937377  -198.455042  309.0461026  79.84656285  11.11116351  382.5192115  176.0497717  -9.386937182  395.7098178  160.5346564  210.4205433  94.73423798  
126.2640781  495.9259101  7.104490495  207.7233798  150.9622155  313.6392465  249.8576991  543.7467278  276.6880542  190.5477523  567.8873112  243.0400921  24.99646088  558.4440082  -63.51555766  -36.25625013  501.6547475  251.2665362  203.0714222  -183.0772178  324.6069547  63.35433026  12.80063269  377.117027  184.7536157  -1.614038252  392.0644344  148.6382392  237.5890557  97.1626088  
125.609293  512.368112  -3.284065774  204.9557486  180.625905  291.8102935  230.5210373  549.2102427  247.2626068  175.7480872  550.0071427  276.2207375  53.49109509  561.0053976  -37.85048382  -57.98217373  489.636651  250.3300339  197.4153043  -202.4142328  289.0109949  55.68824409  -7.041440719  385.2542633  175.8319047  -10.93234317  397.1760895  189.6380787  205.5535908  109.8032598  
134.2885835  523.4986207  -1.5986476  199.8956847  189.2385226  266.9369035  228.8671485  567.3876623  237.0183031  179.2877291  544.085095  320.4689458  42.87770261  579.6285581  -29.99256227  -49.07346058  485.8364845  245.304996  188.6155194  -232.8959488  263.5081256  59.31247442  -4.296090794  397.476959  194.3598924  -10.27543055  403.7323819  216.5380374  200.6258156  121.8654335  
139.979441  531.1309647  -2.881440404  193.9940258  179.6264309  300.0353007  233.5582233  551.2245021  249.853411  186.8031247  543.1430383  296.0092151  37.69031384  563.5050288  -46.37764232  -55.13966117  484.4266556  257.1467074  193.9320867  -213.6217039  292.3633883  75.726947  2.379598653  386.7072605  181.268517  -15.39460246  394.3606701  181.6078229  206.3915608  112.5076092  
131.8142144  524.6163252  -12.14815305  188.0101976  154.2658728  311.0463641  216.0056266  548.9232028  236.2143022  179.857269  531.8891583  297.8098682  22.19609562  566.595174  -43.15831105  -48.04675224  488.8343121  244.6866893  207.3210859  -216.867063  292.2549775  69.21516407  -1.299265285  388.3172831  193.9008521  -18.52353578  399.0266898  189.8524058  200.2848087  104.390666  
121.7113055  530.8167061  -20.7298434  203.2195675  152.9836965  316.7934932  223.9066972  529.8021237  238.184663  183.4362252  533.5564613  268.6766496  23.47363113  564.7678898  -61.48820775  -38.8666105  498.308687  258.1160578  206.5560274  -195.5558121  304.7045731  76.83258144  4.001406427  386.0209201  184.966555  -18.84281527  398.9265474  154.754467  218.8992461  98.2938429  
125.9158438  521.9953278  -20.95141446  201.6427883  163.8920968  311.8852736  223.104985  523.0196402  235.3244007  184.4776209  539.7348335  271.4633298  24.06219655  564.6596023  -59.73063888  -36.98210157  492.51204  255.6282276  212.5904019  -189.2610769  311.6107325  64.8434962  2.202453579  392.9313091  185.3186599  -8.826139575  399.3330603  159.2006819  223.640242  94.3861175  
119.6414474  531.6500547  -10.96440588  202.1564873  171.7177007  326.8633566  216.0704054  535.191175  246.4542575  193.0854069  529.612599  263.461471  38.8312254  549.3738009  -51.16437723  -46.56804964  506.6215326  255.5907824  216.0097906  -182.5523834  301.182743  79.18696738  13.09330121  386.9899091  170.3080644  -18.39530993  400.3425796  166.7879031  204.6817619  106.6952877  
125.2446548  527.4636981  -5.921257923  205.3026833  174.3162595  299.3613884  224.1220617  558.791485  244.6364737  182.844284  544.2106676  297.7110831  40.38286621  581.1671693  -41.59891732  -40.99796574  512.1733438  258.9962124  204.141272  -224.2778368  289.0723125  78.61983963  8.880222777  402.1960292  182.5319562  -20.36353045  406.319914  184.4534674  209.3686831  113.3251917  
127.0810173  517.6855467  -5.240363967  194.8518461  202.2741829  281.8336306  240.5229836  558.5211239  245.5418082  199.2147141  549.5550568  312.9024092  57.22452254  571.1278446  -38.61657537  -56.02964521  481.2050742  260.8403016  220.3269394  -230.406783  276.6376122  70.92198287  -8.612084638  389.419719  176.591426  -13.91650728  404.2262764  203.0580314  209.0077361  114.3333968  
132.2481808  525.6837518  -15.2759521  183.1255265  158.5974154  287.365569  198.9458527  552.7319083  217.4363854  169.5459751  523.8946368  308.1373441  42.53299192  588.6593639  -35.98666522  -51.67409296  490.6326968  250.4993347  207.4727525  -224.3197085  275.2086833  60.40819148  -1.014787501  393.6381162  187.6773417  -12.82692393  405.9590974  203.8554312  201.8481222  113.964841  
136.8883731  527.5479518  -11.76431583  192.1671566  161.7615021  316.1829774  218.3056839  542.4789009  236.0433495  177.5148292  540.5158272  292.1500469  23.48615433  568.83513  -54.53842447  -45.51116562  495.7930263  258.1918067  212.5253657  -210.6853271  299.5418598  86.85422282  6.70575058  391.8950826  179.8059465  -13.45217409  401.0586372  169.1364322  214.826457  103.1048391  
125.6531704  532.9353002  -17.06844229  185.2607126  161.3732343  307.4467133  212.1358742  546.8556846  238.3463461  184.3078334  536.9648722  294.0044448  39.62395864  565.2542406  -56.04392867  -50.49984195  482.3071299  253.7064872  221.0690071  -214.7239073  295.7598347  65.22454762  -3.547252845  376.8954328  178.8158058  -20.71984697  400.506341  189.0301619  202.0459329  103.0897677  
125.4474585  534.4507363  -20.36997101  191.1747288  155.225579  319.347789  224.5269945  538.6475136  236.7395596  181.997003  541.9331277  271.8283529  28.86695717  561.9154689  -53.51011175  -55.30631111  491.420416  256.3980546  200.8490135  -199.5519286  300.0898608  71.8932633  3.616795081  383.3789693  179.273145  -25.86355026  393.05189  175.7024261  206.0780654  102.1404753  
122.0444408  517.8172874  -19.88217384  191.9951951  142.0300661  321.7862031  228.4803223  531.1705946  243.8026502  188.5733665  544.4927404  267.9187643  16.79477552  566.6212719  -54.34468703  -38.44471956  496.0876997  255.0553329  213.4569845  -200.4499742  309.1382701  78.47410765  5.727389083  388.2262153  186.5055028  -18.78817911  396.7065569  167.8043137  214.3333745  94.43438436  
119.2705201  510.7335404  -17.28619382  191.886608  128.9055342  320.6431514  232.0436642  527.1900765  242.182935  190.826769  543.5954701  259.0695871  3.653515113  565.5554501  -44.74730876  -33.65679351  500.3032612  267.510124  221.7396458  -204.3939853  305.6069567  93.77532445  0.6817591983  382.0996721  190.6773791  -27.28814063  395.3770746  160.5799429  217.2558182  91.58297871  
120.0575423  504.7154553  -7.216276145  201.9364248  185.9878436  293.5373688  232.5459993  545.4330333  263.5873663  192.5078788  551.2091605  284.7028807  46.59275531  569.3443918  -53.52990767  -45.83569691  497.9165003  252.1309201  223.8968706  -214.9665281  293.7334722  77.53504357  -2.162439529  388.9729601  176.6246976  -15.42803348  401.7691974  185.4809702  221.2463189  99.92490898  
126.4510161  517.7195572  1.776134093  200.7908104  189.7772367  283.2621018  243.6986955  570.0404405  247.7060099  193.4714238  554.1285225  293.6287226  51.60595419  570.2837279  -35.73266128  -46.51640062  468.6548043  257.6071636  207.3062537  -227.1481929  273.2262853  63.54239514  -8.534003663  393.9551809  178.0815525  -16.75337982  401.7177027  189.984259  218.6135955  111.2123539  
132.8368333  513.6012568  -1.904621985  198.2439727  169.620239  271.7330053  240.6762155  573.4997665  252.7335629  180.3818967  545.394728  277.0195754  43.70450712  573.473177  -44.91142678  -41.50076988  476.0322901  256.2041773  188.2803121  -214.2049138  272.9124346  63.97710258  -0.4405019042  380.7586598  192.4200298  -13.40381607  395.0462364  187.760392  211.6605569  115.7611015  
135.4595455  550.6414721  -18.20834421  181.86756  177.4020722  291.8495341  220.8183659  570.3063332  226.1138931  173.5402923  544.1195348  305.1035593  43.65388857  577.6683854  -26.18913905  -49.07306532  485.1687861  259.0097486  192.6877678  -224.5399264  262.3974961  77.86403303  -1.004568211  400.9286396  199.2551362  -21.14488812  404.5362149  206.8081029  192.3065873  129.9767898  
141.0389631  538.9297876  -13.99040909  180.7389465  178.5744205  279.7772784  217.1878809  585.4696663  232.9075611  168.670207  544.5845246  296.7936121  44.64808916  583.9639772  -35.72713281  -33.87469638  473.3691061  260.7556038  196.5965841  -223.9983003  252.4399947  67.59884241  -12.27312942  403.8028853  206.8533246  -18.0884673  408.0320361  201.0751912  203.120939  124.5040483  
147.2798296  543.1755246  -10.36445443  168.8043617  168.2254457  280.5586985  228.9682722  581.3884025  236.2610702  153.5269049  554.0095816  290.5222521  34.06352762  585.0754193  -41.38908069  -18.12077293  478.1029929  255.9695638  191.6688024  -214.0685309  264.4915588  82.7567602  -0.9944108262  401.6927873  210.5055126  -19.56968799  406.9667391  191.868176  206.9695742  128.3299137  
145.0146895  515.3103976  2.311373829  181.5258859  162.2987254  298.1891826  217.3357652  574.2127139  239.0091441  173.5604954  530.7921661  285.8092658  36.88382601  567.3949002  -39.88713491  -30.92771188  486.6204753  245.3841012  219.6505237  -209.856968  262.6456203  80.21512106  -5.783841292  377.5672818  198.9031297  -20.71489403  405.6978866  196.4420454  188.695509  117.2256838  
148.6896839  513.90898  -0.7663867946  195.1438353  187.6843126  294.1451461  226.0490421  560.3784072  258.6970297  177.8825572  540.5798509  291.1717738  43.66368943  566.9710919  -60.49871954  -45.26776891  489.5788572  257.1281961  220.6138469  -224.2197085  284.9367312  67.76349777  -13.96955734  377.5973239  193.0697251  -21.7672445  401.5808838  187.3273513  219.2156526  104.7459439  
134.8408984  526.1392793  -28.98092511  201.8008561  166.4414581  311.7437848  219.1810926  557.3522559  259.2789432  174.9729587  533.5890406  303.807245  32.42310967  573.1279933  -67.55043778  -29.22713832  522.3471767  240.8609591  198.5612783  -208.1986971  296.3006413  104.4731461  12.75163374  392.5446756  179.872228  -12.0921365  404.0019767  181.8002731  207.8531111  103.3145404  
148.1333799  504.52356  -8.111067224  187.2984301  159.7002676  301.7647223  233.2350628  573.7596553  256.0014976  177.1474641  550.2360566  312.1335939  23.46039064  564.4345595  -44.55171546  -31.87859267  486.3616298  239.2041612  203.8795185  -227.8387456  279.2170952  88.45821347  -9.362037565  389.5549221  196.5826814  -6.571742175  398.2343983  195.9399118  193.7007467  107.7871766  
158.3820159  485.1526456  9.551334697  202.1081305  174.2623928  288.884623  252.7279943  559.8000338  257.8470971  188.4879516  550.8934769  290.443308  15.92100067  555.5425708  -45.90949713  -29.10367321  469.6358509  246.4262406  205.8299892  -214.1286087  293.7562351  77.45841071  -7.751636485  389.6662292  195.9339216  0.4811028194  396.2482154  173.101216  218.1886457  98.92824035  
151.631045  514.1501563  13.82468084  195.0565831  185.0935111  296.335241  252.5741096  591.1930288  261.932768  197.4895011  552.3494549  288.477878  44.38496415  555.2042954  -41.38693552  -41.02030944  463.4212644  241.4178832  197.0761496  -210.9319709  280.5380567  47.61534666  -1.600989942  386.3566452  195.3894537  0.5601662597  394.6212994  186.5631525  202.5302368  114.1261455  
150.2647467  512.1521663  1.268119272  190.2527923  190.8386668  300.0768771  227.3952926  572.4682474  263.5417464  193.7736434  542.7909363  318.3838272  48.73611328  578.2009197  -64.83910678  -44.88637063  497.4480729  252.4866438  216.8696101  -238.877501  284.3872578  88.98018118  -2.964276594  380.4556013  180.7833151  -19.98212764  397.0672146  192.9191972  215.1700183  101.3222481  
128.0159504  497.9620917  -9.413012274  211.1541458  163.5121807  331.7341184  234.2921923  530.3870069  261.2102424  212.7107743  537.8145592  286.7870563  16.95283545  562.7218881  -60.24894514  -40.85667625  526.7290389  254.7069168  215.1594441  -197.3702127  313.7339953  110.8609093  19.14442757  392.7824523  166.318411  3.299105666  390.2252256  159.3492855  219.2876221  87.51347867  
128.6327016  500.7072904  -13.32474813  211.2076164  166.2373143  319.1147746  223.8209877  541.4808102  249.2624807  191.5969064  546.0811975  325.471355  20.87339488  581.1001578  -53.63365952  -45.29558638  522.9082927  253.1194622  209.3973981  -233.7308759  305.8193448  104.7221869  9.111302135  410.8786898  167.6785153  -4.098708396  397.3514226  183.1738718  226.684021  92.72309157  
129.3141221  507.7668152  -1.198100804  206.9484117  178.6768029  295.4541131  262.1275531  559.1483146  267.8019238  208.3965595  567.9240893  270.14074  31.21095988  553.237607  -54.90967035  -40.14862253  462.8431283  259.0123209  213.0115088  -203.7590995  285.864427  57.49502267  -0.815210131  387.5921043  189.0488384  3.81279984  401.4838317  168.3135828  228.6777701  106.4045356  
131.8461865  510.4144213  -12.46680791  196.5654327  165.8741068  300.052498  239.8204573  561.1425563  256.5524896  193.6791622  546.5269491  288.0619113  41.37964082  574.9767084  -52.78096329  -42.30198545  492.3647765  268.7584367  224.3631378  -226.8986826  280.9040017  77.87373594  -4.989301114  384.7393597  192.506885  -15.84082368  407.8869279  184.3977498  222.6633542  102.9907852  
123.9133566  512.1023099  -15.35023347  200.6279258  171.1903649  322.4695948  233.4197591  545.327406  274.0567348  201.3480593  550.6192703  290.4706297  24.83023897  573.5115237  -64.14322951  -40.28003975  526.0908636  270.0462029  214.7834173  -217.1606832  306.901432  110.9620386  20.23889765  396.8713956  181.0047065  -21.44972217  395.5365852  164.7148597  233.279492  97.95238563  
115.5518738  502.7545611  0.2326549013  201.4705272  167.2300313  309.806731  249.1767886  544.8865439  261.9417226  217.9806016  565.8661213  281.942276  27.46103677  567.3895499  -52.04439011  -41.56050708  501.2543225  281.9866345  217.6962563  -225.3811281  304.4302161  103.56842  8.368186268  397.0412272  174.6940065  -18.10487726  393.8298999  160.2605856  235.7376153  99.27239537  
117.9443871  520.6394325  -3.402207365  200.937991  179.1091467  286.7723317  238.5922856  558.8222371  262.8891929  201.8369162  552.067293  289.4215298  58.06825535  567.8716116  -48.20338524  -55.94353205  481.5536502  262.0780859  218.6874553  -225.3223307  290.7070025  61.68852587  -8.979590223  378.9028451  179.1620895  -11.50855633  404.9819916  187.6325801  215.5682503  110.235991  
124.0661674  533.6778226  -14.62071763  185.0887661  171.690289  297.4571321  210.5666659  563.6772682  242.3827782  182.5909368  532.2234992  298.059315  46.23935692  571.4489214  -54.70174517  -53.47291862  485.9476601  251.086634  217.5866638  -224.1378451  282.8762718  56.7078915  -7.464657601  373.685851  185.1001561  -31.42091216  400.8371371  197.1314535  200.1070268  102.7885176  
120.644657  525.0843498  -10.72849827  183.5826686  178.609832  298.357337  224.48843  547.222735  242.8332599  188.2332649  539.9775413  289.6755426  43.27779556  557.1408476  -49.36320509  -43.20687997  484.6844902  253.2200532  219.4377009  -212.65309  290.9607187  62.31877348  -1.861180823  382.2211354  179.528433  -22.32306731  401.6001194  185.0939962  202.8298767  101.8374166  
118.4746606  522.2202367  -17.90791141  191.0324776  178.7940306  295.097461  209.3361011  549.6273927  241.5319324  175.2396038  534.0398563  293.3656054  47.20249702  573.9717876  -59.80908623  -48.09671826  487.9493887  250.2050992  212.4630641  -213.6716574  287.6271323  50.79637205  -3.832149323  384.8791768  179.6673022  -10.2871199  400.1438945  193.7498383  213.526048  101.2995448  
120.1542823  518.3947289  -15.44206608  193.0377256  163.6688555  313.3822493  209.8983825  543.4013  230.726468  175.1896598  531.235184  291.3536147  33.5845224  574.0786869  -40.19725177  -48.13934943  496.5323043  250.4222917  217.2060439  -211.0852294  288.1311639  65.59013378  -1.067013171  387.8188229  178.2963901  -18.12218006  399.5966999  187.6749257  204.198373  98.5915964  
119.3086772  509.1804181  -7.245153112  197.9596547  166.8135391  316.4849585  217.34673  537.8747906  245.8059938  188.5549762  544.7407831  278.3380982  32.45105394  563.3632424  -52.69250886  -40.26826481  497.475745  253.3066588  224.9892992  -206.6346173  302.5277393  78.63063221  6.273213734  385.9324179  169.1316247  -12.61098086  402.0729118  169.1225912  212.8921511  95.46944056  
121.4571254  504.738581  -8.657483911  194.4337606  174.4794181  304.076238  223.4234403  548.0401298  256.3732462  194.6991747  538.0966471  285.4598434  34.89344737  572.3987485  -57.98453497  -52.0838142  486.7310638  251.4985639  210.4434009  -213.2102656  290.5855904  54.28503021  -3.896258797  385.4512942  176.2202678  -6.129375184  401.1824278  185.5969087  221.241778  99.67597483  
126.3824769  524.4567963  -17.94730983  190.1903005  149.7846863  315.2164848  205.2646004  539.2303441  239.9076486  183.4137045  534.7677154  298.015744  31.22554331  581.150553  -56.87488528  -50.29972849  502.2078877  254.6086607  220.1127791  -227.2351726  300.1808491  79.91503838  -3.714107306  383.0842562  174.983506  -27.85302147  403.6416374  184.3187879  214.0123992  97.5767298  
127.281973  536.8809066  -15.03944884  187.2296095  157.3001272  315.5579376  206.1104511  550.6714425  231.4548883  182.840046  531.3930863  310.8118072  37.87129288  575.2669659  -41.69579077  -45.47312889  499.1794717  255.2898926  217.8116357  -231.0639351  291.574682  77.14218739  -5.589065279  389.6605152  175.1668215  -23.58148567  407.3451107  193.698386  197.0991807  103.6202954  
123.4370968  521.1979589  -12.36685591  197.3596381  171.1145871  317.4255484  216.6827202  547.9600831  247.6306397  189.4936181  539.7248984  286.7147231  45.82728513  565.3617414  -59.96848318  -44.92291412  496.7261448  251.5642732  219.0815708  -211.4624758  305.2373019  63.49721239  -1.887767752  386.9209144  172.995761  -16.11940584  404.1792321  180.2509803  212.9354619  98.42288868  
125.5834823  526.7523358  -7.014670231  207.6156609  167.9996119  316.15029  217.2060711  541.3802375  220.5168725  173.6250072  538.6887292  294.3943826  39.65581429  574.016055  -35.89782314  -45.2578207  502.6047737  263.6583118  202.2846564  -211.7179735  300.9393284  83.64838493  2.134891529  398.7792576  174.9191282  -23.21120761  401.3555804  174.1013417  213.9821229  110.6170018  
122.1273243  508.9369678  -11.00253175  203.2886322  146.9864674  320.2097846  231.0723197  523.0812142  234.0673338  182.674468  540.3372762  272.3921909  20.55410473  574.2950761  -39.41361332  -44.09757485  499.943491  268.2292679  219.0965011  -208.4344439  307.0751322  92.22037228  8.401952077  393.2666398  175.8154285  -18.84629516  398.4504266  155.506473  225.8510083  95.48148413  
121.7078212  513.7740725  -8.411501176  193.5421171  163.0972072  296.6948826  216.4013385  543.4172488  245.0530114  176.1263004  539.84234  290.1683863  44.98234739  576.2780143  -51.56279375  -47.01991344  484.9636598  257.6718449  216.4921699  -224.9974244  299.6300548  68.74949188  -0.5470829182  381.8700823  176.4721531  -22.97532751  397.8138373  183.6621349  219.1582239  105.7274782  
124.9915538  514.5688324  6.586865677  193.7729293  191.4319897  303.9964017  222.9023228  558.1792077  272.1558472  180.3926645  537.7158911  265.3423095  54.57339474  564.6376025  -56.60133627  -44.36484118  488.4406881  241.8370114  202.3508746  -196.5020001  288.2334489  38.99742035  1.297139979  380.4937902  182.400823  -19.61204322  392.4071378  186.1131067  223.1008531  110.3686555  
123.9088227  532.7265839  4.901523378  195.9864804  191.5822869  291.0833919  236.8604152  574.3844834  270.1222969  180.4293822  536.9575787  261.6227642  62.38126116  560.5011937  -42.65412575  -45.236338  488.4443201  246.1561587  173.3731826  -194.8474965  265.1744823  46.16919235  1.876470778  383.3532704  190.264  -19.80228001  393.9262574  206.2442303  205.8583244  128.0599132  
139.4000823  561.71206  2.542898719  175.4728431  212.6893212  261.3602715  209.2964194  598.6079428  236.2280064  177.3125775  539.9844617  342.0987235  72.6182597  584.0071968  -25.33459059  -60.74444242  473.4122995  241.1491703  181.1214994  -253.7420448  247.3206651  65.21197924  -4.838851891  400.1617452  192.1149249  -25.62748005  407.580737  240.5580536  182.333121  137.0776014  
139.4045109  537.1757595  0.9703781273  186.0911203  196.7484764  270.5280203  217.6830308  581.0497846  257.7635332  163.5394319  533.5339725  287.0518506  66.4226921  574.6589761  -54.30303732  -52.65155742  477.1963868  245.1263173  176.8887718  -211.8823898  270.2393134  45.85601535  -5.43074534  379.6413768  191.2594314  -15.93476655  396.5400095  201.6870894  203.684179  128.2304524  
130.1185906  545.4043253  -23.64195504  186.7941534  178.0242576  278.9691259  197.1279628  574.3706008  223.2330104  164.9041671  526.8124592  315.1678036  54.31135169  574.7738633  -39.13859546  -68.11951736  484.7379088  243.0927946  179.2287383  -225.6829277  257.63217  52.08860227  -6.93839012  381.2373916  182.1650171  -23.07610396  398.9630618  222.2111531  180.2038202  124.0349397  
129.0431364  523.517013  -16.05420039  185.9173011  169.3703511  283.2887695  205.1098923  578.0437007  236.846355  167.6804089  538.8278038  299.2118701  37.40131017  578.2103177  -45.59790093  -48.02581962  487.2829484  235.9271872  195.9274971  -206.7617815  275.886457  47.53392616  -3.941357751  384.5146724  183.8583437  -7.79509678  396.8468866  204.9666629  192.719179  114.5233031  
125.1920972  523.5421589  -7.384681572  186.1743114  180.5265225  287.2147755  230.1060789  577.1724875  231.6550606  171.0571353  548.147337  296.946899  34.18468043  569.1262677  -33.17786122  -44.02235538  484.9260399  242.7369545  183.9717673  -207.3198213  276.2499427  49.83016506  -3.988961724  387.2762266  188.9008378  -12.71400964  398.9478663  202.7827121  194.0798196  121.9726741  
128.3805909  525.6359603  -18.42786213  183.2604247  170.5886203  294.1311425  220.8903653  562.7910199  234.4023029  178.5274811  542.3353798  307.3172363  36.2626795  565.0443507  -42.48164395  -58.82978207  484.8427629  243.7800852  187.7893569  -223.8588518  276.8209388  81.51246549  0.7543425479  386.2571767  173.6927708  -11.92416175  394.8275891  196.4314622  185.6064722  108.7904351  
122.4443549  502.9283062  -10.46478657  185.8266128  152.1592732  297.3440856  229.7106159  554.1967679  253.2378179  199.9716946  547.0107588  292.5975519  24.81680642  566.829228  -52.04197609  -36.39570227  489.869061  253.0091116  210.6248338  -222.9305984  286.8424091  80.98006499  1.88527976  378.5705634  186.2373116  -7.54522092  392.8881617  183.6866549  208.8425516  96.48595362  
121.5929662  513.3604132  -13.67057607  181.2956967  186.7548368  289.5515208  248.2533595  561.8269634  258.0490357  196.9591695  553.647644  288.9176621  44.14026153  561.7978738  -43.2418084  -44.63788117  470.5531403  262.4288326  212.5782887  -222.5579119  280.1328353  54.3742661  -12.04006012  381.4698604  194.7384806  -20.10885298  401.2876835  191.0361929  218.5247959  108.8810232  
123.5462487  528.4184069  -11.55249066  186.4681132  179.9321494  302.0041138  221.8010994  548.4214485  237.2969301  204.3463287  527.949768  291.9867821  43.64968813  564.5820852  -42.47635484  -50.69364538  484.8117915  260.3878413  223.781462  -215.3435782  282.0458868  68.0770172  -1.15987886  382.9880397  186.6356019  -16.94065504  405.599688  183.4733267  205.2785064  108.4213354  
129.3536091  522.1596566  -18.89901914  205.9212226  141.9821567  326.2520081  229.651936  531.0539016  235.1238302  190.0001346  544.8847436  280.0026346  4.485109713  577.9814381  -47.70812019  -31.35413338  524.5163302  265.8060101  201.3920647  -200.2413195  302.8089742  107.6196589  17.31920348  412.3942458  185.6107973  -12.51944213  403.3750994  163.7670229  222.7717698  99.36277815  
140.4120608  533.4030653  -12.10090882  204.4078264  148.4412606  303.244048  227.8608563  556.2590398  237.4805402  173.831231  552.3611692  329.9596699  15.19180517  593.33433  -44.04216444  -38.21002169  511.4303584  262.4504895  194.0719192  -253.9124953  282.9670766  110.3219291  -2.270400345  405.5305575  188.5027679  -23.62295865  404.1059751  196.8545866  219.5517593  108.2268211  
144.3010764  510.7242943  -13.97681998  202.1997386  164.2364218  324.9396149  236.9872292  533.7267372  260.6940706  193.9319789  554.8331247  285.9024344  24.6538154  579.9347447  -76.54937935  -29.89849878  517.2406063  277.2555399  235.340591  -222.4631691  312.020487  115.7879432  3.038211471  396.0047852  182.6773774  -21.0412245  404.7577169  151.2747687  247.1539367  89.4332128  
129.2277959  517.367291  -16.7312079  191.8442343  141.9507199  321.596978  244.0832634  539.5803327  255.8118017  193.229683  545.4616442  279.4610828  9.250742166  567.1350864  -62.58063074  -26.05783793  507.0772497  270.1655193  228.6295032  -209.5276222  304.8776018  105.6756636  13.2292593  384.1005865  188.1846987  -24.79247284  405.5587576  155.694622  230.6150713  92.6439598  
130.6672194  513.4241968  -17.91581148  196.5690299  139.0539916  323.0301956  223.403783  521.1035347  229.0841392  184.774808  540.4991645  284.8077293  11.93049145  575.0603868  -46.93860602  -36.02584269  505.6372248  264.3493397  231.8426018  -217.1121045  316.9423559  111.5801618  11.41344229  397.6419025  181.0179767  -22.07847238  404.2987547  157.9858654  221.1020799  90.66132171  
125.9437747  504.3754906  -16.09742156  197.31042  150.7632382  314.4419585  234.9232893  529.1388483  247.7465415  191.7236644  546.8037136  276.8147735  22.17801533  563.6147104  -64.30822712  -36.95564894  495.2213254  268.9178022  229.5178977  -207.8227402  303.2932535  88.27304104  8.27992637  383.7919778  182.2696377  -19.36422575  398.7900997  159.684925  231.9361245  91.70760549  
123.6757412  505.2055122  -5.265591671  189.2664749  174.0356345  292.9094838  232.4804927  544.0685368  238.5055503  197.0982603  545.5323872  290.0435938  32.51785387  564.3719958  -37.31168303  -48.02260165  474.601123  258.3413983  232.8909439  -218.5036284  285.6359185  65.41153267  -5.516890552  384.4031964  188.3592731  -21.76523411  401.4401306  182.7622235  211.9069698  101.0190314  
126.7865638  513.1199967  3.498089064  183.7000022  186.201776  288.0802427  230.6078697  558.5459769  244.8757748  191.1001365  551.3445272  286.210912  30.89646938  567.3512416  -40.60966924  -47.85335619  474.3863304  262.2139682  209.1531733  -216.0514032  285.2071031  52.71256144  -9.112726374  393.5009397  183.2713467  -2.73001692  407.8690958  183.1238215  211.8991634  109.9251666  
123.9700483  518.449812  -4.170316115  186.9239199  170.451408  304.2754927  244.8975618  548.950517  243.9423465  211.8163266  556.0965894  279.8261667  19.62664207  570.5373705  -40.79659966  -44.6056885  488.6233746  275.3285689  209.0175427  -227.3365538  288.2144289  80.83356126  2.371423596  398.5107011  190.0888602  -21.25382425  406.7033942  170.3674358  230.1312826  109.5001892  
117.8788313  529.324148  -7.47338726  177.797539  173.957454  292.805911  229.7780556  555.1607843  236.115319  212.0390033  548.5091644  296.8299425  45.52817541  566.4824013  -37.18441679  -41.78776788  473.6142228  273.5248042  242.5693704  -238.4208127  279.325385  82.92098023  -5.54839051  385.8656358  183.6467993  -21.65751168  411.3436624  185.9060902  210.5497189  108.6493624  
121.8331928  528.9240454  -15.55633862  187.9178208  174.323882  301.893719  227.8463204  543.9265242  235.8674646  198.9950646  536.6071494  299.978473  45.58144033  572.13098  -50.45434237  -46.17920782  497.9353612  276.6071532  219.3674758  -232.1999409  290.1545351  94.99386472  1.305464732  388.4088848  185.100313  -31.84405516  405.5764139  178.5350231  214.38749  108.4160645  
128.5582573  530.4608307  -6.098941266  199.0711996  168.362033  297.640333  220.0876713  544.7065337  248.7607694  189.5184132  534.4088752  267.8474836  42.15703682  560.5431635  -62.89578948  -32.51077612  496.0769382  257.9931468  208.0553944  -190.1116691  300.739309  92.59717828  10.38642737  383.967673  178.7800856  -6.497371119  401.1544094  159.4229979  213.9318557  103.8815081  
125.1956422  546.0973906  -1.780646627  199.471089  158.6450563  309.3364692  231.5590773  568.0026955  267.8106032  163.8681637  544.4414822  240.9361481  38.85144611  560.2697743  -51.04572232  -27.75487206  514.0554967  244.5936016  180.2963044  -174.8462049  290.3140578  69.57496922  28.46038736  388.0657327  192.0093694  -10.4420334  402.5857791  174.2749034  209.1030552  129.6340883  
134.7303993  559.8515567  -7.957383399  199.3224972  168.7184643  299.6762495  205.4442178  575.0307944  220.8171001  151.968404  542.5128632  319.0608412  56.10814107  595.6213155  -16.72955805  -54.57008695  517.5576127  255.3520332  180.2631982  -235.9192389  249.6656419  101.2664529  -3.695623445  402.1700207  178.9050287  -51.12201538  405.0754325  228.929612  185.0712626  140.7004615  
141.5892027  540.0708162  3.206684387  186.2652282  212.0680292  261.6374702  216.7106602  582.2277966  247.8566137  177.0385582  538.0373083  324.7186153  78.43360606  582.15444  -46.98949114  -51.8136064  469.8221176  241.0639163  199.2675676  -231.9285164  262.9020224  49.56164934  -18.62484401  383.0737  177.0934178  -2.821608728  398.2350278  216.8722367  194.2231462  123.7599087  
128.2821172  510.8185338  -14.4090525  188.6018518  177.6552005  284.9584318  210.2832513  554.2180572  225.8235803  174.9619558  526.238248  278.4618326  44.06336883  561.5363685  -36.10217439  -49.26123136  470.544567  248.2617963  209.092546  -200.3709967  273.6660122  53.05261211  -4.572086222  381.9130956  184.9407308  -4.880240453  395.2228513  187.0691336  198.8756696  111.9447673  
126.2121367  526.7623367  -16.29874619  178.0622103  183.3778864  281.5725501  196.6285703  571.8885514  220.2931957  174.6183055  525.2054353  303.8843411  60.50284041  567.8345738  -26.37059128  -58.68264689  455.9439405  229.2307952  219.8125709  -208.5328757  263.2752462  38.9717732  -15.76777135  382.0626397  172.4439429  2.337396096  400.3534624  211.7089378  177.9582006  115.3438848  
129.7047351  497.0209885  -13.5912412  199.8541139  140.8231863  320.0005839  215.4683362  550.7483236  233.2045426  179.4469302  535.5966202  262.5239825  0.5552810882  567.2996254  -45.26350922  -38.03147112  497.9065651  232.4549428  195.6777204  -174.4341424  298.0509312  59.67305511  10.39281684  389.2144287  183.1546492  2.924283255  389.9397542  172.9046105  198.9724809  95.00549423  
127.574698  517.4951774  8.312535053  185.0277549  173.1366896  290.3196744  228.7751166  565.7906257  235.1572756  179.8195396  540.9601751  288.3792359  30.0538641  556.8035791  -32.9301332  -49.11050083  480.3924979  243.8831091  179.5537727  -203.8464638  277.5540787  58.87167131  -0.004083219178  384.9902089  178.1257699  -11.03792651  387.2288769  198.8235565  192.7040015  118.6690661  
132.2536675  513.6431235  3.42316855  201.0849383  179.0744919  297.458101  222.7450836  559.8621774  247.8767604  188.2847113  541.4708738  300.0852921  40.59401543  570.6099847  -42.19938844  -52.63253553  493.9813586  242.1666545  200.2564648  -223.0783434  288.2069895  72.72150152  -2.129511118  390.9000101  183.7856206  -11.7605053  397.2483308  194.6110579  200.1376162  106.944536  
134.0296007  506.8914386  -11.36271337  204.6384314  164.943768  303.3986711  230.7345068  546.5037814  241.3381663  186.1508722  549.5602087  283.4964492  22.09390184  577.0301645  -50.64860077  -40.16732297  506.0677071  262.3335629  212.9695897  -214.9097015  299.3631685  90.68615021  -4.293066931  390.5731925  187.4275239  -15.26176259  401.4757038  171.7902696  218.632528  96.32366049  
130.5727593  516.0921564  -20.93597936  205.4273801  153.3002966  326.0133138  215.2270485  532.438312  239.8005992  182.2292258  542.1989963  284.6880287  34.54029997  574.832675  -58.508282  -42.78916124  526.8970556  268.5707677  218.0826118  -216.7165682  305.3288242  106.8411398  6.286523166  393.4666934  179.3258267  -20.10096652  401.4963368  170.7120261  221.1052826  96.66394194  
132.1785199  503.5255935  -11.77226202  206.6981395  150.5090728  328.0984338  227.7271185  534.7343433  245.5487511  191.3309939  542.4945375  283.066311  21.01526518  571.8700891  -61.93142635  -34.02166807  526.2434059  267.5331163  228.2802186  -213.570872  309.6605032  113.0744509  4.325599463  387.6497963  175.9355474  -23.38092676  400.7584157  163.9524509  220.578515  85.16401653  
128.1158281  516.2936541  -11.51100699  201.2960692  153.6978736  326.120872  211.4859329  535.6692501  242.0576776  195.9450034  534.3492735  286.6098477  33.95148311  572.2885192  -58.41125445  -41.03677311  516.8479597  254.6049171  225.250154  -213.3416539  301.9267447  96.64806511  7.466398517  389.298549  175.3814003  -11.21547886  403.0654177  169.4088465  213.5868542  90.52730041  
128.6044136  498.1995925  -20.45937366  207.4105704  157.0223743  310.8988657  214.4649315  533.3254093  226.0499561  182.7531601  538.5983461  295.3229342  22.70398583  585.3862831  -44.89393583  -42.41742442  518.3166699  261.9246356  227.7563952  -220.5789448  290.4368686  103.161783  -1.618201756  395.490369  179.6381651  -21.86125947  405.0937395  177.4785343  214.2642491  90.01677635  
123.0002833  516.1558564  -6.232326181  206.7858914  150.9373076  329.6356221  230.1806662  542.8252813  264.6846134  193.2686972  549.0324596  250.3235321  23.61890507  578.0172954  -66.56986122  -31.89466246  523.3082258  249.4558817  200.6518375  -179.7287697  314.1863827  77.31627788  17.45869242  395.6914113  173.8605662  -0.7413078244  390.5632425  151.7798422  231.3703291  94.26246561  
122.6614795  501.5946707  -18.53892371  204.4373086  152.3487856  306.2347838  242.1636891  554.6774912  252.8340585  172.630109  554.4851761  235.4709461  38.96160172  565.5031138  -35.31931765  -28.83250725  496.4932413  262.0988334  198.7148107  -181.6231197  286.6079243  61.45381968  -2.440867713  394.7346201  199.9861756  -18.3471096  397.3988361  173.0918239  220.0421456  110.6109722  
135.0916592  558.7066494  -9.736300344  192.1473787  186.9831383  269.5282357  212.6695655  587.8301153  223.9939302  169.0185835  543.3125704  338.5379257  64.81202961  587.345302  -11.73881158  -59.8075026  488.0576996  252.5329015  150.6375624  -253.3280831  239.5965422  61.14062198  -12.56654517  413.4126706  198.1266685  -7.072116729  406.3695219  242.9134865  185.4099534  146.5447552  
155.1756664  534.7713809  6.385329483  191.6686841  203.3026362  260.892234  214.1195072  601.3420047  245.9416383  155.3493654  536.7805005  350.9195842  69.10068427  589.1971229  -33.83115567  -54.1633717  478.7401898  221.0892748  169.8242457  -249.0557057  255.4186372  49.70374439  -19.3829781  388.944882  180.0299555  -8.006015652  398.829507  238.2036874  188.8194518  128.7827656  
127.9061952  509.4146732  -8.942181804  185.563623  192.3060843  281.1334086  224.6049955  560.8606432  233.8916362  183.9188855  537.4753389  298.7861233  70.22485175  559.6991195  -25.24146276  -61.93868817  458.1696418  245.7781022  201.3126632  -217.5345461  268.6145495  49.96890615  -12.70751524  384.9620201  180.7639643  -7.353524502  400.5144488  208.4280313  188.9751359  119.5924383  
122.6402958  523.5866115  -15.57977142  174.4662428  167.8192755  285.1312105  198.8242147  574.2530517  219.9400199  168.0770178  526.685056  315.241367  52.51261918  580.3497377  -24.43330887  -53.40752858  463.7099827  233.6069683  198.8323922  -223.7293667  261.7860852  54.1291173  -9.44597247  389.3084686  178.0637684  4.208352523  401.5890251  212.3881363  178.8279766  124.1943323  
126.2030408  509.5272751  -19.95829774  199.4811014  169.0332165  293.5521082  219.9307988  551.9459356  221.6350565  175.9034495  530.0956465  286.4205544  26.30873897  568.2532155  -25.32038978  -64.59944672  480.4614964  235.5498439  182.8621765  -189.5118356  277.4742225  46.18506324  -2.974923576  387.1518811  184.1688249  1.904225796  394.3241997  200.5563586  186.3749654  112.3854284  
128.2225293  510.7649229  -20.05831078  202.6428523  119.7071088  336.7182532  218.1488521  536.9555913  232.8760872  187.3517851  534.9915422  287.0559032  -10.52907807  582.0554565  -44.43786938  -49.70217986  514.8415361  249.9411918  191.5694162  -210.3969641  302.9134719  90.07645205  17.21863766  401.0914144  182.3135384  -7.592732646  397.9006516  172.8317636  211.4661517  93.4536216  
116.7070032  515.5590112  -16.6746029  186.5774731  168.0932777  289.891993  211.3559954  537.40341  235.1500477  194.1038594  531.9691663  291.7294768  33.21653024  578.0539851  -42.7752965  -56.18542875  489.1208415  262.1843185  221.1889295  -231.1101973  283.8583835  76.08828714  -7.684974511  386.3170112  182.8828428  -19.96261235  410.2300234  190.2135327  212.6791251  107.6076296  
119.9536854  525.9993935  -15.7268105  194.7904803  166.7748074  301.6818857  213.082618  534.7643406  238.5596995  189.2573431  534.7849359  313.4950538  44.47659451  585.5353095  -47.14553745  -54.41218113  499.6683356  268.3461401  218.5366401  -237.5749027  290.876389  85.97733009  4.966706109  394.9913807  169.0456157  -14.25057721  412.6932616  190.9074582  215.3247283  108.4720503  
120.9022377  525.1207186  -23.12897373  196.6038313  158.8879993  320.3352294  219.7969233  528.5018253  249.2516371  195.3363846  535.05088  298.1705683  34.06077205  584.5690358  -61.80962604  -48.84983215  516.7391736  263.7816277  225.8972841  -220.6537145  302.3976603  90.31129066  10.2983241  390.7091494  174.0843195  -11.92016515  412.9628667  179.6095604  224.3202527  97.88204646  
123.9771702  524.1500525  -26.40029739  196.3064109  152.1736982  321.9777666  210.6833389  533.0553028  241.293932  189.2229989  532.7016707  306.3411102  24.97570315  579.738167  -63.05886849  -43.3311508  517.861512  256.2679478  224.2457162  -222.4612386  304.1887193  95.20148392  9.301790566  391.4175148  176.2164346  -16.52351317  404.385789  178.2168459  217.6126203  94.02182382  
121.345632  514.9164771  -26.40213574  186.5053185  152.6529942  307.4682728  202.7700031  541.0725935  232.8134406  180.8912897  533.1705503  303.6021144  38.69877078  587.2084624  -55.22846271  -42.05627566  508.6865329  256.0785752  225.8935306  -226.684402  287.0214606  93.07520314  5.165607911  391.617407  178.3486319  -19.78708609  407.8012179  189.4064699  215.0811387  96.1947485  
123.0506715  512.7985409  -25.07392693  189.133623  161.6843903  306.2590957  205.8403319  536.5186635  218.4043094  185.0098415  532.6039106  326.0252289  43.08893366  592.3978623  -40.48136894  -53.92174344  503.933232  272.5117474  226.818478  -248.9179091  274.7030474  104.8109956  -4.534882452  398.7130054  175.790168  -26.58362669  405.9432389  203.6691835  206.7269892  105.0915093  
122.8183939  520.3664183  -22.41403832  196.9341201  160.954826  312.5200122  206.7286383  526.5533869  231.9445462  200.440356  532.7814575  301.7364951  35.30111366  578.4647555  -50.67329579  -49.51825365  510.168082  260.5343354  225.1790458  -229.7671406  299.5834984  91.86330989  -3.559291189  389.5826322  176.9282216  -22.59089767  408.6318556  186.6959804  210.1426998  97.42515108  
123.3950828  523.4956051  -15.64338047  196.3358792  164.2129825  314.4700085  210.2211933  540.4738285  230.7916282  183.606958  536.0916774  301.0430375  46.11779213  576.8567246  -41.60652696  -43.83007884  512.0362296  253.5015691  228.776314  -218.2576604  294.5514695  92.76186185  3.298726788  391.3002534  171.6704847  -20.61346283  408.3563489  187.3006055  196.3954133  102.6239741  
127.1964514  509.6417689  -16.25340136  202.924544  145.4163859  329.0369874  213.4193108  535.407344  242.6754845  186.3368163  543.2781648  283.8196421  8.325029041  568.1451537  -51.18092114  -31.1413029  527.4713642  240.6488832  213.5752795  -196.9819415  315.4900558  99.1344362  11.77794791  394.6772802  181.453897  -14.79954888  404.870088  166.4803035  209.4903757  86.99877002  
121.2023208  527.0608198  -15.28158932  201.2036523  137.482176  322.4219049  223.1141178  565.2342039  250.5910198  151.6009067  535.1942992  276.5034024  37.18145884  589.2606369  -49.18850026  -21.10624968  531.3393235  248.1608184  184.8096112  -201.9235323  287.7165074  92.95689709  27.52409389  403.7332846  185.3789406  -11.55097863  407.5909041  180.8520409  205.8141722  117.7005289  
133.6915385  547.194526  -14.41665696  194.6950708  176.9636378  279.964246  193.7454231  577.9724097  223.2330207  158.6011688  544.8230623  351.7875151  56.5953123  608.1993639  -24.65904596  -43.25767052  521.5208839  260.4966611  178.7559308  -262.4514643  246.6710387  79.9517849  -8.827613464  416.3616207  178.1391715  -18.33845903  416.6467932  245.0851125  205.1258059  140.45257  
142.3332149  527.7472898  14.76529802  179.3172159  253.9825942  213.581293  270.1137227  576.0677647  272.2527067  193.6236443  561.9425014  305.8801572  71.39137529  538.467515  -52.60039289  -42.43072515  419.7197706  252.9577173  200.4136389  -216.8236054  269.9838071  24.81781482  -5.332649275  366.6856592  196.735424  -2.529754214  406.3118143  204.1315009  229.7881183  140.5205724  
134.2303194  530.3880778  5.680324717  178.9148034  205.6565864  263.8358747  251.1869585  569.6549002  243.8811064  183.973446  539.1802251  282.5217598  58.99979899  533.082658  -29.21190727  -57.24544039  415.9614159  247.6651739  201.6995065  -211.8804284  259.6253988  27.71446216  -2.887504048  369.5638712  197.0972859  -20.75991455  394.1841184  194.9558503  189.6562832  124.0468711  
139.4196337  519.3012707  2.907635064  185.8038719  173.2374499  292.0198351  227.8787178  566.2950192  256.9048257  189.6124473  544.0278049  287.3491526  32.99770281  554.4939493  -46.93065074  -54.1072421  461.3472171  231.9849242  211.5775539  -213.4581806  276.7385061  43.57677385  -9.845766868  375.7570719  185.7542507  -16.77216102  391.5632369  194.0358325  197.697283  100.5599413  
147.1239147  513.0342733  18.24105612  186.8513991  190.7001021  275.6736969  245.8478914  577.9859461  254.1388101  182.4153489  554.6200838  279.3947585  32.51317624  545.54736  -44.98939018  -49.67403264  441.0944633  240.5372407  205.2900274  -208.2148462  279.7430191  46.60909305  -11.59015069  372.3622224  191.6105289  -13.28870372  385.6893088  179.6495166  200.5152262  108.3343622  
139.2243607  525.7367134  7.05671896  183.338264  178.9359193  285.2252427  232.1082836  577.2202028  251.440303  188.3644975  547.9210034  295.6437839  35.56470626  558.4975548  -43.4642452  -51.36075578  457.5894024  240.8179056  206.3833366  -215.7872446  275.5891199  51.0528717  -10.74643538  378.4428783  189.2815861  -15.21787431  392.5980034  192.2683901  195.7494247  113.5927371  
133.5412841  515.0980269  4.021837365  190.83887  193.4087373  288.2749792  236.0498416  563.7275263  249.747308  189.5898322  535.6251569  283.9573816  43.16444858  549.7405266  -40.23409451  -65.15495608  458.3613835  242.2709872  205.0135814  -202.2890922  274.7268782  39.31280266  -6.867813746  373.3293197  188.3643996  -15.5890393  394.0717643  193.9650774  193.151958  112.1812394  
125.2096137  518.6478834  -3.804653661  195.7456625  175.3188916  316.5459195  235.2025245  538.5090325  257.8891679  208.1152169  550.6011337  268.7503771  24.85431337  550.8219412  -55.5915773  -49.17337075  481.288639  250.7022279  223.6559375  -201.3348294  308.4676024  57.67450206  -1.316396992  380.5135073  183.5292302  -14.02774952  396.8805887  164.4289553  215.2681793  94.76799226  
123.0198401  513.8624544  -13.54875623  202.0535538  163.4941395  314.4431976  227.5858347  542.497256  245.4665053  183.1762894  537.1112991  268.4863527  36.1366679  569.7726373  -51.36466916  -40.80286269  502.5365785  270.2391412  216.9335513  -202.985412  301.4075689  77.2757068  5.771185665  387.7314567  179.584822  -24.12103956  395.6963885  163.1901411  220.9304875  102.6733161  
125.7122768  515.9177643  -8.396639624  202.4768378  162.5118322  315.1773272  250.3682752  550.0474639  269.0425898  202.1175502  557.7771109  266.0431259  13.76973578  561.5081343  -63.32205914  -49.61509286  499.9558931  268.0339504  204.8376957  -204.7838828  305.7672546  73.01964801  4.761940964  384.0089927  193.2623927  -23.66209521  391.2983279  162.0733895  226.5319307  95.49202259  
127.6526919  530.8102917  -3.835220927  187.7994776  181.8715105  307.4376088  244.8561948  555.9320998  266.845158  206.9362319  554.0303826  278.932815  33.79962596  561.8694389  -62.93197273  -46.46700011  475.0480012  252.3094357  222.5503079  -208.2412486  297.7406478  69.96726557  4.501519481  377.0346766  183.7749975  -25.00559912  396.8149157  168.9585539  219.3902264  101.1126324  
134.6136029  509.1519562  -5.360406054  195.0074367  171.8648085  312.2488429  230.1787709  540.3025553  256.2168644  210.5336344  548.3990708  282.78668  40.03337103  566.1131688  -59.64412062  -42.91281849  493.5513732  265.8960015  233.5071436  -217.277458  298.1723788  92.18463185  4.164224395  391.3374177  181.5806409  -14.669419  398.8140423  165.3912644  227.3449024  94.77419806  
125.2813531  514.0815101  -4.597370775  194.4833077  175.7280161  306.4011368  226.5933737  543.0766183  246.0192527  189.0733138  539.056006  290.6061219  36.48413204  567.1142734  -53.25083412  -45.57398649  495.4636584  261.0737758  222.3401717  -216.2202835  300.271042  82.83985327  -1.799488512  385.3916516  178.9758917  -16.29251164  399.3521134  174.4460019  211.7005993  100.1079764  
123.1943478  512.7583009  -4.227703109  190.2633567  175.1256314  295.4980046  222.3690341  552.287652  235.4123264  189.1780426  541.1175004  295.786111  27.8900168  569.5791431  -35.39683352  -47.31976124  482.3182583  256.0412353  217.4718265  -218.9346383  285.6670665  65.34639345  -7.656429573  388.5345501  180.968938  -15.04101706  400.3540256  186.9633164  207.6382165  102.399252  
122.6387639  520.0596192  -18.0686236  189.8936355  163.5211441  316.0940311  226.181866  537.1130435  226.6212095  191.7959812  533.3402128  303.436491  16.00876035  568.8978777  -38.47666335  -46.99776017  504.3714059  264.3014786  216.5261097  -222.6654184  295.0651328  93.13937982  3.852390793  398.367893  184.8037506  -20.74561736  398.011046  179.6525636  210.6611194  96.51512908  
127.4111834  498.1259518  -21.61736465  203.5461753  139.5782217  320.7932986  224.1654097  519.5765724  237.7607894  198.4011049  536.7675581  284.9691328  0.002055944693  568.534656  -57.66134375  -34.35123793  513.6145401  272.3034239  225.4739673  -215.0184672  310.3535302  106.5763309  2.147093868  391.5065414  187.1865243  -17.54282129  398.2403902  159.9249917  229.625615  82.54894694  
118.5196268  520.0204798  -1.020326908  191.6415893  167.2243419  305.6249428  220.4873073  544.8998095  247.4583053  183.4098412  541.7109581  275.1176724  57.76960787  559.9957102  -44.50292132  -40.66170019  495.7944592  243.3647459  206.7762238  -202.4327959  300.4508089  51.30119025  7.123127504  381.0837643  172.6254394  -9.222348796  403.1842816  180.4687751  203.837029  113.1689054  
128.2985228  568.2453513  -34.69442465  191.8255357  151.6224369  312.9205694  200.6372167  590.652162  242.6417756  143.4221653  537.637746  303.3491967  79.47894982  608.6635747  -41.30622013  -42.49417245  539.1936376  243.2461573  151.2430282  -221.3943475  269.8433177  102.5286909  11.6302236  407.9714025  178.5464724  -13.16699965  412.3454301  221.3483096  185.6287539  143.0390931  
139.1246544  520.3976134  -11.11885876  198.2058711  173.9298729  274.0943669  218.4371189  579.1758754  232.311276  167.8583046  544.8308112  309.7972974  44.95015985  587.7873372  -36.42962286  -36.66950686  490.3388289  259.6357927  184.3783338  -228.6566577  257.4652718  78.37061734  -2.239121457  400.5041152  187.7994943  -2.050172943  410.9556362  209.4543031  210.7485463  122.9575906  
