168.113481  350.8933184  77.0987973  111.7773926  121.5208708  267.6566715  158.7675079  483.0962965  223.6573658  158.9781203  585.2613176  236.4882211  92.43734551  317.9278839  -90.78355498  18.87660096  388.62686  45.36471574  230.4098808  -145.5952384  276.6933254  37.70616216  -16.4065545  212.5256502  107.8280627  31.55370509  398.0796235  229.4376309  104.4786244  104.8590454  
169.2539752  348.6186149  84.61215892  115.7465913  123.4575873  256.4052309  146.1649258  489.7616931  210.1923411  153.7895724  586.3022581  233.7640454  93.91907285  323.7083222  -92.78038072  7.057241359  380.4326782  48.72447084  213.6747987  -148.5013528  280.6237462  36.544629  -17.02423399  217.1341784  96.89697776  35.48620567  384.3558495  235.3819248  111.7677547  109.3538024  
170.89702  347.1795287  87.29999947  115.2018115  118.1343772  256.7361597  142.683276  488.5645768  210.1885483  158.1731406  585.8161082  244.7176038  102.061058  333.3859615  -92.95607328  4.24546826  383.0615203  48.74237505  211.3222298  -158.0935256  281.0368452  36.79963403  -19.52838623  215.3686953  86.02745524  38.87838213  386.9848111  244.2771206  104.2550522  109.6354177  
171.8374349  350.0313607  87.87733692  116.1387044  117.4947469  254.3452826  141.7028983  490.0737149  200.0911529  163.961693  594.370675  254.4210248  124.2792826  334.6413154  -86.85742569  1.476148892  391.2806487  59.42940871  209.2942493  -164.2664314  290.9858419  39.43956708  -19.65136445  218.9378231  69.38479368  44.05214284  372.0053281  239.5560628  107.8838198  108.8962352  
171.773587  348.1075397  91.7831319  115.7970521  115.106637  256.2306204  142.5585951  487.2720083  206.3008896  166.2931667  591.4620446  241.6838332  114.6465779  327.6025882  -85.3867791  5.142315247  382.9162655  47.00379216  208.4024202  -156.5878726  284.0721456  37.52414668  -22.71085502  211.3612226  73.29402113  37.75381381  378.4033785  239.6578907  99.03406663  106.8414086  
171.2306334  348.8042489  89.26858699  118.2741836  116.6765625  260.7314416  141.7233375  490.0167832  211.0279698  163.471542  591.8209907  244.5321891  108.2471587  328.6529728  -89.01649709  6.292056796  382.4859228  51.25935537  208.1928746  -159.2027133  284.6090677  37.54899098  -17.2836601  218.3944331  82.24349683  38.49525388  385.0558569  241.9548581  104.007293  106.0159061  
171.024596  355.7282898  87.18114197  115.4326441  118.5580244  259.1475041  146.4665877  490.4246435  202.3748693  158.3785731  595.1841386  246.9291804  114.0987031  331.7971323  -91.26411282  7.095093559  387.6587981  53.12020663  210.1644741  -158.6616912  287.1603183  38.73182882  -20.56571911  216.7215369  77.87302797  40.43296297  382.0249025  235.5886747  111.0427565  108.4046152  
173.3001974  355.8416613  93.48918606  115.0950389  121.197976  256.7527426  142.4897502  496.2829488  205.0270254  171.5981771  591.6779361  247.911293  100.84798  328.5914279  -88.65110565  5.080074895  380.4094275  47.43815001  210.9032968  -157.3612892  285.4816256  37.35145629  -15.7929302  212.3749279  94.50464359  43.69098384  378.7110741  241.6096025  101.1715922  108.7497623  
172.0925187  349.6190509  91.68320743  116.9270435  110.2226454  252.6648733  139.4180113  487.8857065  207.689883  162.6171525  594.4168519  244.4928999  104.0621837  331.1506535  -88.04833234  8.775220221  384.7739423  55.64041836  210.0752608  -159.9942889  285.4668199  41.80660269  -18.54952868  218.8090165  83.33674686  40.38038212  383.5439277  240.4716768  109.0455327  108.0511107  
172.4467483  346.302322  88.59779775  120.9035281  112.8758898  257.0252655  145.1905273  489.8048033  206.3574176  165.0161109  595.5590289  247.981757  111.4792372  324.2631456  -85.21704371  7.421361617  380.6982199  49.74422163  207.0969567  -161.6259675  288.6327172  39.30196626  -17.54306486  216.5634228  83.58524381  42.46209201  383.9441801  245.2198717  101.9846089  104.9613608  
175.5651925  354.4751891  82.64478246  119.3271232  110.5617056  254.819712  145.9967775  492.1166221  201.965174  159.0587213  593.2517202  251.314249  113.0032438  324.8822484  -87.23515118  12.63704388  385.0152564  53.4496618  209.7722671  -159.3147876  291.8518997  36.91904562  -22.09108267  216.6639536  78.1254635  35.85948169  383.7060458  233.3564248  111.1752773  105.7442896  
174.6132582  351.7850724  88.73720416  120.839069  116.2387917  255.188579  141.6137859  495.6175357  214.6876342  161.4419949  591.2926507  242.1705755  97.16408681  324.5257193  -91.29027983  10.91000989  380.1697463  43.20386336  208.6331188  -155.9757829  283.8807558  38.49290041  -21.84861027  215.752679  87.95049801  32.90984456  391.0551378  236.2974702  109.1731092  108.8055841  
176.6710025  344.0917781  89.27960169  121.8649972  114.8177855  253.822491  141.9018661  496.7747914  213.1105146  166.0447188  590.9667178  250.9060058  113.2940772  327.4408049  -94.33309672  7.806217855  380.4760423  49.056752  206.70943  -159.7706894  285.9289422  40.6895882  -15.63076205  215.7088491  80.24798906  42.21920425  385.3174382  243.2965942  99.7345591  104.6564625  
175.9460539  351.0392626  90.47026152  125.4236947  116.6331199  254.913903  144.9570235  504.8105473  217.4917187  171.3147985  596.5475414  262.7291188  107.9421127  318.2337106  -95.41978681  11.83724272  380.7455555  47.75900907  214.0086268  -165.2985924  285.3293076  41.56372654  -17.6389154  215.9595388  88.57430693  41.63231557  383.2597363  242.8340166  104.382623  108.5072853  
181.349777  357.797302  103.381503  130.1095321  126.5434298  253.693299  148.5620662  516.0371116  227.6597433  187.2626553  593.5245411  267.3009999  112.934625  315.270249  -95.20096916  8.240165812  369.3819659  36.20948084  222.1390764  -157.9810167  290.7081307  45.00821003  -17.22255195  209.9337698  87.49950204  47.62844644  373.8807872  251.5593715  99.73892744  109.6070449  
179.8294131  344.2213873  111.5216426  123.3771393  129.7444542  261.7878419  151.8552704  508.1538967  233.3764336  185.4631377  584.3578163  261.6556854  104.4325562  312.2586425  -86.66100362  6.600171511  368.0437552  30.21650203  227.5805958  -148.6586892  281.8228407  37.91130647  -17.96301086  208.409389  98.27405841  39.17105429  379.1109491  243.7534507  93.34372966  103.1807586  
171.497238  343.7566191  95.40394748  113.3363355  119.3282023  267.0631928  151.981823  485.8223352  221.5155801  165.2341094  584.7468149  241.5225682  104.9671903  315.2280452  -80.99324593  11.51316853  381.4397302  38.71606473  219.3548656  -144.1786645  277.3066651  36.25211684  -25.26853323  211.4890568  89.22029812  21.67771708  380.5166782  221.756149  101.8127049  96.6319385  
176.7378515  352.4279416  102.0279098  124.7010037  126.0166196  257.1721577  150.3676405  498.1976661  231.6637246  168.7390133  593.3796968  259.5379425  100.8394608  320.0230942  -92.0091761  15.4648345  379.1725141  40.1769783  220.4391344  -153.9143546  279.3174743  42.66270359  -24.15508164  217.9773018  88.76016025  26.64898009  382.3681688  233.8568685  113.8935426  103.7910806  
175.3192441  347.5541517  101.1471724  119.133724  133.5079256  260.1504456  147.8518386  489.1209588  227.9372875  158.09491  576.7149228  243.1535955  83.98013555  317.8452203  -88.7951139  5.771151247  365.3507375  31.32934251  221.6450202  -143.7754631  274.3367428  35.9103606  -18.67604714  212.4804604  101.6919336  35.60540624  392.6167392  245.1533739  106.4061742  111.724696  
177.7855272  348.0108899  91.42133767  114.5367164  123.4717037  263.663058  153.564322  489.4906127  229.2728169  153.6094781  581.3886047  254.697008  87.84079368  318.4261349  -90.40300613  14.922998  379.6324435  34.46952573  224.7334983  -151.3612622  274.6037021  35.58478202  -24.91469731  210.7773404  100.8271641  25.36896032  394.3901859  233.8371958  105.1858007  106.1077347  
181.6796776  349.1016962  97.66715662  122.6549189  129.203081  249.2154416  149.1865667  492.1966196  223.7898831  162.2148835  584.7909302  268.7713159  97.84091043  325.5124875  -91.37788754  12.28069821  377.0141133  38.94450033  222.7279417  -157.1433223  275.4431243  41.97734922  -21.6720712  216.5693105  94.4295793  34.75680571  379.5501054  247.1391755  106.4521478  110.7698772  
168.4559982  342.912002  99.73732676  119.2229281  142.4743518  258.7222196  146.4740762  488.7851977  220.3571836  169.0440509  575.5609459  239.8024537  99.49486496  324.6547011  -87.8925212  -12.3520251  365.3262094  34.31726782  219.1420221  -141.2046035  279.9273562  37.29512936  -17.79134164  210.8020923  92.54779976  47.62564164  373.5443994  254.176242  98.35205864  111.3461697  
158.4121845  340.4963671  82.58583894  109.8473118  117.1207534  260.2607315  144.2719302  471.7382856  200.426367  154.9577093  585.7121256  236.8612588  122.0791594  329.0453125  -78.42455086  1.921873027  388.19772  57.57903906  212.9730588  -148.6142334  282.1237541  36.48174211  -24.60085163  220.4596713  64.72625884  28.95564912  370.6612391  226.1122881  108.0141922  103.8899918  
166.1364918  343.3525738  81.03591847  117.4970923  115.2903111  246.3151488  138.7757828  474.7627106  201.2623428  149.0926567  592.6056773  247.9079229  117.1026336  336.4576273  -87.49619186  14.12841285  399.5453977  58.21556044  210.3597369  -160.0993442  276.7202799  46.66968991  -27.62761874  227.1359267  62.58601889  25.8707929  375.563474  224.7867961  122.7596339  106.3713591  
166.6857878  348.8044118  90.6451919  124.6070424  124.9503567  243.9123867  130.8285481  484.9141798  200.8180162  150.6512307  594.0717897  236.6898538  114.229431  331.7275299  -87.02301646  7.210051784  386.8559431  56.12231043  210.2543275  -155.3215317  279.8752752  44.32456656  -26.48914488  227.7867254  64.39920607  37.88299625  377.0368108  237.9713792  120.3443093  111.779069  
171.8559541  349.3059453  87.67764248  133.4822066  123.3987385  242.7437214  135.7342075  490.0161546  202.571935  153.0162121  599.2025665  250.6415282  120.6794921  333.27165  -88.31234556  10.57432744  388.0391262  54.05193166  208.7559573  -162.0033261  285.9678637  44.44994022  -22.01852708  227.8271802  58.70281507  44.45629936  385.8019423  244.6207191  121.4549343  110.7652955  
174.9437709  359.5855835  93.56851874  131.8157073  133.4478274  236.3192565  136.1634589  506.8290257  197.0119005  165.1752784  589.378412  258.0234878  113.1411461  334.8877831  -92.82607549  -1.590617501  370.6206833  48.02855657  207.2679391  -159.5960448  297.6064249  39.75409177  -12.22985791  222.7766441  78.86624289  55.28461246  369.2588097  257.3722872  114.3510643  117.7245812  
180.3863074  357.3059638  98.70312118  124.4590214  131.8698451  256.0926458  146.7767521  504.8318567  213.9525536  163.6814783  584.0995975  252.0759303  105.9196528  327.9983813  -91.23025291  2.175710211  373.9825719  43.50549507  217.422417  -147.135692  291.9108628  37.07901304  -21.28376855  215.9731377  85.6639253  41.4362559  380.1124796  246.0462491  104.3028592  111.1760591  
174.8645286  343.4448609  106.9464345  118.3274429  138.7395431  265.3997995  151.9688219  495.0631615  232.3920156  168.7953293  581.8533971  248.7678435  106.3136277  328.0436263  -87.50517611  3.915263347  382.3155613  35.35496388  217.3834053  -142.8163901  280.8920452  34.09873499  -22.12155027  212.5830535  89.4284063  34.89133203  381.0449504  241.3111184  101.6265121  101.9590112  
166.2173242  345.0599111  97.59393907  106.2433208  140.866006  272.740092  151.1902919  493.3177897  221.5345921  171.4190211  575.227361  235.9220688  109.2407512  332.5484228  -89.76791853  -13.1627521  382.4579181  49.60027383  215.3226304  -141.5788921  289.8247312  28.68760852  -14.75160832  210.873601  96.67443913  39.98374106  373.8700334  242.7672509  99.14310806  104.1649142  
160.7202288  349.7361303  88.77699432  106.3059095  118.9351752  267.890641  152.0812641  488.247627  217.9503312  167.4600625  584.8136635  237.9577865  101.4547949  327.026162  -92.9317242  4.065594057  389.8095307  56.18740494  220.3494806  -150.4367453  277.9977058  34.21847352  -15.14141481  215.082976  92.06072652  32.2840216  385.4536096  234.3357639  106.5088452  105.3991654  
164.8991681  352.6958139  71.90736782  113.8228084  107.4517625  260.1517266  143.5794617  478.5967761  204.39742  149.377457  590.9510703  238.4752878  104.5122758  331.3427047  -89.71608639  14.99282124  392.4959402  59.10719962  210.2985108  -160.4248958  282.7519802  37.97776345  -14.49916241  223.2641021  80.81761178  34.496141  399.6701649  235.9416132  113.7863693  109.2668456  
166.9074278  354.7870918  74.45066067  120.855725  110.4024874  257.392126  145.0145873  491.238313  199.6826657  155.4447426  597.3759026  239.8199146  102.2408672  328.9307344  -94.32936041  0.6122054162  384.3352662  61.55925344  203.3404888  -163.0150063  294.5728191  38.80991165  -10.46649018  218.2784915  90.28244215  48.53095872  388.3970527  247.484458  111.4437993  112.2413  
168.2374154  357.9076833  73.34686389  116.3135924  113.8702802  257.4659986  143.8435638  491.8910491  194.2626771  152.5224935  589.0403389  235.915762  105.7340005  330.9176228  -93.16617562  -1.116055911  381.9154915  54.47465033  205.7179744  -158.0560806  294.877555  35.443251  -12.47365353  213.6236015  88.80858141  48.01793868  384.9040244  248.5655648  113.8746165  116.5106648  
170.0450312  353.1043301  81.1072181  113.9002684  113.2593992  267.5642456  147.5982202  491.4129522  206.9424415  161.6524454  591.2675452  231.4937024  99.71302583  327.9198313  -93.35757566  1.621451569  379.260543  49.91990875  207.3871854  -154.3185385  287.4510559  34.24073913  -14.08856979  209.143337  93.82134453  44.57011042  394.2541432  247.3563536  101.5226154  112.386234  
171.8456263  351.3520952  82.91190699  114.3672901  113.6976945  257.8593451  147.3772571  493.0676763  196.8152579  169.1093363  590.4662936  249.6399243  112.8603895  328.2788603  -92.94773181  6.453568617  384.7617406  54.89059461  208.6846577  -160.6576645  292.0903562  35.33989113  -9.038821412  212.7939763  87.70035445  47.40924245  382.6619074  246.6351198  101.6593839  109.6092828  
172.3034427  352.5731167  87.63207068  110.583023  115.5851227  253.8724099  142.8687153  493.4098194  201.3993479  166.4760916  586.9689455  251.9531014  110.5079381  330.6410048  -94.38482979  1.369205237  381.2198819  56.69990799  209.4719261  -161.475631  289.0216327  38.79223184  -14.16032069  216.6044184  88.91976251  45.52452049  375.5841356  246.1976319  99.0164649  110.8310488  
174.2038503  345.2738421  91.55394546  114.0760777  112.1956899  261.8053979  147.0322291  488.2879802  208.264238  162.3102519  583.5433598  242.1887783  107.335496  326.4541129  -89.71803683  7.070547332  383.8922523  45.79922335  208.8213092  -155.5858152  280.3156652  38.00778019  -15.73570175  212.3734555  87.52409448  41.00465437  383.0395365  245.4719859  98.47398278  107.5869393  
174.9614315  358.3198167  88.40223909  111.1763546  115.6301278  255.5530098  147.7115028  488.4632589  201.4417897  161.9344062  581.1131483  248.5222942  105.3621092  332.2823519  -90.40542914  5.764319689  383.4253451  50.3513534  212.511581  -156.6571949  286.1760984  38.09655715  -10.52348354  211.9318305  92.39702305  46.64633941  381.9069731  244.1919563  104.7394462  111.2095687  
172.3686287  357.0024699  93.59027869  114.0216725  119.6993557  259.8309973  145.2927299  494.584253  216.4366889  172.6921933  589.2408796  245.4792965  96.6827086  332.1547616  -93.80258458  5.616806251  383.3239721  46.65540744  215.713253  -157.3513051  281.9151021  38.89951754  -15.72265489  210.9743546  99.02734986  39.35863422  384.872276  242.7938282  101.8787977  111.6376244  
172.0136157  341.1873416  93.94782535  115.6523713  113.077906  261.8338409  145.4588537  495.5642521  222.9308456  181.246968  592.0491589  250.5157369  103.4687275  323.8535718  -91.53666563  9.657709374  378.7209623  45.54118151  215.2911908  -157.7072247  282.6593331  37.77236935  -18.84538979  211.336221  91.63498168  39.30511629  386.4042862  245.018225  90.63961805  103.7315724  
173.6183764  345.7653843  85.65025653  116.3219716  110.4995918  257.6162412  143.4835102  487.5867759  208.8173731  159.4082902  591.1293743  246.6118555  111.7225613  323.8401659  -85.63051202  14.04576895  386.3591372  51.48184923  214.5206458  -158.0261969  281.8779091  40.00253518  -22.69863815  220.9337881  77.08594983  32.81066605  386.7651849  232.5481268  110.4058037  106.5327076  
174.5553559  349.3679568  91.11253638  120.4905902  113.2433739  257.5269855  145.8202368  490.76443  206.4816344  158.1372513  593.1567524  248.1252688  111.4138934  330.3784059  -88.25397439  7.939170021  389.5810791  49.67442181  212.1788988  -160.6165221  287.9819635  42.97222767  -21.2863481  217.4840864  78.09827296  38.48253098  382.1343262  238.7591076  115.4673503  109.665298  
174.6151339  346.4461561  93.84520838  119.6242537  113.443324  256.9222632  144.4439842  495.7748191  214.9810933  166.5226233  594.464021  251.9151079  110.1236843  325.4180611  -91.06484761  7.127967898  382.4595152  46.55522276  211.2671205  -161.3447537  284.1830483  41.7434148  -23.30360759  215.630254  82.71669381  38.67126115  384.9676443  240.9046678  106.8139112  107.3203463  
172.4110681  349.0386111  91.90845057  113.3829525  114.695916  254.0622828  149.7258927  499.9685458  215.9897938  171.981159  592.0747502  254.6400036  103.2307442  325.7349552  -87.28982567  5.418162809  379.8380862  49.11394581  212.6407405  -158.3591204  287.2486918  37.31864066  -16.70126512  212.4628455  94.38326309  37.68165206  378.3152411  237.7460872  101.5927567  100.8698806  
169.5610123  350.2749336  93.89570892  116.6906924  117.5357486  251.3433724  144.25775  494.5637077  215.411871  175.1292753  594.4291312  255.1201137  103.6518247  326.107068  -89.21968728  6.950972192  383.6340326  50.93625764  214.662156  -158.9167072  282.9121538  37.87179639  -19.22907392  213.3477558  92.54494724  34.41784274  375.1665434  236.5374308  98.94462782  102.2384758  
173.4740704  348.2181801  93.24413496  118.8500556  120.0497197  258.6570953  146.330428  491.1409585  212.7832091  168.6219362  594.7547702  249.4130549  114.7422537  326.4313584  -88.55972357  9.403343289  386.8440221  50.88072939  215.5185048  -154.2506382  282.4896389  37.46473909  -20.6008256  214.87194  80.197437  36.41607849  382.3441222  238.1078095  95.13026003  103.8216191  
174.0081814  346.114828  87.25442877  114.1764091  111.6792915  258.968092  147.4059934  485.8417034  207.405174  154.2557802  591.2698307  246.0481583  104.349894  326.3051893  -80.81286032  15.84049772  389.5025373  51.67442585  215.624902  -159.3347771  279.419997  39.11619502  -20.47148735  221.5398527  84.89066497  30.1498943  385.9870892  230.056694  113.3049019  104.3334726  
172.9003973  353.1198717  83.44635318  117.4824252  115.9423681  259.1415477  146.8443265  492.2873595  209.8250956  157.2927093  598.829955  247.3631138  95.39543474  324.5693979  -87.52432607  15.38004631  385.5969484  52.90432517  215.6606105  -158.7140779  279.8245438  39.2513287  -16.3972972  217.0681028  96.98799441  36.70635843  384.8083415  233.0683635  109.3506718  105.7868242  
176.5671625  353.3072542  89.22282618  112.955675  123.4776505  256.9267864  144.8980731  491.6708925  211.4836456  163.0638249  589.6829484  247.6305548  95.59046939  327.2990995  -93.1997605  11.60263404  379.8461795  45.01725036  215.8293262  -157.4303889  281.6273374  35.20227942  -11.55494252  212.1802943  100.7927142  43.68854049  391.6917645  245.9436454  95.6272019  110.3857623  
177.0256481  348.5590999  88.92248022  113.8996982  121.5956137  253.0734496  149.7536857  491.6000856  206.8474097  154.5840447  584.3188376  250.5770519  93.96924052  329.9836788  -93.53357971  14.58142822  385.1424233  44.96570719  212.3220401  -156.9863912  281.5218831  35.10777887  -16.09900997  215.1825003  100.6905064  35.58965929  384.5765001  235.6790318  102.1032061  110.1393722  
176.5207624  352.3255332  87.04547856  114.5099058  119.8802464  255.675963  144.7888111  490.4547243  207.5075614  153.4599373  588.9629964  251.0981792  96.94203238  329.6512993  -90.84848586  16.76424305  385.8856461  50.0798145  214.4981696  -160.611005  280.3233926  35.48086893  -18.84030197  217.4226489  93.90348608  35.11499143  388.7168587  232.0743598  113.231745  108.1546648  
175.1377297  352.1273001  92.50788073  122.9228315  125.1297306  261.3747831  145.5105688  495.3973062  218.7714569  169.1414243  594.1384072  247.0299287  104.873524  325.985979  -94.33724709  9.930817187  383.2490503  43.62363277  212.6198753  -156.9443673  285.7502269  37.86087344  -17.48604133  214.3886116  82.90352153  42.32896321  391.5775554  245.0398575  105.1219019  106.3711121  
172.2054777  349.369443  98.69044529  122.9070931  128.1649548  253.7867095  146.0925012  499.3509863  216.0498712  174.6562366  597.2203275  254.8593159  107.6370068  325.5688448  -89.84217974  7.555358136  381.0144711  47.88478478  213.4630785  -157.8296364  283.8453939  38.04480674  -20.97732677  218.6546172  83.12652606  40.03974952  375.6695324  240.5193243  105.752709  102.8438849  
170.1011012  347.6263302  96.7738182  108.7915307  120.8560268  258.8066446  144.3792093  486.0450581  208.6869289  165.2259103  591.8705763  242.6674391  102.0059625  322.5732293  -85.36791748  4.33005384  381.0378362  51.72482174  213.3165718  -156.0016326  278.7332862  40.65866322  -15.96647033  217.8526138  90.03604674  37.4089411  373.579905  236.9158198  102.9798322  105.8686179  
172.5742023  343.8927026  88.63049893  110.9845326  107.1071652  256.2067857  146.0307826  483.5594289  202.8487819  165.0232118  589.5356211  241.2634881  113.5806142  324.511613  -81.23627341  3.40748687  378.2043805  47.96355795  208.9234635  -158.3051436  289.4943713  44.13326136  -18.51381453  208.0475398  79.29198089  45.29364815  372.1735805  246.3537168  92.41696861  110.1420337  
169.2116518  349.605309  80.5644444  113.8621439  110.7974721  256.2607309  143.7208069  489.2439054  201.7051364  163.5446533  598.8347348  252.0961055  109.979285  328.7249686  -86.61915065  14.35041924  388.6319319  62.22429253  213.9404899  -164.0551786  288.1749342  38.12144209  -17.61670216  219.93716  87.2658235  42.99896752  381.1605879  233.0676708  109.0561347  104.6665294  
174.7794992  359.6747917  86.90122817  123.9412557  126.0255812  251.836873  143.9503809  504.2421274  221.9218516  164.7301517  601.3584085  271.2057452  107.6301926  330.0948283  -99.03457412  16.96292997  386.6813914  51.33183991  215.155614  -168.8433696  287.6049039  37.83587044  -22.45257562  223.5693712  86.62247464  33.34416063  385.9792061  238.523893  120.589752  107.9051212  
181.0298639  349.506292  103.8633013  129.0134133  130.9268583  256.852852  150.45813  504.6640681  228.9168985  178.2825966  595.267195  267.6171207  122.2639254  322.4058211  -92.99410041  7.551374237  376.6258994  39.03382333  216.5931678  -163.7555073  288.2886787  42.68819412  -23.88390038  215.0466945  72.46060488  41.30162222  382.5316295  251.8902643  107.2952195  106.5734659  
180.9163388  341.3293437  104.1936125  128.8084014  128.4380157  259.2881963  154.8026839  503.8571003  234.0967568  172.2117893  588.3546598  267.7708064  119.8953017  319.1696286  -91.52689954  15.55192716  383.6917191  39.15712287  221.7936033  -157.1734948  282.8793401  41.96633111  -27.73098745  219.511529  73.88567614  27.00326598  382.3555304  240.8263877  105.5166623  99.75637797  
179.8941751  346.4404714  107.8506006  131.1298289  134.5527451  263.9262347  158.7709065  505.6674486  237.110442  169.5279491  587.8146964  260.7718121  114.5325976  317.6366311  -82.84427111  13.26525669  380.4359241  30.42680288  223.4860785  -148.2842226  287.7683251  39.99123266  -26.97920759  217.8346941  80.59158269  28.67824371  378.8068016  240.0048941  109.9961928  100.9836319  
178.3730427  348.3768466  113.2074008  124.7973942  138.2609538  265.6517162  162.5726678  503.0715326  239.3308306  178.915117  581.0790648  253.7709725  116.945599  314.8887616  -86.65975981  5.562508775  369.7681491  25.75471644  225.0881896  -140.4107635  287.7592032  40.28133475  -22.4450902  204.5068192  83.64980638  41.65915134  376.5565458  246.6542121  99.86298444  100.9594129  
170.3743474  345.5615495  113.7010683  117.1343569  147.9114146  264.2752655  156.2699222  494.223457  229.6253446  181.1047784  566.945298  240.6114893  102.6679379  315.5850512  -83.80912369  0.9004689547  361.0605177  24.54584262  224.5945109  -124.7839448  277.5269511  28.69344818  -16.10636574  201.3238326  97.28260482  42.16705803  376.0719305  242.170622  87.38888917  99.36085374  
162.839394  347.3032884  89.79153905  104.5707765  124.6870092  263.2780753  145.4812586  476.2042141  208.3955733  162.0540142  576.333069  230.4440443  93.05973739  318.0164868  -76.59020026  1.865846746  371.5082521  41.59670369  217.0363822  -138.669561  271.7886881  31.77324863  -16.57161604  208.5295595  96.71906693  30.57621751  377.0001106  224.5975752  98.20232297  102.1771179  
167.2462025  346.8505599  75.24534092  106.1346718  107.2623921  260.6267229  141.411248  474.880691  196.7363785  152.4030419  587.5275064  226.181984  111.3646435  320.9143524  -79.53727612  2.503356001  380.4581814  51.92176271  209.7367617  -150.5862655  278.7226118  39.6479524  -17.70495076  213.7660975  81.18719013  35.94158218  380.114377  231.8017442  98.42955125  106.5977588  
166.5862544  344.7433007  70.04925967  109.8987721  105.6874558  256.2889978  137.8014256  483.1049437  197.4327323  147.9362623  585.5991963  225.704627  98.28944899  326.6237735  -88.4992131  -1.316882079  378.0249624  55.53879774  205.9463822  -153.1130892  285.0784479  34.69061947  -12.79844338  214.4298182  95.94137088  44.15590687  387.8861674  238.6218283  98.37699026  111.5515609  
167.93375  353.3179422  64.28548964  111.75264  105.8490005  261.4528435  140.9933856  484.2587268  194.1231464  148.6856807  593.5719275  227.436453  100.8622451  326.855817  -90.29913291  0.3867246591  382.4490421  60.66210613  208.3994943  -155.9474801  290.1482278  38.5040247  -9.87849478  212.5802719  97.58180029  51.19094938  385.4309054  237.6368275  104.2545189  113.8000971  
168.396067  352.3953803  70.8256794  114.1439946  105.8689797  255.9647971  134.9325466  488.1883473  198.7411911  156.9830515  596.2549732  230.438659  100.3116192  328.1590116  -93.90160788  -1.988222738  379.0246907  57.08193756  207.539095  -159.6243265  292.0437364  41.50124107  -14.89417591  210.8637997  97.27760005  52.11947271  383.7368391  243.3853814  97.93028407  116.9642733  
168.5930981  344.9287895  67.83972664  115.9110566  99.81701949  250.9522858  134.1933247  482.5654043  196.999216  156.5442265  592.7812377  233.3026841  106.4561197  330.969032  -91.4521369  3.432381009  382.6733605  57.02179956  206.3160729  -160.9131186  290.013504  42.6268595  -17.06311274  217.972763  83.40769011  49.26586637  391.5526034  247.8949586  99.87380013  116.3496237  
170.4939585  351.5481993  70.38716644  117.7625901  104.0917673  245.8185343  136.2430711  488.6230396  185.4198478  154.8468376  589.8706481  238.4979895  113.3387864  332.4458095  -89.78080467  -2.102131435  380.8914877  61.52681881  205.4419326  -161.7286546  296.8606404  41.19869992  -15.33605487  216.5227379  76.11803689  56.19040619  378.5673762  250.2714973  104.8700086  116.9409428  
172.0435975  356.5172482  78.40696409  116.405387  110.6580959  249.6953441  136.6266566  494.2937977  193.9327259  159.5920729  587.9054262  254.0998414  112.5804645  335.860955  -94.86201409  5.534814807  388.001671  60.05436698  210.9316274  -166.2680948  288.3419973  40.48382297  -15.4544524  219.6289684  80.95721402  47.08641733  377.4122573  243.7553196  107.3520743  111.1251046  
171.1986946  351.6075029  85.34689758  121.953552  113.5302422  251.1273156  139.4457681  492.6974754  205.3821483  156.0880764  589.8457569  246.985256  100.9523783  334.9391909  -95.81898052  10.62318208  385.0523779  50.73224451  208.5103606  -157.0644144  285.3829483  39.01235796  -16.7614969  218.12764  82.57946783  38.90305944  388.9968272  242.5948576  105.8324584  109.2985291  
175.2948253  352.4263943  88.62972248  127.1356182  119.2638346  249.6582923  143.8056853  504.4996025  216.0360812  163.6797879  591.499755  254.4237761  98.91344429  329.0145383  -98.65550817  11.62418026  378.031708  42.63728235  213.6515704  -156.518529  286.9559929  38.26662965  -14.87660846  215.8656638  92.54737438  44.8712637  391.0589353  251.226268  100.9381623  111.032416  
180.5625871  353.2971952  97.35810826  129.7509548  126.8068325  260.1926556  156.2575125  514.3603355  222.127173  177.4079255  591.4346373  274.1684403  114.5011228  325.0550535  -96.43989696  11.0588195  382.0432403  41.94727953  224.433191  -158.3839711  295.2178266  36.90983316  -13.16862752  217.1078736  95.09849821  44.18328246  384.6503175  249.6675516  102.433584  105.5889242  
180.3215795  354.4036737  113.0376144  126.8415321  131.0164079  256.4931601  157.2778775  515.3836677  235.9513178  190.0955437  590.0646271  275.3868096  110.7599688  325.9361411  -98.46240834  13.80044135  376.6487974  39.64547553  225.35278  -155.9075377  288.5858449  40.14581125  -13.97482507  214.1332364  92.35535416  41.65754261  377.462447  252.0254913  105.1567266  103.9462523  
173.9792467  353.1399329  109.8814394  113.5015796  129.739678  268.1677389  156.1924477  505.9310717  232.3005659  191.4663883  574.8291039  265.653484  106.2179668  312.0977504  -86.97198164  5.802167208  368.2087517  30.48934212  233.6596029  -148.9374485  283.4855106  33.70139111  -19.22326051  207.0052297  100.8436933  33.42467596  376.5913129  238.1976219  92.52303442  97.90325922  
176.4621525  343.4795811  107.4990914  106.9832391  129.0077375  272.1624459  160.3922813  488.8193652  234.5177994  162.5651456  573.7216949  244.4423305  93.32057679  312.3497432  -83.93519499  14.76071358  382.5816347  28.20862716  230.6656074  -135.5314349  266.1934819  32.37223574  -31.85454261  205.9232955  100.9542  16.05668917  385.2240046  219.048307  94.74066695  94.28961165  
176.3805966  346.0723665  104.0474417  112.895052  131.9557338  261.9743378  157.1167226  488.7829814  236.2647525  162.0287751  580.2453892  243.7735482  89.51003211  316.3714223  -82.93373793  14.35799776  378.9091622  31.19250945  225.9382377  -140.4516091  272.2209861  35.86255957  -25.40363726  206.4756264  98.10333302  21.43536875  385.9659942  226.569758  102.8364463  101.1589335  
165.0485126  346.7355379  97.68959985  109.8518167  138.3744038  269.7668262  150.3418331  476.7727357  216.9892298  158.7773311  576.3249433  233.3450859  100.3145065  323.8862949  -80.05390383  -4.033226255  384.9636134  34.65622925  222.9400079  -137.8072239  274.5448914  31.72754501  -25.7580873  207.8919474  90.28745855  25.9380485  381.0726415  222.0972513  105.3865862  101.8258849  
169.3565292  351.490065  94.13030005  120.4676541  133.1117187  261.9266232  141.14463  493.0428998  225.0354851  165.5412966  588.7890567  246.5526436  95.95863952  324.3520674  -90.62463231  5.644149334  379.2582084  38.64048103  214.6860126  -153.1241198  269.3616269  35.8426121  -25.9021963  219.5730614  87.38335191  23.44076774  388.1183167  234.5235078  107.0945743  106.6935929  
172.0834537  345.4610589  87.03802502  123.8821574  122.194877  257.9999004  141.3489119  489.3439523  218.2682501  158.9228635  589.5335886  248.4603996  103.4929015  323.7572883  -85.62957682  10.49636943  378.9124789  47.7621754  216.1242918  -153.7536861  280.0283126  36.00271596  -27.94206192  221.203182  78.33149389  29.9209381  391.2928401  236.1864898  112.0070071  106.9218295  
172.5403005  349.7659696  83.11470022  125.3237041  117.1654726  254.8241565  144.7607991  488.8925213  211.7047425  159.28664  594.8544564  255.8130095  117.6523137  328.1439751  -87.18893017  12.5779167  388.337447  52.31589006  212.3353992  -163.052793  284.2585148  42.66307384  -27.70980985  226.2177222  66.28318162  26.61617647  382.3121169  232.0300714  122.6816219  104.7723119  
172.8221942  348.3165195  93.55141627  126.1433996  124.8320783  248.3992255  140.3174961  494.480217  225.4415952  161.321422  586.3338136  247.6950326  97.94970067  324.6050231  -94.64604182  13.34254607  377.0389005  45.31532642  217.0121499  -154.4508131  275.7082328  41.1996151  -24.25637875  226.0998652  83.2094467  31.50093151  395.6817722  239.9783143  118.8719408  107.9445304  
169.7068023  351.6376271  82.54808742  124.3185866  129.862283  261.0971528  156.3011668  487.511115  212.4712363  152.9425677  579.6551887  231.7055728  101.5177016  319.0286845  -87.36908326  21.40296672  379.1432305  36.28782031  223.7198554  -135.9344123  283.8412113  32.95215848  -22.20364782  218.5534526  86.41426274  31.52005443  398.7105634  228.8269329  114.2619619  105.9298344  
172.3325636  346.0875512  95.85124799  108.3455719  139.1688404  259.3640775  158.8222087  484.3931347  214.8249668  154.7181611  565.1397896  233.1345271  93.01160639  325.0832978  -87.34555223  7.738454449  380.6740452  27.34909903  224.8761514  -134.4370775  277.4908186  32.91980733  -23.12344091  209.0650629  94.26611204  31.73936657  383.6002006  231.4799517  106.2505705  106.8838158  
167.2544385  334.4256363  106.284293  106.6035992  129.3870984  266.9152024  147.5708325  480.3537165  233.231324  159.1469741  579.3562523  229.8927588  82.5237513  325.2422728  -83.98109299  4.833637483  385.8447971  34.58657337  218.3499345  -143.3701348  262.9700351  31.00267966  -26.81053415  206.3977913  96.95574925  20.56652821  385.2401833  227.3304241  99.51756231  102.870992  
164.9799811  340.9042411  84.17596566  114.2569794  110.233481  263.0886488  137.3663768  476.6050405  209.4055136  157.6505436  600.5232898  237.0801775  112.4349002  329.5271378  -81.89761127  15.4091076  397.0862749  62.10729147  203.9453494  -163.4760018  276.8720936  41.1957765  -15.48240386  227.0825677  74.79230901  23.30690508  386.4399979  223.469884  122.5026433  104.3395031  
166.9691929  355.9930085  75.35880522  119.41967  96.98672333  249.8914796  128.8383803  482.1206905  196.0774266  158.1051668  611.2560774  249.1182996  112.36737  334.3377921  -90.41508696  8.2267749  396.5856811  70.81153171  197.6666267  -183.3704058  292.0528752  48.25549524  -17.20067214  226.5163138  73.93797182  42.16160821  386.0859731  241.0317154  124.3441646  116.4363138  
168.6074422  354.5671651  74.99285885  121.8798977  102.2391459  255.0459128  132.2760336  488.5098325  193.2362817  163.9688686  610.7564663  240.3151856  116.9261406  333.5318524  -91.37971552  -1.991278326  381.7094727  69.3170254  194.3026589  -170.7732732  298.6782852  45.14668071  -15.8428405  218.4981171  73.44005684  58.86627848  384.791262  249.2296645  106.2586062  114.4795902  
169.072706  359.6617946  65.95481909  115.606174  92.10974905  253.647824  133.2779276  486.9156268  182.1624476  158.9792047  608.4881279  246.6487289  118.9413887  333.3120334  -90.02723582  8.325610146  390.0622818  74.87643922  197.5717663  -176.4860882  299.6923522  44.14192048  -8.193782404  221.0701132  76.53448625  54.30220516  383.4596001  243.3671343  109.9306846  112.8378066  
169.1555644  356.8501806  69.7300775  122.4175987  99.32867104  250.5856144  134.0265697  493.2504202  192.7947096  161.2793577  607.9300774  243.794274  115.722611  330.6770579  -93.6081726  2.174383884  386.9453305  70.86289316  198.2081484  -174.0921067  297.6666543  44.25364384  -11.98622722  220.908744  78.46270506  55.1050067  382.618627  250.3442296  110.6126195  114.8467792  
173.3069326  354.2492714  77.20762091  121.2625991  103.1274614  245.0522595  131.5998231  485.6892199  191.4642661  154.0753777  598.2733055  245.1668977  106.939195  336.006413  -94.75174947  7.248500636  383.6402236  64.73635186  197.1482444  -169.3829208  288.730048  45.67692374  -11.87041022  221.4539949  76.98441496  54.8604446  390.1917222  251.7082937  111.008581  117.1722762  
176.8085608  350.624924  78.43042006  120.1118192  101.358891  245.0052279  135.5471021  487.9431525  189.3460555  158.9335279  598.8882584  255.9092591  122.3043242  336.9201226  -93.42630744  10.91358524  389.6727166  65.47945883  202.3986077  -174.2068787  292.4978715  46.28197082  -12.20906728  220.2991778  71.45233082  52.00377155  380.9278109  245.2337436  107.0811868  110.9114146  
172.3680415  353.2652841  80.51099674  122.7568352  108.7767085  246.3196071  135.2209255  503.0657401  199.686249  171.9856893  602.3926013  260.4331268  122.6884233  328.7627693  -94.41479502  5.200904498  381.1962683  64.04042656  208.1016294  -168.8813892  300.3859453  40.46346801  -18.5825572  218.1949305  76.93216403  51.29549016  373.7464724  244.9790339  101.0342977  107.0561304  
176.6128422  348.9179643  92.0632675  131.513056  116.5003469  249.9740613  143.3817173  507.0803617  219.5681794  172.1900311  599.8954473  260.7964391  114.450124  326.0909839  -94.62304235  7.059868595  378.4816705  49.40936333  210.2843373  -163.4878213  293.1538467  40.5163888  -17.07371685  219.8682093  82.19827169  45.6256402  384.1215027  251.7960509  100.8536964  105.5486036  
180.8968928  358.4295307  98.47224323  129.0928153  119.7496906  252.90825  151.7570884  512.9451243  217.9382466  178.5579966  595.1174273  268.9065491  118.148243  325.2417881  -92.60899407  7.10727393  374.1220133  45.03942862  216.6671765  -161.1994221  301.4960416  41.85137512  -13.94358949  213.3104078  83.83705972  45.87039434  373.5588902  251.0478876  106.4781421  106.6966761  
181.2696377  350.8363975  111.1987332  108.7158888  129.4947847  262.6179825  159.9740312  500.3085656  228.0071817  180.2174371  574.9227791  268.2777744  105.8513133  318.5311705  -91.43481299  7.858340093  370.4552632  32.94361734  230.324352  -151.8589591  282.9868742  34.46348145  -22.09436277  202.9764878  101.9131063  33.23694771  373.304141  238.5458157  88.74518819  100.501458  
172.2963105  334.2968949  104.6964727  109.5390272  136.4681873  265.9440378  150.0731198  486.5018464  235.9546698  167.9700584  571.1496651  240.0009071  90.12732529  315.3590168  -84.42285258  6.681780834  374.2711114  26.36194439  225.8208275  -137.4481291  267.1821996  33.32946306  -25.55577841  207.7890491  103.8162213  20.97078489  380.7388005  228.5011135  86.68922725  96.74355993  
169.2529123  340.7093117  91.14860102  114.3204503  124.0527277  268.1095218  150.9918353  483.6998137  222.4954324  162.6150996  589.166814  232.6699632  100.9438612  318.0592483  -81.13614366  8.840479642  381.5846324  38.4094983  218.9431066  -144.6579939  278.8047382  36.89572385  -26.37389074  211.8545734  87.16151273  23.98931732  380.5314944  225.0872733  103.7100258  98.89424425  
172.0418819  349.5286259  98.83586991  118.1762201  128.9185447  258.5329885  145.3117765  488.5238012  220.2928557  167.3166956  594.765719  239.1667936  101.2974249  324.415497  -89.0649658  6.671413892  376.9260714  41.83676936  214.3421482  -151.0894454  277.5891504  40.68738394  -22.38538909  218.726679  86.12587173  37.40100564  385.1350501  242.5714625  107.456335  108.1221304  
170.6279834  351.9285227  93.91253198  120.7895969  124.8766522  264.2371285  151.0482387  495.472044  222.0323307  170.6343206  594.0570292  245.3370544  98.57732379  326.0558359  -89.41237308  10.19133056  384.0061267  40.5904077  221.4060167  -152.5126266  282.2518658  41.02019141  -22.51374654  213.3750102  93.54537286  38.80544508  386.4529404  238.4207699  111.0491479  108.6654583  
171.0651325  357.2615931  99.89031014  114.1302578  137.6120196  262.6304076  160.2292525  500.7957154  216.9974418  178.6473206  578.7320883  251.5390146  102.7199635  324.8519315  -93.38995626  4.044912636  371.5350801  35.63365214  227.527566  -142.1332858  284.3278425  35.59852226  -14.36465681  205.3053089  102.7218505  54.2391508  377.1850689  250.3777131  101.7907328  110.3400738  
169.9513394  340.1413525  110.1114324  105.4338727  138.9444097  271.8584274  158.4287627  485.8276639  225.2580001  160.961287  566.1790331  232.888403  93.81651568  326.2361656  -84.65654665  3.412668211  381.158969  25.46558561  222.8146162  -130.5188295  269.1017402  28.46212036  -26.56468998  206.8528811  94.06452007  21.97011647  383.6801915  230.7793062  101.265363  104.7829596  
175.9223541  348.2381715  97.42130431  113.0399078  129.0424255  268.9762902  158.2588589  486.3659037  216.4590653  155.4912889  577.9951329  251.2982178  105.9658602  328.2737962  -81.23927249  12.99756378  394.4909692  35.39761826  223.6301045  -139.0716393  276.5427834  35.77572671  -24.61361468  212.6180469  87.40698623  24.31184511  377.6218256  225.2888051  102.9333517  102.6987395  
167.2941799  345.9805434  104.0453279  110.7718476  130.2048629  260.2084125  146.0659141  483.1248181  215.364504  162.3787361  581.1837803  235.607802  90.07650292  328.9609099  -82.63560191  1.001089042  380.2875404  41.06086108  213.5291226  -142.0664207  279.5846551  36.81344039  -16.87575915  212.169448  96.04465071  37.55372227  375.2281179  239.799066  100.1135026  108.1767397  
168.6804312  343.817123  86.26783054  120.6970458  113.7256181  263.0499162  141.9762202  488.162655  210.8170143  168.7843368  592.750686  241.8000244  104.4172285  328.0236619  -86.75226281  3.777335213  382.7993647  50.38531435  207.2123207  -153.9908241  282.8071832  40.81842016  -15.24856233  218.0537404  81.20523284  40.4236123  387.3029836  242.4365339  98.06440881  103.3771278  
173.5833666  356.3103202  80.35209779  117.396571  114.0931602  260.658546  150.7811169  492.5111556  215.2476375  156.8300941  593.3733149  254.9742722  105.4976957  330.9001915  -90.56063348  20.48917801  398.6383951  56.36236701  218.9462742  -159.5692953  287.7412098  38.15392328  -28.19274279  224.0249459  81.51638656  21.74524404  387.4626664  220.07084  121.4859462  101.0609747  
175.0705887  354.6712141  87.44422697  113.1718433  117.006873  261.1071666  152.9327295  487.4476685  205.0004698  159.8149985  588.8277829  247.3909239  104.237399  320.7706886  -83.38582635  15.18668106  384.1274405  45.03087559  215.4016393  -152.7349204  283.5109333  32.72017222  -21.75612604  209.64915  90.79588004  31.91995065  384.2289683  225.4625392  104.6219938  102.2675779  
176.8107812  353.5807517  84.07812062  119.47488  117.204938  250.2246737  146.6440097  486.6837935  202.3017664  147.1147216  588.5858323  250.0716364  106.0307555  325.3277557  -86.6310064  13.45497151  385.765663  46.09890919  211.7719416  -154.0276904  281.7895859  37.07502784  -21.26101948  215.3172796  80.80973516  32.62242599  384.6199772  232.1611482  104.8288641  109.795156  
175.1965347  350.2389817  77.35705048  118.8836222  123.9378434  251.9878747  144.9101915  487.9873718  207.2362195  153.6034959  581.6105466  248.119517  97.42514083  323.9664029  -92.01355296  11.38564206  376.5190306  45.04198737  215.7821385  -149.7663398  284.1726706  36.40614373  -17.7247191  211.56969  93.81768223  44.8757754  387.9432502  240.3843042  99.09395585  110.8512033  
173.1359714  349.5700319  84.88501636  108.6459585  119.9719647  251.3542212  143.509266  486.1791367  202.4186172  153.293744  586.0667975  251.3333149  110.1676993  328.5433913  -93.82942712  13.70812388  389.0984097  53.31824195  214.5954562  -162.4909122  280.8235391  38.14950537  -22.99174879  215.3449743  76.66836439  34.10196626  377.4376194  229.6683064  110.9608733  107.8043684  
180.1915825  348.8843168  93.51844971  122.1227126  115.2278719  238.6619986  130.8240493  489.7774654  199.5334663  146.7100726  596.7029907  246.3838204  114.184778  333.1909845  -95.9217827  12.29843715  386.3551538  56.43071869  201.3514049  -167.2482426  278.1809597  43.52994696  -27.35678988  224.8240455  61.61353128  29.77793765  379.101042  236.9367462  116.9194524  112.1940164  
179.5590835  354.7220095  88.27124459  123.673905  128.7239806  243.7673124  133.8641246  500.4526126  202.3250895  159.3806814  587.2444794  242.5521654  102.6912505  328.4012428  -96.75998201  4.868496819  374.6818046  49.37060164  213.6998041  -157.6319144  284.3081414  41.72155574  -13.18280308  217.6638691  87.27920253  56.03301021  381.3876442  251.9079332  107.4597737  115.2601214  
172.2127383  354.5296339  80.91846736  122.4304031  119.1378099  251.2645874  143.8958423  493.4836629  200.9410169  151.6815569  586.3730969  239.0542974  107.6655879  326.082758  -92.46561549  4.900022404  382.6443142  44.34856478  208.6538516  -152.1788492  288.8235359  35.22539694  -18.4117819  213.108144  79.37530801  39.32751284  386.3282388  241.0215797  110.5294158  112.7621336  
165.5374289  347.5967303  84.45605217  123.672351  120.5814258  253.7955629  139.4518906  487.0199837  210.2415838  163.4771661  598.1526755  241.8439162  110.7570714  325.3919826  -91.49204298  3.58852234  384.4845879  50.29569021  209.5400463  -155.5409578  283.7958098  43.09329235  -18.32285852  220.3907118  81.16119883  42.70925508  384.9407754  243.5278428  105.2918576  112.240912  
173.5675717  346.1721192  78.02552602  128.5861967  97.7545838  249.8283117  131.6548588  490.5737404  204.0339629  164.4330249  607.1597349  251.7971399  118.0975879  323.1805809  -89.58177734  16.8032533  384.7636393  59.129104  204.6060141  -172.9541444  286.9440097  46.49984299  -23.5691638  226.4104317  67.40902134  33.528637  389.3513537  237.1732519  106.2511565  106.9443196  
171.0784175  359.5526859  73.07892031  132.1037746  108.4471834  251.4332507  136.5984805  496.2374302  210.6214159  160.4317047  606.4085776  258.3019286  114.2422166  331.8652166  -91.40592149  13.09154066  387.1563799  63.52393958  212.7071534  -172.9331382  296.9509333  42.61835253  -20.80848434  230.1009873  77.52411996  43.61031574  390.7327868  244.3539123  121.0543233  110.2747285  
172.0282427  354.0754406  84.17717415  126.4333871  117.1533194  257.7144966  141.1783631  493.6479372  221.4361488  173.9712398  597.9582763  253.4128524  101.9213463  323.8726098  -90.22397799  14.19970522  376.2924888  47.01580937  215.882565  -164.6447529  284.6702199  41.43063683  -19.73945176  219.5832695  85.02469609  44.31943659  398.9482924  253.5477043  106.2859832  110.6542151  
169.5198645  345.859581  99.08577239  112.2452574  117.0716823  266.1777318  147.4424026  490.1439981  211.9816371  174.8215992  591.9395562  250.6697892  109.1392418  326.3660877  -84.1000049  2.92028104  380.7222522  48.45863856  208.1064047  -163.0478836  287.9943655  29.64253754  -19.50603962  209.7081419  86.76853371  43.56227347  385.2843097  248.4847154  95.99912889  102.7009301  
164.401873  343.8228594  83.36895135  111.7233951  110.1493895  260.8454385  136.2247692  478.3206605  202.7962839  167.3490611  599.1519628  245.6392169  120.9552912  327.1022025  -86.36729007  1.907207476  387.1115144  64.30404172  203.5049485  -166.3577939  284.3225588  41.16012496  -16.23159676  223.3201899  76.7625972  35.98000757  376.0365796  232.1248806  108.100106  103.9839691  
167.2571425  350.9209532  78.32704619  127.8481027  102.7128753  239.034552  124.7220531  488.8835603  198.1389653  159.7827488  604.6444214  246.0798405  116.9854358  332.8239424  -93.22018471  2.288504481  382.0796804  60.40105336  197.0065894  -171.5703774  291.7185121  51.84611126  -22.03044931  223.8628522  67.46146521  47.74018948  380.6594479  247.8749707  108.7326802  114.27011  
173.1463111  349.3867166  80.38950411  124.4105444  101.5403628  244.7055843  132.2840032  497.994596  201.5118692  167.7077981  595.2029576  256.0795638  112.8085199  326.8824184  -90.79939206  5.200487216  381.2344166  54.56810578  205.325086  -174.2780621  295.5266001  46.01754022  -17.66594591  221.3033787  79.8945782  52.22277066  384.0650746  252.4077172  102.4857371  110.8970695  
170.8063127  357.8568601  81.86026223  120.0213191  115.9167547  252.4086602  140.8940046  495.6997133  194.2549742  165.5262264  579.4624933  244.4801882  114.9007143  326.5351795  -86.52486686  -6.337647195  378.3689305  47.46819751  214.2602633  -154.7728977  304.7020389  39.53807339  -17.0101059  210.1564622  86.02888978  52.22455413  372.3320169  245.9793837  103.6915456  113.2981649  
174.1512042  347.5205531  94.07174834  118.8016341  119.7928424  254.3429119  145.4507278  497.924966  211.9738423  168.1951926  580.7263847  235.8716986  101.6416144  318.4677759  -82.60746922  0.3078249193  372.1594276  35.97100826  215.7955784  -147.0758103  283.7981886  37.90331354  -25.96806388  207.4967937  86.06372723  37.10118295  378.6294467  238.7216741  97.7140154  108.6080497  
177.7461734  341.7861019  93.54034159  122.0024301  115.8314896  257.0593362  147.876889  495.8543201  216.8135248  167.4246657  586.7248239  241.6547429  102.775375  317.4061432  -86.61832258  11.8890708  380.0100815  40.91893333  217.9812937  -150.7478568  277.9262774  37.05433797  -23.72178412  208.5108267  83.30687697  33.26794859  387.5444958  238.8957742  99.42266559  104.1864001  
178.2328007  347.8041554  85.38257953  119.8298605  114.8712801  258.4656352  151.5646403  492.3345844  222.419473  156.420423  596.0118603  244.617262  98.9002137  321.5700859  -87.10950109  16.19908631  386.5395811  48.44739772  220.1852714  -155.6926649  279.6153995  42.85347387  -25.51940277  215.4958101  90.07019619  31.04763988  389.5925968  233.5118567  113.8958576  105.9724333  
180.8549453  348.2663003  106.0613939  108.3072353  124.703351  267.151025  160.418396  491.2853056  234.4949578  175.5177199  594.8164584  247.9293623  99.47903674  318.6076424  -89.55920277  6.430299252  375.3603323  43.72326323  223.0660433  -158.2990187  273.8941125  43.73398357  -11.4752347  202.8418404  103.337915  49.06622288  384.9608827  249.6086094  98.51811935  105.7760273  
169.2570512  339.0512712  101.6236706  108.0021321  122.9073838  263.2123789  139.4013621  479.8697839  212.9271463  172.6457989  589.2583678  250.2402654  115.2099086  323.163049  -87.10385705  -4.184152551  378.0132799  47.76399981  215.0096035  -159.3703475  274.7722569  36.93541705  -18.18441824  209.9127902  82.87483153  43.00534014  374.1714614  245.3252586  89.77188187  105.4730534  
173.5758616  351.0033908  83.82973769  122.8950602  111.9968902  256.0246959  138.6139074  484.8116734  204.7599112  155.2111877  594.8129923  258.1709387  118.8203976  332.4333869  -86.61605023  10.74720631  396.9297081  55.87049239  212.3046443  -165.6007838  284.4154748  42.73776039  -25.60864942  223.3820692  70.42894769  28.25977779  377.1571612  231.3958948  117.1757213  103.7680671  
172.3133169  355.3141301  96.54051676  124.6795059  117.6070837  256.099288  139.376839  495.3092446  218.5191361  164.0109336  591.0337349  250.0781856  97.92346372  334.1543403  -96.06365793  15.07497896  386.5979769  47.93047917  214.6224544  -163.5316599  280.9498143  48.53826442  -16.61400706  224.8741314  85.17565547  38.38175648  390.9284279  248.6298435  117.3859389  111.6709391  
177.3347502  352.7706473  91.14587799  126.7704033  127.3979833  248.4783381  146.001773  499.8983547  209.0998983  157.046846  581.6125403  241.0996491  103.958723  338.640994  -95.77584269  8.06425945  382.4928283  43.9206279  207.6411849  -150.5414217  289.3590189  38.79869784  -11.2634102  216.6872886  83.78132609  46.40081592  386.1985657  251.1343444  118.432531  111.3326015  
183.3410606  355.4491394  102.1254618  118.7046668  134.8089783  259.6371949  160.509144  509.2212032  217.3501673  178.9120027  580.0220834  253.0745832  104.9498448  330.6234174  -98.45013617  4.907795177  375.890217  38.23533832  223.3407586  -152.9900931  288.7664845  36.61193749  -1.394365108  202.5516218  106.9758887  61.56744499  379.2046918  260.0614679  99.39177785  110.5762758  
182.6351075  350.2044087  121.3439945  114.174088  142.7770174  261.0410758  165.0818398  509.8223431  232.2304791  187.4999254  580.6456729  253.2361828  89.21709662  322.7847727  -102.9324298  0.02464115267  364.7084598  30.61674365  222.6182536  -149.1605059  274.9660424  33.18662517  -7.025206424  194.7054081  118.0931607  47.28462911  371.4437472  263.3514378  92.35955455  109.2776021  
161.3625668  340.2213814  112.5255565  110.0823966  128.8775016  281.4499158  159.0457958  486.8149079  234.3850135  172.4232297  580.5152335  245.3100842  91.99007236  312.8953595  -85.76472182  7.35151139  379.2518672  32.41340469  227.8469888  -140.763901  266.27899  24.31832305  -28.49496677  207.9853684  100.2164639  17.30657987  393.3082075  231.2753  93.89148149  100.4733358  
163.0095022  345.2205275  82.87359336  117.4598448  116.7747843  278.6220843  159.8131469  481.2948455  218.042608  153.2014458  591.5953026  243.4767109  102.7211087  307.5526286  -75.33016668  28.52362072  390.2588777  34.99380244  216.9606489  -135.9599543  275.6020928  26.86434635  -35.12019305  220.1663513  81.67392935  -0.6815230605  396.3995547  203.7676061  110.1488207  96.07517417  
175.4750802  351.261866  90.7459511  120.0929327  127.8655794  258.283098  144.8847966  496.8569454  222.1202182  164.152018  590.3025377  246.6449389  100.0175096  318.5945738  -86.83587458  12.70314649  370.748226  35.70175439  213.956618  -144.2070319  279.0957078  36.01113207  -26.42611267  213.4620159  88.1653388  27.3492246  383.1944295  232.3225605  106.2156877  105.0839761  
177.3996923  348.9982975  88.93876281  121.7027606  124.3687217  256.8296202  148.2496207  505.0908576  226.0289622  161.1882384  588.3254825  261.6342697  104.6281456  325.2847049  -90.32157345  8.517485558  379.9147268  42.76377118  217.6799267  -154.819295  284.9084  36.79821597  -27.03310213  218.3796447  82.02767969  26.29146643  383.0737202  237.6793922  108.5828485  104.0490281  
178.7513133  355.0920521  100.7921451  112.1175298  139.402732  261.1424459  154.5367853  504.8523077  231.0126133  169.9877149  580.3661437  260.6819643  93.48043124  323.8797013  -91.56900497  0.7779004249  376.4422587  39.39598583  221.1669349  -149.4983372  281.4245815  35.60791507  -17.62007632  207.4235091  107.4730426  34.17616434  371.9372995  239.9633946  99.50111065  103.3072043  
183.6489947  354.1156993  115.9812392  115.3544492  144.8345191  275.9359352  168.3415039  506.7243756  229.9539862  182.1459498  578.3878402  252.8358163  91.12538709  313.0115576  -86.19245894  2.789329108  361.3999244  24.48678944  224.6213636  -136.0488548  278.1065556  28.98120776  -7.272320107  193.0621332  117.0956862  48.07084911  379.0345687  250.8189941  83.88105005  101.6694545  
165.4361325  345.1647666  109.8974211  100.053968  134.5290912  275.1937551  162.2214558  491.4218377  222.5779514  177.9764646  572.2610517  254.6926572  95.2417929  324.0771783  -82.79329177  16.41305712  384.8228337  43.00935959  232.3337675  -142.2032559  273.583655  26.77171365  -14.68575509  211.8254339  101.6212124  27.07814715  379.6303105  227.6204861  98.0088228  94.55640719  
161.1779474  341.9538128  94.00031943  109.4639828  109.9874857  255.7074443  133.742822  471.6284758  213.5670508  155.5260878  590.2522325  237.9372775  101.9074358  327.2246373  -82.26076286  12.58162511  392.4544679  52.22868246  205.4567867  -157.4177821  267.6877684  37.94994501  -29.75919723  221.0256632  66.83186625  8.341405064  382.1409969  212.9151014  112.5276775  101.6824076  
168.4807035  342.0351954  80.33187397  121.7547377  99.52388754  253.7440805  136.1015968  476.413439  200.6613971  148.0952554  604.1483991  238.3177244  116.550234  331.7833581  -81.3993986  19.50529504  403.4798598  54.99312526  204.2841655  -169.5828352  288.0232322  46.33103015  -30.91771069  221.7191237  57.66200909  27.50041647  387.3958674  229.5730033  121.9290367  109.3539462  
166.9818891  344.5951322  80.13423426  126.9660978  110.2417428  252.7668997  144.9714465  487.101932  197.9844468  152.0077718  605.8781852  256.2227914  129.2867937  339.6115683  -88.74043887  14.96741935  407.5088316  67.6082572  201.482055  -173.5172269  299.2447385  41.66744924  -21.06725202  232.2766614  59.34306468  38.99090792  380.5168264  239.5636501  128.6759308  108.6368053  
171.0594869  350.6248706  92.40179226  120.5967349  115.1720789  261.4518217  152.4694915  502.037382  215.0983406  177.0321723  602.2942263  255.3931428  100.5396103  323.4696718  -96.04678217  6.124001287  377.4764152  51.15834233  207.4596075  -169.3970143  292.0915104  36.30045908  -4.535096168  215.1988382  98.80648073  51.48347295  384.7249163  256.8029933  108.422352  110.9867847  
169.834173  350.8257373  90.61516307  123.9109838  123.5006793  264.7489228  153.2199489  500.3681659  226.2819932  170.2568146  602.7103677  255.1201149  109.0673045  322.6936653  -97.44069053  9.186676753  393.4835864  54.0292042  217.7733593  -165.1742498  288.2124335  39.99139982  -11.65949387  226.5083463  95.98835232  37.45274795  387.5664971  248.6257649  116.704134  109.6468473  
171.3994392  354.2118828  93.13906251  115.3080198  138.8611331  257.9328088  158.1138347  500.0516219  218.6950019  172.6827181  581.52517  250.3010586  108.5424396  310.9649271  -97.97779958  -2.424587319  368.1909951  43.98299893  224.108078  -149.5089687  292.3010956  32.5787048  -12.17841488  210.9036342  110.5775043  55.41118379  375.1440783  252.5449139  91.00069715  108.3374013  
175.6130427  338.5014547  90.20013957  107.5368449  129.3570415  247.0498968  135.2380648  479.7135669  214.6624095  140.6814354  572.5101393  232.4859354  100.1373201  324.6127166  -92.46336769  6.310352818  379.4392292  37.89171458  220.2597538  -145.4620325  271.3780787  45.09984334  -30.33921358  223.8554923  90.31231681  29.12895929  383.3560159  228.6614192  98.85430516  107.8191019  
180.0583834  352.1330352  82.97192764  122.2773817  119.2126949  243.200598  139.0635259  490.8055044  195.8490594  149.8011693  589.1489026  237.7671554  115.7902361  328.4352886  -92.85878653  5.773144172  387.4968806  48.65406909  209.870684  -150.9459088  285.4389819  49.77368923  -15.03436742  219.6737323  75.23407404  41.23812836  373.1688859  229.7527855  114.969928  114.9739476  
179.2456963  359.1004834  80.47536866  122.4244063  120.4296101  241.8301455  136.3430751  489.3291398  201.9257957  152.053336  588.9112479  231.5868664  102.6048679  323.9802467  -95.09775855  7.187177386  372.7861911  44.18852386  215.5742283  -144.3836691  281.7926119  47.89622297  -17.56786678  213.0863069  85.66086769  50.73211963  387.63242  235.1622479  108.7204437  120.1996543  
178.4690941  345.1872028  70.63958193  126.9861053  108.1281929  245.9094083  134.492149  484.3054091  201.3973194  145.3360094  593.1690438  233.1752936  113.1942758  324.438659  -89.73076281  10.7996423  376.9616918  52.79043004  208.037449  -149.403548  280.2675562  46.48879235  -24.93972599  222.2160918  69.07718517  38.34326694  390.3821667  232.1994292  111.9483364  111.4762363  
178.1636804  351.1992642  68.04047506  127.9338595  105.8830943  244.3371066  123.6422798  480.3275306  201.2695031  149.052003  600.3793174  243.2752986  110.9741651  327.5441555  -89.65524848  13.27677743  377.8409721  57.81644631  206.5496577  -158.4268874  281.0270454  50.18434068  -26.29613321  226.8799012  65.56473451  35.97867957  391.6448141  230.1195878  115.5842851  110.0924347  
176.423032  358.1759274  80.8965726  126.6549982  118.8004796  263.521085  147.3614971  499.7543645  210.3177568  170.8925337  600.3113413  249.3212306  109.6639228  321.3451886  -90.12879837  -0.7381338765  369.3010317  45.56765104  212.7737291  -159.0971289  293.8834966  38.10001511  -11.47354677  211.2379099  86.76852248  50.83152962  392.2658034  250.797447  105.6692244  111.5135743  
160.4225984  356.2637716  90.62695722  105.2805687  121.7782454  264.4097035  145.2489282  488.1780363  209.4551011  164.5711187  579.061804  239.7470304  96.02199526  325.1625413  -88.30275294  1.968041758  381.1466405  45.57521693  219.572312  -152.4301308  281.7615157  26.40973997  -21.46244668  212.3923503  99.32293184  30.37937552  391.0743199  232.8512809  99.13231404  110.1330497  
166.296927  355.5581416  71.55401834  115.8508218  111.7907312  253.6154553  133.4410016  485.1634188  204.6433004  152.2787282  588.7214675  246.731147  107.4372111  331.6014883  -95.41595254  11.34220998  388.6043476  58.88707567  213.0506633  -159.1164774  278.8501089  38.93025898  -26.06598948  223.0157551  78.54350536  25.37779307  386.9065498  226.5044881  105.5310896  107.1687793  
176.0813102  351.9571225  82.05930187  125.6819975  113.8115296  245.4832884  132.3122286  497.4478827  215.0272268  164.9205196  591.4236274  246.1114661  98.06880677  325.7479193  -98.17839545  8.258675237  367.9775539  53.1338985  209.8143789  -156.6753541  281.7523251  44.90680303  -15.97328353  217.9214431  94.19348455  52.80087937  392.5962674  252.9534393  94.64105795  112.012692  
185.0260016  352.2892405  88.30442088  116.6895157  124.8988063  253.0162692  143.5354594  502.0490582  212.3891336  158.7740677  579.1258285  244.5852593  100.295558  333.7759066  -96.10810523  1.632388399  374.2792706  51.77629287  209.0575747  -155.5714354  288.3163592  39.78496169  -10.40304898  210.8294408  94.14482225  55.23664179  386.5104837  252.3748836  103.2868375  110.3144421  
172.774338  356.3271254  90.85860504  116.1294669  124.6290079  265.3407038  149.3587128  491.7938993  205.0159859  164.3957795  581.4397287  248.8480319  112.2553544  334.2843744  -87.92179885  -1.020763273  386.9699482  51.15619941  212.2635189  -153.302374  294.7748867  36.20590253  -9.208559201  216.4882396  86.66848463  48.55614418  380.5811014  245.7045501  110.7433146  106.550383  
167.8303304  363.9394787  97.56099554  122.6670781  135.1521633  269.5207959  157.9671213  502.5530463  217.8724573  176.067362  588.0944524  254.3954789  106.2919512  329.4673095  -93.94472059  -8.008417848  382.6328172  46.55364231  217.7216897  -149.7374226  295.7195811  33.8034513  -8.636788699  213.4757724  97.65634756  49.92408242  377.2927949  252.9258484  107.3984019  108.1574592  
174.5697274  351.7801954  114.0569445  124.2163422  149.6398298  264.6125971  160.6271668  506.2315354  230.6249093  189.5955673  581.5835151  257.6606755  101.1613678  330.6592477  -103.2235506  -10.15735651  367.564537  34.09757805  224.3023026  -140.0481747  283.3386316  33.08801693  0.8014878461  202.9645291  109.2970711  62.27475158  374.0090167  272.0816589  89.38288813  108.2683983  
177.4148308  355.724722  109.720046  116.6559913  139.1072736  271.1769382  173.866313  503.2865254  227.5109375  179.4976791  579.5987844  276.3171415  101.5355012  326.8590103  -95.78805151  16.24782372  382.9117119  43.55270315  233.6158328  -143.5548596  282.3714254  29.19324554  -12.59853109  212.280108  109.0228406  34.74333741  373.4681294  241.9076148  110.6856134  100.008142  
168.6386883  337.0024699  119.0866182  106.0566717  121.0409284  275.7900321  158.367663  480.9462626  228.7222962  167.6145671  576.8299163  232.41793  85.4128821  309.2943353  -72.89779906  24.25645598  370.1559698  21.82634702  222.7259777  -131.7389463  262.740801  27.64592291  -28.24881694  210.4793376  96.60690746  14.59962972  393.2598126  223.3246468  98.04653732  96.71488709  
172.8663312  333.296483  109.5388241  104.6531081  110.7915093  273.9923695  160.6165147  482.0254867  204.7666314  159.9129511  592.9023962  235.4676748  112.0129627  314.244008  -63.67844888  22.16458242  386.5072529  36.27447577  210.3983937  -147.05759  280.4945766  32.55261296  -25.52943556  208.8592019  75.3636578  21.472256  376.653858  209.2956037  107.3672796  94.18914813  
181.352748  347.3806252  106.6212431  105.9328346  122.8362856  276.161281  167.4668339  496.7575087  218.1276583  176.3309404  591.1895503  248.8678206  105.7695158  313.7722542  -73.30248635  7.803578798  378.2260251  35.75163147  216.2788862  -146.2358906  283.165066  35.34585465  -14.97393794  202.9878681  94.93206258  36.63878071  365.8492333  227.467167  103.4732852  98.68133137  
178.7059809  341.5783605  99.97637149  105.2492591  107.4745211  265.6633203  161.7471437  484.9041549  213.9933367  170.3318392  589.6796427  245.0901243  112.1458021  312.7214666  -70.16553587  11.48910907  379.5559683  37.23198416  217.322145  -144.9920139  282.2857034  37.01515583  -25.59765586  199.2443741  82.12661045  27.99682889  365.9826899  223.1382092  91.53446819  97.90392415  
166.4883775  339.5836047  100.8111611  103.3667287  110.8967021  251.2299287  149.1683199  470.2035946  209.0841112  150.0674223  585.3336007  242.5693492  99.76293626  326.4668038  -79.2810555  23.84225259  390.7031256  49.18033919  216.9456249  -147.8825946  267.9043233  34.5816102  -30.67544557  212.4407028  81.11003627  19.61645172  380.7742806  218.4221412  92.13499785  101.5284038  
161.2621198  347.6833458  74.47804761  116.2474079  96.12149301  237.9536129  123.4338218  466.0805137  199.5749657  139.325505  595.0628903  241.6006612  106.9014754  333.2106221  -80.59272839  22.00532131  403.3157649  64.56917122  205.1711644  -166.0647373  272.6774562  43.94005083  -34.45192859  229.2910907  60.94641287  5.029598568  384.9951588  206.9150152  124.6179933  104.9286668  
171.2094292  354.5801651  73.67972779  122.4742445  100.1634436  236.7299428  127.6977898  495.4671403  190.8907281  144.1571766  593.597474  250.9649081  105.3522392  336.7097043  -89.90797686  4.134795296  392.1855263  66.64291771  201.8551495  -177.2043597  291.2243173  41.236786  -24.10163166  226.3951439  70.50972041  31.13447172  384.897248  236.4521867  123.1108601  112.3332182  
163.2707959  349.9011977  79.70711047  117.9549419  118.3315956  247.0650837  125.4448131  483.1448986  206.025882  156.3438156  596.8187387  233.5278814  104.477662  336.7319265  -93.18556256  -2.861685092  387.2790618  60.28001204  208.0101956  -169.1171642  286.9451848  44.36209503  -21.41573766  219.7758302  76.83437075  46.2789972  383.281622  244.8163938  114.9736935  114.5537507  
164.6947038  347.4272202  68.93528019  128.4030283  100.4077787  233.1249788  116.4902016  478.8735005  190.3983564  153.670158  609.9897313  248.7290802  126.9840276  343.7185428  -90.96856774  2.313304955  395.8604283  74.49424309  192.0710329  -181.8934603  291.5283036  51.80664564  -21.10799661  230.975224  50.74309148  39.68467043  377.0926441  241.7846766  118.6753511  116.4597555  
165.6631052  346.8845136  72.39747367  134.1889747  104.9205245  232.7566467  119.9713647  486.3177863  190.8126058  159.4150554  607.6285345  244.4624321  121.0530599  334.134959  -94.08717159  0.1456057072  384.0144107  67.51491423  194.3364122  -176.2961604  294.2721128  51.02245759  -14.44358031  228.6042665  63.24276622  61.24610222  382.6901275  260.898453  107.5228383  116.8508049  
167.4835882  346.8983624  60.7073839  137.6937809  95.30815903  237.4711785  122.3975444  489.507317  192.0224293  149.1710747  613.1872549  245.0215158  120.8289878  328.7413989  -90.93226739  10.11527355  383.6628215  67.16045577  194.2914867  -174.8375854  296.8238077  49.08217807  -23.73068078  230.5582905  54.3674866  46.77012314  389.5590399  244.0461179  110.562375  113.2006673  
178.9093129  360.0846033  56.09794143  137.4427004  96.56730653  244.4603253  135.5648685  507.7305066  193.7909667  158.1776218  614.9890464  267.3973703  117.0389697  329.9251011  -96.83940091  16.1860585  388.6647626  69.47933867  208.2044549  -183.8196954  306.2171632  49.67375462  -13.3375226  229.8248784  77.38992109  53.70537859  391.9124444  246.3977367  118.8232938  111.5941452  
180.969467  359.1754882  76.98341391  132.1335345  114.8740917  245.2615674  135.1584559  510.168427  211.541677  173.9446699  606.3057832  268.8351335  105.5642921  330.7766651  -101.8648379  3.039474038  370.2687779  59.57123777  209.1259878  -176.4974778  298.0299042  44.98044995  -11.45205952  217.6805138  95.84963667  63.61205124  388.4462955  262.5234257  104.9096139  113.8966447  
183.8649132  355.853352  95.33349108  122.1747788  123.8281417  261.7921436  153.2060457  511.9002559  220.4241151  180.7210276  595.4923846  263.3220284  100.0856502  321.5093629  -99.13315898  -1.96459566  363.9252919  42.02210008  213.8925859  -165.5159336  290.8273494  35.99992934  -11.76307029  202.9267439  106.5343536  53.61205821  388.3732989  262.6901937  93.49794954  107.6374667  
179.6038414  348.0119324  106.4998476  103.1289143  125.2462724  260.0914094  146.3309278  503.221221  224.3742331  171.1061283  576.916422  254.359877  81.61177008  324.8472198  -96.04068844  11.83716328  374.2103001  38.73473375  220.3520765  -158.8821426  274.6744149  27.81465405  -25.54967659  209.3981234  106.4140522  24.95071036  391.7411232  235.8577574  98.54692167  106.0073288  
171.5778403  347.9300325  102.491431  97.6655824  131.8185154  279.6082347  164.7379025  487.6382081  219.9946023  157.8459978  565.717242  239.6219762  96.39356085  323.0313272  -81.96496134  16.48064123  385.4027012  31.1858645  230.2175286  -139.0583926  278.6136123  20.06474645  -34.45779106  206.6753697  91.96751648  13.53957018  393.5438053  221.0675243  99.00219691  100.6852251  
162.6945543  336.2061199  114.2206404  96.81287847  141.589715  273.50266  156.156394  475.5723215  229.6306593  165.3328029  573.0596163  234.3860664  100.8406553  323.3381995  -87.47159726  5.651047955  383.1264763  30.77682237  220.5888258  -136.3942701  267.1706199  32.9305477  -25.1745406  208.6714292  89.05631767  23.98175537  374.215017  232.0176574  89.43933696  101.679417  
164.3074019  343.7976626  87.17745724  110.6894873  116.7843893  261.0247517  141.5886089  477.1503822  208.5733172  157.9235508  590.9932219  239.1872687  105.9938957  325.2162333  -83.91267926  15.52169869  393.1792355  43.34115819  208.2568917  -154.9517719  274.2786405  38.25746336  -21.15137206  219.4550541  81.74305862  17.32516877  378.2257435  219.7760655  109.1401606  102.9892557  
167.2881174  359.3214696  75.49901467  122.5776273  114.474832  252.5595727  137.4933459  495.9413107  207.0721648  171.1618988  594.1073157  267.9274533  113.7683347  334.6850139  -94.3771276  14.38984834  398.2250957  58.21444949  219.3623141  -174.0797831  289.1033767  44.04616464  -10.40688047  229.1257444  86.27838548  43.18201539  386.9597514  239.8205114  116.5030133  110.098857  
167.8495072  350.3355184  84.86405837  124.1238986  125.4731891  251.6309681  137.6959979  486.9707983  206.8469217  153.9439113  589.4584202  231.6282677  103.9131015  329.1422141  -90.68485421  3.650406537  379.9085376  43.10602274  207.5539547  -147.486161  284.8465191  39.32804677  -19.24985812  216.6350016  83.68516892  46.02023736  387.6886837  246.3758003  105.598978  113.6951026  
166.7290428  350.046758  77.95527097  121.8845004  119.3721215  252.5487977  144.8025787  486.6323157  196.4654849  146.9306742  590.2780415  240.2856017  119.9735246  333.2540506  -86.14172742  4.189419958  398.6682681  48.74740475  211.3442025  -154.8292023  294.7584671  40.97666983  -27.21954242  217.8269767  69.16911034  41.29260515  378.3243341  239.0255406  116.9259441  115.0686374  
169.7104096  349.4455035  86.06968233  120.5764163  119.7716319  250.1466041  139.4669831  497.5161415  205.4062246  164.3335874  582.1908933  245.5489069  109.1258886  326.0583665  -92.8200277  -0.4294707398  383.9129969  41.37062517  209.8535856  -156.7592208  281.1586112  39.37208205  -24.52187526  214.1795925  79.50639843  37.11988825  376.7436823  241.8543152  102.9714399  112.6739125  
179.4542401  350.4747382  83.40549714  125.8982962  128.6327042  260.0465942  144.5068152  502.0470405  215.2293162  175.6624717  590.2674291  255.4218174  106.0208075  326.1687614  -92.27997649  12.83633869  376.8418322  45.52595837  222.3698144  -152.8817362  281.0836776  37.54738328  -8.569656302  215.3083267  97.39787903  55.17248768  386.0913562  250.827625  98.55595327  105.9885745  
176.7338618  353.4706197  91.50440446  121.0470712  130.4374018  267.3650017  153.1625182  496.6979571  212.2282492  181.6932448  589.3149139  256.660914  110.6735449  321.5160416  -86.07149077  0.3766936679  375.4889793  51.61920785  217.0110286  -158.1142727  288.0328202  36.91449121  -9.804745078  210.4472193  96.41360832  50.30534789  375.0090742  249.503385  103.8139655  101.2059212  
167.3525339  345.1987035  98.04156986  110.3390374  123.4972236  253.8130182  130.7982498  484.8602343  208.2332881  172.4095716  583.5737638  228.6622234  93.04653125  320.5779777  -80.84553943  -8.274099533  368.3914604  44.3379864  211.6131072  -155.1083159  276.0313882  41.36593336  -22.539499  216.06877  97.95079937  47.28772381  378.6599095  247.4102171  89.04185281  109.3967708  
169.7916847  349.5918382  84.72703837  116.5214361  115.3430286  252.2463654  141.6021186  486.979562  206.1620003  152.375894  586.4779424  234.1849727  104.1549231  322.3782422  -83.05416374  9.632455472  390.7728235  44.35449412  207.9653944  -158.9342312  281.8619122  40.87576882  -29.13245412  213.8951107  82.49570428  23.25973459  376.583388  220.4184698  115.6116982  106.9212732  
173.9330584  359.4756963  97.01560945  111.0233404  125.4216824  257.2948408  148.4119706  499.2389188  213.9135685  173.5260891  583.4557713  244.7833622  96.36123377  325.0970593  -90.31041162  4.92176701  382.3171769  39.90698223  224.8374443  -162.2074107  285.0128184  42.81380685  -11.31823032  203.487035  109.9422056  52.49828609  376.7701782  245.3423337  104.1827625  110.7268975  
178.0419943  352.8057797  108.3293213  114.4688989  146.3873725  263.0693757  157.0279848  498.0113086  225.3824974  167.9140086  579.2747245  239.0813666  93.67037597  328.8139862  -94.17329098  1.558607956  380.107094  33.72108566  220.2708161  -144.7850105  276.939895  32.64536864  -12.25356597  203.667672  110.2979275  42.37352683  375.2439049  241.9220553  108.2924105  108.8772105  
177.6989088  362.0456359  117.5406532  112.4512024  147.4576079  275.35811  173.9829913  505.6139371  230.5599335  196.1893681  583.8599331  254.7046321  104.6531223  322.3377803  -92.89458121  -8.725077974  366.2846261  26.42411456  226.4644594  -145.1920531  286.8912363  33.59310697  3.426033743  185.789693  121.3910437  59.38073812  364.6242367  258.6765965  95.25039477  103.8365748  
174.9332811  354.6513731  122.7106209  111.9544356  139.6842424  276.5103378  172.17241  504.8146268  242.7687568  188.2460104  583.2855358  252.7960064  86.22121096  313.8173711  -92.51467172  2.654663527  363.6361018  25.36652081  224.2889646  -136.9405361  272.945036  28.36288797  -19.54630742  194.3453115  119.364014  28.42566197  374.1099142  240.7723763  98.75334695  102.9204135  
177.0402444  322.7491182  119.3640818  99.213681  120.3084367  283.6657051  168.8333273  490.2216025  255.4024119  170.0088567  580.8804089  239.8989309  86.06372981  307.1972569  -81.39091153  31.42803929  377.8213724  28.95582316  235.3005315  -135.6253821  256.2717608  28.94353255  -28.96519809  206.6377184  106.0316058  12.42935683  400.6915191  220.669924  91.38598347  90.01608136  
171.8581311  331.9992826  93.79319923  100.5376267  92.77932369  260.4027832  147.6659772  475.0212056  220.6506301  146.4164629  592.7620376  255.4444684  106.4642982  319.4839684  -73.83853951  38.14924444  402.0960897  54.56539507  214.1400417  -166.2762498  273.8115453  37.59677484  -33.89910382  232.9048903  70.95301309  -5.712757857  389.3541475  199.2673238  121.6437318  92.16874131  
170.4041966  347.2612354  75.9304997  118.5646788  98.04737896  249.6145874  134.9623802  487.2767389  210.5060839  144.945784  598.1758942  258.4653149  99.59862506  328.8004301  -87.37748767  16.39029145  391.3954073  58.53539359  205.51637  -172.7051269  287.0038451  41.45498737  -30.37291557  230.6432935  65.58899575  11.5078099  389.1369331  223.832727  119.8645538  103.6687945  
173.678162  348.9921953  78.59472992  119.9013186  106.539178  254.0546263  131.5920386  488.3837875  210.8166464  154.4651679  596.6683521  250.3415116  105.186573  326.2408555  -88.32750934  7.981073774  387.1068016  54.02117479  209.3753125  -168.3537411  285.1732619  41.15430997  -29.1553768  222.1846047  68.98637926  29.82871085  393.7459978  240.7530802  105.4274499  109.8723041  
163.2029054  346.5877182  73.77343152  119.4651954  102.9324522  244.1481598  134.6402524  478.8847669  189.4312623  141.2955807  583.9902296  246.4378676  117.5732465  335.3868419  -84.65923966  7.559057734  391.8784755  62.09208253  200.8988216  -155.412019  292.5353892  38.35622754  -29.07868151  225.3142072  56.55784391  29.48425041  382.6089444  227.8555336  117.899976  108.1037857  
167.0831917  345.739001  65.70625431  125.9063719  95.82119571  243.0908552  127.2689829  476.5443388  196.6052601  144.3097498  603.0145635  252.728289  116.1467396  333.841343  -88.53070859  15.68291965  399.5325906  68.88859732  207.1389003  -167.6169275  284.2483102  48.08623295  -28.30543742  231.8598889  60.51196229  28.08710321  385.629099  230.5630225  117.1701986  109.2341945  
169.3218744  352.7280806  70.46667681  129.0813633  104.6239936  240.7867471  130.4502428  487.240459  197.4755993  152.7733538  598.8003083  239.9554823  113.5601102  325.5007754  -90.42517518  6.071304302  380.4359466  56.25426423  202.4339528  -160.9443895  289.6372566  45.61243592  -23.42298118  224.7715536  70.20192733  42.87056001  386.8706926  239.9837266  108.4464328  112.9772041  
168.458891  353.5997778  84.12946175  128.3415106  125.9761389  250.981843  138.3923867  494.1495204  199.9472408  166.1930074  592.0707259  238.7431768  115.8172845  334.1746936  -95.45896572  -1.523931811  373.9107108  53.800285  208.589902  -150.5251125  294.3916932  38.83979996  -8.635991138  218.0516689  79.04597417  64.94322375  385.7558812  257.008943  96.7134445  112.0595919  
177.7592984  359.7873479  87.45050226  129.9331651  133.6847924  261.6710114  151.6413943  502.2201759  203.8835275  176.0575782  596.0105803  254.252511  121.9881423  331.0734784  -98.39011336  -1.972412907  379.5160039  52.45202067  214.0797622  -156.1960863  297.4123339  40.32098345  -5.877270018  214.3487879  87.65802019  60.34629504  377.190042  259.0826367  106.8116316  115.7321646  
185.600354  357.4034663  109.134704  120.5305501  141.3627097  261.2975468  157.0007523  506.1884794  220.6401544  176.7375905  584.7601685  248.1909558  103.2770266  319.3292979  -97.87938297  2.625570692  362.2174322  34.3284001  218.9414261  -140.3221557  281.8865184  36.48610364  -6.359923836  204.5632416  103.5018991  57.2601968  382.5479075  254.2108088  92.40045935  110.4751186  
