186.9849857  673.0470442  240.0129139  -80.91881888  77.81763439  250.8884859  70.88098452  438.2342299  221.586818  113.2646687  686.0582698  147.0158251  -84.82225646  308.814329  -19.1328048  -90.53820536  390.6077559  38.74317202  266.8238711  -85.61662454  559.2297265  -48.61578415  7.001493903  311.369319  223.6253854  -78.81292624  375.6509027  156.5372064  -77.13510399  30.62476164  
187.8437749  673.1812045  242.8995137  -91.39095939  80.6924611  239.5161342  72.19447027  432.3873267  209.4684184  109.5355392  683.6749108  153.130887  -81.23671017  320.7588112  -12.18987471  -91.05331117  395.5651146  41.04806687  251.8026157  -86.92956676  557.7626088  -45.04179996  4.35804764  316.4618174  235.2619547  -83.38796212  371.9035218  155.8971143  -80.42831415  25.68651898  
185.7173871  678.4740438  242.1921399  -96.11256017  73.07178077  242.016324  74.24175658  436.9259398  212.6601355  110.6715365  676.4154882  151.6320296  -80.12212662  320.1034869  -2.627885844  -83.88352583  388.356678  37.7017868  247.5374405  -86.94296266  556.2905862  -48.20437579  5.553820798  313.2335139  234.7229594  -81.13069527  369.2865439  152.2281467  -89.52166302  30.12176936  
184.3078129  685.4489142  238.5130621  -97.9833983  68.65739672  252.8535468  73.97917222  437.2246337  215.9683516  114.5168995  678.3962116  147.7515334  -75.81888533  314.0179359  -1.637130254  -81.60813392  384.837815  39.8781292  250.2071639  -86.73187756  556.8371542  -44.68076713  9.816481033  311.2163571  233.4701199  -76.4342547  371.4262584  152.2055462  -90.82366943  35.68702846  
186.7960953  673.8028855  236.9611474  -96.53700268  68.02954212  251.09775  71.11002924  438.3625609  209.6445436  114.8403782  679.8906492  147.7375517  -79.09391228  311.0034555  -0.1689683329  -79.01241644  380.4743133  37.22418792  251.6841464  -84.70330905  552.8648482  -42.77703062  10.3642763  302.2709849  234.6291259  -79.61091795  367.9486772  153.3849256  -86.43263452  36.05767649  
187.7818366  666.8565251  240.2294737  -88.11248988  89.26058319  229.4945494  63.8223209  427.8217329  200.6455304  109.5477856  684.4027324  155.6430502  -78.33988444  325.7788818  -10.60918082  -89.53733964  387.7988713  39.63441555  243.150821  -85.02421083  554.8273172  -48.08282091  2.412519186  307.6297064  236.3878255  -85.81805793  373.3573398  161.4945021  -76.56647171  25.97055472  
185.7556979  674.058356  236.2251282  -88.77953097  71.28610126  247.3858365  66.72745636  429.1590587  207.8533596  117.2080265  678.2282723  144.8514636  -79.92884308  311.3888104  -5.298657135  -78.93424608  377.0845819  34.80970376  256.5038472  -86.33292899  552.1345982  -54.70774548  7.946510733  293.2922295  227.8463269  -70.52659692  374.5867622  162.0969921  -78.18319634  35.29541695  
187.4715783  665.7912794  232.569487  -78.53323918  63.94719168  254.5129019  65.62450804  435.7637693  209.7847941  118.3129817  674.3471362  145.0641602  -74.19066282  307.3919691  -13.35652374  -86.26916793  388.1295808  30.64482307  279.9322393  -88.74003476  549.2358183  -57.20979582  5.410998939  304.7784776  205.4121784  -57.29941873  378.4560084  163.1337633  -82.19863745  38.24019079  
190.0150986  658.6346896  239.4258619  -69.2743086  86.35589548  245.9066612  67.03749222  424.587721  203.2912334  114.5791663  681.034396  153.79502  -77.90033711  316.3072478  -23.71197754  -95.31820012  390.2998344  39.26385011  272.0777709  -93.53016188  549.7151553  -57.3425758  -1.351990303  317.2148801  214.3706764  -81.20650485  369.231097  164.779963  -73.10372474  27.05166379  
189.4791595  658.2576772  243.3843136  -70.53970481  89.40846084  249.9863085  72.50978677  430.2335651  206.207297  115.2903337  682.7584332  147.9711579  -81.42682184  314.3674001  -22.19449603  -94.47162843  391.3775359  34.90576775  268.6266361  -92.0603735  550.1935468  -62.61141103  -2.800054812  314.5622265  216.990576  -83.82603722  365.7110294  169.1707103  -73.02047339  25.22221451  
190.0781568  662.3996319  245.3952049  -76.8011819  86.23142134  245.8336317  69.92157694  431.689183  203.4237315  117.3211548  689.1617399  147.1402316  -89.10505958  311.0711253  -18.79294006  -89.17825227  385.9517777  39.41583387  264.6096139  -88.63397491  551.607976  -57.00643106  -4.966219973  304.6020569  228.1042108  -85.23961536  363.7421963  166.0774055  -73.5531082  26.08188425  
190.4231286  669.623705  247.7463976  -80.48734335  88.09317308  224.1151234  69.27685634  432.2654796  199.3264269  109.6828526  688.2400735  154.2632452  -88.88018509  330.154086  -16.93444007  -95.63281398  392.0888852  41.50750768  256.3278052  -85.36338999  558.7035251  -48.38068972  -10.92753159  305.7343752  239.1593002  -79.72352827  379.0950544  163.3718333  -81.27926196  23.83186884  
187.9544386  683.0050785  245.3977408  -89.15776378  82.36520843  233.1600952  69.26260227  433.7587369  203.9639796  111.691676  684.7703202  146.0034803  -81.71951763  321.299604  -8.756184394  -88.45429254  383.7197522  45.71719721  249.4030967  -81.50476135  558.4298867  -46.10572733  -1.390407789  303.9227917  243.5337263  -76.03511781  380.7641398  161.9669724  -87.76406167  26.88398647  
186.7265565  686.0423394  240.9346406  -96.01352696  71.5529534  239.5029768  69.3943241  431.0016049  205.4808607  110.9640591  677.0117604  144.0745195  -79.97326919  315.0227749  1.028264547  -76.58366131  371.2928528  41.00830296  243.487151  -80.33807022  551.3612563  -42.6458397  5.469022546  290.1687001  242.0179099  -71.5208104  380.9552499  158.1410724  -91.68440953  37.86755269  
184.0810356  679.5650523  234.5319171  -96.04657953  62.93800068  256.3168323  70.21918381  429.453504  210.9794292  113.8726956  675.3288617  139.1011251  -81.4923998  310.9018964  6.544872301  -73.20255362  376.730562  36.02019914  256.1057382  -80.50400179  549.1169372  -46.4915369  10.87470454  288.3439865  230.2567441  -63.18930053  378.9634284  156.9666131  -86.25581781  42.41159652  
186.5308722  682.4070026  236.5623672  -98.6627637  53.04544898  267.4905815  68.29418503  433.7393694  213.7248863  118.2295643  671.5676549  133.0840454  -79.68330864  301.2655732  7.548620416  -68.28064408  371.6509722  32.1119243  263.5723304  -84.98699589  550.2503852  -52.56531664  15.57988305  280.4827898  220.8161498  -61.1254041  378.3342881  157.2734165  -89.46950797  44.83405997  
193.3245128  676.9386196  246.4093785  -90.91338637  66.88332836  253.1851871  64.16942966  433.4635702  204.9179052  115.3296206  674.9908782  136.7127431  -81.70234935  308.1912081  -3.817722358  -77.72815058  372.8178486  32.31307891  265.1460431  -87.62648884  552.9532868  -58.22244204  3.753574701  291.1410863  225.2714356  -80.43295619  374.0294107  161.3721746  -83.59259098  33.01743542  
192.1691186  670.5941764  240.8760857  -84.31809309  70.11744252  253.4058363  59.90437048  428.5511711  203.6656563  116.8213685  684.5597418  137.8733577  -82.23955392  308.0525966  -8.639562325  -80.11186656  370.6637723  36.9395733  265.0731585  -87.02527888  549.703414  -60.87342942  0.5681874193  292.4212329  224.3704052  -80.65676217  375.3398044  163.6246345  -78.09741289  33.19125209  
190.3361585  676.5521401  242.4944697  -84.0864967  71.63386389  247.3837688  63.4490559  432.0016818  203.3955498  115.4739265  684.2317972  133.315851  -86.72471691  312.8641575  -5.084656217  -82.72306399  376.8836394  41.11403061  261.5308374  -82.62923313  550.898898  -62.03622617  -2.731436981  290.2010594  225.9997752  -75.96882208  376.2748437  165.4751537  -81.49982129  31.16682274  
189.6049934  667.1809604  242.6060803  -85.37567922  73.2392894  248.3561563  62.3525318  437.8842659  200.236655  113.1519129  680.413746  135.8481535  -88.49107365  310.804276  -6.297368496  -85.19243047  384.262227  37.95908018  264.7281027  -82.65562214  550.7611673  -60.13957543  -1.475940679  298.9208076  227.2108355  -73.66379143  371.9197138  164.2978519  -77.57841948  30.82321268  
189.4605919  667.0460231  245.6555294  -78.67517637  78.75089009  241.8511408  68.77561162  436.145215  199.7141609  108.1490511  682.5263611  145.7822387  -77.0451331  317.4647018  -13.90276406  -98.50749598  390.7169557  39.3092422  267.3713314  -89.79766888  554.7968818  -67.94188741  -6.486361579  317.0263334  217.949854  -84.86486704  363.4938253  166.6843666  -81.03614838  19.98884802  
188.7219238  677.8178282  247.2778222  -79.36682261  86.19419162  230.7506381  71.26498245  434.6341235  197.9125182  105.3704825  679.9524458  150.1797532  -73.45017396  325.0490898  -19.02981598  -101.334344  390.4874467  39.05805303  258.3033743  -89.41550287  560.5435207  -54.57967664  -6.466027327  318.2360026  225.5525572  -83.52203847  375.6854502  167.3717654  -88.08069278  21.34244147  
189.1932916  683.8414098  240.0085841  -89.50881332  80.42428565  246.455246  74.30088784  430.5100211  199.660078  115.2553058  677.3956063  145.7492025  -76.17590818  312.1208161  -6.927537521  -90.08755914  379.1830564  42.27983424  258.7565323  -84.36138919  551.2383303  -61.64290106  1.111944387  306.2846886  228.0156741  -87.52992341  371.754619  169.7892785  -84.55050306  25.42907464  
189.7422016  676.6063549  248.740853  -83.79851203  85.61583488  238.8753327  73.04538678  430.1570916  199.2526839  112.1762725  679.1323837  147.7149134  -78.45641318  318.7308969  -14.92549453  -92.85058046  385.2677772  40.40559244  256.7161568  -87.53438621  555.027352  -56.45889533  -4.60270453  306.9605806  230.1836863  -87.61518995  374.2919012  167.4285098  -81.7154901  25.48793836  
188.9161073  669.0609825  251.5555794  -79.10500118  81.57606286  253.7540481  77.37887002  430.05814  213.3451349  119.4580349  686.7666288  145.096545  -77.70037476  316.1155027  -16.25513111  -87.04533425  386.5272687  38.5992038  263.9977358  -94.48393875  557.368006  -56.89675306  -2.680000821  305.1444019  224.5840489  -89.15051009  372.2987984  165.0351755  -79.00847169  28.45366565  
187.6846457  667.2095511  244.8427483  -75.93888368  77.81339494  245.2099606  73.40504788  437.0022258  209.3665259  113.7128948  688.7040847  149.3081251  -80.54932593  320.385245  -17.39209031  -97.66239671  398.4862011  36.64282482  269.7971403  -94.82617061  558.8702908  -59.76353623  -6.307572249  314.4651457  221.4558556  -79.05225013  372.4083266  170.2563222  -78.24274572  27.12058394  
192.815684  664.2816027  245.8563277  -69.53432303  89.60065539  233.7504566  72.57384421  440.8270891  203.7902896  112.731076  694.0194962  158.4887387  -83.90144616  322.8045383  -24.2867177  -104.1204894  396.1023555  44.31412219  263.7741957  -94.50731866  554.253865  -53.17079887  -13.21661675  317.5649705  229.8002448  -82.06653577  381.174921  170.8904623  -76.71819772  24.5327793  
192.0676225  671.7174166  243.5562785  -79.38189088  86.18597368  232.9067332  73.14847384  439.5997292  205.4399191  113.2365433  688.2492448  159.05945  -82.15787786  319.799925  -19.62749077  -97.79730904  391.2946131  43.365681  260.2447645  -94.26618696  555.8574802  -51.09665024  -5.161736891  313.4779256  230.8758436  -78.78391209  380.2247893  168.2031257  -76.71235316  27.70409243  
189.5774197  674.4564731  242.4722392  -88.72551757  81.30760962  234.5641066  70.83227131  432.6229223  206.4737868  109.1927828  681.8207738  156.3167679  -81.29713013  320.8404312  -12.64044317  -84.88781236  381.4271272  42.38510449  250.2882754  -94.7969788  556.1544797  -48.00429519  1.084109097  299.4943526  238.6239116  -79.15744872  379.7215969  167.9559559  -75.30410276  33.66224634  
188.1632258  668.8947494  240.4438488  -86.26375713  82.56310484  228.4694281  70.55253295  428.3999262  206.1083607  105.0132219  681.9539932  153.2555185  -80.1043515  329.7763756  -14.24401838  -87.72076853  388.5128707  40.92695532  250.738844  -87.93474368  556.5531841  -44.86560193  0.4022715922  307.1145378  235.1711254  -75.36636732  380.5300924  166.0326319  -77.45667432  29.76245805  
189.2893776  648.9109128  241.9207924  -81.7246633  91.4414464  233.6867507  70.78936734  426.0264492  211.2586563  108.774673  685.4735419  159.8906931  -83.41378292  327.8278805  -18.64291332  -88.59029065  399.6072396  38.5860064  250.4582426  -87.87557708  557.1213298  -45.0009471  6.938116421  320.9455164  232.132901  -81.90669479  369.7021365  159.1484407  -70.85385678  30.18358872  
188.0883749  659.5880319  241.2196638  -84.29537373  84.74335261  239.1563735  77.4598047  432.5019114  212.3664435  117.1543761  686.0943319  156.0030703  -87.2437582  319.1756447  -10.72814262  -89.823214  394.805191  39.43940543  257.5873866  -84.89034707  555.3319661  -47.56327767  4.224805805  314.1909574  228.7505415  -76.11828775  370.2103218  156.138877  -82.19375638  28.41625343  
189.7253406  665.7033834  244.8482343  -83.93803874  86.35428992  241.0270986  79.06708607  435.9185067  215.0347806  118.7257001  686.382553  157.2286838  -86.05747226  316.2874545  -12.32705023  -95.33871539  399.7091283  38.87083372  260.6673658  -85.16989536  560.165142  -51.26728995  1.270751821  318.137184  229.530964  -80.66130466  365.0654909  157.3884838  -84.64896502  22.47526843  
187.0081888  675.6639757  250.0052896  -87.44842099  85.3479889  244.5885393  78.37022384  431.9888869  213.3844205  118.7094215  683.9271641  154.8369733  -82.33284063  318.5197963  -9.107943226  -93.03882464  397.6964779  41.61891126  259.2493782  -82.6456122  562.966403  -51.01532966  -0.2080742442  317.6208067  235.5244452  -85.55678838  367.6688551  157.6596652  -85.97915095  21.60363082  
184.7920435  680.0091002  245.0272701  -87.97211558  80.20618081  251.6860282  78.5245684  431.5023526  213.1736162  121.4195073  680.6066428  152.2539483  -75.34837958  312.1381673  -6.581585965  -88.55200133  389.9399035  38.83221901  258.8117588  -86.3985737  557.9733134  -52.88743795  4.583742439  314.8108726  232.2479288  -87.41590824  367.495645  158.8081324  -82.92586553  25.41683871  
185.7199189  682.3491499  239.9066823  -87.78814094  80.05191779  248.0847081  74.50031808  434.0072028  208.4832734  116.524952  679.9414008  149.193689  -76.52430687  315.0397346  -8.070928732  -86.65998436  386.644745  35.30911499  261.462278  -89.00385727  557.5390536  -52.41126315  3.838456428  306.3161331  229.9366316  -80.50897297  369.5224431  163.7947282  -83.66102102  30.91628886  
186.3112756  676.416269  240.4284874  -84.88702447  82.73011858  242.7237401  71.32472071  434.9480688  208.3079096  114.8162006  679.8157144  152.5096891  -79.07849812  320.2196423  -15.88648964  -92.02379497  394.8085691  35.37072068  259.5566136  -89.09395479  559.2306585  -47.69850104  4.020631823  309.8778606  226.9908722  -75.95600633  375.0012854  164.1599781  -81.96347873  29.44495641  
184.4698816  676.8789878  237.5923366  -89.47400048  77.00067464  247.2848639  73.33719777  430.5499616  208.4129006  116.7040974  680.8692566  151.0282378  -77.09360793  315.0034885  -8.022454148  -83.75003559  384.5683226  35.75258701  252.6440232  -87.73932109  553.6279831  -48.47210046  7.34513436  306.168053  232.230901  -78.38617621  370.8055562  165.563752  -79.72030067  32.70103383  
186.2184343  674.0706549  234.0454419  -91.07487352  74.04568688  251.1135239  70.54003956  432.5489847  208.2998286  116.1692412  682.8092461  148.6715891  -77.0376593  308.7265842  -7.127119026  -81.37194512  380.126907  36.3614404  250.4405501  -85.15481514  547.4821494  -50.52194854  10.75570311  306.8789542  231.2331564  -78.00861753  368.7709718  161.1186533  -78.86722282  31.88277025  
186.5547753  672.5123826  235.0252377  -89.06797068  77.31955399  250.2743874  70.71201501  429.3070642  207.7200788  117.1357044  681.2946041  150.5652371  -71.11497565  309.5391561  -5.43516562  -82.47966541  379.6873996  39.0991777  253.5354934  -85.59814889  546.71493  -52.1208918  9.692430406  311.4218618  227.0244437  -76.93478078  371.0287969  159.9251133  -80.43450309  32.13219882  
188.2123849  669.6667017  234.9940419  -85.98938756  75.63453782  245.7229165  68.13107799  431.5572844  204.4109485  114.7113562  683.0883304  148.0461178  -74.02589634  312.5056712  -6.707001534  -88.33626026  382.6093869  40.81933765  255.7458263  -84.46003806  548.9282629  -51.48976316  5.246800471  309.629274  223.2005118  -75.97592383  374.4752239  157.9257824  -83.92001621  32.09053085  
188.8503636  664.7679809  237.4487829  -82.21946119  79.23049389  235.1758479  67.31893192  434.5770217  201.4124981  111.2278144  684.4304125  151.4537211  -75.22430629  317.0919904  -13.71382184  -95.01252059  384.0696601  39.83125233  257.3233686  -85.58407379  548.0150108  -52.54416284  1.47402503  317.4951678  223.9319913  -73.37753295  375.3135653  157.5373463  -85.32420127  27.29245979  
185.9121128  676.7604218  238.9850501  -88.84943834  78.39633375  231.7253369  65.06931743  432.5295216  202.9391156  108.198838  682.1642081  146.7795639  -76.61562124  321.3137536  -8.803812161  -84.86345424  372.720886  40.32405997  248.618814  -82.38528933  549.8509804  -48.59960266  0.1966134105  303.8907193  235.981702  -71.48452593  384.912333  156.3761261  -88.42873005  32.30971564  
185.2452081  683.4724358  235.6398394  -94.56492947  69.22514862  244.8293788  64.08225865  433.584446  203.7865154  112.446092  677.6391972  139.7018699  -80.54163825  310.77336  -0.8753727321  -74.95953169  367.5379589  38.62225243  251.1440142  -81.37240921  548.7913356  -49.72990723  5.937044266  288.8590354  234.0688592  -72.41689002  378.1477178  157.5077595  -85.89909499  35.68622444  
188.498824  671.6262979  237.6620963  -87.1646259  73.25084334  245.1024923  62.07202139  436.9944039  202.2681949  110.5598053  677.575432  143.4742582  -80.9211223  309.5092788  -8.973234267  -79.63911567  378.8520914  33.87363878  256.4827525  -83.59372304  553.5128338  -48.7835532  8.549874129  300.6865843  227.4213634  -77.80039436  372.2917198  158.2889082  -79.3862591  33.93306712  
190.6201554  675.3589669  238.7221018  -87.47530551  74.33239698  252.7428066  66.91371489  432.0822583  199.9531812  110.079928  682.3672004  139.5484344  -82.04249906  309.4584123  -6.328992275  -82.76334648  376.3799058  41.18855969  255.6057547  -84.7739864  552.2066653  -52.53865448  8.317261454  301.0748435  227.9844815  -90.62014097  365.635715  162.0324341  -80.11666684  30.03354777  
190.5512771  672.4449669  247.9701207  -87.46298732  83.71727325  244.5424713  71.87493018  434.1678647  198.9767939  107.8219198  682.3247051  143.8162596  -80.20363915  317.7731809  -6.159252911  -88.55326165  382.7921107  40.82253851  248.5494926  -87.98428142  556.6510477  -53.5371616  3.265927379  308.6708769  231.3224975  -92.44684538  365.7378404  161.9517308  -83.53684038  25.781306  
186.6943374  675.4573722  246.3168991  -84.49219239  83.10012576  243.7739175  72.183979  430.2300613  204.3568009  107.8323657  678.7472553  141.6977534  -77.92265975  320.2885299  -6.958947931  -85.72577145  384.2781527  37.58459414  250.51238  -83.38550726  556.8336393  -49.47085704  5.339208362  310.5873284  230.8274441  -86.15022467  367.4375341  161.3255395  -82.9374607  27.20737277  
185.4701872  680.0497361  240.7458703  -87.86826794  80.77863402  241.3332164  68.17158758  428.9023045  201.685757  105.9240397  676.562995  144.8392278  -75.43318336  322.8491314  -6.811805226  -86.75293136  383.0039111  38.61501047  255.2045509  -83.16176279  555.7524146  -51.06171383  2.670765564  306.4438471  229.4017563  -77.58362361  373.0523628  162.017689  -84.23266166  28.39337527  
186.5799873  685.0335012  241.6997878  -87.96770216  75.06318212  247.2680523  72.92971259  429.6720389  204.8208377  113.5004  676.3245482  145.2424562  -73.80931832  316.3963284  -7.683414321  -87.38485303  382.5723126  40.28329604  253.4324659  -88.9270054  555.6610981  -49.08051154  4.269882915  304.2388674  228.1470979  -86.96951105  371.6337491  163.0153851  -85.61583695  29.38580264  
188.0376966  678.8106541  243.7975212  -85.995067  84.20183877  230.7905253  74.45482609  428.167057  204.148119  108.3912665  677.337031  153.915021  -73.66389352  326.7862583  -13.75407039  -96.47473284  393.8765836  40.34461386  251.9590237  -87.64732838  562.0376048  -45.30170796  1.20491363  311.8086412  231.945997  -84.09935002  373.6626621  165.379717  -81.81790815  26.71182924  
190.2925163  675.1225575  246.0982218  -86.97901742  78.04891715  235.3656442  70.43824816  430.4069645  199.5804805  108.3741997  676.972484  153.3951136  -74.66595783  321.5020253  -9.798481445  -91.81708204  384.7557581  40.4029261  255.8839981  -89.80726874  554.6856578  -51.87739558  0.1181885536  309.2049344  226.3751892  -83.54362022  372.4241917  162.0054587  -78.3797123  26.56915753  
187.6609883  675.4384862  240.7338116  -84.93204012  78.45380077  240.7096322  65.46560718  431.3325371  201.448592  109.8720874  676.2483389  144.4520311  -75.16569505  317.6705397  -9.553413045  -89.51232287  385.3229579  38.81471252  259.8045544  -85.44436228  552.5178135  -53.66478115  4.59614691  309.9563084  222.2924541  -77.63268611  374.5140652  162.4007381  -82.14568014  29.82540831  
185.5414921  673.5011311  234.4142808  -85.78588961  64.24748988  252.0815902  64.04054846  440.2833006  208.9611925  113.0026226  673.490566  141.0234664  -82.32753372  311.1038219  -8.564964935  -79.88687386  380.1468131  34.26771444  272.1855825  -87.00068729  548.6580445  -53.27063586  7.860173212  293.8626005  220.4839634  -58.71009576  383.6835408  161.9404227  -84.50624698  39.98922184  
188.0122291  675.5121447  234.6337778  -88.40519142  56.71190196  258.1004933  66.73788054  440.7465675  211.8275691  119.5083034  679.928634  135.9057711  -83.00282037  303.1075146  -5.171782615  -76.46470345  371.3812469  38.70039647  268.9773392  -87.73441632  543.2754574  -54.10673267  6.021068717  292.3813721  224.3233372  -60.93756476  383.392061  157.2164419  -86.82344389  42.08039683  
189.5503211  672.5344843  241.9174654  -88.20023223  76.4425768  240.8256835  68.18630035  436.2855447  202.0961  114.8762628  680.3496199  145.9513893  -83.91501669  313.2005107  -7.375740403  -84.97216635  379.228004  38.32242605  256.1016264  -85.85698111  548.7874809  -52.81542335  -3.355453844  298.8274049  234.309871  -74.19801094  380.312614  158.5647796  -85.97210041  32.73662079  
191.0823173  677.2748639  238.5341389  -87.23601954  77.93928791  248.6523867  68.66193348  436.5828468  201.9144126  117.7811008  677.4999604  144.7392551  -79.26532176  309.7596858  -10.31088144  -85.88647747  382.034573  38.02520795  259.750368  -86.53102075  545.8299024  -49.60138128  -0.3128621707  300.1209398  231.4037457  -75.02962368  380.4203299  162.8772556  -85.55556148  33.71191482  
189.2026195  676.0848558  237.514698  -86.98687614  74.75942649  254.494112  70.94380147  441.7863038  204.4954089  113.6448274  677.2476717  144.0267075  -78.37246739  307.4714244  -9.917715362  -85.51256309  378.1052535  36.33759184  263.9907284  -86.22329607  545.3587216  -49.39282208  2.102144398  298.1616642  225.6502915  -76.00622769  379.8980447  162.2093168  -88.37933603  34.43574566  
188.1811125  680.7160493  235.4205182  -85.0247533  80.48474459  247.1219827  64.44618985  436.5075586  203.2024547  112.316814  680.0137353  141.8924766  -80.48371234  317.2184239  -12.4736108  -84.36305956  379.5040405  36.6598516  256.3406248  -84.16080415  549.119348  -48.20014659  3.046579065  293.129919  231.341928  -71.99733807  385.0529245  164.2906185  -88.7104537  36.62609359  
190.6295242  679.1490574  237.5982191  -85.01998412  82.12030588  247.7994135  68.94106026  441.3587482  197.7496493  113.6253069  681.5913978  143.3955411  -82.14973686  309.384136  -10.39116129  -88.62062247  378.0093474  38.88492066  261.3445163  -84.96500779  549.2846974  -52.3761539  -3.227587061  297.5833129  230.5742816  -82.60959461  373.0481868  162.7791048  -89.32487795  30.57793672  
195.5565715  673.577908  239.8893431  -83.9818062  83.84302849  241.7727899  69.20147103  442.4981308  202.6402617  111.5920885  679.6471865  150.413681  -83.80830498  314.2730654  -13.55657633  -91.73712978  387.255553  38.55717841  262.221091  -84.86110478  551.860817  -50.0115928  -1.402924555  306.4818087  229.5222845  -80.49876119  377.0317952  160.2015743  -86.11135216  28.20625379  
187.6678073  679.022648  232.2887457  -81.96247249  75.24410161  254.2850546  64.56165196  440.7968223  209.097038  116.0355477  677.6847971  139.7511187  -79.81565061  306.4177442  -10.54774198  -82.59100905  381.9555195  32.99366147  267.8139625  -80.24866687  547.8009404  -49.94541151  6.249029914  299.5199019  220.4855368  -65.81959917  382.0661093  161.1254956  -85.57106433  36.05968948  
181.0377943  683.6661204  237.5735963  -86.38925587  72.10158644  256.3101369  68.46443752  435.6383855  207.871947  116.9264827  673.9288487  134.3163636  -77.82144542  306.9937739  -2.948883826  -79.45729374  380.5099524  33.49361538  265.3006174  -79.76857266  550.3586454  -52.27397131  7.215455489  293.3983301  222.2544811  -70.00628913  380.365176  160.1711646  -89.08840187  37.24150782  
183.8771199  675.0139188  248.1344217  -89.64166775  87.30972405  240.9702864  69.40539572  429.7550589  202.742892  113.5349366  676.2681919  146.9336837  -74.55843077  322.1031616  -10.12356542  -86.02938498  388.0270211  35.13523376  249.2675557  -86.33261836  555.690886  -49.59594258  4.658820118  306.8277094  231.8854113  -87.44041203  372.6282201  159.6842555  -82.3687984  28.7915013  
186.4628487  675.5831374  240.3189416  -83.78897291  82.0134376  248.6400721  68.49486948  430.920224  211.8139319  118.9928168  680.7255503  143.8188222  -75.79835052  314.5340737  -14.91010222  -85.05094922  384.4125429  36.99526293  266.2211276  -89.71862712  555.6356483  -55.00389552  5.658812105  305.536393  224.7147882  -82.38571762  374.0136106  160.7727456  -83.2705851  31.00672471  
188.3576704  676.2504023  241.3106935  -84.06936065  74.87700302  252.788096  67.97853997  436.6296067  209.9226449  118.7192133  678.8637401  139.1935493  -80.488477  307.7986561  -9.23016811  -82.42671622  382.9319781  32.5702188  272.4678171  -84.60573305  555.6644105  -56.80394155  5.115980687  297.6075434  221.4458489  -69.85038401  375.3793576  157.1513538  -87.46318923  34.3895544  
188.7874491  678.6601698  241.8385807  -88.42792753  71.58578289  249.4484638  68.46411412  437.2007173  201.365413  115.5957786  675.1501502  136.5889558  -80.03138726  308.486669  -1.934484614  -80.14201326  375.1721236  35.5448881  266.2821863  -80.25343115  550.103553  -56.59030375  2.783233889  296.095832  226.9273479  -73.44606506  373.7460927  156.0763484  -88.74494229  32.19814609  
189.0341761  671.0718285  240.8989186  -87.40933372  74.10135584  256.5642056  64.5406874  432.4272351  201.6472719  116.4592496  681.0138368  138.6270159  -81.55734265  308.5699489  -4.284645157  -79.04118004  372.229466  38.9938927  262.4517545  -84.87353841  548.3492239  -59.63617869  3.836138937  299.8804761  227.9282703  -83.86144347  366.2021078  155.3605204  -83.30295082  30.91133435  
189.376075  672.7632639  240.2510837  -83.90271568  73.46495708  257.0483033  67.78500413  435.6699658  204.0999456  117.8016264  682.0658416  134.5833405  -82.53243696  308.413195  -5.625628684  -79.19856939  373.3767946  40.3096115  268.440459  -82.64947367  545.1308495  -56.68302223  3.844280647  301.2654718  226.2106281  -79.43561412  372.5204929  159.5960643  -84.43533455  33.14031209  
187.2467979  668.1140285  245.2133467  -84.80574665  77.28856493  259.3315368  70.50238962  435.2058947  201.8959037  115.3681794  680.7601383  134.9371624  -77.93897577  307.1385946  -4.183199081  -77.30139273  371.2002082  40.41093297  258.1719429  -80.37411905  547.3106072  -51.24637454  7.488136567  295.2652707  227.9147623  -80.66837624  373.9558769  153.2438793  -84.43145715  35.93892978  
191.4509264  663.4665075  248.8252765  -76.96529799  89.09258171  231.7952555  73.39170082  429.4174571  209.8139866  120.4741875  689.6215654  149.0940455  -83.23550244  324.9737045  -18.41470133  -97.24729253  398.2947001  43.12906653  252.7290551  -82.10556933  556.8718432  -43.82705555  -2.35291572  319.8423635  232.5976926  -87.1398653  375.756786  157.8509822  -79.94025986  23.33889203  
187.1075864  669.9273021  247.7810986  -87.69225535  85.8242191  240.0242881  73.44979638  428.7675356  210.4500326  121.7852192  686.9764955  153.9431552  -88.65059209  317.3415118  -11.34091231  -87.73874401  388.7577059  44.76586078  251.4038402  -87.0408898  558.6617516  -50.24329331  1.006208017  307.1575051  245.8005509  -88.55201959  373.6995823  156.0816579  -76.81840381  27.11853612  
189.3893547  673.7660801  242.9275837  -89.99365343  67.84684898  240.9830083  66.11409945  429.8464143  214.5407737  113.3571391  681.3960023  142.4763214  -84.89402245  313.2266408  -4.777959827  -83.35204502  386.2910228  42.76735901  254.2881757  -83.10856553  555.0541742  -54.91160426  10.71616622  311.415012  230.177201  -75.18090386  375.3893272  154.9712139  -77.8958674  26.51844784  
185.9734994  674.7888917  243.747614  -91.45681327  50.01568784  265.9451678  66.71130889  442.9473255  222.1201045  111.5090228  677.7497426  151.7007489  -87.4866426  302.3283523  -0.6876816933  -75.90173913  374.0106334  34.89335445  274.624591  -94.44900786  554.5449388  -55.63374593  11.28818311  285.6198384  225.5609939  -59.42564487  370.0224652  146.8200841  -81.23179152  41.05035494  
193.0376097  672.9689138  252.8159455  -100.1176033  92.34321607  257.1010252  66.67973305  427.3620408  218.6987868  103.753227  680.5600168  154.1095978  -85.15335077  315.517477  -0.3677060926  -71.30376739  373.1910495  34.2547348  240.2889531  -92.11951242  565.3285399  -49.42734468  13.95679032  284.6125533  237.6306738  -89.97231419  358.5844538  154.9916111  -76.1347522  31.19799032  
203.2819581  677.3733777  245.2934056  -85.0075909  87.11658496  216.8473752  74.23241806  426.3623359  221.4623921  101.6652036  684.1466681  156.8644731  -84.84962672  343.2239114  -10.63165791  -102.4516648  411.6281782  46.09198698  249.9997559  -79.36702735  568.7468347  -31.86709518  1.240738315  328.2761136  230.1007501  -71.23445375  385.8078273  163.6938484  -92.59044538  17.56375484  
198.3571672  653.2634368  251.7512825  -82.97405641  88.89430443  232.1935979  72.31672206  423.193228  215.7861964  106.5251359  689.1975936  170.7619238  -82.69272522  336.8510341  -16.78422088  -95.81342735  401.0675746  41.75463427  242.167454  -100.4069274  568.4822282  -38.3816711  -0.8946412041  319.5642498  231.9698354  -92.95657248  364.5714129  158.8664254  -70.54457291  25.66435076  
188.5562118  662.0715562  246.4902297  -77.95995544  81.97939238  235.5435529  74.06773301  427.9377229  218.6080538  114.2852799  687.3490825  155.8010757  -80.88495814  327.3221061  -13.12420519  -99.42299522  411.0737895  37.62835847  257.1949688  -87.53527629  563.9071959  -47.25835445  -3.8640196  323.5556148  225.1212144  -77.42180083  371.7219084  163.2181762  -75.84948862  23.48262182  
178.931085  657.7251427  243.3084494  -87.43154083  73.21326126  235.6040831  72.68281415  432.2054883  203.4834738  112.473807  683.8977067  153.566159  -80.44031476  318.1393286  -9.124230449  -94.71242684  397.2822945  34.86924481  254.1103792  -83.26551378  556.5394735  -54.32538758  2.501724131  316.6968011  227.602836  -80.95000543  361.9759852  158.1877571  -71.80316936  24.90281829  
184.3445627  664.1970877  234.9170763  -90.49713997  74.07941846  236.5327073  64.73125801  433.0592765  196.6447498  114.2165688  686.5393087  150.3224443  -77.86274054  314.3784949  -12.07460682  -99.59564565  389.3734057  41.75260907  256.0100969  -87.47787782  551.995211  -60.94036789  2.82422278  322.6522515  221.7493385  -85.66349127  357.9350903  163.66183  -77.09732018  20.65785051  
184.2670708  671.1225729  234.1905547  -87.82066761  77.24811874  239.6222778  65.30772979  436.1462416  194.7144191  111.1553439  685.6797872  150.8383322  -75.98697713  316.190033  -12.89845715  -93.66940871  380.7550152  38.32809  259.1363508  -91.54554661  549.6112703  -58.50203098  1.611549001  307.9638076  224.0615917  -79.77523077  367.614008  167.6199744  -80.65138005  29.10499289  
185.7531197  671.8489539  238.4889306  -89.24741038  70.79666277  243.1523647  65.54322889  434.1475941  197.795933  108.2542362  681.7710498  142.6104442  -75.30551383  313.6188499  -7.973654659  -86.81137543  375.8754328  34.14538583  256.7949972  -86.96462375  548.0267932  -56.74561055  2.314135354  303.6769938  223.7791403  -77.48885393  367.0966166  165.4942216  -83.8480555  28.29038543  
183.5354869  670.1845893  242.1510192  -82.83291568  79.53487855  232.6377646  68.92977148  433.2792099  197.4429279  107.8438718  679.2833642  153.6051688  -78.50082941  329.9572682  -14.76125742  -95.61155196  386.8123441  35.31269049  254.0031115  -91.66412277  551.1551974  -48.88258047  -4.318676819  307.5241694  228.2312654  -73.24443132  378.7179602  162.943754  -84.8881101  30.59650576  
186.1586111  663.1006223  239.5529756  -75.66428392  72.66739722  242.7484378  73.6693366  434.5266029  208.2224926  115.6175128  678.6982516  156.8649379  -77.00133734  321.6122245  -20.41702041  -98.12728371  399.622877  34.18631274  265.2772608  -95.20867303  551.5038234  -51.80378693  -2.739821258  317.7759061  213.8323145  -67.1442192  372.3150031  164.6802012  -82.61491881  30.79295336  
185.3661519  674.7269089  240.8757874  -85.71172863  63.27526164  247.953346  71.72915898  439.8027559  212.4039622  117.8888769  672.2209797  142.6245624  -77.09724588  312.0584522  -10.03083054  -87.82346947  388.1656067  34.12663509  268.3863222  -91.06051744  550.704172  -51.6263287  3.880722558  299.7848204  214.1396037  -55.91202472  382.3592352  162.1560742  -89.52332241  39.89072523  
185.100938  685.4732195  236.8045641  -90.89654692  54.92552889  254.6213243  68.11689233  441.9623609  219.9586719  117.6649623  676.1404856  137.7211983  -79.90361834  306.7337038  -7.117921239  -81.5366511  379.8505241  37.86688358  273.0891523  -93.59704086  556.1852255  -54.11530012  5.866504809  292.8949107  215.3808631  -51.35907302  387.0167879  161.8207238  -92.0299458  45.66462997  
182.8629862  685.6282552  237.9853897  -88.75973307  58.79620001  246.2485406  64.83143079  433.323824  222.8209347  111.5761185  674.6985156  142.9743163  -78.75364744  312.7798699  -10.3548256  -82.28866754  389.8083995  34.72655173  270.2192422  -94.97221238  566.1742691  -57.55927448  6.773626238  300.1572719  217.2056902  -58.75949649  380.6924119  166.5603034  -84.42775981  41.9878452  
184.9429609  685.6152589  236.9716615  -86.29999805  65.86007254  241.9874978  71.5957243  431.2571235  216.4924386  111.4122075  681.9234839  153.3768829  -78.3471272  317.9579462  -15.69647964  -96.45921086  401.8263649  40.15525929  272.0762789  -95.91201083  568.4523217  -55.42242812  -0.2516567932  311.9158464  220.1095446  -73.88501069  374.1971446  173.8625049  -80.55530792  28.16807629  
187.441222  681.4168576  243.8817266  -90.26587351  74.87864247  246.4166727  75.49793106  436.6186103  222.0574686  112.9519137  679.355614  157.7288581  -76.48141982  313.9556479  -12.25470988  -88.02281195  393.3979105  39.69578564  262.4449369  -93.33996972  565.8287829  -53.07055434  2.771383709  306.3720204  229.3432963  -69.33584337  376.8423923  165.6639583  -84.01620157  32.85339887  
185.1765202  687.2127922  244.4616214  -93.67247917  70.79412856  237.8927812  76.02469307  433.6461413  218.0077399  108.1664962  674.8620206  153.0793455  -77.18371029  320.9577589  -2.523984444  -83.63890407  386.5823817  41.10147688  258.3078167  -85.73851247  564.9258035  -50.47832366  1.62388727  298.3973894  231.694459  -68.5282118  383.1097681  160.3231792  -91.8764764  31.94812685  
183.995196  659.8872935  244.6109996  -86.63998372  85.40739941  242.2489618  71.65888717  424.9916335  207.791436  106.4514546  680.5602076  154.4879476  -75.75827681  322.4049669  -10.74772899  -87.07959464  393.8541161  32.30141445  251.064977  -87.91811689  558.7623257  -55.12384009  4.949899129  307.5803577  223.6489266  -80.03903806  369.3229045  164.1158263  -77.17520534  27.23874482  
192.2167635  658.1557467  243.1221872  -75.46056343  90.06311874  241.5553024  73.37395566  425.8961933  201.3577414  112.0481338  688.2048595  148.1193209  -79.85951965  321.7623977  -18.37824489  -96.26482619  396.1585026  38.63763528  260.4748823  -86.70778489  551.6694001  -54.3334708  -4.573232223  309.8116496  222.7822743  -81.61132784  375.2400853  170.1718913  -76.95349653  25.07428132  
193.0673461  665.4088064  244.8371284  -72.56876153  82.85723359  247.4088562  73.49206777  432.2660433  205.1017624  115.8402569  690.8751843  148.4854669  -85.66500729  314.6673317  -20.2964828  -90.45614454  385.2875056  38.00285531  267.9937646  -92.38122959  551.0515751  -57.13675829  -10.54539104  297.2693609  224.5571667  -83.68665974  378.4410875  170.277122  -78.98497533  29.12399379  
191.9248216  668.7044256  245.5348287  -75.59707058  80.40402316  242.1426237  73.9728182  427.9024289  206.8957032  113.8145286  690.6289049  148.5425597  -81.77162466  315.5906064  -16.71436741  -86.30218965  383.4516583  40.60695014  266.3661623  -89.86652738  551.993533  -57.40501061  -9.103654242  301.0204918  232.1841653  -84.97671044  375.9032927  168.0883153  -78.5251213  27.54665595  
192.64269  669.756867  241.2586585  -82.10789443  72.17898829  256.2501112  71.09930787  431.111787  210.0376011  115.5377124  689.7886184  142.5346167  -82.63449552  305.0438624  -10.02140899  -79.47169036  377.0759807  38.79641587  265.3468798  -85.75878902  547.4664975  -59.57025598  -0.2799544324  301.5254267  230.7397438  -80.82349125  373.3113671  166.4643217  -76.20657097  29.03778426  
192.0668094  679.2385861  238.7653648  -88.34080988  68.66678756  255.4721429  70.98126508  432.2413484  209.3590447  115.9589375  686.4832417  143.2346486  -79.27439232  305.5105398  -5.700216306  -77.4114083  373.3912468  44.00789575  259.8984377  -82.08868787  544.6757413  -53.73795521  0.5518405537  305.362287  234.0762279  -75.90490077  377.6063139  162.9217628  -83.53877969  31.762066  
192.6989642  678.4080696  232.3322498  -95.98931111  65.38048411  253.2526173  67.26587956  436.3198709  207.543161  118.0979571  686.2279203  143.022176  -82.36573866  304.4644398  -4.298886908  -76.47781406  369.7687829  43.73209234  253.1955465  -82.45281161  544.2675703  -49.88419356  4.525385553  300.4187768  235.5340691  -74.56579344  379.3920185  157.9596184  -85.78530836  38.01218702  
189.1999846  684.983964  228.8633947  -99.45361622  63.71744587  251.3060973  68.54672741  435.3645022  204.1807146  118.1988916  681.9044872  139.5016632  -81.6956838  304.099013  1.209432281  -76.61211234  368.2605362  44.63862293  252.4522597  -80.19805146  543.4263305  -50.06926995  5.698198759  298.8525786  237.3817226  -72.45081792  382.012671  155.3511322  -90.35097782  39.7069751  
186.6844254  681.7076877  230.5149256  -102.5971962  65.91605328  257.9588788  71.36136832  431.7332656  207.7877689  116.2670271  681.181702  142.793824  -85.85195402  299.1494532  4.716066048  -68.77016757  364.9311982  43.64558076  247.8294993  -80.9661359  546.2117087  -51.0552849  11.28039418  289.5664339  242.5917485  -76.95688763  372.1563296  153.5252722  -81.57033236  41.25503882  
187.9684674  670.1300965  238.2124791  -100.2515032  74.71635266  239.5818064  66.88641034  427.2203823  206.0651862  110.7519713  678.700945  146.1908647  -88.04684301  311.9467509  -1.007448762  -76.17015993  376.6037903  36.45376383  246.2942046  -80.21613697  553.9981389  -49.58841335  4.537963305  294.1036072  246.1016394  -80.78849902  374.1975272  153.2675631  -72.46930136  35.28123849  
187.1921704  663.2165244  243.4059536  -95.26657034  85.10220662  237.4095444  61.25880985  423.7184435  202.9168996  104.5318805  683.7158726  147.9528554  -87.51101523  322.1443505  -5.391364441  -80.07537457  377.7707599  42.36382105  233.4660783  -84.93423639  552.4978667  -51.00195566  5.215725994  299.2083811  243.7374836  -89.65224029  370.1594909  155.3016107  -70.03217316  27.71942438  
188.8578605  673.3594758  241.1061863  -88.33185548  87.56091197  236.3690105  67.4362002  429.6575933  207.90313  109.4528428  682.0695732  147.3473896  -81.95108795  322.0736725  -8.41097537  -82.98491984  381.2476729  42.90132634  245.8595121  -82.84911843  554.5139688  -47.59699521  2.149829335  302.2529818  236.6830177  -81.7066907  379.7724054  158.0885669  -85.13233052  29.40700313  
188.9559067  680.7795456  239.0436593  -91.89496613  74.15889784  250.6185256  68.19445037  432.739672  212.3068737  117.1187259  678.9503961  139.9533288  -83.03641517  308.4655543  -2.777735981  -76.38202217  372.5029906  39.50238602  256.9646048  -80.48248073  550.8480994  -52.47767463  5.589099076  294.6337688  233.4867588  -74.68198004  379.8158933  157.9526412  -85.02625021  34.60548733  
190.0934015  684.3883281  242.7659665  -88.4664451  76.31239075  247.6322695  70.70401142  436.5977859  208.2160203  121.4514395  679.5491599  137.1245503  -75.9709448  306.9884158  -6.730281029  -78.92847731  375.1140417  37.12834163  257.4548931  -81.42965132  550.7118357  -52.08033393  4.011151202  295.023638  229.7733849  -81.83811487  376.9303624  160.7989829  -89.93470329  33.00304479  
191.0622821  676.72904  245.2616615  -82.52652034  80.71616056  250.2117248  71.35816391  437.1762501  206.715248  119.4553201  685.1894344  142.0056944  -77.56967247  308.8999473  -11.03439987  -82.2530021  377.3324104  38.28736108  256.0988657  -83.21813748  551.6513571  -52.01456811  -0.8877316361  300.8227222  229.0206423  -89.80056238  373.7218403  159.8428808  -85.26960174  30.02622886  
191.8317687  678.0457414  244.6101878  -82.12508074  84.30142942  243.6666828  71.08581983  427.3726803  204.0028513  116.5003245  686.8360056  145.2697767  -75.45908548  311.7858537  -11.7902748  -89.81561192  381.1028783  43.94285655  253.6331936  -88.23711993  555.0954173  -52.53370713  -0.5770461979  310.9132641  227.5423019  -94.98557172  367.8370056  158.9425062  -86.31874781  24.95962101  
191.7635587  677.725764  245.7795244  -84.98216479  80.61461041  241.1570152  70.76349569  430.936604  202.9812527  113.5916958  685.0006288  145.5701692  -80.27986388  311.9212727  -8.049830293  -87.87906698  380.794648  42.04432651  257.3417437  -87.28017262  556.9011307  -58.41836019  -7.519761767  306.2260798  230.2935476  -89.07323015  370.6667703  161.5176612  -86.64995601  27.26318689  
191.0668647  678.2311809  246.9910069  -86.18960726  76.4523038  244.8486746  76.61644011  436.9307507  212.4074271  117.4976397  681.100064  146.9378937  -77.42806991  310.9762538  -13.3077424  -84.64162797  384.9744421  37.4436997  266.1247005  -89.90479781  561.3671159  -53.66182189  -5.336545182  299.4208103  230.6834041  -76.23814796  381.1338003  166.0672337  -88.77702641  31.12535357  
189.2948576  672.639801  243.4328498  -84.83823196  78.89997446  241.7004679  72.90965182  432.914876  217.871659  114.9097126  683.423351  150.4882335  -81.22785001  311.7340123  -14.68244586  -79.55137428  387.708045  36.21675596  256.2305732  -86.74974629  557.6492839  -50.28540635  1.754118885  300.9392002  231.0797629  -75.71296602  375.5318452  161.2256145  -82.65109049  29.48888803  
190.995167  677.6717292  238.6411187  -85.36827735  71.33998494  249.5150727  67.05043226  432.9458372  210.1587577  119.8749109  685.0186286  138.7648306  -82.90153569  304.1893242  -11.82893139  -82.23047335  375.2767081  39.81840668  261.6449798  -85.40731502  550.4933786  -52.86281848  2.540830231  300.9470175  227.8134036  -83.09257422  374.4464745  159.8681424  -84.37218021  30.79658265  
187.7419342  680.2283606  235.4471959  -86.06349301  63.63108443  261.7940126  62.80339648  440.6334109  209.0927368  118.6452446  679.0211604  129.6752958  -82.79026331  304.0693276  -8.985452504  -76.63052899  380.9083372  33.54685235  271.7837983  -85.55360888  548.7273886  -53.682949  4.761046264  290.5886503  219.9153166  -71.54586886  381.4657219  162.2852665  -88.92336068  38.97547762  
187.2719974  677.8646573  239.9474142  -86.68179021  56.3860979  252.4586172  67.12563816  442.180359  210.8014103  118.2911849  681.089627  138.4293374  -79.48549675  311.4714206  -8.381919736  -84.02497012  382.2527885  36.65710026  272.6483131  -89.24896384  548.795655  -48.53325744  2.032297257  291.1563826  225.8628207  -56.94490931  389.6729541  160.4486164  -92.43459792  41.10971082  
188.2939697  656.857202  246.2773717  -74.84718207  84.44426713  223.1139894  72.91592225  437.5723174  204.8630283  113.6201949  683.7929569  167.9651011  -82.14906749  330.1024317  -24.82094441  -103.7988593  399.90128  39.46892608  255.7031223  -97.99537263  553.878645  -46.21421112  -6.582288554  317.9236892  230.7930445  -71.449248  384.2651197  163.5833382  -77.50287988  30.26730935  
189.4624126  659.3268224  248.7985251  -67.68476832  99.32695966  220.3877932  74.62066396  432.3645478  210.3814727  111.6507268  687.2113693  163.8479829  -80.62827081  334.5692686  -32.46524433  -108.9704428  411.0096882  37.50823957  260.5183147  -92.33357943  562.4825097  -48.32297308  -13.16276709  329.4197961  227.9404031  -79.90669391  383.2030131  172.4812622  -73.83238869  21.47021942  
188.5760238  670.0342344  241.4819304  -81.68166917  80.21734776  252.2229534  73.45723736  436.3654739  218.1402269  116.7256186  689.9854562  150.0992624  -83.82698595  311.3841288  -21.2677517  -86.08703808  385.4846593  43.4959823  262.6304502  -93.93632362  559.2360423  -50.99247615  5.066650024  308.3756067  226.6271507  -76.60556534  374.8788651  166.9364689  -75.35480056  30.92121623  
187.9840776  684.2736674  233.5801801  -90.15976578  61.86184703  259.1123404  73.12370945  440.3213929  219.2879121  120.5069595  685.5164896  141.1185844  -86.53807485  300.0681808  -6.675054046  -80.77434363  379.288513  42.04137569  267.5177123  -84.15072937  552.9908956  -57.69402934  8.469347604  305.3297769  226.5440528  -69.4221738  373.5680956  161.8550394  -86.14857232  33.61995786  
186.0468108  681.4490933  240.056951  -94.4787991  66.2931084  258.398851  72.55449691  436.6412178  212.9283627  120.1188606  681.2095291  144.6022964  -82.70795727  302.6164104  -4.498206469  -77.46402872  371.0120322  39.13487367  252.6969439  -88.46766655  551.2406638  -56.56989729  9.434826564  300.9866078  235.4840985  -80.6777266  369.7159811  154.2237433  -82.07449954  35.3280108  
189.9479688  681.7739082  237.7970391  -88.38459812  79.56121432  221.5339802  68.90427998  429.5154243  202.7156565  110.4623264  678.5327726  150.1665275  -82.76218772  326.2852252  -13.4118457  -94.35541178  393.4546799  38.75070243  249.4804985  -78.06854482  557.2118363  -44.00079265  -2.491477227  317.1898875  240.4331626  -75.11170531  382.7747252  161.0327759  -87.53118304  27.00056618  
186.3533781  676.6716237  241.0354895  -91.83976768  78.63663408  231.9397619  71.82630453  434.8591067  206.5437279  110.6218599  678.9197786  156.1312952  -81.92370153  321.2816461  -14.28118155  -88.88451644  385.5348138  36.92887571  246.0431997  -86.19468982  558.5472476  -46.49788894  -0.6619174119  303.5290461  236.9586473  -80.47463782  378.7942072  160.649924  -84.64731509  31.12189102  
189.8330884  687.5107803  236.6458082  -89.3662734  78.67249003  228.6447983  78.92720753  433.2109813  211.8026157  116.0157055  680.3778344  151.9775794  -78.4257096  322.0263151  -14.69803467  -94.82245628  390.8229865  43.04980874  252.9404668  -83.40620941  558.4620169  -45.26346542  -1.25793147  311.2235255  235.26981  -74.53964624  381.2458616  165.3871245  -92.39882267  27.39885703  
186.4225812  659.1399382  245.0458005  -83.71119706  74.01178335  254.6589997  69.06083055  433.5254168  212.3273535  116.4786997  682.7588703  156.2019734  -81.32846969  308.2961313  -13.7660342  -81.46418676  380.5066132  33.71812289  253.4693902  -97.89923799  553.1630088  -59.40611389  2.045882652  300.356464  225.1366914  -80.44524612  366.7435167  157.1507769  -70.92713486  36.08415935  
192.5094072  651.7174044  247.2676728  -67.88936236  153.1021036  229.0973264  52.84185132  406.5329877  164.7062009  99.28748167  664.335058  153.9143765  -85.11765946  346.5624661  -20.21038984  -105.6387349  408.6109059  25.33164811  241.5514478  -89.68459439  558.0479551  -48.28464216  0.02288285462  316.9608078  222.3439693  -116.8732528  334.3737939  172.5874742  -69.03269196  8.405702951  
198.9546333  701.4511216  240.1038172  -92.48895248  76.00728175  241.3663532  81.05145235  432.9832972  210.3707972  108.3270477  685.5731262  137.5949791  -73.4348136  324.3987398  7.09744099  -94.30832713  386.5867351  54.91728512  272.3209398  -76.31853557  560.809495  -42.42954418  5.223107288  310.7271743  231.9811286  -64.04864306  385.1829657  164.3824099  -99.92911488  23.73835208  
196.310279  666.8150807  249.1606112  -93.82296769  70.26127979  254.5966139  71.76264024  432.7552343  213.6988176  108.5057331  677.8227707  146.6034734  -80.09213746  312.6586176  7.721615633  -71.49846221  374.1048691  36.45530708  246.2081318  -87.37359992  550.5446953  -49.5876828  9.564350825  295.9743906  228.3413361  -73.61289651  365.4613594  153.8571672  -80.58239785  35.19460768  
185.9997591  674.2810138  237.6136932  -90.01129787  72.52054939  245.2775145  68.23704242  430.1285859  204.0592549  109.8053135  684.2415337  140.3012344  -75.91934105  321.065396  4.02564747  -83.73638114  377.7023613  41.67657669  254.0033789  -82.39874897  549.5868539  -50.13868414  4.455649422  304.2876928  227.5736353  -70.46448346  373.5899553  160.8488202  -84.70058378  31.8780353  
181.3794627  651.0819815  244.5165033  -86.14902954  82.72648958  244.7307456  67.0124925  425.0372652  205.1348282  113.787726  687.7222068  142.6856101  -75.58210528  317.3310168  -11.35943575  -87.30110976  380.7215225  38.21947649  248.2520057  -86.03333169  547.6816946  -57.2851582  4.367663205  317.330483  225.4075648  -82.25742911  367.3211929  154.1881354  -75.45970216  25.89391807  
185.0166089  657.3801585  240.2166818  -84.57334199  72.4105078  251.0210032  64.86768737  427.7377454  205.18043  117.3274697  683.9256449  138.5065502  -77.74703245  314.4045119  -7.473420131  -92.10211457  389.5163342  38.21821303  260.8441987  -86.0786711  547.4162773  -62.34191278  1.807611228  323.0591678  215.9310556  -74.99805683  365.5749453  157.1247301  -81.66412763  26.21988187  
185.6764349  657.5393178  239.8758991  -84.41500722  74.03318935  257.3690339  62.41943792  434.5053555  199.0152124  113.5968988  686.95909  136.0542371  -78.54351369  308.3960206  -7.700663541  -83.82153419  376.4176111  35.47619432  258.3759122  -85.2961709  543.4316779  -63.27099222  3.462036047  310.3966678  216.8606007  -83.1032752  360.2400714  158.0635308  -80.3496955  28.95157621  
187.345202  663.3729867  237.3153976  -81.16377886  78.70163448  242.2160414  63.81570012  431.7947944  197.0651042  114.3978448  686.0893197  142.330735  -77.63295112  316.4361331  -10.49074585  -94.63568192  382.7203056  37.42537943  259.707422  -82.75720026  546.4714392  -60.27859533  -1.206962147  318.9600164  219.7279085  -81.62702281  362.8771957  158.4272231  -79.94828557  25.24284546  
185.5042709  669.8555454  239.5582717  -81.04505037  76.00018507  247.2543363  58.43122298  434.9957053  202.5141093  112.4382717  681.2840059  141.0299847  -72.55460352  317.8924227  -11.07889469  -95.92012171  390.0378248  37.29964951  264.0257293  -88.38612787  553.8750226  -60.35186294  0.9198056943  315.116186  209.4256385  -79.56811446  363.2329311  157.2480515  -79.47604448  28.37204593  
186.1689357  682.1557423  241.2409953  -85.35652141  64.93374252  257.878351  62.17180876  434.3127295  208.7779236  118.1080024  678.6189679  134.6333542  -76.13220711  306.9478512  -5.933728991  -88.88819567  385.8485535  39.16344734  275.4254404  -84.70512327  557.2215277  -61.34055556  5.516768791  303.6594668  212.0179437  -75.78698738  361.3296656  156.3988952  -81.7029979  31.17564353  
186.5872957  673.6455252  246.2424574  -82.8572715  76.25380743  243.2374998  61.87619375  431.9149521  199.87803  109.0897997  674.3997993  145.3007552  -75.8789375  317.2406626  -9.834514207  -88.22773242  388.2546647  34.83661095  260.6014859  -85.57655016  554.7795265  -53.15851895  4.673333278  301.4538688  223.5220008  -76.66685497  369.4621252  157.6742763  -75.54431929  31.55784575  
189.3386155  670.5323056  246.4009061  -82.7331299  76.56752712  235.0506978  65.44769648  429.5125861  196.7423921  108.1020973  675.7330833  150.6461315  -81.25623159  319.0087714  -6.551995158  -88.85287107  387.6677205  33.10197135  259.7615874  -82.50226373  553.0348109  -51.26890934  -0.7474055008  305.3676232  231.1255683  -79.18564305  369.1421597  160.5094997  -72.04517679  27.86222832  
187.919  662.2557446  247.5241239  -73.10447711  74.82766034  240.1126456  72.25413402  429.3588969  207.902416  110.4394322  677.2079925  154.0501385  -81.07060035  318.9718249  -12.03674867  -93.56214746  398.6207237  28.33675659  271.7236152  -85.17651997  557.9037748  -51.94574345  -4.435553839  308.4747349  224.4226796  -75.89557889  371.6831236  162.2300115  -72.0566017  28.93515656  
189.6626234  665.1304728  251.9165902  -73.11281807  87.19832272  235.5234219  74.92904752  426.1533634  205.6829483  107.0153541  680.984716  161.1101739  -71.98175771  322.695195  -17.89474158  -96.26438294  394.8080257  38.72738585  262.5970313  -87.98912186  559.4992638  -43.77282294  0.1730733932  316.9864453  226.8968421  -82.52262555  375.2843541  158.2490054  -73.74731795  23.81720673  
193.1327854  666.2881135  254.0876233  -80.43297328  85.51783129  238.7686406  78.53433832  432.5625793  204.3970232  106.4659522  672.7624228  164.1149297  -84.23620892  317.9369018  -12.06698489  -91.94466837  391.6944336  35.54897942  261.9724589  -82.1075678  557.2389726  -44.69332443  4.372309279  311.9931706  233.026892  -80.25197831  371.7444305  158.0089474  -70.38576879  24.69242489  
192.652362  671.1054219  251.1878364  -89.70585616  77.59512303  241.5005806  75.53776688  435.9687072  208.8745897  106.0569971  672.3188426  167.2014074  -85.53380671  318.0859551  -3.543971564  -85.57412053  388.4919736  41.15216657  260.279054  -79.98253616  557.461646  -36.60129864  10.78340891  306.6621634  242.2958623  -69.94733701  380.7726716  152.4577879  -74.01463414  30.40534807  
191.4784305  668.7613322  246.3638629  -92.6136321  74.23009847  244.3584636  76.22278068  426.7927995  209.5542257  111.0184455  673.5860311  169.4438692  -83.28987601  315.6482  -1.530114025  -82.36658302  385.9294265  42.30267161  246.7688599  -83.39522697  555.7753454  -34.76072014  16.07809524  308.7160728  241.6081975  -78.49509849  374.4265699  149.1975738  -70.74868592  31.98947691  
182.2674722  671.3656176  237.7708095  -87.78405495  82.83377477  239.5217188  77.40915449  426.8223324  214.405694  110.9095518  672.8778335  165.5656111  -78.7165337  326.4782351  -10.56636503  -90.07406726  400.4813469  38.44359104  251.2102594  -85.20089109  561.0823164  -39.8823142  11.61182211  311.7506112  236.1006465  -74.72921654  378.3768048  160.6235628  -73.73629847  31.61190416  
175.3900261  675.1245386  236.1134614  -89.23757771  80.14617665  245.8750675  77.14389907  427.8470236  214.2258985  112.1676815  671.5120096  149.8861275  -74.2831831  323.8032523  -8.690637453  -82.67940079  393.7802057  35.38882705  252.3799237  -85.31954905  558.3294616  -40.23156791  11.71459043  301.1552901  232.7085094  -72.40192837  382.0680098  160.1458195  -81.17169319  35.93512909  
176.5384827  671.3755489  234.9785627  -88.81581443  85.35434556  244.2206274  74.85734351  426.5771307  212.4207993  107.9807176  676.223498  151.3153078  -72.90040083  327.0939659  -11.1027838  -86.60375823  393.8700604  40.29133063  247.116572  -88.74024132  559.5032406  -43.13881863  11.27274468  303.940854  230.4515408  -82.31321468  373.8821315  162.0280319  -77.22528403  31.0065648  
177.5086296  670.4313273  239.0253089  -87.69169385  82.42078884  249.9139767  65.80652284  431.3415184  204.7724142  105.8447342  677.4316767  143.013265  -73.75505494  323.2033  -10.09037646  -88.08732457  389.1956073  36.66696852  253.987827  -95.71153789  559.2934585  -51.17901538  10.9729716  303.1650857  222.3302271  -86.07375885  364.1906449  160.8943373  -77.40590169  30.60769306  
181.6926857  665.5155138  237.9457727  -80.43802885  77.29081858  259.2380574  63.36634506  434.9468201  210.6395289  115.6794634  685.9629574  137.8631734  -80.00053292  311.4465604  -10.61357451  -90.00619952  388.3773504  36.25152404  267.1374121  -94.65483279  558.8765189  -56.09693926  3.728652824  299.2509072  219.591295  -82.95296798  364.2570058  164.1855528  -74.27155104  32.1877718  
185.09186  663.6049384  236.5632882  -77.23936305  76.59703103  242.3658951  64.07973624  433.7607714  207.1190273  117.0955241  688.8769262  140.0627287  -88.63071233  321.417023  -14.57316322  -93.66603456  392.8161479  38.54489964  263.832903  -92.73281505  556.5365031  -53.54291402  -3.064139836  299.0469249  223.8775181  -75.21924899  373.3901952  168.2292108  -76.44181313  32.92325553  
184.1417726  664.7441241  236.3677191  -80.97059767  77.40288013  245.1789429  63.65776073  436.3226801  208.9827764  115.3998128  686.3485972  144.275985  -83.49294828  320.3468317  -14.20973326  -94.39168717  396.2527491  44.11060411  268.641378  -93.26867129  557.0447365  -50.91075532  2.502337975  309.8654506  222.353134  -71.85327605  376.2226489  162.2074247  -76.54663464  32.36728241  
188.7216795  671.3584548  239.0824774  -84.44743897  88.58620539  234.5133447  69.66754374  429.0436491  207.3740786  111.354339  688.4598496  155.5456298  -87.64902621  325.3250199  -21.37037078  -98.89367991  395.3980671  47.23779747  257.8463217  -97.2992195  561.6531748  -49.60112411  -2.174177584  313.1670534  229.2028848  -89.69437302  367.9422561  168.9973503  -75.64790993  24.13041735  
192.0161735  668.0279962  233.564416  -86.31892936  71.41512051  242.3002604  65.05666929  443.4148616  215.4883732  110.6468876  689.0980916  149.7244995  -89.77953067  312.6907241  -18.69848301  -92.29531911  392.9919938  40.86805266  271.885645  -91.00700698  555.3573212  -58.45404367  -2.701733353  312.2285876  223.8478184  -74.13735488  373.432977  165.9598812  -85.00494713  28.77404509  
189.7822781  675.0026955  231.8053435  -85.47474639  69.68210348  257.9754703  60.20681835  444.6285018  206.9917473  119.1766815  686.0037865  143.4291315  -90.36526671  299.8347584  -14.27260484  -81.64814568  381.8767853  38.38887904  265.4772554  -90.63523936  545.620627  -57.25105333  4.979057189  293.2083734  227.2209277  -77.96296009  375.4927613  161.883038  -85.68563523  35.88622734  
187.1212761  689.8702938  231.2310199  -96.79726547  57.70089601  268.453736  64.98800189  440.7611846  211.8986334  118.9117561  678.1198238  130.646892  -83.38927125  295.4042296  1.177323368  -69.5413144  366.9011931  36.40800008  266.4129986  -83.41345263  544.201322  -55.98090283  9.527819312  285.1612072  229.4646612  -68.82159445  373.7539255  157.4137393  -93.25682203  39.88119372  
185.6469642  687.8843228  233.5082558  -101.0891588  57.84574373  264.3476647  66.90927181  440.2667557  211.4021324  122.1556168  677.2598409  132.8667573  -83.79190053  294.3532263  4.153950338  -62.41287303  364.0470448  34.19967703  254.7610328  -79.57702422  540.0117696  -50.01745394  14.92708291  283.6736119  239.034083  -67.7557261  376.3063355  151.9771557  -90.78037571  43.07839494  
183.8637601  681.1861566  234.9400966  -97.30358137  62.01606355  255.9315761  69.43407901  435.7661472  218.4672152  116.9540911  673.4703932  143.8843543  -82.35874277  305.7581438  -3.305292594  -70.82189421  372.5930453  30.89398293  255.3615281  -84.83011475  549.3354187  -48.22461109  15.05636339  289.234604  235.7661432  -65.97901943  376.478228  150.4505799  -86.75261841  40.9843031  
184.7530887  678.9813525  238.4161309  -98.48240337  75.83674628  255.377093  73.73758672  431.680865  217.1597859  119.1218638  677.8923825  146.4185701  -79.41550195  311.4419864  -4.988384739  -72.08104062  371.9376922  37.03726479  251.2035736  -87.08296588  551.8753978  -49.60801785  12.6508548  293.7469334  238.5458602  -76.52091291  372.4444391  150.7534358  -85.42828134  37.28477865  
188.6060758  675.0940486  235.4101758  -93.10946863  80.13758327  247.7921838  70.87229318  431.0312703  205.8859547  121.9561736  683.9274064  150.3472458  -77.89121675  313.5633948  -11.55093687  -84.74545638  377.6475538  41.04837457  254.8331054  -91.90204472  552.9179844  -49.13122754  8.753279984  306.1399324  229.810242  -86.47403896  373.5737292  155.4447377  -86.06265686  35.27925236  
189.4978069  671.0253222  237.4650244  -83.77001416  87.57510159  245.5646116  67.31085693  430.0464177  201.0965548  121.6404313  685.2273556  151.8188206  -79.07367626  313.0581301  -17.33508282  -88.25484282  382.0160671  38.34952383  254.5470666  -92.98560915  555.5194259  -53.49967406  8.825426466  313.8558962  227.5398929  -98.50176011  362.773956  160.4032384  -75.27026342  29.84219853  
189.5022643  677.025448  237.7513822  -81.30355645  81.22271345  241.749282  65.03594089  429.7159745  203.1033737  110.6706792  684.5444574  145.3748271  -78.32178461  316.2760277  -10.41820671  -90.62679493  386.7605412  41.37566595  259.6164547  -85.91967833  557.6023415  -55.6422857  4.787629382  318.694562  221.349223  -92.82761332  358.4892634  161.4831487  -82.07664634  24.01966115  
187.816764  664.7113792  244.777811  -78.91935179  90.91067479  237.2624849  67.20777184  432.5466626  196.1004815  107.5047083  678.8226261  146.2659161  -83.48732482  324.2390427  -12.69493531  -90.00292437  389.5695418  37.67116823  252.8186438  -81.6493852  552.1249779  -49.23878665  2.953069654  315.4028861  228.2097735  -86.13331618  367.1317499  161.3088345  -77.90626098  23.55666759  
187.1863942  663.8044495  239.8468182  -82.41296764  80.6222711  238.4646313  66.498828  434.0678866  211.1774945  107.4325224  675.7868234  142.4653857  -85.73945238  321.7684339  -14.23953941  -88.02606801  393.3484012  34.47216707  259.242738  -78.12552203  555.9109098  -50.0038197  8.12385631  316.1513055  222.0138025  -72.80524004  372.7301701  159.3239022  -81.22264592  27.58846292  
185.5773871  673.3186131  239.2177364  -88.51669987  79.62211951  252.319755  67.59922957  429.6974383  207.8451661  111.1131179  676.0095163  141.2962485  -82.19308516  315.7149342  -7.745895109  -81.71457867  384.1099488  41.37938849  253.1368705  -84.79826581  555.1409252  -55.00920817  16.53329698  307.8928366  220.7279111  -87.18536877  358.1735243  156.8634702  -85.37196668  29.60189965  
187.4030628  675.0917224  237.130794  -85.64392967  83.2845486  241.9228992  65.24951908  429.2952127  206.0128721  108.3241269  681.849863  147.8363817  -75.54109322  323.2904298  -13.73841682  -91.50308024  391.9746819  40.66363685  255.8811239  -85.33236378  558.055839  -53.03371091  10.11360113  315.4703266  218.8717606  -87.31160395  363.6681097  165.4447462  -79.3339285  24.90805455  
186.5609302  675.7223085  242.7351523  -80.16061936  82.67646443  239.7519167  64.07659709  432.9215563  198.4574884  107.7376986  682.9476305  140.5236287  -79.6552888  327.3092358  -17.48252955  -93.29153815  389.3348619  43.16262129  254.5165391  -89.16221213  556.5191161  -49.79262845  5.241970031  312.035816  221.8056136  -88.76791647  369.7487563  163.4799845  -82.50375786  25.4607448  
181.9498187  683.473072  235.7756025  -90.35475837  70.83847428  248.0333501  63.77939666  436.2969407  213.3051407  106.3972446  680.8693731  136.0394843  -77.25763126  319.2580436  -9.30719477  -85.80164903  381.4726069  43.86619726  259.7487266  -87.27361248  562.4413282  -53.21909992  9.417834746  299.1080297  219.8423683  -74.64623671  375.7623798  161.283803  -86.34404844  32.71998445  
182.6159408  686.2211892  239.8584585  -87.31859052  75.84701764  247.3627922  70.0598715  436.5161737  204.2544226  112.1451625  672.1933276  139.367364  -81.94731237  317.4070303  -7.670211118  -79.97905425  385.7988485  36.65135797  259.3344276  -84.20252316  559.0676867  -48.7271505  8.326422681  290.5512456  226.0757645  -76.66199028  373.8051252  163.4219977  -89.42336623  34.00854147  
182.949736  686.9261306  239.4526707  -87.58592767  71.65417985  231.6245115  71.06451665  431.536437  224.5085349  99.68000431  672.6874361  151.7686981  -69.71278456  336.8031373  -10.41055182  -92.95533155  398.8225803  40.67820198  264.1022412  -87.07420601  569.2170923  -48.66375335  -1.747940014  303.8292042  219.6716793  -63.11429933  390.3079249  165.4155609  -88.29201669  29.74848015  
174.2141007  681.5443613  247.3633878  -96.62961832  88.11601791  224.7766958  59.99529481  442.6838763  174.1986256  89.78992563  645.2533481  143.8183675  -78.92723153  354.6148879  -5.700409862  -92.04747283  405.4720041  18.89749715  261.5654899  -85.37179274  559.939526  -36.6827411  1.584607595  280.7365198  232.7145921  -55.04739162  391.0052371  159.2082892  -97.24058034  37.90375549  
189.4151742  676.4459856  252.6166249  -97.20245474  87.07396238  250.1706879  66.39299775  445.1012855  193.7168175  109.3776773  670.7001046  138.758999  -90.52296262  318.5869081  0.4902185318  -56.65824543  368.3094221  32.83466223  249.4051901  -84.76084797  543.6692038  -36.36234194  7.870118013  272.8274844  253.3806571  -55.26686236  399.9836199  156.5527265  -96.27241548  50.87130139  
200.5420685  673.352687  248.0494836  -97.46151232  51.52159059  243.3383118  82.71148623  431.8235602  251.2518335  104.743357  695.2037897  157.8157009  -82.84654002  323.4611442  4.721511978  -74.26064969  376.4390375  49.2764234  263.4366522  -92.34530485  559.6356587  -45.40414084  -1.886532368  299.1128982  238.1091795  -47.02655047  408.2260594  155.664653  -88.96299017  40.67155992  
194.7016921  649.0615486  253.1064451  -82.55002804  81.74304734  233.7774987  82.5061973  423.4883198  210.8742623  119.4079508  683.0765226  161.894691  -84.69387364  321.3029468  -13.0327207  -94.83381515  390.2660692  30.50751762  256.1230251  -92.51526595  551.2886006  -50.20471966  -11.84195242  307.5771433  230.5588436  -82.99804847  375.5676933  154.8961593  -88.9381861  26.92726242  
188.758942  662.6574533  244.2498341  -78.58913191  87.16895724  230.9449767  64.1510409  424.5692553  196.0234254  107.1709883  689.9014965  150.5041233  -80.15126783  330.6018659  -19.23706251  -108.9761714  399.6727008  37.5457305  264.5367271  -94.19711724  558.3211999  -66.73112692  -20.62588306  309.0832861  218.4441456  -86.21903274  374.0173117  179.8744282  -79.1466256  16.69746308  
191.8081158  656.6755079  246.137208  -72.26584617  73.05159789  255.6021213  62.32113525  438.483708  191.5055774  120.8221451  688.9880956  133.8564726  -86.98154662  300.5891671  -15.61224268  -90.47450064  381.1566636  30.25610856  275.3310314  -89.3688517  543.7934525  -73.10904151  -13.10858913  298.2020794  215.659713  -81.37880548  366.0637527  172.7250893  -76.52543879  29.21416065  
191.5498498  667.1022646  242.4897442  -78.77790789  76.4581771  255.7869608  67.49666704  429.2892008  206.4383527  122.193556  696.9552514  135.9194635  -82.81890234  299.7286294  -15.8159591  -89.86592772  377.7415931  39.27491492  267.5375561  -84.28187224  551.7308831  -68.68418394  -13.11999589  310.0879324  220.7536993  -89.39994412  365.7992264  167.8525401  -75.74406301  24.40070196  
189.6202273  674.4221908  239.1038526  -81.45943549  78.66516797  246.9530036  72.13816329  439.1794857  205.3007423  121.9389834  688.4218318  141.8288503  -83.34010107  308.2674824  -16.9818988  -96.38473925  399.295988  34.30156914  268.2021089  -79.88604276  555.2101527  -59.50610145  -10.1868438  312.3713903  219.0415127  -76.74200662  369.7214965  167.1712454  -86.1909514  24.01525525  
192.3148449  674.4849352  240.1441197  -86.64880522  61.18461652  265.705051  68.14409996  441.1447051  211.7307513  127.2173622  690.7118579  139.3122706  -86.60407943  292.5290505  -8.722675205  -85.56920549  378.3648242  37.53748537  267.8366866  -86.01517712  547.3654828  -68.60909218  -1.934035372  301.1540288  221.4675663  -76.16393952  367.8688987  159.8554979  -82.32208367  31.47747864  
193.6686416  679.4186909  239.8825255  -84.2523275  68.0880177  261.2631691  66.5370337  434.333431  206.9444569  125.9711059  691.2930897  133.0402403  -85.10800127  297.5032709  -5.845221793  -80.55461334  371.9316481  35.89670001  257.0373279  -78.74286658  543.94972  -60.23198988  -6.073456233  297.4280589  229.1388183  -78.35456016  377.3855689  163.948529  -82.54484017  34.1600182  
193.262045  684.8153422  240.8589995  -89.0389002  64.1031239  256.6190949  76.97393167  430.7029533  212.3945976  123.9551111  691.4167965  143.3402324  -73.93692904  297.5715691  -4.59100991  -77.50220638  364.7851582  43.38503917  251.1538644  -87.5731345  545.2696488  -56.47699  -0.3818702863  302.483093  230.9120318  -78.87527475  376.070823  161.0115843  -84.31568403  35.63582258  
192.0452969  682.8547235  237.5108227  -92.18785456  62.95291244  253.7102974  78.72175023  435.7226189  207.2739246  122.395473  685.2144048  145.8041146  -76.32721001  299.6293395  -3.417091606  -79.37952575  369.850879  39.06221752  261.5237268  -84.41451063  547.4334432  -56.52252619  0.3820350955  305.8435551  228.5005107  -72.41228413  373.5938712  160.0577406  -88.68218908  36.73943754  
189.0366217  679.9597227  236.4671747  -89.85892427  70.12954623  257.9126415  79.88716679  430.1395945  216.9625595  119.700791  686.2264303  147.0298911  -72.30265466  298.7761729  -1.785351182  -74.97938862  369.9368021  41.38224035  254.8711117  -82.23874118  549.1438797  -56.2441484  2.92351064  307.8846086  230.3313508  -73.92401509  369.8075658  161.0334556  -85.89865171  33.99588193  
187.8322904  683.7832856  232.9315957  -90.78977034  64.56076032  253.4610375  78.81561824  431.4760325  215.6000093  124.9131934  678.8292217  146.93851  -72.37480851  298.1168453  -1.946890801  -74.8635109  375.6195226  34.46972775  255.913144  -79.68771647  545.7498931  -48.01847154  7.340434038  304.7879063  230.1489853  -72.1397762  375.6132778  160.8685981  -84.990117  38.32161578  
186.7564288  688.2851536  238.2260337  -94.22454055  70.45585792  247.5379029  76.47712773  429.2189017  211.0862037  120.6787918  677.7906306  151.8072215  -70.15121767  308.2796056  -5.380014391  -81.25383214  380.4363958  37.42145074  249.2195099  -85.94313542  552.9136626  -51.21819308  3.493813826  306.2769613  231.2418215  -82.05708833  372.4247463  163.3145385  -87.4821079  31.60426542  
190.0254508  679.6308314  241.2085139  -87.75684226  77.02019725  242.5700893  73.67594236  436.0428919  204.3503575  119.118617  684.0035776  148.8753046  -75.17648124  311.6724554  -16.79019305  -89.45326039  384.1153525  38.00355414  253.377327  -89.01101718  552.6530381  -47.56773772  0.5203542441  307.7527051  232.40332  -82.25016177  376.7140456  164.4100336  -86.68091797  29.03428535  
191.8365641  675.5265278  243.7065856  -84.99787486  70.33147854  252.8772953  69.07054515  437.4883865  206.1696277  119.8502294  688.0153693  141.9450921  -81.276118  300.7935912  -9.649329967  -82.64065273  374.4898698  38.90926918  260.8530062  -89.81365351  548.344546  -59.4370822  0.1447524864  304.5880241  226.0018903  -87.41270495  369.2481778  163.777344  -78.94734982  28.48358682  
193.0750915  672.1164421  241.9510392  -82.95941692  72.14127424  244.1965954  63.02549075  434.1032213  200.9135929  115.0934238  684.9927612  141.7619769  -85.78338998  307.5384862  -11.69658504  -87.03405008  380.8516326  40.2486499  258.1990681  -85.54715524  549.6635501  -54.77773491  -0.05414364548  306.2909177  227.8467564  -84.03806232  367.8866263  159.9403566  -80.22759788  27.96515026  
193.3595951  676.5080295  239.0522229  -84.48831548  67.88161801  247.8200904  67.82598359  439.6346944  205.8819496  117.470218  680.6848374  144.1661212  -80.84434585  309.1411504  -12.61241345  -85.06028131  381.2062441  38.23692728  265.2592692  -85.84028636  548.1401197  -51.40069354  5.977811882  301.7331725  225.7171175  -71.90973224  377.950616  161.6070213  -81.65594109  33.96450292  
190.5789436  674.3889495  244.7033697  -85.47648528  80.21258798  248.7314733  76.21964097  433.6998857  207.5128329  120.8556643  681.6363057  151.3981003  -82.31192196  306.5735284  -10.38629255  -81.7548506  379.9128185  41.40225436  260.08171  -86.00924032  553.0868728  -55.0126475  4.195913035  303.4520249  235.6214719  -76.06334132  374.6042891  159.6082021  -78.05347379  31.99409626  
191.4815457  670.4291511  243.4396226  -87.96964151  71.26666502  249.9328805  74.64974224  430.9633602  209.30561  118.6229885  688.4895467  149.4108982  -80.26693356  305.5924267  -6.408542711  -82.34740128  377.8286522  45.95324184  262.3717928  -84.03435035  551.5962782  -54.0364186  0.1962848141  312.3138003  235.2274444  -76.23905391  374.2996031  157.6012987  -77.10141562  28.02694049  
186.2425983  668.6214872  240.2722454  -94.01027661  66.2718024  248.6223951  72.11975991  430.8927128  209.7256719  114.4905432  684.5825188  149.8229958  -78.55512343  307.2978685  -0.6251572441  -82.00371678  373.6937337  46.07357972  255.1244267  -86.87060432  550.9707285  -50.55096079  8.592024262  311.5762328  232.6186826  -74.38867775  369.5122202  148.3166796  -79.17782626  33.73888255  
185.3811617  663.2647661  236.967965  -90.44005978  71.10995338  242.8014968  73.47679421  425.6210602  210.5427021  114.6711924  683.1611236  157.1788546  -78.54621646  311.7170195  -7.030210295  -88.24421021  382.8396725  39.59440203  254.1853177  -91.22790178  555.665802  -49.77889473  7.832558023  314.6655912  229.1114933  -80.01368125  364.0400875  151.7413983  -77.5641385  32.4515975  
187.7454144  653.0683324  249.0545722  -79.13823265  97.17141382  221.5760408  75.82268674  426.4677775  210.4279122  110.3205394  687.3936326  163.4308474  -82.04647343  335.1695667  -27.16238325  -101.9807026  409.2844114  38.89864127  250.10503  -95.93922656  568.8190413  -47.93819121  -1.707698124  324.8544552  231.8315481  -92.67857562  367.0596394  165.2333574  -74.61210803  20.49859786  
187.9280815  667.0755025  248.8527576  -77.65478353  92.87743608  234.081714  75.58198703  434.8351856  214.7306911  112.5626758  685.365288  152.3265474  -83.79523987  330.5766675  -20.637428  -92.33789143  399.9144898  42.55207497  253.3037837  -90.55993888  558.7557939  -45.02621692  0.9747365684  311.81419  232.9047901  -80.11093485  380.31879  163.676714  -84.30768973  24.60605134  
187.6373789  669.3992442  248.0511947  -85.81362243  82.27165404  246.0157569  72.96410009  428.5364477  216.9041055  117.4300976  685.1205903  146.4625451  -87.80574713  313.4444564  -7.849224489  -80.65957603  391.3752931  40.49599609  253.7141269  -84.68044986  557.2587772  -49.57495675  1.699141231  301.4670662  235.7345292  -80.44667722  372.1299677  159.4528453  -80.22099379  28.42529745  
189.9902954  670.6343688  247.3718998  -90.4505467  72.56544509  239.5317087  64.93711666  424.7010752  214.6757048  111.1198571  686.3537175  145.2010736  -87.3496632  315.3661969  -7.088937152  -81.51760163  382.3817704  39.97013097  252.3853816  -89.14679819  563.2489967  -56.64161963  6.531134517  303.0371002  237.3462162  -86.74082874  363.8938365  160.0422847  -73.57792207  27.21519418  
187.8436918  671.2692649  240.9920428  -86.89423826  66.79971056  244.5376006  67.45545941  435.1053879  212.7600039  113.6803135  675.4800091  151.8620349  -80.1236185  314.2846259  -8.158371862  -88.25881842  393.1304046  34.66286923  272.2267598  -87.74608295  556.446685  -49.62179426  6.552796907  306.9978682  226.4948568  -63.3465238  378.1643166  153.9063783  -82.1077807  36.23850764  
183.312015  672.4675615  239.1880301  -78.6018794  79.62325235  232.1414167  74.12374612  432.2643648  212.5113119  114.7496248  677.11376  157.7225127  -75.73822786  322.7725499  -18.22524488  -97.43937247  399.4593429  33.12027508  264.2256407  -87.59095873  559.5634299  -47.35087989  -1.651499976  312.3274611  228.2300869  -70.10466816  380.8255381  163.0628354  -77.48568058  32.22468124  
185.1456112  666.9081887  238.3306063  -73.28248384  83.63836011  229.0622256  71.53120674  434.8031093  203.3051011  108.9067847  678.8698038  154.7558682  -76.7485181  331.6770667  -23.56977976  -101.5191804  398.3533219  34.0921359  262.9671703  -92.74352483  556.778885  -46.66095946  -6.478638482  311.9528864  221.4489589  -73.82878698  379.5445166  168.999288  -78.66192571  30.74165344  
187.5286427  662.8286694  238.5256202  -77.14718779  83.05196337  241.4419277  64.30538088  437.8489287  202.0794089  107.8606227  679.7626943  152.3266174  -79.32892271  323.9933047  -19.4369959  -97.99687299  391.7504273  35.08126209  263.0529127  -95.0138005  554.2994316  -50.84661456  -2.06237523  306.550753  217.4357088  -76.50160176  373.6400483  163.623955  -77.56858212  31.01940806  
190.6810829  664.7279639  243.9773295  -83.23117423  82.69332302  241.7550934  63.36131041  437.8900279  199.5717356  106.8230379  681.7389044  152.7956395  -84.33068714  320.8967304  -13.29649804  -95.00052395  394.3486568  36.01669397  265.2504945  -88.51803365  556.350082  -53.17086696  -0.6773310151  309.6193885  223.8816731  -79.27437003  365.4063149  160.2713477  -76.70415466  24.50787695  
194.1923722  665.9704549  246.7713534  -84.05529373  79.52053099  244.9678549  63.82418989  436.7869648  205.7635389  106.705367  679.6112051  153.8033452  -83.22250405  317.6353409  -10.33446198  -88.53867785  389.5051406  33.36411304  259.8141596  -85.58521382  551.2140912  -50.14898907  3.353700212  305.3098336  225.8250133  -72.82680473  372.6966048  157.283971  -76.03931275  29.40946178  
190.7327414  680.6688233  247.515645  -91.73885937  74.31342158  252.5206036  69.04201738  431.3515494  204.1226761  113.3570321  674.4812936  148.1244837  -81.95791201  309.1632797  -2.988632066  -77.98533857  374.6019676  35.44409699  256.1672666  -83.97628607  550.2881558  -55.81388957  4.736743564  295.4937524  234.0815858  -77.90452545  372.6038744  160.9002037  -81.00494586  29.98758246  
183.2356752  684.0881897  238.0010175  -90.49695457  72.19551025  261.3987752  71.03659456  428.9958134  208.0798483  114.8781615  675.6786942  136.4823291  -78.88391477  307.8806478  -1.319736712  -74.11455007  367.7824627  36.84420077  259.1560738  -83.95444103  549.7434384  -58.75511385  8.115700669  291.2975562  227.521694  -84.72873762  369.9305805  162.0354014  -87.514275  33.55587618  
184.3272733  682.9939296  230.9447797  -93.75225156  76.25809372  256.3113472  65.36156724  434.7267386  202.9144465  115.0411019  682.5457842  129.5285354  -79.71129558  314.051008  -2.730807978  -79.69073213  376.3787966  43.2565046  255.7174895  -80.39535815  549.7497608  -51.64209169  7.659874955  301.9196524  227.203164  -81.54869005  375.4540564  162.0014674  -93.35721717  33.15616126  
182.154637  683.9631018  230.2854818  -98.1881594  71.21121347  249.2126108  63.08246165  435.565809  206.2399708  110.1330907  676.0200846  128.8674587  -81.98251581  316.646328  1.534879286  -77.67326324  380.5101254  41.76849073  249.8875442  -78.38768435  552.5126208  -47.52459419  9.152486841  293.7443199  226.2760859  -72.41680522  379.1884225  158.5081053  -95.79037676  38.34690307  
