209.3947756  655.3054759  -29.148141  223.6484087  194.6566703  330.0602627  248.0949873  716.3965565  240.189879  265.4313529  696.1849701  282.9916668  35.76246681  670.9779542  -33.11142755  -97.2149535  570.7161299  161.7598194  237.2330572  -277.5475059  346.2691729  -32.54487986  -1.926352152  322.4253912  195.4909185  -119.4912155  390.6716316  304.0910119  221.8993267  188.9909934  
206.0814553  652.8484403  -25.59789834  212.8958418  189.9136837  306.5086951  234.9969539  704.6389495  212.5199083  265.4106253  700.128217  274.9036048  5.562676538  675.4876602  -30.66217075  -97.06717985  554.8740905  138.5976302  258.0527623  -274.3411049  348.5581661  -29.70105562  1.701943402  317.5868347  215.0850771  -96.14744146  394.471454  312.6602099  244.5784378  192.8048196  
208.7129627  646.1815791  -23.04857353  211.4212691  193.8930558  310.6182455  227.6763072  708.4755339  213.5497403  253.6190363  694.4179777  281.4728147  8.043617873  680.5447639  -39.26527143  -99.26513634  555.3460461  148.2950537  265.6659213  -280.9025749  338.9984813  -34.42649393  3.608335471  324.1066615  222.2519191  -97.11900047  385.0906971  305.1034564  258.8041307  189.16695  
208.1325141  652.3760278  -20.8381475  213.6218928  188.4086041  311.2127436  228.9675546  701.6025922  201.8128973  258.7223711  693.7445797  272.6875396  3.556299419  681.4676188  -37.96589113  -105.1169274  556.291258  138.1077396  261.1379226  -269.3853622  329.0514594  -35.72452051  0.9576430526  328.4888906  217.036886  -88.07954763  385.3286906  301.7076706  243.2529773  188.9857786  
209.6336495  650.6246826  -28.19285045  218.3810229  197.5431685  326.3360058  234.8388545  702.5563726  200.023814  256.2935498  699.3564829  265.7070348  9.683669426  667.3762392  -35.02315119  -93.80675067  557.9739435  159.4171365  262.10286  -265.8874196  331.9605741  -40.03110894  2.942158094  337.3522508  223.5898274  -95.08373586  384.9290682  303.1486939  240.4865961  188.085795  
207.9278101  650.5016271  -22.86831953  217.6233132  193.709931  317.2741979  230.6425603  705.6062431  209.8123685  256.3286711  695.364298  277.3633787  0.5885375389  682.3048566  -34.93110191  -94.71512638  551.6178288  144.052834  260.1790161  -273.9171444  343.0943186  -36.58892288  -6.074315775  330.1552914  226.8776947  -101.1147393  376.448017  309.7283666  246.4747838  186.1063523  
210.6094518  648.0660773  -24.13607295  216.2229345  188.38478  303.0411215  223.8694985  710.7985931  217.3039051  274.0868533  700.256005  273.2253183  -26.48402263  680.3861754  -29.32221898  -92.36932357  546.403939  138.7131631  246.9404472  -278.9495514  348.2241155  -43.60068973  1.810009098  327.1721282  230.7839828  -106.6356931  392.6911508  302.4063765  254.9673104  188.2347428  
213.7337669  651.6107432  -28.32105607  217.5128533  200.5818132  319.0243097  227.5871377  710.3467762  219.6137785  280.7839403  709.2267718  268.2100163  -5.12314076  668.9905045  -29.78163288  -93.96328558  559.8178811  146.7247978  257.7389645  -271.3300798  341.0256118  -39.0314788  -0.8997000159  337.7629835  216.1148152  -93.90964039  389.4835115  296.9333862  254.5364678  191.9804984  
214.4373573  651.4823388  -20.92774089  215.0896403  196.3666367  305.0672426  217.5505719  712.8097014  219.2602653  267.950292  695.205204  285.613367  8.463831932  690.8398671  -25.00121266  -103.9297074  553.4318128  139.1982437  262.5007896  -283.2401297  341.5038054  -39.71978094  -7.331234853  328.8644654  226.5025651  -104.0568233  385.4159169  307.3823645  255.7552996  189.3262906  
210.5207451  649.4323287  -30.90716791  215.0553097  196.6112611  313.5193482  219.2847426  708.250745  214.8680666  285.1391712  707.6503632  283.2759598  -7.257798539  683.0766908  -29.5365507  -96.77024289  557.8647407  136.0295497  245.2067155  -287.1213758  339.7031717  -40.8843156  6.185038903  329.6157915  213.8929526  -92.66939479  393.1892541  309.0627623  259.1661279  191.2646917  
211.2739313  653.1189177  -38.87172431  223.5481574  206.0070663  339.8617179  228.5373099  711.0822782  218.5662816  279.7123851  712.1164198  275.2096932  19.27394496  663.2953948  -38.57686841  -98.34932713  575.8643128  156.6896534  252.5241576  -281.0913575  331.4948981  -37.20873273  12.67211943  348.9089813  202.9059854  -95.21248233  396.2957354  305.4629064  254.2223561  194.718914  
212.6853434  656.9424386  -27.19758791  222.3482699  188.6911641  306.9371103  241.8087591  711.7895065  211.2108992  257.1623409  701.8413368  271.3863698  6.449212799  673.385898  -34.95743608  -99.04628612  562.7164509  148.9677668  257.5025382  -269.8907018  333.2474529  -31.93733908  -2.022045222  323.9291249  216.2557631  -96.17890136  389.1171643  302.9984885  240.8012292  190.3780832  
213.5261143  659.4988258  -26.77378557  229.3594476  213.627636  316.8751131  240.1644396  713.4847582  229.6006868  254.724219  695.6493245  291.0221785  29.99014715  687.4453284  -44.12399061  -101.829221  567.7788176  150.3354528  261.9485435  -273.1583466  335.6127002  -37.02853789  -6.600371695  329.9265494  216.523836  -106.1928097  382.9289133  309.4099877  241.9629629  184.7788922  
212.8782134  657.1933075  -21.22692256  218.9309261  189.9131747  288.0665303  230.8915056  726.8178649  243.5369413  253.8233381  684.1718623  285.4919751  16.78509745  702.2067194  -34.36151908  -98.71389316  556.8418563  118.4141043  259.5778661  -268.0686151  334.2492514  -30.294339  -8.721828971  311.497613  212.3436328  -110.0824844  385.7289579  309.9103286  239.7791871  187.276929  
217.2971114  657.2840534  -18.36138808  211.1605265  199.6739322  305.7504369  227.8024978  720.6795607  229.2048033  257.1813995  685.8764148  278.518179  29.81031805  693.5182582  -28.93320804  -108.2956421  556.7777665  147.327319  260.893674  -271.5767808  332.1391944  -40.25703861  -9.720200402  321.5481594  225.0268515  -103.1473588  382.9153359  299.7404616  247.8517802  186.794111  
216.0665255  655.5357768  -19.61999401  211.2603878  197.6913973  306.2203237  220.1031444  708.1240073  215.7831347  274.9702492  697.3272511  281.9877172  7.999265971  689.2165794  -30.62424292  -104.1160666  555.9778906  134.5123004  254.8548207  -276.253837  341.4380637  -35.9009662  3.148925715  328.6423186  218.6515824  -97.55837737  391.9493049  300.0942062  248.8231585  191.5000398  
209.834299  659.1399715  -21.63940079  219.1180865  193.1449433  303.9339787  219.8593881  711.0547304  211.2795199  274.5271236  685.3815986  281.1320044  11.61549307  696.7884503  -30.96905783  -106.2216713  554.3593539  132.4733169  255.3892519  -274.2084894  345.1134572  -33.69609767  0.1739959407  328.6248022  225.04477  -98.00310733  390.5843226  309.6111757  247.0243323  188.7882767  
208.194496  664.1905265  -30.00638599  218.9491328  205.0291033  322.1833838  227.6531106  706.7201031  210.3328616  277.0443245  692.6981728  277.0204583  26.5315457  681.8827917  -39.58834407  -107.8534636  565.2558463  146.9237771  249.3243432  -272.1861462  338.9410875  -34.93184912  4.501267678  330.4309126  217.963897  -95.38894485  393.7490532  306.2329351  237.2282865  189.5571319  
211.452059  664.6544578  -30.41343964  217.4176965  199.8741365  316.393794  241.9888249  703.4376753  209.9006165  261.9149245  690.2450833  263.8690102  31.58947037  669.4281174  -35.48894892  -99.85472233  559.7999375  147.3626999  255.7031676  -258.5430652  338.3639418  -33.76650024  2.940077488  328.4725825  216.6584136  -104.1788812  392.2368487  302.9355994  224.9310373  190.7578547  
212.9091479  657.9616163  -20.292498  219.5165729  178.2536351  297.3931667  248.0361502  702.5986913  218.5615421  248.0023457  692.8871627  260.4511159  -1.692828335  664.2253458  -18.65978098  -85.65352433  548.5308867  153.0095891  248.0594747  -263.3841787  351.7661163  -45.6047285  7.314299762  321.8181903  234.1177696  -123.0567803  388.1837426  300.8827833  226.4560306  199.3979745  
208.9707427  653.5234558  -24.87412095  217.183581  192.7890774  321.5721116  242.223411  703.3143424  218.0037318  267.3189544  700.6606757  275.9272525  -3.052063642  672.6885589  -36.45536935  -88.43683354  563.7324464  167.9935188  259.9636089  -277.023538  347.1074857  -37.25016274  7.778816661  340.4330698  232.3555211  -100.0534953  393.021416  300.102113  248.992373  192.0770849  
209.8179979  651.9830536  -30.05466952  216.3317445  196.5276447  317.7552435  231.7225454  704.8943238  213.7039279  279.7938748  708.5724182  277.156925  -6.464800768  673.877593  -39.32530883  -89.71946756  558.1929399  140.7309375  249.8068135  -275.9025635  344.9169421  -28.31380046  5.363948911  335.6987881  212.9570144  -91.2692451  386.3382808  307.3752232  244.2772  194.8826156  
210.07952  652.9899467  -27.13000464  222.7893314  190.5864966  316.9653375  227.1531327  709.3855158  215.6848881  275.9622835  704.1475713  272.1486617  -0.2975085507  673.186181  -32.74189909  -98.15174039  557.7528909  142.9949458  254.2906287  -275.6999756  342.2917438  -32.8694301  1.247814628  332.6584119  220.8426655  -93.92493716  392.9661935  309.1714044  250.0252507  193.7378833  
211.7521574  649.6011791  -32.55842112  229.0781581  193.9417933  329.4148075  230.1025613  722.3023758  224.6919477  268.5425293  698.9699102  298.0853425  39.83492763  688.4122682  -43.27121785  -100.8891301  569.2194451  170.1620507  255.2288275  -292.7138676  334.7333424  -35.3978571  9.096283738  320.713821  200.5124545  -112.1544868  399.0010846  313.2718084  253.3191706  186.3868615  
207.9219942  643.747315  -27.88548351  222.6732726  198.9970471  322.0416985  239.0670324  707.9290794  219.1052691  263.2029906  692.2425354  287.3146988  30.49462482  679.3898032  -38.54468735  -96.80395179  560.8558315  163.1988999  247.4634292  -280.6444595  337.3704779  -26.64625799  0.7551330055  316.3435979  200.6032645  -105.4412346  396.123932  313.0164957  240.4284689  185.2181472  
209.4121777  648.4102367  -32.40503679  214.8685591  201.0262965  320.7687978  238.3233278  704.645692  206.2883113  252.7306683  697.8844692  269.744664  11.90247402  669.6988191  -32.69587258  -94.20362265  556.5482461  143.7063467  250.3942355  -268.5733092  330.0044329  -37.38070041  -3.893439804  331.0902845  218.1425881  -94.05085732  387.6581306  310.8743297  249.1885434  187.3843606  
210.1503997  648.648269  -26.02488569  218.9505762  191.2408471  311.4452539  225.6822856  710.2290561  203.0797619  254.3007173  683.0026779  271.6024312  3.231493203  685.9198274  -33.86445382  -96.46612393  556.5860826  137.4537539  255.5828499  -264.3767537  331.5908899  -37.89524496  3.695517386  335.536063  228.4509889  -106.8456445  388.548604  302.4243482  241.9335311  186.1488149  
211.2525862  647.6766872  -26.12883145  217.7178681  194.4738721  311.995829  230.1494111  707.0568938  193.1238694  256.03301  698.1363942  265.4912586  -4.133744071  675.436271  -28.45016488  -90.04682483  557.5525594  140.2477453  256.0033776  -266.0226438  334.2319851  -35.0264111  0.338699164  339.5188151  225.8108825  -97.50052879  385.278073  313.0261104  242.714384  191.8278468  
210.7294387  651.3442759  -29.85138954  211.3186143  199.3657753  312.7759796  235.9152497  704.8410431  200.7746722  258.4680021  705.7763387  259.658636  -4.715033072  666.462669  -20.2656833  -85.92903731  550.9691245  142.3650782  257.9396141  -263.010595  343.9624558  -39.23647842  0.778193824  332.1646743  225.3970184  -97.4152471  384.2448044  314.137631  240.9547501  195.9605513  
212.3418864  650.2904421  -23.59339149  211.790739  187.9582771  289.6335402  247.4600036  702.3637114  208.4801907  252.7556007  704.7810773  259.4844875  -29.59705457  665.3789905  -21.67686542  -79.0619404  541.3442258  128.9557152  248.8805945  -259.4834278  349.5806353  -37.60643737  -4.934667464  322.3341127  230.5847302  -98.08637693  384.6215964  305.65009  240.0499858  195.4884564  
213.9012444  647.169819  -25.20109446  218.7984984  201.3079687  321.7729928  237.8416963  705.1925193  205.8649223  267.4393571  712.6283894  261.9152882  0.6309170362  650.6070463  -25.96930703  -90.8358525  556.0856598  154.937974  258.8132872  -265.7794012  340.6697807  -34.36571426  9.87847013  331.070089  220.8609702  -98.2379411  388.8742513  307.0646606  245.6084723  196.3774496  
209.1201258  653.2801305  -22.02612786  204.678976  189.0517347  308.6481398  248.8087711  694.6173926  211.868605  251.1801678  701.2008509  266.8682852  12.24475335  663.9257915  -25.39074963  -97.66470106  553.1273297  154.911916  254.8217334  -271.80586  353.614338  -38.01143361  7.429512817  321.806548  226.5256431  -104.2634827  384.9927611  310.9769164  231.9519919  197.1598898  
213.3007374  645.2182612  -33.46457884  217.056507  199.0087222  321.0416346  241.6943556  706.5118907  212.4777269  256.9478957  715.8484765  268.7943149  -0.9554894888  658.7713053  -27.65299996  -93.48424672  551.7688549  145.6017464  255.2220857  -271.2366535  337.9167884  -45.28366675  -1.434122322  333.4647253  216.3585209  -97.08064658  384.9652213  306.3777  253.9738304  195.0836155  
214.4801327  651.4469417  -19.13612432  211.0732509  190.5727136  300.3488974  233.8289851  713.7484184  224.1079573  270.4860883  692.0222922  289.3252557  -1.423303225  699.372519  -33.87770815  -98.20618255  560.362191  147.7878689  258.8904982  -283.0809041  341.3883683  -38.6148262  3.254325457  322.7254221  226.8819327  -107.3294297  400.0753037  301.3247658  251.0592463  187.8154303  
212.7485578  655.5752059  -27.51935169  225.5159727  200.5906257  311.7367948  232.7025285  716.905962  226.7982031  271.6625748  693.2438703  293.4941408  20.10716536  697.329618  -46.76957253  -104.4561642  568.5112933  152.4862448  260.598162  -284.0431599  337.8867445  -32.52557691  -2.009812276  323.7244636  210.9296588  -101.0905521  395.1015038  311.3601864  252.4144109  183.7104926  
212.2295716  654.5315106  -30.9842641  218.3844299  195.3607177  314.1973944  232.3109582  715.0371308  227.1023539  277.4997139  702.0836711  281.488045  9.391556937  680.7466413  -38.80092606  -101.6309726  561.2323465  139.9406368  246.8825526  -280.4924683  336.1454374  -32.18639694  -0.2497752514  315.3254092  202.286969  -98.93466289  392.2601411  308.5896327  244.6441404  187.7133788  
213.3332022  656.9307137  -30.5936612  222.2616307  201.8074942  334.6092402  229.4434495  710.1196533  230.0870497  283.2387379  709.89244  272.0930862  8.452563121  668.0132657  -39.4945719  -99.99316967  567.0983374  154.8357501  253.7865054  -274.7600934  344.0922689  -36.12496439  -7.078351049  353.3033493  209.1409294  -94.93135193  383.2529244  293.633835  247.3763842  189.4619444  
210.5988276  649.9332341  -22.81774195  227.3751883  202.5580142  306.4958928  218.8151662  724.3213015  233.5824764  274.2079025  701.58265  297.6958406  -2.312801075  694.7356705  -39.0982175  -104.2235305  561.3250984  135.8819359  269.9876954  -288.096515  334.0696165  -26.47897849  -3.070476658  328.9144572  222.9262062  -96.93514974  391.1159374  313.9534577  265.0436012  183.6271721  
207.5494171  655.6117238  -25.02747987  219.9539482  197.555984  295.618993  230.0815709  716.4170062  229.4701446  261.7007419  700.1007082  288.4504418  2.992695479  690.2008498  -37.71859195  -101.2258585  558.2914014  135.2291036  263.3529395  -285.4375746  338.8828067  -25.23224904  -2.906548911  314.8064686  221.7314751  -93.4038195  392.6826252  318.5074213  256.4624965  186.075088  
206.5518403  652.5694206  -31.30880085  224.6595655  210.0934897  330.1727587  226.4177269  703.0674943  206.590473  266.9585921  716.1392565  269.3461487  -3.862006155  654.9157076  -34.73970189  -96.34229982  561.7779133  136.8663588  266.9845785  -271.6987019  332.9102222  -34.75784903  -3.950637542  348.7577538  218.4088354  -83.08440725  380.8688089  310.1449338  261.547952  189.9398218  
208.7557001  647.5456837  -25.81529957  220.1204138  198.3989962  315.7019733  222.2688  703.589447  198.3182373  263.4246012  707.6460911  256.0307443  -18.72399425  665.7038924  -29.72265262  -97.2189283  556.4031234  126.8723611  264.8353638  -261.95119  327.3489624  -34.50224752  -6.737141575  342.2798923  222.9126287  -88.3068402  376.3954548  300.0989384  250.9976905  188.1531988  
209.103522  661.1809652  -33.7724568  222.5765185  203.9269815  326.0749207  221.7865038  709.9664832  203.7402211  258.3727509  707.2189807  266.8975731  17.41009065  674.3808013  -34.53755455  -104.1512198  558.5185962  148.9296682  270.0588869  -270.3318335  336.8279277  -38.50903626  -1.728951104  329.0044943  216.6278731  -90.54111851  379.5333122  307.540248  248.5415842  189.4344895  
208.1821506  665.8616267  -21.45734332  219.9245073  189.8147156  308.1435437  216.1656012  705.7892071  209.538358  265.3496328  684.5921027  274.127006  13.26161755  686.23601  -32.32593436  -101.5135758  544.6775828  143.4833991  268.1957767  -271.3863407  360.9476717  -38.52169695  -6.547978749  327.0081951  231.898428  -107.1106126  375.9579571  303.9606997  239.3143926  192.886502  
207.5598276  652.1396091  -30.84734125  226.9073054  189.1148798  322.3922235  218.8817357  716.5140253  223.1981665  269.2466706  695.3735774  281.7811243  13.82401901  689.3940986  -39.25221024  -100.8703576  561.0725435  143.8631393  257.2294969  -278.5287287  345.0084657  -34.35417677  -2.492077394  338.6445539  216.7300941  -101.9375687  389.8012736  305.4507167  255.5397181  189.8848498  
206.7932356  656.7769248  -29.07789427  219.8281476  189.1401112  316.2226789  235.2361153  713.1054288  231.9735103  262.54725  692.2344099  277.7342249  18.42283494  689.1405813  -41.85007735  -97.41494581  560.7976923  148.3472267  245.3678172  -270.529614  338.1586853  -30.54110073  -4.970317489  323.7730256  208.815176  -98.86573642  387.693103  299.5294057  235.4402454  189.2759205  
209.3988937  651.2947267  -24.99607704  224.8370487  198.0766347  311.9660797  230.2279213  708.8582699  212.3205032  257.1101169  695.6220207  285.4659277  11.96074276  685.6879718  -39.92377736  -102.3073118  567.8179189  146.898961  255.2729221  -274.7083461  330.5578857  -39.38607194  5.829813183  328.0303188  214.8479974  -100.9994373  391.4182328  308.1648449  251.1018875  185.3428113  
208.8711646  653.3373512  -32.11957691  221.045109  193.2359205  325.3490229  239.7877681  708.3130021  216.590176  260.7404716  697.2415245  273.6216323  19.64383656  672.468796  -35.82696138  -95.16107279  563.9517254  157.639324  241.7016907  -268.4480417  338.8682193  -37.87865662  5.735457635  328.7292892  201.6226714  -105.0057925  389.1424378  303.1347837  230.494702  190.4815066  
207.7961748  651.0354331  -25.29096114  218.5859996  194.3342669  327.0519486  236.5585169  701.5255536  223.838317  257.2934457  697.3806617  267.2769222  0.4727552804  658.8853649  -25.24316685  -89.42024425  550.526208  147.2623348  253.6194661  -265.1954703  350.5084336  -42.23555463  -11.93372565  350.9127944  229.5291851  -113.0997152  369.4582564  293.2408531  235.1181253  193.244955  
212.0086694  650.3382592  -28.52188311  221.1931261  194.435545  317.652585  225.8638884  711.0558676  219.9534331  264.1874426  694.9752803  273.1522023  0.5410330123  679.4357901  -27.5532819  -95.83903575  557.4367535  139.3326767  261.2955976  -271.9622252  340.3797281  -40.02838552  -4.652624373  339.1361599  227.6523754  -103.9432598  384.9697914  299.9605345  254.5480025  189.5427318  
210.5796523  649.603307  -25.79847638  223.6366849  185.5280484  301.7083683  226.2229007  707.8075643  219.1105289  275.5297367  709.1280632  283.003674  -32.01677102  684.7073371  -37.52718867  -90.5053235  557.9025447  131.9221944  252.4912123  -280.2597464  339.8608451  -34.09952903  -0.1644658238  340.6969441  227.5427642  -95.05246786  384.7239451  303.0454588  255.7355508  194.4835387  
209.8281022  653.72933  -38.00254036  227.3627697  213.1972139  327.9138196  217.2457581  717.5926858  222.5434601  275.4419232  711.6767645  283.6580275  3.905560007  680.4259798  -36.80559554  -97.70023381  565.4153605  146.0275482  258.9988046  -280.8254614  331.5330237  -36.54177282  -6.640015519  353.7585839  219.8320111  -90.55698969  385.4962613  311.2165799  264.6747017  188.0717698  
212.7183632  646.7847304  -16.39659282  215.5948303  187.3791883  295.958782  220.4486623  722.9381  218.9685275  253.8874205  684.0921375  289.8478781  9.274538291  708.7278419  -36.14435273  -98.99892169  550.0208315  131.5665087  263.116431  -278.5870757  332.4751006  -34.73057985  -8.509829382  321.9331387  228.5078998  -103.7587403  386.9222783  308.5085743  253.3671398  183.9427  
211.2428422  650.8071021  -24.16790894  215.9942533  193.8606781  312.9371438  230.1291881  713.063509  222.8641363  266.3776297  696.8760311  278.2904107  3.540868463  684.8421569  -34.51976177  -99.15838202  558.2531376  142.7749959  258.7847847  -274.9205633  328.1645227  -39.26890755  8.626514487  329.242854  222.4507317  -97.2354526  393.3947425  303.15602  249.9989279  189.1873698  
215.9911691  653.9319829  -26.35563341  212.7438221  188.9436899  306.1460611  238.1157866  706.4879903  216.5485088  270.475082  699.4605967  270.5555605  -0.5155111845  670.7498339  -30.21835062  -90.1547686  559.7906654  148.3667583  239.9695402  -268.055238  333.9682162  -33.83651287  2.452274804  332.6253869  219.9175017  -102.2168385  394.4815602  298.6112374  239.7206093  195.9169166  
211.8783811  647.3683279  -21.89229293  224.3699911  198.4607741  304.7424628  222.8599973  711.6038576  198.7361913  259.9373022  691.7497169  284.8920766  0.4394487641  688.4553589  -28.70671587  -93.97503516  548.5074379  136.9076477  262.6527487  -280.9707647  333.0309867  -34.86149758  -1.796905127  335.637695  227.2534527  -100.8074053  383.6592631  318.6126689  258.5744999  185.6884432  
210.6013804  639.4707495  -23.37889455  216.1093226  182.0468656  304.4146956  231.2674565  699.0404973  193.0673003  257.3431184  703.7834085  263.4764891  -24.56350721  667.8765414  -26.01403771  -87.79839491  547.6050805  146.9899054  251.7383757  -270.1522231  337.5119152  -43.05328075  2.489501422  328.2632705  232.5509706  -98.61299984  384.3952478  306.5048891  249.1689304  192.7996136  
212.0752057  652.713932  -31.66398792  223.7529909  195.1939783  320.1386358  239.0073345  704.5592398  203.3926095  251.0545091  714.9132478  260.1168396  -5.723927001  655.6781755  -32.2059603  -90.65750371  560.0575935  155.9665714  264.4699837  -264.7439304  335.2120926  -41.90399203  0.2649958023  341.6636534  226.0842518  -94.63298984  376.6774519  302.860924  244.4904406  192.9695617  
211.7324594  654.7181885  -25.77821203  222.6807719  192.0259568  308.4120862  223.6069842  712.1825289  204.8594191  257.3633608  693.3831322  277.2319346  4.506921315  678.0815274  -23.93164631  -95.98504059  549.6852847  140.0934859  251.6456981  -278.9840134  343.6778403  -46.65499899  1.080003261  324.4515273  231.0774199  -109.3912265  389.3671705  312.1642448  245.0611026  190.1950486  
211.02895  648.6195303  -28.29136462  216.9141961  192.3018741  327.228181  238.9589827  696.7397  207.2666638  265.5121513  712.3633327  262.6545114  -7.820040174  649.9700511  -28.64004688  -89.8429477  560.0450494  158.0695678  235.4475263  -267.4910733  344.7750911  -40.81954812  8.882420059  344.1471714  217.1700998  -101.0687762  393.9923526  294.5772539  234.6388416  194.9869737  
209.1604141  661.4214004  -26.34597722  207.6988591  194.2690358  311.784956  239.5483969  716.0024715  243.8769701  254.6003258  685.6458457  283.0990294  33.33192578  693.6482142  -38.22314571  -103.5474795  558.7499739  154.7735459  250.7163673  -275.4672942  350.3572721  -37.16746995  -11.29310376  314.1156128  220.0646682  -112.5551299  381.4285974  305.2016426  229.9418253  186.525351  
212.2511245  649.8938505  -21.52180334  211.1381389  191.5810888  298.0750765  213.2186067  713.3731392  218.9741791  266.1346859  687.8193638  286.9386694  2.381665749  698.6486383  -29.62228897  -103.5122647  556.8479689  129.8431093  255.8000946  -284.4314262  339.0652814  -45.35927155  -2.710723898  333.7029814  235.1551159  -104.829516  384.4926847  309.3177967  259.1006079  187.5065915  
214.6251807  645.2140939  -27.90973956  221.0445929  194.8439676  307.0897718  218.161617  715.9820548  215.911059  281.0689663  705.9653512  283.1141214  -12.57993698  691.0408052  -30.20169314  -99.05719114  564.5480291  126.8038677  255.6060179  -282.2672887  335.7047026  -43.52203385  12.99074267  337.6847469  221.1660229  -98.4804885  402.7447508  310.0698934  266.1457501  190.6071401  
211.9240316  651.7301238  -23.83231225  213.1706734  192.0669768  312.9842693  224.6683123  706.1559082  209.8550234  282.5082829  702.4943559  285.3898339  -2.990518705  685.0967202  -40.62670025  -97.87465179  560.9132866  144.6236076  256.00969  -284.5287085  343.0356818  -31.25023568  11.81961494  331.2716654  212.9721425  -92.50459607  396.203155  302.2408  252.0492202  191.9075232  
212.8500139  656.3006953  -31.84395326  219.4916575  208.0297734  316.9176393  224.8759597  717.093048  225.6215074  272.8620975  698.0476057  285.433031  25.86178141  690.4134865  -37.10947938  -100.756917  557.1067844  145.2599713  246.5893689  -279.8312094  340.7879611  -34.73097348  -5.652287654  321.063653  209.7946217  -103.7619654  390.0881388  311.1091569  244.2065387  189.6910015  
212.9200683  654.9555739  -22.96886432  221.8498873  208.455739  310.6398558  221.9865655  718.3795463  225.933654  277.8715129  690.9121241  296.581023  22.33042192  692.3604383  -42.23983975  -104.761253  563.8066535  134.681082  263.8041979  -285.0568711  335.410059  -24.59102686  0.2150295576  327.6451298  216.0385588  -103.1376904  394.8236877  312.0195674  253.7718112  185.3351767  
215.0754985  657.5557188  -19.07710634  217.3840969  189.51575  315.2007791  227.5293799  715.9997023  215.7819116  261.8227025  683.4809871  279.3262918  33.64690394  682.8139108  -35.74808847  -106.3587846  556.5903561  150.6930565  256.5521819  -273.3103828  334.4590113  -29.86339185  -4.155087689  310.7460496  211.2893323  -108.0155291  383.3423153  299.6536138  235.6636238  189.4899572  
215.7698722  658.5379637  -15.44516762  220.569401  190.690357  308.1106524  226.9526208  708.9444883  207.2506946  259.2003664  687.205406  279.7387777  23.05280104  681.5343476  -34.67275205  -108.0863904  557.3211453  140.1454823  254.5782152  -274.2845512  334.3682116  -29.7496064  -4.688021062  324.2805972  221.7763971  -100.5050872  378.0990101  304.5707797  241.8666165  188.5924488  
210.1592395  658.7280183  -32.4809674  218.1082997  202.9989457  317.935852  230.9089715  706.3198722  201.7782794  265.2982923  703.3736763  264.2771107  13.78155998  665.9692834  -31.05939663  -101.4064735  557.2471972  144.1619685  247.129179  -268.0361893  330.5656846  -43.25870869  -4.889638153  327.1286925  211.907312  -90.63470418  377.1733194  307.9943141  242.8559115  190.55557  
210.547396  651.0999941  -20.64829082  221.0909073  196.9085385  306.1224143  226.9167883  714.4243267  210.160831  269.911408  697.9442473  289.1728061  2.588276354  685.7509187  -35.94917269  -100.5720423  554.3302169  131.9969558  258.5444476  -283.6610269  333.3803236  -27.23083321  1.588526586  317.4418366  214.8514276  -97.98733006  389.5211721  316.198631  251.8891733  187.9489027  
202.6596967  652.2425113  -28.86973012  217.7094639  196.7261173  321.5700714  222.9489124  719.6355904  228.309579  259.8070205  688.4036543  283.4260446  24.86364584  686.5891066  -30.89506106  -102.3310408  551.7626309  146.8996766  271.9475704  -284.4932017  347.4150868  -33.14459029  -11.78071344  329.9220806  233.4920827  -107.6002917  384.323846  314.6095144  259.5709647  191.221939  
209.4526303  654.6869763  -19.57710843  205.1127393  185.1704364  300.3249374  235.9767332  718.3673359  232.300101  258.8807028  689.8028062  273.4150327  4.600262489  690.4461994  -32.69884063  -101.430596  563.9546674  134.747727  249.8567282  -268.7829536  334.9630194  -45.33034353  0.736656939  326.1361487  230.776365  -104.0694205  390.1480426  293.3232507  243.7461424  189.9907826  
210.616592  659.528152  -29.37336573  218.3021753  200.5060996  308.9024849  225.0081446  714.0915939  240.7539694  277.6700968  705.1130173  280.2802835  10.79366857  687.637171  -34.08687253  -104.8560484  564.2609298  144.2681922  251.478194  -278.6221582  342.913384  -40.68227848  2.973673133  336.5144725  221.6764378  -101.6992939  387.2174314  306.2359315  246.736457  196.6317593  
211.170108  655.9995745  -31.4798183  214.2420789  200.9280216  313.6782821  224.4526407  712.8740877  227.8138363  287.6319531  707.0918644  285.3603188  7.099335743  680.3747032  -37.63460873  -97.20549572  570.277992  153.6926861  241.0329937  -287.3961072  341.0910168  -39.32186511  10.43600101  334.0249881  213.0731471  -107.892232  398.6546181  304.7276742  251.4097023  191.8232061  
208.1683591  654.5954015  -32.74056484  217.6359277  200.2941468  327.6142638  225.4207279  703.6326565  227.0007464  274.4900376  708.0240398  277.8729741  13.316959  668.1669141  -38.22265153  -91.61280324  560.7087134  153.4242358  255.7917697  -282.0488683  348.1232982  -36.18428422  1.195363173  339.67141  214.1177394  -98.08572407  387.777896  303.4052435  248.721144  195.017804  
211.9323994  651.6322308  -32.28004954  227.0921245  202.0339447  322.8513219  223.8942455  710.1703402  225.7544941  281.0673699  703.4283387  278.1345483  7.632410493  676.8566232  -31.59120965  -99.51243978  562.8201789  137.7684487  250.6600976  -275.7141782  340.0921228  -41.69193265  2.635241423  342.970354  211.7482035  -103.8846559  396.1969925  301.3139522  254.8945991  192.8663838  
214.4806922  658.9636463  -36.86680218  235.8990663  221.1184717  339.4029436  240.062455  702.0643537  216.4566474  279.4516609  714.0891236  269.2415084  25.87739158  647.5105181  -36.64866946  -93.56910232  569.9291958  153.1258138  246.5205336  -262.8174038  337.1971111  -23.63679859  -0.4288271431  351.70913  193.8962984  -88.34031177  394.8294143  299.5927474  239.3624373  195.1044253  
212.2009644  658.7118601  -16.57452092  216.3344449  197.8637602  302.6605444  247.9737207  708.6855513  214.5194201  252.0977424  685.9536411  279.8092137  32.18755787  680.8629054  -32.41069907  -100.3354579  554.7834556  148.3587216  267.4102507  -268.2876367  339.247071  -15.28755787  -4.246879608  313.4286323  212.7878696  -99.08724999  385.3116306  312.5568658  233.1737002  189.8026935  
209.3449879  651.6715745  -21.14782123  207.6843168  186.1917006  301.4922887  245.9103397  706.5572662  204.8997459  243.4279094  687.6794808  279.8541593  19.40277695  683.9143691  -33.5282443  -97.1119872  557.9721008  160.9081277  264.307755  -275.9137847  335.1419799  -30.41778582  2.1109313  310.3185697  230.1067592  -101.527933  395.7727815  314.3994717  240.4415313  187.3848944  
210.1129  651.9116596  -26.13329648  213.5208272  185.2903158  312.6905099  241.7684934  704.8738089  202.7099657  249.7957139  702.4758705  269.9138759  10.60564349  668.2103448  -34.44033504  -91.17534521  554.0821669  155.2181161  258.7174562  -272.5318918  334.6306279  -40.16558213  4.135752315  318.4971116  223.6527315  -99.48958769  382.8979081  306.3533177  239.9998761  193.9082059  
205.8104347  652.8559144  -28.6646249  225.6425989  204.2291272  332.2588483  230.3062586  695.8464937  198.0477388  267.0878558  713.100634  266.516677  10.16959478  648.8855349  -33.59373835  -93.67253426  554.6188902  154.5802198  261.9389621  -271.8644896  337.8536106  -34.51481118  2.780444284  334.9021853  214.387159  -92.5829164  374.4320831  309.4177434  243.5289027  196.3910261  
212.0802998  658.9313096  -22.43764655  212.2537728  183.81533  297.3285557  242.3109732  715.1928962  221.59601  252.3510546  701.9584643  267.2953523  0.3873401752  680.9325872  -28.01657963  -90.68743568  547.9991336  131.4396879  263.5436109  -268.0798298  345.6404364  -29.36651205  -3.376594481  313.2767082  219.8927086  -92.98182192  378.0187378  308.8043732  235.7102027  195.7191183  
212.7568959  656.5410704  -20.95497838  213.1541164  201.0242491  310.4991507  239.6265732  725.4627096  246.378799  255.7080331  683.2884886  291.9244584  48.95555708  698.2813261  -38.93340563  -107.3014821  569.9172108  146.4166218  255.3979354  -276.0663606  329.8958433  -30.79278291  -2.472137952  313.7904221  206.8800812  -111.1774258  387.2391468  306.1377875  231.0310629  186.3781448  
206.8732128  651.8111178  -28.23186445  213.9164792  191.0921632  310.0390831  227.4434241  708.6035411  218.0471066  265.9854945  696.580458  275.4000315  11.76407754  676.9396309  -33.16397173  -101.1395846  555.2498435  141.135863  247.9816789  -270.8539055  334.9182438  -32.4666901  -7.176070475  318.8439269  213.5276975  -99.21938378  379.7004612  300.8141977  240.9551097  191.3424938  
208.7519639  654.8117249  -25.69975633  217.5040407  194.2100782  304.8701389  222.2047602  710.7180657  221.3409003  270.1522524  692.4858973  283.4702016  1.695376321  694.9029915  -35.8004361  -101.7943448  559.914817  139.0161266  257.85767  -277.7788751  341.079792  -39.48259466  1.637395566  335.0586929  224.8655672  -101.231927  388.0380839  304.1406086  259.2738633  188.6297348  
207.9361412  653.0039908  -31.31060023  217.4627045  202.6646699  312.8396707  226.1118754  712.8617723  230.2015922  284.2778586  699.469758  286.2799574  8.75835168  688.0627743  -37.74946411  -99.45627213  565.5016532  135.4727169  247.1248618  -281.2824307  338.5119425  -35.04946135  8.11634577  331.1526132  202.9561283  -98.90717019  394.2484322  312.658357  249.3888209  191.1409716  
211.523764  648.8537666  -26.2690332  226.3412045  199.7548802  318.8606758  228.9875272  715.9974693  221.0928315  269.8693146  697.5686917  283.263918  5.296182632  679.5399428  -34.92791225  -97.7305615  559.40029  139.7526431  257.5263528  -278.600566  342.9735713  -32.12385932  -6.037708096  340.7614694  212.8082226  -102.0908053  387.8805372  307.6836053  253.50605  187.3324697  
214.4583703  652.8328639  -25.99158385  217.8467312  194.1931084  315.7069065  225.1267398  713.7483538  219.0979363  275.4410866  694.3073524  279.4498317  15.32755733  684.4061915  -28.39233606  -101.5718649  562.3682822  144.506701  257.5811288  -275.507814  340.6832515  -32.82668922  -2.622686068  332.0191749  215.6665059  -104.7432172  392.1915361  303.5943963  252.4649688  190.6759877  
209.3936392  657.9038298  -28.2231216  216.4016383  180.3126854  308.2089965  215.8199034  709.7236253  213.6043753  277.2160312  697.3369736  277.5914954  0.6911460041  692.9684957  -37.85302054  -104.4942896  560.1370148  147.9792946  261.2479777  -282.9431416  340.9934751  -39.645475  3.394124345  328.215711  221.951576  -99.1086754  388.3846831  303.3770455  253.6539651  190.1371591  
208.1600794  654.7288369  -37.25003635  223.0382184  202.0737646  324.3606928  212.1800588  711.0956092  207.3780258  283.2460835  703.0863881  279.256904  1.993659325  685.9507271  -35.07353746  -100.6794138  557.6123473  147.3890686  248.3226662  -287.6431393  338.7457919  -45.41582889  4.258604645  338.770993  213.373637  -95.81861582  392.3247327  315.1879866  258.4312283  187.5340595  
208.8144266  647.6199281  -36.49861136  220.5231727  196.1993543  340.4692472  223.1177254  699.4115155  199.2771236  282.9716369  710.7357927  262.5573751  4.662511624  652.5788588  -32.41395391  -94.92476669  557.2249643  172.0476452  237.069833  -276.0728263  343.7680773  -42.16571051  6.015194798  334.4180885  206.1603177  -104.2915139  390.2624045  300.6848158  242.70516  192.5533173  
210.1298955  648.8624091  -35.43410519  218.0762345  192.4130292  335.6964683  238.3228927  702.9671437  216.566076  260.8316103  696.2963838  256.8300925  12.48503344  657.7140154  -33.33129368  -88.76861322  559.693713  162.4237187  240.6127607  -265.4679955  346.0339661  -53.73420496  -0.8407129011  349.2690082  218.5806193  -116.6536239  382.5281394  292.0979148  239.2642928  190.2562088  
214.4105359  655.0323214  -19.83456505  228.6479419  187.0592832  298.1416681  228.1681445  713.1385846  210.806641  263.4629886  703.9070991  265.5109171  -13.9828223  678.3892109  -31.39256048  -98.87966792  553.110356  116.2519607  256.7151445  -260.3709751  339.7619105  -40.55613931  -4.96465229  328.9137841  218.9708271  -95.66368526  383.0360451  297.4207181  242.6593833  189.1083441  
210.046632  656.0833023  -34.22772704  229.805224  208.8921035  330.7915532  230.088833  713.6041127  221.7331389  272.8754145  705.0703321  272.3671413  33.34679222  666.2577785  -30.04431875  -100.5519267  566.2902705  156.4517373  265.6918953  -270.4416738  340.4141355  -23.37947325  -0.1762946984  346.8298356  205.6770456  -97.57241081  389.367067  312.942801  243.9052168  194.7805234  
210.2772948  654.4250507  -14.49626615  205.4273706  180.7359084  301.2456861  234.6170594  712.2856675  211.6008846  245.2462531  668.653676  274.1917984  22.28213158  694.1890928  -23.59276245  -103.2526744  542.6549011  158.2248854  264.1581806  -272.2020311  351.1870671  -41.15742299  -2.412248649  313.2786288  240.3360042  -118.8999651  383.5159398  306.6955128  236.0501146  185.6219071  
208.4445152  647.5690727  -25.59828713  210.9305316  189.1628053  321.9306319  236.7575197  697.1617472  199.9380177  258.7923695  696.0173137  269.8316836  2.55973431  669.6398082  -28.34538452  -95.95672362  554.9563342  162.6620791  251.802266  -271.9435147  344.5183968  -43.11130121  6.714753595  328.8288203  227.8753106  -102.1750343  389.9500379  301.9207285  244.4157986  192.8963116  
211.8523618  646.7062094  -35.03186472  213.5751481  192.9371936  329.525944  244.2353897  700.0544747  205.8305476  259.2916992  711.963591  257.2647124  -12.43178313  653.9808643  -30.24756214  -86.58823597  554.9270547  151.3817087  248.0157515  -262.7365373  342.8814826  -45.42159899  3.967940053  342.4825384  215.1046005  -94.31377614  383.0265528  299.6714938  241.4951887  194.7763718  
217.4348244  641.2034945  -33.82331911  229.4091448  203.3276931  333.4608072  234.9733294  704.1543245  202.5285415  265.2816738  718.2708629  259.3955467  -12.1373034  649.1781459  -26.61997526  -84.99121764  561.4163812  142.1761855  242.4072994  -265.3228901  336.0479819  -39.67558748  -1.180948722  360.6897505  207.380011  -94.41364  383.2034777  303.6585585  251.3265441  192.9891911  
219.4936262  646.8918596  -19.71236795  223.942844  192.1012691  328.8267881  237.5560024  708.0411  197.4998371  257.0978041  706.8282994  261.2724011  -6.68214963  654.9511729  -31.97328659  -93.31819411  549.5558364  152.7606186  252.9913382  -269.3177165  336.3530757  -32.53496274  -5.568237902  328.6442957  211.1676022  -87.86133487  378.2154685  300.5598444  244.6320058  188.5306804  
218.89277  646.1474969  -22.41457982  218.4519104  196.9025793  314.7726531  236.5514395  702.9210998  202.7523467  259.606185  701.4208984  272.851966  3.407124893  670.9991666  -33.47045106  -91.6649602  561.113035  149.9198977  242.4025569  -269.0905148  337.011318  -28.69952971  6.52794288  330.155033  205.2695169  -90.94542678  392.0456896  302.8678113  245.2350327  188.6588778  
212.0472422  649.9477545  -24.11519582  213.6849997  191.1316976  318.4127573  234.4431559  698.3262364  196.6554149  257.3776093  696.275934  259.7829074  5.322590646  665.7138227  -32.21268842  -95.04226925  550.3382992  143.8071661  248.3205563  -261.5683127  336.466704  -30.84132481  1.770215618  316.514453  202.8358058  -90.78344852  381.5194469  297.4307368  235.0082022  189.9179389  
210.1244977  646.581257  -20.0536504  212.9603365  179.4550338  299.7163874  230.3149604  709.8563099  203.0836541  254.2550842  697.6265  276.8875608  -17.80764307  691.515025  -39.06203318  -97.73326766  556.7246753  144.3322315  271.8514296  -276.4248305  337.2414447  -31.04617128  1.071971441  324.6715147  227.815608  -88.55779311  389.431967  305.1748621  258.0277784  186.0814912  
207.6865103  653.0795741  -26.32292501  210.0660931  202.3602116  300.7456157  227.1344096  718.2933812  239.1485695  274.7452948  695.6933987  301.4457434  13.85186202  710.5454641  -43.97127524  -106.2390091  571.8999803  135.0975538  256.2900053  -292.1784341  333.113816  -35.47697305  10.49362185  320.1187247  216.6797254  -100.9483132  400.9037278  322.1582642  250.1610851  185.8782804  
207.659148  654.1279141  -26.92811657  213.4832182  193.7229693  329.046222  227.7309509  712.6868638  224.9865959  275.3178433  700.080921  276.6811332  18.49194557  680.0208733  -41.18250201  -107.9963431  569.309323  151.7046158  245.777585  -279.5682894  332.204133  -40.44899225  5.429427281  324.6551321  204.712969  -101.9931861  388.7860598  300.3352393  238.0682124  189.8274327  
205.8139041  657.8748466  -30.02861164  217.8311059  195.1898893  320.326372  230.447898  708.858241  221.7942208  262.533596  696.0124729  282.1301251  25.28052011  680.274316  -36.16409999  -107.5988885  561.9742269  159.8612483  252.7720958  -279.7067501  342.2344264  -42.51767265  -3.424771193  322.5436101  217.936437  -108.7143004  382.0313432  305.708828  239.6586516  188.1532701  
208.0192717  650.5084736  -31.95857281  216.692982  199.0074105  308.3223745  231.452309  708.8856721  215.0136345  262.0352809  694.3998135  276.5800287  -1.115143298  680.5378167  -33.01703543  -96.76123393  560.1996883  139.0476295  243.6573342  -273.3344825  334.3776132  -43.59717638  2.058082551  321.9448024  221.166783  -105.164203  390.5818465  308.1258812  249.4145244  187.8521501  
214.4448351  659.9905103  -31.25225437  241.437292  208.6732129  337.6355511  230.9925758  714.8533546  208.119977  271.6971554  707.2672508  272.8121121  22.99856496  664.0314923  -39.14004804  -101.3100702  570.8776998  142.3522193  252.0151815  -262.4648635  331.3663437  -32.79496366  -8.681566596  342.7538096  201.8139429  -94.2678563  381.776492  299.0880213  242.3991497  190.2464053  
213.9486792  670.0971675  -29.07558418  240.8326213  208.7999577  331.0111831  231.972886  712.4243464  217.3702597  278.2548855  704.2907851  283.3516929  60.0031161  674.4995079  -38.91187921  -113.0071922  571.3036034  145.9870814  259.6364944  -265.7175185  341.5584947  -13.26028988  -5.920900375  324.7368659  186.6335672  -97.03947479  386.6566233  310.0549445  231.7361272  195.329287  
209.7094666  661.9117568  -24.29853995  212.4123148  193.8182364  311.3137298  237.3031553  711.4281087  235.9802519  270.6404275  673.6651936  299.3301598  57.65295825  703.0777997  -40.45364697  -109.8652218  569.5323162  181.8270395  248.3531585  -287.3629625  348.9947238  -36.16219138  5.74224035  305.3061066  207.3683225  -129.2495273  406.9554345  302.4531889  231.8778057  184.145174  
210.5571453  653.552328  -32.32803688  211.5428817  201.6704964  313.8225692  237.9073515  706.3036832  239.0108413  266.2525873  691.7372752  283.4298404  29.79396709  679.8988985  -39.38744049  -94.76274  565.2049519  161.0272554  235.753283  -277.8787142  345.4739739  -46.70913151  6.716179865  326.3293794  213.0929571  -118.4991312  397.9155138  294.0452247  237.4547199  188.0869409  
214.486226  649.1638815  -31.74244941  223.7530792  217.1805799  324.5605448  240.601755  704.6809428  221.6116355  272.8164915  717.9501337  276.1156352  0.8361445571  658.1647474  -41.73920313  -86.0039257  564.5346797  146.7362595  245.7963981  -274.5274023  339.0277294  -40.34427106  7.15052379  347.0794512  207.9844522  -96.51194747  393.7517861  301.3233682  252.3185826  188.8358265  
216.3190077  650.4018646  -24.88586335  215.1752749  208.2328985  312.8295253  240.4989566  707.4152843  236.007608  263.9668791  698.0302804  290.2193822  16.42518406  677.5360391  -42.60927557  -88.61755976  572.8065866  149.0262268  249.359201  -277.6565001  340.8786653  -30.42637329  7.816560843  339.6241143  211.7634832  -108.8469325  396.7830361  304.335455  245.6504262  188.3885918  
215.5090259  661.4195799  -22.95924855  214.650446  201.9583752  312.6781005  238.1414605  712.0688889  232.6935001  264.9993486  695.8172892  276.5917952  20.18503691  681.7373194  -35.54591967  -96.2090336  565.4160779  134.4987002  259.2109132  -263.2903088  340.166208  -29.09448215  3.985992694  327.2430882  210.7512581  -100.7260451  390.1507604  299.5206019  236.775605  191.0334325  
212.6155447  662.3508502  -24.0821286  217.7213258  190.9209917  291.624892  238.1381308  723.1601192  238.3253703  268.9456259  694.0511597  296.2087547  23.81613034  705.5030689  -44.36240817  -107.0395814  568.9902343  140.8399736  272.5792944  -278.8172725  337.9174016  -14.04722738  4.249852592  303.12609  208.2255382  -97.72962608  402.2624176  313.3227504  244.516266  189.7475336  
207.2285302  665.9384316  -21.72712697  196.1095041  204.562383  303.8429082  242.91811  717.8521336  270.2727662  266.1223184  673.4057962  305.7133661  62.79977903  706.9657923  -47.31149824  -109.8877288  574.3152283  158.2258532  257.4156304  -290.616118  340.8327045  -26.02912953  7.619885866  304.9084464  217.4850806  -116.4315331  399.695213  312.8919433  224.2781498  187.5995432  
206.7558376  658.3746609  -17.72677125  214.1011298  196.9394102  324.0998529  227.1182236  718.2624251  237.2146924  261.5462792  689.5437359  281.1279837  34.97458349  684.4896844  -36.13879346  -111.9758968  559.227203  144.2200299  254.3761672  -276.5432627  328.1440032  -41.28863297  -10.26092639  324.5769827  223.5473424  -105.3203383  370.908018  301.7700788  234.4134105  186.3057173  
203.8872857  645.8359968  -22.09216369  211.5636684  182.5480352  285.7721105  215.6361025  713.8240147  224.5879215  265.7672894  694.6239  293.1212284  -19.85020375  703.1904782  -33.86628847  -100.7647018  547.3303024  126.5163795  264.3327043  -288.4029019  333.0074161  -37.56513149  2.288107194  317.8983674  241.6603889  -95.77801838  390.8140273  309.5247141  267.3907202  188.2991007  
205.8705121  645.8769029  -24.40833759  219.4439602  193.7134928  289.6907886  205.9641767  717.014983  225.3333772  267.3039268  700.4657448  286.3641155  -25.31632879  698.4838831  -28.61443352  -98.81200693  549.9826287  119.5995815  268.0629954  -286.9795716  330.8543358  -46.50595649  -4.972089908  333.2340811  247.0800749  -93.5762567  381.9683405  314.1227561  280.0094489  190.5660187  
206.2496452  643.1841457  -28.48210162  224.1178909  192.10872  300.4319623  209.8023638  717.3922324  210.0436867  263.4163992  704.5641895  272.6379667  -23.87662092  687.6642172  -20.92177534  -100.8663257  550.1742643  122.6325193  256.6854769  -275.7724342  323.3296997  -49.26711725  -4.6137947  328.888127  233.0682771  -94.76894051  387.0520337  313.541522  266.5201492  188.158395  
208.591666  647.6376531  -20.56885667  221.3340492  196.6074137  319.5937864  222.5430407  708.0199706  195.1858495  250.4591983  704.8891443  264.7015538  -4.622227619  660.3757351  -29.20659158  -104.1534739  545.8260174  149.1429964  265.0392292  -271.2618124  328.4129854  -45.59019386  -10.56971279  327.4530357  232.8308554  -94.42187136  371.5913008  303.9087497  250.8775634  185.3289411  
208.6907597  651.5931268  -20.57015537  210.6390885  192.1255859  307.430157  227.3137577  698.7579836  191.0621374  245.0621401  709.0385936  256.1766073  -21.01701585  657.481583  -26.84985027  -95.29549652  539.9635219  137.3691321  272.6678937  -262.1094303  337.3482473  -43.72345633  -0.7957405661  320.7100238  234.5029874  -88.36848694  371.1970718  300.7459844  251.902486  191.5578679  
215.3061442  649.7405334  -19.22867083  218.3218762  184.3802264  287.9943513  236.5266288  702.6781432  191.9254248  247.4839489  715.3763995  249.7650612  -55.12230892  661.6751329  -15.98705395  -81.10076178  539.7954003  112.9968267  263.6422587  -252.6683985  340.0895557  -47.12520961  -5.377871919  339.5035124  243.8222694  -86.99398633  373.6939908  296.3431174  260.3412552  195.3046643  
216.672717  647.767753  -25.06931065  230.7953738  215.3258456  316.9834421  231.9968411  707.4058631  212.4131501  267.6309713  710.0432045  274.3065433  -17.38375749  667.0055495  -30.81689131  -83.30054307  559.3062982  131.7449593  260.2735232  -266.1873642  334.5798846  -35.47053734  7.40342281  354.6959905  224.4532665  -91.55901811  385.1290653  301.6759926  260.5663278  191.5427083  
220.9254602  656.3251097  -20.16781604  225.5054146  204.6074246  314.8164727  236.2347393  712.90098  205.3046188  263.4808774  704.8294205  271.0665974  1.4568675  670.4907178  -31.19130806  -94.21274058  556.3200258  137.7744636  270.2886657  -261.4369674  339.8770181  -25.10930823  -3.674529508  327.4027521  212.2095819  -88.99722137  384.2450522  299.2867734  246.1810785  190.6470171  
221.5953068  659.51211  -16.87581953  213.1193238  185.9802632  300.8528838  239.7247856  709.3808702  218.2326388  259.6425103  696.6759888  280.8913121  16.44121362  687.3655742  -37.36394747  -96.47319724  558.4130166  152.0406262  274.314871  -274.3882345  345.7192066  -17.45973681  10.54013593  314.9881434  211.3748149  -93.79449363  394.6806849  306.6664871  236.0085596  195.0829951  
208.3831923  653.1580465  -31.54556765  202.5184016  183.581486  322.5047255  243.6188132  700.2388996  211.9302526  269.4689015  694.9599599  267.9360763  8.603600591  676.7867231  -34.93428735  -89.60364605  562.3155057  171.6171197  253.0834322  -277.9746694  351.3180632  -30.64926114  7.17330169  326.521597  218.1119433  -97.68551624  395.4312152  302.5226361  238.7854311  195.9424688  
200.4385478  650.807161  -35.72900912  198.8901547  187.2995491  324.4860896  231.9573654  691.3123186  201.0676259  272.9734458  699.7386654  261.7103301  5.545312201  674.0158829  -22.81645516  -93.45145601  557.496027  159.3453107  256.0343733  -275.9996814  357.1447236  -40.54643122  9.843767861  331.9764187  214.3714764  -95.8790621  396.9972381  308.5183716  243.7313611  199.4516015  
204.4339591  652.7192231  -30.28402448  204.8752071  183.5213739  316.8249711  236.178386  701.5337914  207.9246212  263.4779635  692.5261351  261.288244  8.197266916  675.8411355  -19.32909392  -98.1651113  549.4045891  155.8310768  248.558608  -271.0790056  356.2673175  -57.32978592  2.99934805  332.5058795  231.4630922  -114.3476454  392.947266  304.1299477  238.8563198  193.4265166  
206.4501606  647.3203971  -29.91982897  213.7009732  183.6669004  305.9658276  229.6171661  705.5096753  208.2541632  266.4321955  703.7187974  263.1259135  -13.6413708  671.5475865  -17.88705733  -95.87008164  546.3048268  138.2914889  249.1828853  -272.2962955  348.6839318  -50.75620736  2.255810919  333.3299364  225.5285657  -106.2626429  393.5424159  309.0610559  247.0599868  195.1327733  
205.2673383  648.3080615  -29.6927284  204.6827393  181.6248583  301.2411664  230.7584707  706.4236081  215.9910582  264.9914407  697.7554123  268.0800639  -1.200245274  682.5941157  -18.22629622  -95.19053017  552.4694727  147.8159166  252.395026  -280.1534716  351.8988302  -48.90654127  11.25035332  329.5530552  225.8953684  -111.7542946  406.4274041  312.9472637  250.3140095  196.314604  
207.0281347  647.5874336  -26.55446807  211.4832797  190.0450342  313.3174462  232.7965489  705.8019956  218.443194  255.5636996  689.4699825  269.1543991  2.15390254  677.7640256  -23.55527758  -89.93739525  547.1048571  153.6679148  253.3168617  -274.4255264  356.6380224  -50.58093499  0.3831631999  333.5359079  233.7675485  -119.5927178  391.6878525  308.1244791  244.3192253  190.2421126  
212.7344469  647.8115485  -27.71678402  220.9604314  189.4105109  315.9906457  225.023676  711.5146389  211.1937761  261.2543683  697.5951633  266.3112491  -12.03212775  675.2093881  -22.04340303  -91.26426487  551.2371124  140.1500822  253.9424728  -268.3927053  344.0949402  -50.75116567  -7.443564177  360.0835295  237.2779322  -110.4505406  382.6622106  300.6059993  255.6824374  191.6882598  
211.8907317  645.2451764  -22.9878037  223.2783352  191.0121635  305.0896132  214.7296027  707.1040769  202.0001094  267.5285422  696.3071318  269.2015061  -18.52192416  681.3041711  -19.18346802  -92.64472786  548.1694847  137.2392337  265.3391747  -274.7921631  345.9298527  -41.55847797  -2.974714328  345.9679279  238.2874295  -102.45133  385.9861259  311.6817364  263.2018696  193.5411921  
209.8603836  661.9410425  -26.27113697  214.2616988  193.7530227  332.1523882  233.6730157  705.4915834  213.106892  270.5946144  692.0778209  260.9982595  21.00525693  673.037426  -31.60605802  -96.98031438  555.0196034  152.0532639  252.1151877  -262.8808598  343.3353952  -39.63289471  3.500385454  332.3127917  212.5885706  -97.59607348  388.8065642  303.090707  224.5447227  194.1587603  
208.9541075  654.4494518  -18.05800358  209.5111931  188.9181605  336.2579935  241.2838212  707.6616181  212.738609  257.0540953  677.6239556  261.7713632  32.90767386  671.8713985  -25.90471979  -94.81328584  551.2659038  160.5671766  243.597121  -263.1778101  348.4228795  -39.19145039  -11.65833379  335.5309758  222.4057623  -108.2076717  379.2083063  299.3562091  209.4358052  188.3753093  
206.8536282  648.8174264  -31.63158479  214.5328874  194.338701  327.6293399  225.7637739  702.624696  198.2087326  270.1272788  703.263523  267.0363573  -1.676185318  674.5406088  -23.95398706  -93.63387097  553.4527722  146.3944988  248.2137976  -274.1367593  343.2191195  -37.50906236  -2.769972268  339.4253459  219.9224883  -88.55508021  388.379135  310.104803  246.4035719  193.7718648  
209.1884986  648.2956144  -31.47598885  213.1529642  189.4947622  314.539716  223.5791202  707.6896667  199.5637619  280.2845456  698.6026024  277.9083978  5.763485981  683.8399823  -28.52374565  -101.2235404  561.530847  158.8494336  243.6782809  -285.9437119  347.0821265  -42.84588877  8.065370663  324.2568801  217.1665614  -99.7541887  406.3202782  312.9711528  255.3412526  190.1383542  
207.2719487  647.512648  -31.96838102  213.7906001  181.0557612  322.239334  230.1891748  702.7199296  206.460174  279.8119303  696.652371  277.5880292  -4.066527646  677.8200415  -32.31100338  -96.20663374  557.9958352  162.8296018  225.2477669  -285.832377  356.1872961  -41.49164839  2.562677037  320.8378238  211.8725926  -110.6318528  397.6285774  301.5742441  234.8515492  191.2911384  
209.1554839  652.2628781  -22.51985627  212.3454435  199.0431885  346.8692491  240.7126448  703.5815678  222.2696956  274.5287614  692.4357154  280.7890704  20.15319778  668.8788011  -43.02887508  -104.0070468  568.1758915  165.5739559  239.2540335  -274.5083332  335.7123246  -35.14937724  -4.380966611  341.7798918  212.5518451  -103.7109609  384.0688225  293.0771919  227.8194519  183.8029517  
209.5267765  654.348966  -15.42038918  204.9826487  186.1553621  298.6337536  225.0164312  709.5114127  221.0595292  268.687042  692.0169282  288.5519972  -4.560784037  697.1888561  -36.81153805  -109.9728154  551.5807241  124.7702007  254.3938253  -278.9771371  335.1630431  -36.09529492  -1.805821118  309.2043243  223.9925997  -94.6752566  390.4651739  302.2457311  244.8654312  185.1120754  
211.926514  653.6659986  -27.26016367  219.9090231  194.9400694  294.3389179  224.4474655  712.9658729  219.8389633  282.2143668  712.0613222  282.7372548  -30.34065134  683.8859387  -38.04326222  -99.16139127  554.9226135  119.819792  255.6728531  -280.558039  331.5934849  -41.39664704  -2.519128549  328.9367276  222.3397428  -86.15361568  387.4091464  306.5415136  265.6530298  190.6364647  
216.8257323  654.9150189  -25.64032302  238.9407782  206.3434034  314.9678297  217.2496458  718.8999476  213.0160158  280.1533304  709.671399  294.0863626  6.559754186  681.8828079  -43.66254932  -106.4936198  568.3317701  122.8561337  263.3236057  -278.0988695  320.6006106  -28.13453939  3.733136789  340.7013744  212.2126287  -85.8815128  393.0188569  308.8029171  264.7088746  186.1439412  
217.3108156  668.8187624  -30.58661898  243.5476701  212.0648099  315.4843708  234.1901627  714.9536256  213.5999841  282.9448763  710.009626  284.2253982  27.58518473  667.896906  -47.64183955  -103.3854539  574.3432304  135.4948855  257.5315598  -268.2753573  339.1316877  -10.817487  -1.248479901  325.3193243  194.426312  -88.03931053  392.3342279  308.8864629  244.8707114  190.7571101  
214.0051008  659.2505391  -20.45894844  225.7390154  204.3375415  320.5281688  247.9163429  709.7450062  238.2957372  255.7142153  685.4644069  282.2596044  43.9625486  668.5694166  -42.36037063  -96.21149281  567.8110763  152.6348478  252.7122329  -263.0062524  342.3173275  -16.19559048  -8.00135959  327.8352173  201.2006046  -110.8296066  381.1652017  297.2074714  223.4533694  188.4318686  
216.5550604  656.7809807  -13.76942532  215.3878903  195.5178154  300.7245789  240.7419932  721.3398388  230.4520886  250.3223831  687.4710661  283.8895014  22.80363454  687.9135526  -43.4035304  -101.0902201  563.3581045  137.1139085  269.245405  -268.0367461  331.259409  -22.05613065  -3.300746584  317.5587188  220.9959269  -95.59319911  387.7128755  296.5749048  242.4830919  184.0103862  
216.8150475  653.7251004  -14.8332469  211.8587263  194.8551386  303.5959982  236.0821038  710.8134126  223.2314557  261.6426322  693.2675295  291.4538733  15.81178894  682.2775089  -41.01526817  -100.0889847  563.606067  130.4230574  262.4208122  -276.835348  331.6000452  -23.90046433  6.16812997  316.8726307  215.6449101  -95.23090257  387.5212817  305.5713622  242.9732926  188.237035  
217.3195675  652.8937245  -22.80603642  224.9208044  203.766935  316.0123  224.726537  715.2018847  215.6404779  266.0603116  702.4272013  279.9914639  7.572599616  674.63775  -34.66749617  -100.1904221  556.0094609  132.0076479  264.2313924  -272.2435576  332.928097  -30.71463467  -4.505210572  341.4215655  218.9738784  -97.01378553  382.6022835  304.450622  256.3592127  188.7571546  
214.0136936  656.7293709  -24.64031693  225.4992204  196.1728635  295.5342264  230.5109123  721.4514969  228.9605335  266.9455158  696.6648854  290.7640962  10.53222504  700.9437711  -34.98393532  -101.597921  566.8202395  143.3059094  268.9477509  -281.7313601  337.7851051  -27.89137591  1.322705749  324.1344357  221.2062913  -103.4249687  397.8040378  314.3372561  259.8727371  184.6947255  
209.7882793  655.3871191  -30.51112663  215.8225451  198.91764  312.6800718  236.4916379  712.5104431  243.4870659  265.3511259  682.8938229  288.4129425  39.77153507  694.0495443  -41.82214265  -97.18086733  572.9635289  158.7062086  253.2079143  -281.9576535  336.5208204  -33.1930922  6.125818389  321.8718239  209.133163  -116.5074092  393.2691274  307.7852534  239.9583002  186.3489822  
209.3901239  655.2169394  -26.26877587  218.9601711  203.0090657  323.8209281  225.6435896  709.8321966  220.5571772  269.8107476  701.621599  283.3366374  19.10865745  677.3302004  -42.6204136  -94.7254927  560.4763524  143.7936304  259.694581  -283.4776878  338.9781419  -33.234954  1.007859779  326.3863784  208.7109551  -99.63291188  383.7959799  303.9388571  243.3111332  190.7773963  
214.6670027  656.2229331  -34.37829389  235.7309751  217.2666951  339.4522351  224.9869604  715.9385589  212.7270018  279.838178  719.9474222  284.5416905  27.90705385  666.6041978  -42.04775198  -96.57385303  572.3431036  150.8679554  264.5317801  -278.3635409  335.3457601  -21.304121  -3.069152066  335.9865349  189.7424792  -90.17113391  387.0918872  312.9086171  252.5369896  190.9962904  
209.7665683  653.9963313  -29.93996688  216.025393  200.0892971  317.4307593  231.3255654  707.8669041  221.1239234  278.4775196  692.933053  295.5895885  31.64046414  686.2441057  -41.45507768  -101.1434562  570.9218303  167.4003462  256.1059187  -291.7262455  343.9885498  -21.96059657  15.03574157  315.0559381  197.7299732  -108.1533807  405.5780439  313.0359401  246.8953541  190.0289333  
210.4530317  654.0294778  -31.78096711  206.5886088  199.6314272  318.6247126  241.8086401  708.8977066  225.9018664  269.7360381  690.6062444  274.0014688  16.79535347  675.7967435  -36.39723387  -90.6322043  563.6821491  167.9404014  235.6748947  -275.9853615  351.4331609  -33.90505774  8.301861279  320.214091  210.5180455  -110.6077737  397.8015621  299.5288685  234.8032547  189.5779386  
216.2124006  659.8419175  -29.85082579  218.7005949  208.4150977  321.8804878  236.4829516  709.6137818  218.9150486  267.626913  699.9193312  269.6745657  35.38573475  666.7628831  -41.60935281  -93.45005834  571.3540698  143.3043214  250.4612842  -265.3952614  336.7249622  -14.89009633  -2.392818017  335.4630209  195.0806014  -93.59511567  383.0288726  302.3373903  233.0527955  192.2060996  
215.7375119  661.2765373  -27.51324318  221.6309559  214.2163477  332.7883816  231.9719938  707.296007  205.5662074  267.2064088  705.2290667  275.1576405  26.13606551  661.298354  -43.317687  -96.55814139  564.032528  144.7807655  256.2542999  -270.4288406  333.2721178  -15.5290823  -2.346554247  334.6716348  198.3395269  -89.55980218  374.7553635  302.8068512  241.4154527  190.4275658  
212.4922889  651.3265255  -32.16847348  210.835902  196.6563508  289.1063252  239.6974278  703.6545443  212.5697814  271.9496014  703.1361084  270.2961631  -23.10978948  682.6203822  -31.46412963  -87.480095  564.187391  151.3667609  258.6960464  -270.9264681  345.9870114  -32.05039733  18.50273749  327.6638505  221.4524608  -95.45180767  413.2791723  302.3160816  259.3217152  189.6684261  
208.4396685  653.9838183  -28.79552771  208.7395958  204.2328318  305.9976207  242.1041382  702.7014554  224.783683  256.8161958  690.6489782  271.3515349  14.40509135  677.7864498  -34.58815795  -97.39433195  567.3252193  161.779126  253.3396254  -266.6674416  336.5239488  -35.99124676  6.231014074  318.7460426  218.662015  -104.4702658  398.2390088  299.0558821  236.4463435  185.8888387  
208.3140755  656.6431232  -29.52204473  212.0184913  192.6385472  327.615546  234.9096666  698.82968  207.064721  247.2207754  693.5650755  256.5660712  28.4683999  665.6299596  -34.01499932  -102.6938877  555.8783974  151.6459915  253.5792179  -256.9521381  330.3867941  -36.48972372  -6.564093327  317.9649276  206.018196  -98.37551437  376.509399  297.7962538  225.7872543  188.5922114  
205.1008156  646.5502144  -24.13070773  211.865672  189.852245  321.7563637  228.8613993  705.2824726  204.0185528  256.5778047  699.1271468  268.86576  -6.538898715  672.6588511  -29.66225915  -96.73076233  553.8043  152.3507797  253.2496974  -272.6410588  333.617648  -49.97966856  -0.06538406423  335.6648993  230.8550015  -98.5292152  377.3408438  299.8740579  253.6472742  189.719704  
211.6282401  647.4937766  -29.81714983  231.9776684  201.7236685  304.9719906  223.4520343  712.0966966  199.9460953  269.1240301  711.1528111  274.0020419  -20.34588006  677.2322692  -28.31720666  -93.67759523  553.1787074  125.6651616  261.7455761  -274.1767119  333.0065363  -43.86473968  0.7583863381  338.5450104  225.6165834  -87.46192449  388.2568669  312.3334633  273.8562277  190.6339446  
211.7139652  651.843592  -29.79686146  247.3111312  208.8811765  346.0050192  242.0734421  708.7319808  211.8606145  261.3993074  712.3367995  270.6305267  22.84072416  652.4075841  -37.94394931  -92.19217781  562.635617  161.5467386  253.5470019  -263.2683368  330.4105239  -37.26382854  -4.921229889  340.2089277  195.8601291  -98.84445534  380.9855362  302.8656278  243.9443034  188.174423  
206.1598939  651.6054823  -24.35323112  214.3067747  190.9413323  330.3628521  251.3123975  698.0933408  211.9382589  255.2051902  695.4624328  268.0792817  18.25148381  664.2718  -22.86082828  -97.03872171  550.4262058  168.3872598  253.2476618  -268.9164266  340.7135322  -43.15780078  -6.389324311  326.739886  214.0436992  -103.3704077  384.6792588  301.8710155  228.549607  191.0453398  
204.341549  645.5874823  -27.6915236  208.4995566  183.990848  314.4307727  234.6216762  701.6175131  211.5962478  249.1960039  690.5739856  263.3515731  8.919895861  676.395792  -22.37463697  -95.05207231  552.3942911  163.81422  255.6243328  -272.3526861  343.0009806  -48.10767418  -1.917914447  328.140189  232.3119336  -111.8381946  384.1475029  304.8765094  245.0444885  191.284265  
205.7523685  644.214717  -30.78719468  207.938444  172.2254282  307.1789321  224.9590189  708.0372602  216.4046548  252.3998369  698.2876802  268.8749282  -12.31792418  681.6305347  -21.00263546  -92.82804202  544.8581946  156.070566  260.2984506  -284.0321728  349.6815171  -64.37566488  6.901129397  326.7626691  240.799889  -121.0259678  383.4844682  306.5684081  252.7912411  192.4733352  
203.3080974  643.7210936  -36.43093625  218.131152  178.8496714  323.0687753  227.3809542  714.8278963  230.5828185  253.2226742  707.6840622  263.3031534  -11.93959816  674.2858659  -31.03428792  -94.22843663  553.5745937  159.2084123  253.6898812  -279.0640533  346.1879313  -71.08019268  6.403249204  339.2485579  234.4968664  -116.7052485  381.9931057  301.6718047  250.9290061  190.9793852  
202.4166703  645.509499  -32.21032201  213.0233731  185.6659547  327.2504353  233.2122483  713.4092408  235.4787846  257.4667391  694.135124  267.4233063  2.578421946  680.8643949  -31.24725445  -101.756195  563.5396121  155.7927936  245.3517991  -272.299215  339.9891421  -59.00984666  -3.289761445  341.7596558  229.926303  -115.969536  380.4105053  301.2144602  237.0169464  185.4415126  
204.7555489  649.5723874  -30.39342309  212.5687865  194.101388  302.8565825  219.6432804  719.1471865  231.7825203  262.8585042  700.4544766  279.3170865  -9.130322163  696.2911365  -31.63092178  -106.6422587  551.9935182  119.8616371  258.8569341  -274.5025093  339.6497399  -48.15285943  -9.244809005  327.6273962  232.6888597  -99.1960804  380.047051  308.9279933  258.9677093  187.298629  
207.62067  647.5536163  -28.6636036  219.9361141  192.5834768  278.1852959  218.0901983  722.7213937  227.2253204  269.9591486  697.2344412  289.3228029  -22.69153767  705.4051935  -28.11283695  -101.4824569  554.9387328  116.219293  266.5641003  -283.7681613  338.0922307  -43.97479223  -0.4657594379  322.618554  236.4392257  -96.12043524  400.3434535  317.6525465  278.1743669  187.1625955  
211.6315104  646.4626819  -23.95121486  215.3621232  204.8098756  310.4487642  232.3446336  708.9583357  212.8566042  272.1699698  701.9690626  289.2351291  -2.563953626  683.5479009  -37.66787063  -98.40325675  558.7335184  133.4392095  260.2851364  -278.557948  335.2955804  -35.27761664  7.223611709  316.471487  216.0858685  -89.29521012  404.2849209  312.5801517  259.0231019  185.5501326  
215.2339043  648.9456585  -19.18097868  209.6202019  204.8403676  307.6735475  246.4144907  705.6406905  209.5074853  268.2441865  699.6893451  288.7500102  1.16244688  676.8749773  -35.56936952  -97.91545105  555.7364743  131.2291597  252.3742872  -275.2377467  336.9440957  -20.87140616  1.673451387  309.867504  205.7220973  -85.88160283  399.7721965  309.2358755  238.9506512  185.3827297  
220.3017705  651.848813  -20.3168719  222.30216  209.8716311  316.5719418  244.7500689  714.5812146  211.3231196  255.4437698  695.6887492  284.7858407  20.02301521  681.3735844  -37.42442572  -102.2503519  565.8545783  140.0600497  261.0649573  -270.6071373  326.3700592  -27.76229325  -6.323220916  328.2105983  214.7908029  -92.97041058  392.4011884  304.0810231  245.1855624  181.8534494  
220.3127493  650.1998019  -16.42558165  221.7700445  204.6182611  302.7897515  253.7867793  706.0429015  217.7185126  260.3177536  703.8104441  277.6319107  -2.986611082  669.6223128  -27.23822507  -97.46937012  554.510201  133.013828  256.8018889  -266.2655955  332.9341453  -28.45839487  -1.034378624  318.0281481  216.5118709  -89.50060695  398.4236602  301.1008176  242.6307661  185.7627554  
218.6557661  654.7028262  -23.10780674  210.7536437  200.1691121  308.5719979  244.0714385  699.5788217  208.142022  259.6321948  709.1606886  269.5051857  -5.210959249  663.7331299  -31.86189574  -95.83372157  560.6424629  148.8712133  262.575039  -266.6882407  335.1774863  -30.80154488  9.039684377  327.4283277  224.2758231  -87.71035682  403.1673157  295.3114808  246.6572638  191.8907404  
218.26884  658.1513705  -29.47267588  207.5302659  208.1405401  308.4751808  260.5546074  699.5616586  219.04854  267.6306697  717.4057524  267.6769952  5.003069189  661.4763169  -25.95185654  -88.78978082  569.6398966  164.0663813  250.0800309  -266.7462826  347.0888299  -39.30240815  11.40696319  318.5409703  212.2463593  -97.20487272  417.9668728  301.3897087  233.6522003  193.8492699  
210.2618193  657.971183  -35.18394386  197.1438164  194.6785237  323.886836  262.8970043  688.9662163  224.6126883  260.0323398  704.0440231  261.2544998  16.532478  660.0032734  -35.2684596  -89.66375658  570.0639523  180.0489221  239.3921619  -264.863752  356.0495278  -37.26703769  11.05651502  316.188494  201.01191  -107.9505356  401.8106533  294.9388805  215.7916658  195.07276  
209.3816386  660.1190454  -25.90311155  207.8170623  190.078023  331.9410475  247.3014881  698.2378054  211.4264912  255.7833447  692.7167519  253.1344893  16.29700841  662.8201116  -34.46450876  -97.34809288  559.8392381  162.6156687  250.4731038  -255.3881554  345.3865083  -44.23309332  -4.290116368  333.5311374  220.8509329  -104.3628626  379.7132185  288.9386042  224.7856117  188.913559  
209.0824326  649.6732997  -29.33440526  223.6567852  201.8620972  333.8662614  227.1872095  696.4281983  211.0254132  267.3454436  705.2845913  259.217837  0.1887285743  652.0279594  -31.18479635  -95.04828007  562.8047183  157.0924164  245.0977426  -268.2813326  337.0166149  -50.37664924  -4.165739202  357.151067  221.532182  -106.1944993  369.3325084  293.74228  249.7665575  190.8630704  
209.8310548  652.6455435  -24.44124111  232.6638476  205.2921243  315.4386559  223.1794813  702.6079857  203.1197964  275.6522068  720.2760389  277.9280441  -18.75055753  660.5726621  -34.94152927  -101.4615602  555.2704553  125.4544255  267.8973499  -274.7058257  334.3098036  -37.09546245  2.427228652  340.5017861  217.6687072  -87.61177446  377.5600926  307.4501018  267.9754755  192.2960682  
212.9372603  658.8893797  -31.75963349  243.5502089  216.2752035  326.2216645  231.6278178  708.5090784  214.7692177  279.3843727  721.7356642  276.6809257  -1.151776074  658.6099973  -38.87612636  -94.76815746  568.322541  131.5192599  253.5436671  -265.1144321  337.9174439  -33.55143341  -0.7406306231  352.4150629  201.7600187  -87.06671411  390.629588  299.1423499  260.1711471  192.4679485  
214.228294  665.2588214  -23.93020812  229.2989919  208.0532641  327.4076594  241.0421672  709.3198895  225.7500952  277.2862346  713.8734046  281.9018821  39.3954699  662.8452027  -46.39047394  -101.9454501  571.897515  147.1334622  264.133521  -266.0799043  349.2175707  -13.16167834  7.519592921  329.1546208  183.6702558  -92.23733081  398.4307107  298.9168452  242.1033539  195.1764806  
211.7337188  669.6231538  -23.23751099  218.4107527  203.0471292  321.5303822  244.0817032  707.9116121  230.4385548  261.6073024  694.2630594  287.689634  62.45501943  674.9480351  -46.5264864  -96.97188814  570.1261421  155.4264611  261.3151438  -273.7407121  358.5529524  -9.225393043  8.141841502  312.1045487  184.5002952  -102.3254155  400.0813637  305.0554698  223.3226187  192.4492138  
219.2876777  669.6087753  -32.24840272  226.1447831  217.9887772  341.3385555  248.6663403  711.9349499  247.8730558  272.2503389  705.4000093  277.8591802  78.29560574  664.1351399  -46.78464714  -100.7872047  573.4766346  175.0054146  256.9418413  -271.3053042  349.4515856  -13.45619036  9.092674339  318.1010801  170.4045462  -100.0540227  393.9496569  312.1069957  213.7124797  198.239547  
212.9262823  666.5816438  -17.1483102  208.0067982  199.3484288  320.6894275  261.2206309  721.3433307  263.5415251  255.6680331  673.3272747  303.6978596  82.74339949  698.4234153  -55.156572  -112.8285002  571.5414305  183.3256599  267.207935  -284.4684495  338.0869388  -12.18706961  0.4935769337  288.7475463  192.127547  -113.2415136  385.4233011  312.7524237  210.6785313  182.7035468  
208.0493329  654.569808  -20.66414911  209.7526628  184.3309649  313.8523766  237.6578922  727.9907402  249.3606058  250.4625767  675.7640002  293.8955438  55.41491687  705.8898352  -46.40662415  -111.5557925  557.3341262  160.493386  265.4462347  -285.6590655  335.8069209  -28.8318843  -12.30769963  302.1081394  217.8854987  -117.4793592  374.0033458  311.2035281  230.3539175  185.4765856  
206.1728504  648.740487  -20.51183819  207.828904  184.6452542  296.8289721  217.9952466  722.2450648  222.9119151  254.8721707  679.8895473  288.4960091  24.66639628  708.2363402  -33.32983398  -109.0393782  544.8166966  130.3625575  280.0372357  -285.7206616  331.0517993  -34.15667991  -5.699199563  306.7566274  229.3841979  -101.2550653  382.4202732  314.9347454  257.1888914  188.7441739  
215.0858522  651.9381338  -16.30392938  209.3496721  188.2531879  299.1299109  218.8085423  715.8325916  210.0054944  264.7507725  693.1234325  279.7935677  -6.911576818  690.651954  -28.74924308  -100.6473351  536.5808709  127.5512461  268.1695713  -279.6207834  334.6948522  -37.66437836  -2.480027203  313.4698253  236.2538762  -90.24295587  378.0227887  313.1140152  249.5625177  189.0785344  
213.8968995  649.3125725  -17.22398569  213.9518125  175.08345  290.5475394  215.1939776  712.8084694  213.5842793  268.1998973  693.9948646  280.0460154  -22.99868865  694.6900904  -26.39496697  -99.43065058  539.284672  128.3941838  263.506484  -280.9881732  339.6350382  -32.00439084  -5.780775967  321.9549215  243.4378549  -96.31426975  383.0610246  313.2420119  252.3802116  191.996589  
205.1050365  652.6227032  -31.0819476  211.4069948  183.4173378  295.6680849  214.0470131  704.1795117  201.871313  276.3604378  689.4783354  265.5104197  -27.37061563  690.3461169  -22.76097003  -92.80853171  544.7587422  129.5164649  250.7554319  -274.5769475  347.1120355  -46.27631093  -0.8940117858  343.7815319  249.619412  -99.52379676  392.663882  311.5785316  261.8363949  192.7408421  
204.8555816  647.2420765  -32.26373055  215.4538112  184.2591636  308.88745  213.7829371  702.4095997  199.7782806  275.1603444  689.8927761  269.5548619  -20.05336348  689.3118091  -22.65789698  -90.76780946  553.3449412  140.0721365  255.044462  -276.8327648  344.8436971  -50.55190188  2.544297888  355.1981796  242.2247247  -105.3362021  390.9080258  311.5375084  264.265611  192.5509118  
204.67964  646.2057981  -34.39016851  223.2552071  190.3762459  324.9882866  214.5884775  697.6359261  189.6321364  277.0414583  702.4609435  263.9589508  -26.3857233  674.380189  -23.4400573  -86.0863127  553.160926  133.5069859  250.7553061  -271.9004828  342.2236297  -46.30982315  6.946851119  356.0169418  222.8289419  -96.09015128  388.2207849  310.8987088  253.1121004  193.9857888  
206.677397  647.0540201  -25.6089113  214.3869424  181.9632906  311.0521695  226.9046576  704.0239831  193.5321603  268.1305912  690.8255127  263.37279  -22.83599046  678.5338319  -20.37864123  -90.87688569  548.2552628  128.7482395  251.2147805  -265.5465685  340.059377  -45.17147316  -3.707046718  342.7089782  233.2739742  -101.0765099  388.5530827  306.6670278  247.1395257  189.7475393  
208.2753618  654.5989793  -24.61385744  216.8734467  191.0822998  308.1466804  232.2266946  707.2318554  198.2827056  252.4142489  685.820061  251.6476756  -5.424995247  672.4017411  -18.28520232  -96.05173935  548.2891865  124.801842  246.4585263  -252.7750738  335.4274148  -50.9305797  -12.8594445  346.4538728  238.8657592  -100.644531  380.4535667  300.8669427  236.9016522  187.4141215  
208.7139576  649.8296446  -25.70198553  216.77863  185.9623814  307.0513665  230.1617274  703.3151136  194.5598829  253.6413631  692.5586435  262.9004005  -18.1751894  672.4205001  -21.58453224  -93.03494531  544.6956234  141.9842003  247.7934909  -266.2404463  335.0163807  -51.28332554  -4.610142726  332.2729154  241.1558993  -101.492159  381.5475094  299.9559502  247.1057908  190.0796171  
209.3210713  647.2437655  -24.08877346  214.6352283  192.3755455  306.7812902  235.9529772  710.0226733  215.85498  252.0591732  700.7400872  275.0183738  -8.887104456  681.3797926  -30.03092703  -99.3432533  552.3610515  148.5121571  249.0088082  -274.2151684  333.8025477  -56.60581153  1.127343624  324.5871909  235.7909502  -104.1421821  388.4197529  301.6806758  247.5512213  189.1987713  
209.789438  654.2946331  -25.4932636  211.6624233  198.7940108  310.2958956  233.0873382  717.0465576  225.1681491  257.8116281  695.7832301  285.5007061  32.60556221  687.7756127  -40.04714423  -102.8032783  569.619929  152.8009351  254.2671767  -274.5146439  335.9395779  -31.48427861  2.778428088  315.1439705  209.2981112  -103.481503  395.6007871  306.0162121  239.6966179  188.6637251  
209.9964133  660.9827557  -20.6737423  217.3567714  197.3286342  303.9890587  226.7358002  710.1743633  216.4134054  255.056123  693.3061017  275.2847028  21.07761463  678.6098067  -37.75293797  -102.8224856  554.9585537  139.672711  261.7368184  -266.1052354  342.9681963  -25.10263793  -4.942445756  307.0074848  211.4647076  -99.91812526  384.2757549  303.5127679  238.9803706  187.5206123  
211.3346018  656.2008784  -19.69010368  210.3621965  187.6987827  290.3755214  229.4614404  711.4368133  217.8905964  271.7506506  691.2591863  285.6020304  7.107137427  697.0236576  -32.44872447  -104.9955201  560.3720701  144.2912995  262.0239804  -283.1034109  345.3100706  -31.79576989  10.96547152  303.4448189  223.6762436  -100.969026  411.0941088  309.2320829  251.4541084  188.22457  
211.1096169  653.0578195  -30.14528202  213.9189733  202.5870882  323.1588046  234.4527392  702.527501  227.0452354  274.0413268  702.3737106  280.5227859  10.51896008  674.9040108  -39.51600156  -92.66245063  571.5388549  163.8977163  250.4500833  -281.3333466  344.7606358  -37.76015601  8.32480449  336.0982865  214.9943606  -103.8914177  394.1050177  299.1018681  248.6303385  193.4368649  
212.8005504  649.5565709  -35.77353986  229.962472  213.8019021  329.0426735  235.6247145  714.9713317  232.1376281  275.8219979  713.0921006  282.2477509  13.4567087  667.0406029  -37.15941951  -94.1671511  569.7946779  147.0411274  241.4376616  -277.6798129  331.9663095  -35.59658979  -4.437899972  345.2211108  201.2526891  -100.1503448  385.6335055  300.5926955  252.2567281  188.8822746  
213.9640359  647.6988207  -26.1420847  226.3675147  201.8269662  329.2796013  235.461491  714.0438941  220.0913944  263.8114284  706.013401  288.1151163  31.58734674  672.9286346  -40.30298796  -104.2601785  570.3664966  155.3584704  263.445973  -285.0753662  331.0624507  -26.44159482  2.34542333  329.8300235  193.563502  -96.76044135  386.1032718  308.3792677  251.1527978  186.7721878  
216.7390521  653.8498141  -26.87467494  225.3744684  203.1094088  334.1183949  240.8226596  708.558428  221.4763157  269.50258  713.1394001  279.6029906  16.15644006  660.1708041  -41.75964696  -95.17000891  565.775021  157.7935424  252.7240872  -276.4600156  344.369513  -29.42624478  5.603514767  333.328207  196.5657283  -97.49634925  382.9160293  301.7088776  237.4829869  189.6305101  
