28.26719097  565.5494114  60.68090488  239.1216099  218.9155531  224.6291049  79.80552337  477.5783809  -3.116709225  92.6239045  398.1453542  7.390480467  25.38024429  435.4180428  48.45757239  104.6893751  487.0048197  77.74270876  327.0109215  60.64002341  372.1507113  -1.80218013  51.40770001  302.9877838  204.085335  -60.44702393  364.5708507  76.2623879  138.910773  189.2596079  
30.83226708  565.9106919  62.09536865  236.3790388  206.5217371  212.8676746  84.29835751  480.1373716  0.4253808328  89.23827437  394.0325825  10.65368653  9.784673119  434.5527583  42.21493766  83.58064741  472.2507901  72.36690574  305.7297579  55.85496052  368.7220793  -10.84082514  43.48623953  318.1743233  191.9090045  -63.31736096  370.1220586  72.92432046  120.5055254  182.3770296  
36.60931584  572.5713034  67.9130896  236.687567  203.9330621  206.3234207  83.75690209  471.257573  -7.896828644  89.75717316  396.1377636  6.619585297  -19.74555222  430.9296357  55.37251508  75.06616062  460.6885358  55.41120937  294.2655852  57.85614894  369.8626144  -17.20063812  38.1186867  307.4210184  204.72997  -58.97824018  339.4234924  70.34299842  111.3313998  184.5642363  
36.19059455  562.1432094  67.34059529  220.5414759  218.6436729  206.7448665  81.75582654  482.6986672  -2.188678496  88.57795255  390.8361627  22.91588277  1.251778765  425.2599921  46.34478389  76.72419599  473.7615566  80.94287754  285.6632251  52.82557949  387.5644342  -29.09970236  18.8656545  337.2179578  188.5180596  -33.84863253  368.9077362  75.16121925  102.4381841  175.5652453  
37.51887912  570.7652054  65.96303561  223.3597689  223.3413981  202.81205  85.10048951  475.7996329  2.541404066  77.87809338  391.8283218  12.28749094  -4.503926165  437.0392425  37.16031834  74.73818719  467.8907953  67.80235223  287.9359545  59.10268887  372.5667123  -24.2999988  36.7026202  335.6656581  197.5115317  -55.22908995  359.0592079  77.30524847  111.7215376  176.2412801  
38.23684684  560.513859  74.41760186  224.0233392  229.9775062  199.3635068  84.39681721  486.4917956  4.752460235  81.21314643  389.5967494  15.22390901  -3.850887491  435.0248139  38.78097554  74.65943306  463.6112241  66.10164145  284.6238001  61.39726324  373.5817163  -19.18400358  24.73579747  340.4882245  194.338991  -34.7486878  368.8508164  73.20283108  98.30163793  173.0905042  
38.18830133  559.5905301  73.93464764  220.7742522  230.6457287  202.9172881  82.91520896  491.7206139  9.200537492  85.20328535  390.3971221  20.6673086  5.453835751  430.5213205  33.84564179  70.19519796  468.4147891  73.4619174  282.8230993  60.1255251  378.711952  -24.9646869  22.24626927  346.97574  187.5972592  -30.31122107  388.1861345  76.53182028  95.82308846  169.5467438  
36.52972568  567.2782507  76.48999067  223.1241218  237.447115  202.7182847  85.49931097  486.7810545  8.201921107  86.2643973  396.8027554  13.97067969  -4.735368502  427.6113267  34.37164383  70.71954213  458.5453679  67.125344  289.6260572  64.50927345  373.7552148  -19.35801623  25.0572955  339.2350472  200.9180424  -30.43647649  365.4192283  80.46380011  95.55376792  173.9192624  
33.62333329  562.1870918  76.930637  214.4467297  232.508711  203.3785925  95.46662523  490.9075495  11.21003149  79.52513302  396.8233551  19.67852382  6.362769447  428.6983376  29.45704783  66.56818342  455.4568299  66.93134488  284.8288773  59.23144206  371.2748109  -20.44713146  13.27393433  357.3601609  195.5055184  -35.14410948  387.3711191  78.2200757  98.85420648  166.6436092  
36.55466831  565.9103066  76.57227167  222.8613352  231.9626353  202.2727764  90.15902474  483.8462554  9.889471013  76.0945155  394.0558964  7.772458872  5.437062436  434.7129933  25.11924001  72.48222776  454.46618  55.47963922  289.2691985  72.93511486  365.3627375  -7.217735599  46.65885623  339.5340603  199.1095257  -39.72397163  367.4912469  77.35620592  94.37063731  171.0841338  
38.73070158  559.7482459  67.02866119  230.2843415  230.202255  209.2336424  98.00805386  482.3737587  10.32113546  88.29878377  390.2719628  8.996700046  14.73162889  433.6736546  32.3351938  75.71407261  453.5077187  49.65334235  300.0765021  63.81065039  368.0881742  -8.992910955  38.35051571  325.4732966  208.2642531  -39.22484101  366.165743  76.17175375  113.5800927  170.2229535  
37.86332761  553.2209981  68.63274695  225.4011975  213.6350225  207.095342  97.120702  484.3505752  -0.5072583517  76.7920177  380.3126657  15.80523728  9.394911745  434.5255112  47.81921865  84.25706837  461.5723358  74.16683977  289.8335606  58.74867349  371.955953  -18.50899113  5.487294391  342.4567833  181.2433551  -41.60159673  374.9507414  74.0091848  106.5843598  170.0014287  
37.93595041  561.1738795  69.43144065  224.0488256  232.973452  206.2921245  96.04814122  488.1160508  0.9751117581  76.79979927  382.195256  12.97412229  15.62900388  435.9697043  34.27845772  85.1113539  461.3916762  74.84481119  283.1753023  65.06662736  375.4896481  -9.872723434  18.07121244  339.707594  182.1052921  -40.38395349  377.1806124  81.25090615  100.5953244  165.4988858  
36.420987  555.1638884  74.44507906  218.1749533  227.9199538  198.9444937  101.7738689  486.3317463  4.324081044  74.98825602  386.1063882  25.44653768  10.04385529  437.7058681  37.10230502  78.31818462  466.8307731  68.64749543  285.1985938  53.42449618  371.5733693  -13.69000024  9.003790764  347.3653496  186.6888675  -42.48204338  383.5782173  77.75207513  101.7654455  166.3137433  
36.91718481  565.0183961  72.30840701  221.067969  225.7033883  201.7279105  97.14203375  487.8075395  6.310959313  72.0331451  385.7971433  9.54751636  18.76952594  441.8173633  33.65548085  73.79363716  453.3634086  56.84536735  290.9149474  64.19177755  367.9990958  -16.32995144  31.83186093  337.2897449  193.039765  -53.80399533  383.5663061  76.28849491  109.4801591  166.7087644  
34.482116  563.1289321  71.95959455  229.2768889  226.8918158  199.4084113  94.62403534  485.6650487  3.899900066  79.06592722  385.323924  13.1941287  5.603334857  440.4050454  35.57832595  69.10155538  458.8385075  60.54103687  286.1762732  61.38730768  367.726662  -12.24615582  23.33681963  343.0543748  188.6685029  -51.8168479  375.2320789  79.62701682  103.8954424  170.1225798  
33.67403359  570.5655378  69.76902308  228.691448  226.5991225  207.1917779  92.8683839  490.8043509  5.069265465  77.19642583  390.4661728  7.982441358  20.89696617  435.8724181  37.11987184  69.22683603  448.2246457  54.68854403  288.8036925  62.40465562  373.0286412  -3.155073432  39.7491677  336.1584385  205.2406036  -39.7374149  369.177313  75.22745802  112.1256837  169.4255246  
32.27194117  568.3975365  68.72600551  225.021649  221.8764837  211.6133194  96.75188169  490.5634654  7.385804577  77.24086611  389.8462761  12.50809906  27.34740622  436.7043796  28.20328862  64.54076224  448.2245221  58.26831951  283.8335109  58.25924508  369.8004399  -2.913114488  34.88150118  346.6961047  198.5950379  -53.0555602  382.918368  77.53664271  113.7343235  166.8129418  
33.41127211  567.8069624  72.23988598  224.8364178  216.512676  207.9958371  88.27719438  493.5216872  4.995370416  78.16423522  388.7853408  17.33454939  13.62483687  436.065311  29.55055928  70.60737357  455.2068462  71.7613104  274.8267538  61.74571785  376.8573165  -5.576454973  22.94017364  349.4358249  178.3512946  -51.20448138  386.034492  79.9551006  96.23364921  165.4868392  
31.5143166  566.4866067  75.01997157  227.4828993  229.5991575  211.015363  92.10928615  494.8717642  9.555022531  80.87265629  391.2793245  27.30432945  23.94067706  437.1170965  27.89361749  75.81891511  470.420119  91.97706476  282.4802614  54.03071025  372.0433739  -9.306753298  7.856185991  361.0657624  174.1760091  -46.43786621  403.5409789  84.82450211  110.1522866  169.1685758  
32.39947125  562.7175338  70.95472399  234.8037109  220.7067946  209.2382053  92.62663519  489.4749715  5.174295558  91.31797079  388.0113749  18.25046486  14.61836368  440.2374329  44.23104797  71.95359198  479.7644586  78.78721091  296.0712843  54.29157958  369.2206208  -19.75165837  9.016494085  342.8298209  180.0564692  -47.81658566  394.0618139  74.89404607  116.3588205  175.3768157  
32.93047927  564.7384678  70.46260889  238.1965413  231.6091481  209.2589763  88.82994287  486.387561  9.40942215  90.45717441  387.5265636  12.04311463  12.92580379  438.4594916  33.87262334  74.95720577  469.3203774  74.91821595  291.6169675  64.60349666  369.7980872  -15.59132745  22.02714362  336.6975864  180.7839896  -45.50605727  385.4777399  80.63860759  105.6660812  173.0284895  
33.40811758  563.3909078  66.60026479  238.5688551  239.3017024  200.1221574  85.87966917  477.9003461  3.20256851  95.27316781  387.9829089  13.67714037  10.69082559  435.5481213  32.96257552  81.64793773  469.5204137  61.14934733  303.2956374  59.40068136  370.8466618  -16.39643175  35.57913509  314.1062506  195.783039  -42.28940713  370.1021956  75.61060271  116.8105434  172.5925204  
36.30080445  561.939831  64.94622269  239.9274623  229.9645995  207.3231925  89.83264953  482.508761  3.339358277  90.59910037  387.7315664  16.42490075  22.85399127  438.977651  32.68257332  78.9279116  461.5244176  62.851991  305.6036983  50.27224238  365.4002878  -21.38474885  31.61402951  316.1709946  197.5254358  -56.9884471  388.2257156  74.35314373  134.1273497  167.424664  
39.96746689  562.223608  72.14282255  241.0011539  225.7555491  198.3607899  88.81343456  484.1493934  -1.820842176  89.07285384  391.9054796  20.42410917  0.04288076286  432.2231736  44.02333147  75.75994176  466.1992221  66.67714123  295.6950085  56.67880169  373.489811  -24.513332  15.78986386  326.2780787  187.4269668  -44.22608557  374.6207773  74.44911206  112.03404  172.1220204  
33.77243822  567.637972  67.99376624  232.6942893  232.03996  214.0448787  91.57614563  480.0727479  1.148686033  90.58924912  395.2251284  21.63452868  19.47653058  430.3466455  40.36224096  75.26456705  475.2539653  83.24501347  299.2476394  51.28615722  373.2561907  -18.83512752  25.43994262  336.6800064  188.8084047  -35.39936061  380.0694672  81.35646428  115.7604838  176.9910851  
32.49977228  574.776342  66.71660103  229.5329489  226.9941639  206.8226173  87.44461551  483.4560431  -1.472042813  85.33243588  392.3229988  11.67454434  9.862144044  435.6814495  37.44649438  75.00313035  463.2447784  66.44846358  294.9690095  60.64212931  372.8656617  -16.71318295  30.12900456  330.5764487  190.2124056  -47.95298912  370.4519027  73.32294067  104.3371986  174.9016419  
30.9026595  570.0979907  66.52440595  221.9929271  227.9051446  217.7952071  84.90939412  487.6537447  0.7732493791  83.81889668  390.671954  15.5595163  22.34719241  431.6408212  39.92323476  75.80845821  467.5847691  82.39013153  290.8075537  58.03368754  379.5398972  -18.94271856  27.56512144  343.1270113  187.6577798  -39.18541952  382.3589645  80.62556419  107.8560454  173.3463942  
33.77365059  563.9986267  67.51759212  225.0143091  223.1096362  200.3834642  87.39047244  484.4556602  3.073339099  86.50387221  389.421527  22.62491927  -4.06692428  432.2405555  43.3933687  73.25633185  468.954257  77.51454023  289.9281028  56.87816357  380.4563924  -24.18686452  16.33155745  341.3497809  180.4303439  -46.27166642  373.6561676  74.68854002  96.44201361  177.3498166  
33.93455447  568.1722575  69.10874291  229.408591  227.3780962  208.3538098  81.15296285  478.2803042  0.4447358801  88.5031824  389.1809541  9.793522555  15.03866017  434.2488054  41.33117052  78.25829362  465.8015969  69.94697215  306.5184438  61.52102706  374.6407708  -19.94310962  35.77998439  329.4036469  191.8900724  -36.76572104  373.3668663  76.11857734  111.9786473  177.4598805  
36.04374477  565.3904922  72.93255028  230.5968227  230.4367283  208.9206146  90.68878154  493.2068884  6.122822053  92.55933037  387.8890894  11.71073897  20.38030945  436.0153353  35.14333956  71.22116817  454.0362792  63.06496705  296.9417625  61.57474062  371.108165  -19.92716316  26.33184364  333.646408  189.3947035  -39.77332574  384.066994  73.45740485  105.2340654  169.1833458  
34.00193931  571.9351667  69.626992  233.4336645  216.6281339  212.4544969  89.94151629  485.5964182  -4.433070218  98.50770868  385.4360337  4.596845643  -6.294695715  433.9252829  45.94033857  72.46240516  466.420933  62.189428  296.2371103  63.2794338  367.3035033  -9.008011176  23.51972077  320.1197406  193.9503326  -43.83275489  354.2065266  77.89687997  101.2029023  176.564725  
30.51014962  569.964005  68.47373961  227.3852538  230.107631  214.1405452  89.57643914  492.8744053  -0.3478975513  84.16623397  385.6834652  8.192537117  18.27388973  437.9018108  30.64726482  71.0717458  468.0594077  78.99510738  282.6021413  63.48040553  369.9548876  -9.469734907  22.19135162  347.3923279  178.8576847  -43.87478255  387.3708532  82.95569572  103.4620087  166.2723682  
31.0698792  565.1121941  70.04349149  228.1925301  234.7445079  209.0727468  99.46377036  494.9392826  5.711966284  95.68444076  388.0416878  20.76195845  10.13544259  434.2437391  36.14942349  64.35288196  471.8471469  77.52052216  286.3692346  57.95135675  374.3790164  -16.06052014  10.69650242  351.2757552  184.1573613  -33.44797176  388.7619742  79.97397056  100.3490289  166.8966482  
34.43668228  567.2827944  74.85789305  229.5603052  225.7383344  204.5272218  93.13113972  487.5661938  2.794725428  88.66479543  390.5406878  13.87701299  -0.1093154945  434.1965653  39.15918594  68.48266611  464.1382908  62.84792587  292.6337196  64.3468006  368.8273498  -13.71408036  31.50696073  339.187875  192.953047  -48.92042913  370.1756748  78.85308568  98.60358783  174.0376634  
37.83120088  565.4481008  75.80682911  229.1439892  226.4136662  206.8013133  88.5026178  488.9056087  4.205752242  77.98392996  388.582249  6.534875457  20.51793191  440.5671065  29.38361229  78.23568021  459.4814585  54.32896938  297.2043606  68.18436827  371.1422026  -8.696642519  46.88685704  330.357004  198.5228745  -48.58671232  386.720111  80.32720711  114.2425341  171.9404769  
40.37772167  572.2718523  73.43607045  236.9204053  218.8345441  208.8536867  91.47021498  486.1479035  -0.174913618  83.88656625  392.6620407  -2.500473209  9.660813999  438.3284043  42.90940762  82.24147245  449.361527  46.62183319  307.4704383  69.44036101  369.482173  -8.245156445  44.57566145  309.53714  214.0014522  -52.23651627  362.562606  76.89830282  125.5334477  181.229048  
41.79772372  569.4145503  73.19351493  235.8474369  212.9695198  202.8217326  86.32594572  482.3645193  -4.950652858  87.14611447  391.6427243  6.450806657  -3.714651149  436.3600666  47.43240077  81.54851755  458.6287977  51.3756527  300.6010034  61.94455703  371.0148784  -10.86465662  36.06942765  304.1849438  209.9886085  -57.5759325  352.5893532  74.16432613  117.0904377  181.7412309  
38.66983958  571.1820692  75.22312858  235.1008788  227.0053779  207.4363175  81.94375736  480.7916469  -0.07352967433  83.01276703  392.8634908  5.985621659  4.9876947  436.3402588  43.9683203  83.20128306  465.8622067  71.38280784  302.1369681  66.79030921  371.8650234  -15.26413281  36.99232306  323.7779289  201.4265206  -41.27312683  365.2651835  77.9695401  115.7759825  179.7337652  
33.20887777  570.0071865  74.3129927  235.3211491  222.459755  211.4233554  85.87048204  491.843436  5.000661174  80.47889566  391.3759238  12.23350876  12.03531112  439.0995992  36.01810183  84.62553286  462.8822418  70.99766441  294.5179422  68.18351378  373.7310804  -9.382827186  33.00831301  335.1799896  195.0798996  -47.79302709  388.8144164  82.85578938  110.2785103  174.5308981  
31.23277193  560.9925142  71.43383875  234.5119837  212.9697683  207.6858999  88.15300941  485.6415065  3.124971815  79.38683783  394.6443956  17.23775521  8.393098141  434.9005737  40.50163383  86.55088062  465.2481969  71.29100147  295.5618888  61.42849068  372.224703  -11.5117958  23.28109951  335.6468371  193.3732008  -50.44815709  379.7519382  78.57025645  116.2750947  177.4260819  
34.18484199  564.9967806  73.74487892  230.2637878  217.230274  211.3517903  87.03072562  481.7545329  6.708335824  74.90288098  396.9093814  15.12317855  17.19541478  434.9204758  27.87787596  91.59392014  457.2586222  70.11843709  295.2469412  60.19331358  368.652792  -3.43239215  40.52015046  330.6669949  195.0291129  -58.6579677  382.5835932  81.17292134  121.2816005  177.8891596  
40.03614598  560.229311  74.0149448  234.4207941  217.2741568  195.4885737  88.56115981  477.8205946  4.279235305  81.52361903  398.2619669  17.15666173  5.782960762  434.8381824  34.9314895  91.76182564  462.5341844  57.56091234  300.3887133  60.76114217  373.915187  -7.585730327  38.70372104  321.6682767  201.1332725  -54.09075283  370.4347255  73.33993797  121.8698151  181.7627012  
40.1371715  556.0568184  72.30526925  242.6029232  220.7015448  199.0225483  91.9687627  482.8418572  2.779702575  86.68792586  393.1277721  28.96503685  9.114217838  438.0860957  42.99079784  87.1713747  478.1253042  69.88336933  307.4197938  51.08491608  377.0285685  -11.07304529  28.83158557  332.1592842  197.1467126  -51.53481456  381.9207181  74.76846048  129.4777687  180.236252  
37.52041944  558.4197317  68.77520446  242.1319143  223.2572261  192.6664091  92.73412098  477.5607268  -2.500608266  80.30131973  388.9048011  24.16160968  4.995441227  440.3519845  39.73920709  81.00946556  480.2897591  64.34868558  300.7731716  47.82206562  370.5944181  -14.96897499  38.89685322  327.4202671  198.5181458  -70.24854818  367.1202183  74.03326755  127.4882575  177.1880982  
35.2814557  555.6157292  66.87375062  222.1001659  232.9627097  189.976239  82.02122488  477.4299585  -0.8805091946  80.85702935  388.9729206  24.13529604  -11.34598658  433.2601612  29.88024759  80.62657791  479.3741165  71.13441631  283.0749545  52.91743675  375.4968101  -21.46400329  29.71394232  333.7795035  186.9793602  -47.95192956  367.2323464  76.61164092  100.9198475  169.5671772  
34.6772494  558.2683485  71.80607462  230.3579753  231.0493622  199.2734672  76.72944791  475.12543  2.163172656  90.76932169  394.7385999  12.63388495  -17.02281387  428.8131747  35.0037836  82.1226309  460.9511873  60.56932143  289.4104729  67.21161166  371.4675271  -23.46708842  42.88722483  319.7857701  198.6759642  -35.83116979  348.8133689  77.39809025  94.74211856  173.1513836  
32.47663507  560.8044668  68.41101394  230.2112806  222.5891707  211.1649631  84.84182504  484.3846145  4.023329593  92.31201383  397.7384292  18.97837625  -2.123927902  422.1858269  40.48970874  85.29217742  454.2265011  68.23973324  295.3632242  62.51528806  369.9442678  -23.1554907  37.90642668  325.5867535  204.1596096  -39.75382743  366.8698475  75.82847548  111.4805672  172.949246  
33.80169274  566.7253229  69.7506798  228.2504937  224.7546995  207.4128541  89.32517431  482.4464506  5.567550037  82.94880058  403.2980049  19.26764964  -0.1571754238  423.0633266  40.84772913  88.27518776  456.2299357  70.8629385  295.8259033  68.30865325  373.9654636  -15.73703837  45.83254002  334.2113703  208.8596906  -39.82518822  366.2631003  76.04011793  109.5982681  179.7698505  
36.03936082  559.7758358  66.11148851  232.1340015  214.4694714  203.5749525  93.82258679  477.5999695  9.342637588  83.42769708  396.8513042  21.2099085  1.640929148  431.1618263  38.82453085  86.84032183  470.6694014  64.55152598  295.5479971  64.63396462  373.0420075  -11.3344504  42.83508829  329.4614175  201.4395342  -47.44252817  368.2541121  77.42967087  117.6518767  179.1539179  
33.07892129  565.1972425  69.77172848  219.5377091  209.927256  204.2431646  93.53081035  484.6933753  3.779899789  78.7066468  386.8988964  20.87163202  -1.263595585  434.8853506  32.2427498  84.16094924  465.9612644  65.01393902  281.9196361  59.73799734  377.1467416  -6.80355162  23.9282661  332.5952628  194.0195361  -55.50972253  378.4070727  82.78682101  112.5984552  173.8380313  
33.90852566  563.627135  74.55647573  215.7449218  216.4977402  209.13775  91.28104574  481.94165  -1.520378143  74.65360436  389.9012776  18.45057901  8.746468238  435.2081304  43.91442305  81.08991833  480.612328  80.69459482  286.1120164  58.30998945  376.6639965  -15.90705844  7.936758938  351.1464893  184.9184568  -50.32100705  389.1407452  78.75913838  111.4089737  176.2253776  
38.20081699  565.9462084  73.74208456  222.0683664  217.041304  204.1001128  97.90995776  491.0456029  6.196595932  79.25139728  389.3584675  17.5485798  3.96561786  437.896748  41.92401883  81.57074268  460.0106454  62.62377829  290.7978374  67.34017682  376.139132  -1.982470407  27.36565931  339.7182889  194.9324004  -40.60511735  372.3468966  75.4203344  99.49087347  179.553058  
38.17282152  566.9776386  72.16233548  229.1718937  222.023232  199.2691757  99.78695533  482.8056277  4.251185988  79.97737358  393.1446183  22.60015918  8.319640775  434.6043468  39.88792969  79.37322296  467.565142  68.44001946  298.4284572  58.29006218  374.8730088  -7.598467976  21.21852397  335.4535534  194.8346297  -47.37793171  371.6513675  78.29016573  108.7175412  178.25604  
32.03474333  571.4388792  62.80213781  230.3105063  232.1576523  204.3212319  96.31050758  478.2162711  1.776617458  82.51716058  393.1139719  14.92452166  10.12808505  434.6814188  30.15752528  77.39337509  471.1788232  65.49085948  307.3199702  48.44836687  366.8806921  -7.852976735  46.62967789  320.3324436  207.1518017  -53.94162246  363.4725123  78.93397906  126.0879096  180.0791933  
28.62436065  568.033305  63.75654401  216.0931401  238.9596306  207.0592894  89.12872174  481.3523002  9.334101724  80.22749362  395.7337427  8.708554819  17.73785985  433.6389347  23.26930531  72.57052586  466.2254707  69.11325288  292.0642249  58.36692283  372.176793  -14.33608569  50.91852651  334.3339682  200.2489784  -39.90481112  373.9709812  78.2914271  107.4032694  170.6115112  
32.21591141  564.4942633  62.91005169  215.1224927  230.7005815  202.4929689  84.29849407  479.7271545  7.896777432  91.06299201  397.5444548  12.72450401  -7.145859038  428.7714076  37.4610742  64.00130283  461.1506255  60.86994189  292.9085141  57.18258129  371.9911275  -23.91068986  36.64593103  336.3664045  205.1606961  -41.5427304  355.3512338  69.03374664  95.86080194  172.1685119  
32.97514523  553.7895386  64.32525671  215.0416142  222.1424827  207.0914808  84.47759753  481.5104138  1.019743027  84.14759726  387.0260906  24.4791101  -4.037401412  429.4392869  46.11728511  65.22841279  475.6716974  86.75484777  282.8478718  47.661127  377.4972525  -35.30824194  1.864130993  362.8143883  170.4830078  -35.36907266  380.9713189  72.06501188  90.22122668  165.5944556  
34.0867225  558.8388512  66.86177972  218.7783379  240.8067106  208.0385757  86.11927118  485.0033684  5.377483116  86.5696879  389.8317247  17.35420532  3.136504447  426.8809978  37.19946129  68.01029677  464.4877272  80.66352833  281.581207  59.87457867  379.7670702  -29.88367719  13.24439009  357.1555884  180.4492657  -19.42831105  370.5438728  75.68622153  84.19149621  166.0754147  
33.27250437  558.6904603  72.36202924  220.6128882  235.3648078  210.9931648  83.29200119  484.1579685  10.12850901  89.2921268  396.5908669  24.90198233  -3.659485287  420.4952348  39.61529797  63.80139706  463.9937178  84.27460109  282.5305775  52.4595088  373.1299204  -40.01779514  4.275153918  366.5718201  175.0487483  -20.90038683  388.1616739  77.93136138  84.13837448  167.8353805  
36.05002049  561.8198534  75.77926216  226.0510678  242.5735854  205.9925535  86.40933514  485.1671664  10.76237633  84.98937031  395.0341445  8.411109549  2.45239101  424.818641  38.98544116  63.05103736  460.1254721  76.74437183  279.7908845  63.25709983  373.8105485  -34.101706  13.88450901  363.690199  180.9590246  -21.15026401  378.1484464  74.43273775  85.72687744  168.672243  
39.37234015  558.1729971  70.82484352  231.4347686  234.359458  208.5832733  86.77405626  487.4219578  10.21584268  89.95846717  389.0934878  4.261887104  1.803644417  429.6012337  41.63586343  67.5428879  456.2894567  63.38654116  288.2932563  65.43748231  370.5236371  -30.01236323  24.16502723  344.2929154  192.3666655  -30.43849129  371.5782748  75.06153076  94.41569482  171.3949409  
36.32470164  559.2710893  74.66411683  224.1788713  215.3738836  212.0941427  88.22651541  492.9994064  4.218006017  82.60572936  388.0687808  11.20572117  3.352045134  429.470311  41.73164987  78.86479468  453.6482407  68.21170489  289.4433283  60.31653303  371.0528656  -22.56432994  17.28967759  343.4454607  195.2102852  -40.58413148  378.7174202  76.77469852  104.5202312  172.5148472  
37.4193404  567.3886684  72.19948349  232.1471679  217.239961  212.9989001  92.50768932  489.1481023  6.521177217  90.73841617  396.0155486  15.90582638  2.058772399  429.5049136  41.73866512  78.51592557  449.8116436  53.49468416  301.2423012  60.79703591  375.9438916  -14.89045124  33.4027292  325.6799469  207.7993834  -45.19421522  373.0635849  75.31499278  114.0884757  178.1866696  
38.15669759  577.0324674  70.98417545  243.530159  223.2391371  213.2412296  92.7471316  475.7500688  0.5042639857  98.5676755  403.5113158  16.52188957  -6.895581196  423.6678341  43.23416335  88.00691697  456.6109332  50.98709268  312.6638498  58.78569525  372.4460987  -3.080824078  53.97761487  303.3853132  223.0293576  -46.23899924  339.1195633  79.67169524  124.6426568  188.6041168  
35.84755849  567.174058  67.55884163  234.2494028  222.051111  213.5315045  89.1919389  483.0942368  -3.152063421  82.6660267  392.0895154  6.273231582  23.29521996  435.2750242  38.96613384  88.17849495  466.6864683  71.29635102  299.6058583  52.32056525  371.6422856  -15.20341611  39.59428677  321.8549882  197.4947484  -57.4086819  376.5282301  76.18801092  137.4382444  179.6237936  
39.04325732  560.954168  71.53717786  241.651704  221.6756996  204.7331051  86.87409334  483.7371275  4.601719519  93.86272837  392.3419683  13.32686322  6.648472067  439.5645383  44.52093166  75.73315279  469.4395819  71.92487537  295.3435317  46.90431847  369.2865917  -21.1399341  20.00481987  325.6398742  182.4570617  -55.40889143  375.4829159  72.5183859  116.3300998  177.9766053  
36.82598376  570.733196  70.63586409  238.1898542  229.8842668  211.1030166  87.95868564  477.4967004  0.1161438799  96.58181712  396.4341469  11.06147297  -9.526455557  423.8679017  50.85886166  77.80802798  475.808169  83.50979499  298.4493788  54.30608138  375.9212141  -22.00011552  26.30743971  330.7473117  196.6014145  -29.34808112  351.5279751  80.02945838  109.04026  184.1805547  
33.48515006  566.2117033  64.19121235  232.5797662  235.1534986  213.1474903  89.39800452  483.3481529  3.461833605  88.37707142  391.5248308  10.638611  9.564588776  429.8331504  44.95237534  70.71595063  473.7059965  79.92329254  291.9167813  52.70835978  372.7501939  -30.41259456  29.4442527  340.218731  187.2608109  -44.50626618  371.2233905  75.67741581  105.7400601  173.9698435  
30.74301746  566.485105  66.37026174  228.6250922  234.1684487  204.2100945  87.03815544  483.4869287  -1.202468427  94.16418246  395.9762576  10.92181818  -3.109343212  427.1781729  44.01364207  71.02589889  466.3482607  72.11530936  291.8973618  54.39720477  373.4677219  -28.38557609  21.21977029  333.5404427  190.3722275  -40.09672249  354.1100148  74.63433169  100.7780158  175.4075978  
29.83590601  563.0597952  69.00714129  217.3110962  230.7213447  211.7650508  77.6915606  483.0581939  3.195097597  88.7089437  393.5481927  11.52964065  8.996783655  428.8995257  33.43123745  70.17378938  462.1375802  69.91836449  291.1332676  62.22945321  371.6833328  -21.84364093  41.78574508  340.9833289  189.714032  -34.37176849  375.3607997  75.05879734  91.85443226  171.4642499  
34.50778459  563.454746  79.80691163  205.2941596  228.3765904  209.3984062  79.10217313  487.2693054  2.495206568  83.34263502  395.5761315  11.15685876  -8.499201507  421.4586204  38.75174127  69.51541556  452.0595136  73.61286359  276.8292521  70.4321488  378.1790606  -29.13307823  20.28546943  354.1214777  183.5789747  -19.26377678  370.2122931  78.5506749  71.40379493  169.3604685  
36.36647425  562.3249078  80.42004728  217.9265357  226.5009323  215.8549776  87.27122137  492.2915015  10.68979515  83.50277803  396.4384666  18.10535311  12.95170452  428.1162717  31.22455862  70.41732814  450.8621553  57.07536466  289.3724844  69.11708947  375.5668361  -13.86690892  28.03387151  342.1798921  194.253019  -33.23031153  386.4005508  84.36016842  89.75841886  166.4901961  
37.55785334  567.0544158  76.7077862  229.2185871  211.729723  211.7227007  90.68111955  482.9099155  6.435283601  78.79497235  391.1923391  15.34209818  18.3531925  434.7603938  36.80334714  83.14994119  451.7530565  53.92998458  303.5828445  66.21769972  370.7566338  0.6376608247  54.75429673  320.2356357  204.9715926  -47.00936686  368.8992394  84.33060683  110.9731477  178.7386257  
37.1030305  562.6998132  69.11697996  239.5718886  211.1668276  204.9416295  88.80029063  479.8463961  -2.931787212  81.67018406  382.4904634  11.42503934  34.33119736  449.5038274  37.02669021  80.42964434  466.6357683  49.77102579  313.459002  57.66557989  367.022507  -4.40741627  45.60294929  307.6670594  192.1656628  -69.37072513  386.5192992  72.89734544  134.0808739  173.3678327  
34.5143897  563.9434716  63.89540747  245.1011038  209.9161741  207.1428014  90.63735232  474.7551082  -6.419140347  79.31768385  387.801986  9.638950256  25.35990501  445.5500159  41.56763044  87.73205192  469.1262162  47.2461362  312.9492282  56.65554822  367.4304642  2.158849715  42.88228954  305.2835768  196.5396612  -78.41983435  375.4599211  76.51372366  139.8232686  176.6299309  
29.73176102  569.9911091  57.97250493  237.8286651  208.4596685  203.2470191  89.41464046  468.5527695  -10.25241724  70.1594847  381.7310423  6.868954276  19.94627374  444.0977221  41.25199219  85.9542802  472.1409364  60.62062797  307.725376  58.7707027  366.4844342  0.6038738295  46.95407858  311.0926165  198.1835748  -73.13396923  363.7656559  79.91011657  134.053148  180.401945  
31.01820482  569.1253867  64.92045473  230.7259655  209.0456818  200.9620582  85.26735686  477.9112829  -10.96081844  61.74121215  383.0945247  0.5003894373  28.50334053  446.5745179  40.27552675  81.25207461  463.7890276  59.26365057  299.4241111  60.47791119  365.6465415  -5.622996648  29.40746523  322.9502177  197.3575623  -70.1941417  373.2259884  77.04839177  131.3652366  174.263261  
34.67058406  569.2571866  67.49816805  235.3639247  223.1763929  205.284034  84.60927982  480.8316154  -0.292460427  76.57573162  394.2474831  11.57801056  20.31958935  437.3684638  41.65051117  87.22179867  459.1537654  60.681159  298.9207946  61.39993144  369.3646588  -4.244261799  37.41014776  315.5744361  201.7567883  -51.94970743  356.4003881  78.39788706  124.151115  180.3492309  
34.78975468  568.7084635  68.3082645  223.9409088  223.1646005  211.0071644  83.44186327  481.7237493  0.08192877372  89.48795523  394.5918841  18.09419918  9.98178725  426.0379212  44.7407797  79.68520654  466.0231106  72.46199935  296.3358555  58.97464844  373.8441446  -13.99913153  29.13780007  323.9427407  203.1175995  -34.98287464  355.3148967  75.9716026  110.307073  177.8308359  
39.94883408  575.2597289  72.14951229  223.9439796  239.7270521  200.4938539  84.70135731  483.3662498  6.862512318  84.72062712  398.9798963  5.50428386  6.827536543  436.0528672  30.10761732  83.54118002  456.5408409  57.08614278  301.8538784  67.5134829  369.8921545  -13.02100824  42.25216552  321.6967339  209.2512487  -40.76188579  361.1032891  68.05047254  109.7860479  175.2931917  
43.56351856  565.3409177  73.95929908  227.1873012  226.186569  200.3516256  91.94678135  485.4718964  10.31410974  79.75622824  396.904112  10.75376184  9.583432493  442.9878908  30.39949984  79.94060966  459.0532588  48.73225578  297.8676427  63.72500621  367.7628433  -9.049815778  37.21174263  322.6961327  204.1570415  -48.68748683  371.5671028  72.79689684  112.5808373  176.796776  
41.00490904  564.1729065  68.26659617  226.9107878  216.2918792  201.9260374  95.71078575  484.0758489  5.963613483  84.30300383  391.3826472  16.93752781  0.6142909887  436.7435268  43.10618201  77.30447455  461.1614966  52.27222049  297.7918263  59.0664177  370.4688391  -10.3046662  30.34245948  319.2398797  201.4237994  -48.92375271  360.1037966  71.7444078  111.5662773  179.4212643  
32.64396276  561.1622726  64.55668916  220.7766673  213.9140087  206.3749801  88.84298032  484.3657013  1.315682889  78.83655781  389.1219497  22.48378053  13.9301072  434.7098028  42.1192705  81.5157863  466.8308375  74.30578461  289.2561634  55.04539272  375.8326025  -15.24566123  15.72273308  334.4918747  191.5838809  -53.08564916  381.9490553  77.06350163  113.6016267  171.9769084  
31.76094433  570.6658105  63.29162596  226.1995174  219.9887699  207.5100451  90.29372074  484.6087134  4.775078158  79.21364698  392.1101276  9.784526362  13.69204609  435.1361798  38.23483706  78.96231807  456.4621352  59.14113103  290.0205651  68.32736671  371.0725133  -13.15576159  31.24683051  323.2363126  199.0999922  -49.7878106  366.5357587  74.29376827  111.3814716  173.5310372  
33.63866295  567.1968494  66.89824253  217.4870392  225.9852974  205.0792543  97.42895443  493.2343426  11.92391355  86.00186833  395.1163786  27.1580259  9.886257722  433.720065  35.07398462  73.71372269  464.5699802  66.80393011  281.8577511  63.50207462  380.1581555  -9.832182717  16.3074415  344.5755397  202.3639924  -32.09335372  377.6626276  76.62791795  104.2328123  171.8498062  
35.89729793  563.0258026  64.87240344  227.6540578  207.0169743  206.363333  103.7082455  490.0816748  12.67516491  78.41714741  396.0874395  32.28909054  17.08866924  437.0108417  34.48394589  78.52760221  458.8389019  63.82962423  294.3887079  50.96259854  373.0418219  2.953255715  17.82930786  339.2956417  201.4423503  -57.21247294  382.9673926  76.51457974  129.1964197  176.0316255  
40.43117294  567.3799457  66.91576297  228.9095013  211.2938303  205.5726444  92.62527685  479.8395876  8.588810539  81.29906685  394.5727718  7.782634997  -0.8932380952  434.2204906  39.42260757  77.50815144  454.8250286  60.48951697  290.2977855  65.22451266  372.6061883  10.36471827  42.56481691  318.4645277  206.8718801  -44.58635384  344.8076322  79.279097  113.7999446  181.5291583  
39.09374241  559.8768617  67.82110611  217.2394565  230.4792982  203.284684  89.38136774  483.6407375  10.16435809  85.31948294  390.9533824  22.30549002  7.038700553  431.8061711  39.88166185  72.44798864  477.1286352  78.54778004  281.1464682  53.87518443  384.842638  -6.115757741  18.4290542  340.9747392  199.2224061  -29.22447288  362.1315607  72.50085835  103.8307738  170.1883304  
35.61154881  558.9162973  67.71097535  213.4213762  228.6210501  204.9915268  87.89131408  483.3620056  10.54122587  78.90787054  392.1685016  17.09912444  5.035321796  439.7149981  35.60333101  67.34309454  468.0151016  67.32896156  280.7090531  57.41732136  376.7077468  -16.37739976  20.26097474  344.1651521  196.2729306  -54.81516962  378.708954  71.41383589  106.610069  166.9842637  
37.67486172  563.6062511  67.2474673  224.0237154  223.1692154  209.5677321  90.32013208  484.2480845  12.04046834  83.69077246  399.0951196  15.8151982  14.91609726  435.8322506  33.21375287  72.93444036  454.6496089  51.66451267  297.0170142  56.35273481  368.0110178  -12.97316008  40.06731991  324.3804136  210.8902028  -57.56351073  373.6034891  73.57645078  127.4180236  173.3198388  
39.29642238  560.2856455  68.09727215  220.7160341  207.4340652  206.6541379  97.00826059  486.3898193  4.770282699  76.38610833  394.1639581  18.45480543  2.710182917  436.3160747  44.27919429  75.42567207  469.1262202  58.79575981  291.5177141  58.19708599  376.4598857  -5.369829144  26.56515486  336.9719959  211.2759605  -54.78506533  366.2073638  75.26153605  117.845624  181.966863  
35.47620958  556.8183594  68.68654697  226.7464874  211.7145633  207.3701063  99.91927187  489.0439489  6.161218531  70.45800042  389.6381232  21.6821596  31.32156209  442.728404  33.41614139  75.97951111  474.4788157  75.00176859  294.7323618  47.48749809  371.5143287  -7.957634193  24.76177263  349.8685861  191.1835262  -61.62312515  408.7051158  77.0974404  132.6700442  173.3647854  
38.41084381  567.9460476  66.91646856  239.2338973  224.1079773  207.8376247  91.52946957  476.4550032  4.720205889  101.5404559  397.6921209  25.05036646  -0.5738283936  431.0654174  36.74151395  83.42436504  480.8535792  64.68761531  306.5578959  52.95856143  375.9743373  -1.628103204  41.8238084  305.2905697  202.6033492  -43.07651298  347.7511089  80.13086053  116.8551531  184.2697853  
32.31577254  572.761577  61.4118876  245.6457818  239.5312988  213.520968  90.5662456  471.5443328  5.437774838  91.27626681  397.874932  0.7718087985  9.936166123  435.3422365  39.07631208  85.44978306  475.4167645  60.27076435  312.0889142  56.26555875  364.7309389  -10.78713358  67.04229054  299.8135827  214.1095064  -53.73044483  341.7480028  76.05718284  135.2136301  185.9079438  
32.25538921  568.6619035  60.16737395  244.905716  226.3521099  223.1895886  81.93701648  475.8382889  9.885923186  102.1730645  397.7405539  8.613585433  9.68353847  436.7891962  41.27089238  73.70568894  480.7794692  63.04064345  309.7871861  49.81878078  363.6785414  -16.64464083  62.46565669  303.9855331  207.8768379  -56.34353575  355.4525349  74.11038638  128.5336311  184.5382467  
30.51407958  556.5882141  62.19125061  230.6891316  219.7298526  213.2479483  80.67854584  482.3889076  -1.511444234  92.53423991  390.3887658  25.23771342  4.776240687  428.2386209  53.74540044  67.14650555  482.0378849  87.94126417  289.6406516  42.2135994  376.0829935  -32.90967757  7.677481725  349.36576  176.4446065  -46.97339203  379.078987  67.21300615  105.0503965  171.615728  
27.23325631  560.3211652  64.05762605  215.9866094  223.9367938  210.5836626  79.02952852  478.930906  -2.474717991  79.50917028  393.8820564  20.50465667  7.186899537  427.1438957  43.66346335  69.56390138  475.8112968  94.80436662  283.5061528  44.76006543  375.5896263  -30.53689336  8.980210205  356.2135889  171.5817312  -42.12820166  382.5140425  72.08382438  101.2555576  170.2812965  
30.61461162  551.204909  70.45039735  202.9846419  221.1117477  197.9481973  81.20143784  486.2002847  -2.356599767  66.65617885  390.4065036  17.4690171  3.773129845  429.82366  33.58815822  69.95481025  466.8550048  79.6349812  275.9468538  50.52579761  373.3228906  -30.86095944  11.16260553  363.7116632  170.8877478  -55.41452614  391.2251689  69.60734102  88.97220948  161.2761227  
34.39323043  554.0969693  71.59610792  206.6997365  232.6790681  195.647055  79.20361293  482.3702293  4.878555067  73.37791884  391.4696554  13.1401536  0.7214578137  434.4552835  29.29284608  68.83097791  468.480825  69.99388261  277.292312  62.51782328  376.1989317  -31.3636204  23.599156  351.9926729  174.8125463  -43.28055022  380.7484112  69.5053472  81.60802549  161.5289589  
35.68664882  559.3807826  71.27256949  211.8146681  229.2188436  206.1820728  84.40515182  481.5187853  1.705558438  71.83934374  389.4089121  9.481550339  -3.047739148  430.1146572  33.36074282  69.61546187  461.4984396  72.33610677  282.0813429  60.67350493  367.7891553  -33.77601269  24.46696898  352.9899301  184.3184472  -48.70223616  375.2316777  78.0469769  93.28293014  165.126645  
38.47335447  557.4408884  74.89675461  215.8639578  231.0068525  200.6690773  85.05413628  485.8692233  -2.64799951  74.59474542  388.7046789  7.505380633  -4.414044804  432.1707059  41.30777248  63.82851801  460.4916778  60.51192157  284.2995195  64.67578309  370.1848503  -29.68357858  21.76882932  349.1502813  184.5272727  -40.81078416  366.8298154  74.30371841  86.12367252  166.6024693  
36.83467647  557.592385  74.64894418  213.8936509  233.1077098  206.0943706  83.63112451  490.5453347  2.31162377  85.32014504  388.6290768  20.7123128  2.444581126  426.058865  43.25096436  64.43566462  460.0050672  79.94392454  288.4961947  52.96004821  378.5760026  -35.97442328  8.725113706  352.608027  183.1675813  -28.30578174  383.7156551  71.25008278  89.75655871  165.4447826  
37.41710765  566.0338176  75.4733928  217.6599362  239.1574656  205.5075373  85.12922691  486.8392571  8.768254228  76.93894115  391.8288583  19.54980661  2.873514581  428.1143454  30.97754816  66.7593961  453.6051422  84.68573521  283.9546519  58.31563288  375.5665741  -25.43769655  19.20123069  357.2603056  182.1305189  -31.12407481  381.5091828  80.05528722  89.89176408  168.6933682  
39.06427087  556.6105122  70.56520579  226.3064341  216.3671258  204.6880901  91.44286778  484.6884516  2.293081867  83.63724899  383.8585516  15.18841334  -14.96071703  426.7403162  52.42367328  71.32640319  456.7372845  73.11198619  284.8869048  57.67284295  372.2723113  -26.03443641  13.30509085  340.8323419  187.3952785  -38.37387022  357.6466257  72.5259082  93.01975578  170.7971617  
35.62365723  556.2358747  69.51258933  218.3802947  225.0355086  210.3866946  86.8799412  489.7748854  0.1823135831  72.83133214  378.4198092  9.246796133  13.50580673  429.5638288  48.95087775  77.39614339  452.8036715  88.71813585  282.7109472  64.71632634  374.7901176  -31.45317631  12.99690991  357.5153359  176.3560409  -38.78681648  384.8587143  69.90504032  100.2229139  161.9201908  
36.86238124  558.1800452  71.77628763  219.5145137  228.0323043  199.0792663  96.34545821  491.7722063  0.499775227  72.77900239  380.708435  7.85633754  -9.143965387  431.5428229  42.03282467  74.23788292  449.6718314  68.91337672  272.6437746  66.30159497  374.0047789  -25.62853819  6.445416969  352.4574034  185.651399  -42.47731129  369.8606812  73.85453037  90.74778058  164.0502308  
37.04753403  565.2425449  73.68968878  237.5758505  237.9816943  206.3969073  90.66683135  483.3048234  6.51153313  92.11643674  388.9960351  13.25520885  0.6543237646  430.0308603  37.73965  76.13928566  460.6097696  68.1165948  294.6940442  61.56699046  368.0603382  -19.29996449  30.77807236  333.7942868  196.5013224  -34.35103029  366.0875169  80.85914147  106.7352606  171.6322164  
36.0469398  568.2004839  72.32111899  238.8924939  243.5283355  208.2694034  90.42347354  487.893073  3.761623128  89.78503601  387.6573684  9.155135357  11.77527108  433.3721916  33.17755244  80.73831405  455.6380263  71.3372363  290.3023911  67.9008793  375.9426172  -14.75928923  44.89279267  333.763476  202.1016516  -36.8361228  369.1789754  84.92797995  111.5263898  171.9369321  
36.97101655  565.057343  77.10173265  230.9036086  237.4634302  205.3653767  89.00514114  488.9284017  0.07430411324  85.22908625  385.0743149  5.232325092  4.013859262  435.4728047  41.85448639  81.41552865  459.7720067  75.00624553  285.3054521  71.6953128  377.3219795  -30.74863413  20.00551657  343.8967585  189.9786267  -41.53295207  381.724353  78.74926059  106.5869293  169.2019657  
36.79468157  561.7781096  77.16916207  234.5924532  223.7259386  208.4824357  93.32585459  492.6199121  2.152457823  90.27611798  387.0704928  12.99025977  -4.287589521  435.2218881  44.7415197  76.30996929  459.0263867  66.25153313  285.8740312  65.95176517  374.6430606  -25.1909935  11.36561315  344.2167578  191.0640598  -46.81996972  385.9025534  76.76204651  102.7651063  169.0018268  
34.8607815  558.6901528  74.15730286  232.4744877  226.3516961  212.9523527  94.80811821  495.9645401  7.071921403  89.17379926  385.8349478  19.10583358  13.72560294  438.4829787  44.34645053  76.33560839  467.1570353  91.60451306  284.7163575  59.89595373  374.4994267  -22.88332466  2.531630414  357.4466187  177.7343113  -43.08559495  402.0450869  78.1781644  106.1236969  169.0634654  
35.58679144  563.4372618  73.3245754  241.2608006  235.9428554  210.23174  89.42119284  493.6127583  10.89277625  100.6850045  386.7566736  17.2276619  16.98656237  436.4634339  38.38676074  70.92805344  476.1378939  89.08214006  291.3505877  58.21323734  374.5741947  -19.71435521  7.850254828  347.0924485  172.9786963  -33.87962457  395.6474276  79.60335923  108.0464222  173.1040335  
33.97039318  570.3940573  74.34070529  241.2021509  236.8018955  210.5642059  86.32581493  485.2336  6.944448405  105.0224819  393.1858212  10.60402259  1.172787217  430.9657761  44.69893485  68.74318927  476.9695271  85.3401502  295.9890228  63.10531266  370.8701111  -21.74272084  14.37902718  339.7430577  181.4238157  -20.62062275  369.3989869  79.58404186  102.4118556  179.0836145  
35.22687448  567.9703794  73.56504264  236.6916463  218.2309354  223.3881314  83.17840301  486.4921542  7.637742332  90.95771799  396.5818147  9.843319138  9.734285863  429.773957  48.12115264  69.01254338  465.4955994  70.37705191  294.9577026  59.65788633  369.2609994  -19.33662577  24.10763062  339.1270934  191.7385109  -35.14587953  375.4273815  83.12400992  109.250032  175.2824239  
38.42844153  568.2080495  72.77404762  235.8680385  213.3892641  215.0560343  85.83657496  481.3108611  2.689507449  87.28707817  396.4394207  16.09490118  16.98988137  435.497406  41.51241298  78.66347917  465.5825726  63.3548218  304.4427346  63.63147061  372.0800154  -7.264632968  42.47746934  325.0750271  194.0926677  -41.79003223  371.0576848  81.59322107  114.0453473  179.3369448  
39.25299072  569.1747412  74.84497999  233.4707094  212.9287707  209.4213298  87.38397556  479.7910251  2.60452695  89.7876683  395.2360199  20.15818489  12.25525475  431.6957957  39.8482213  85.49103985  464.2134286  59.7123021  304.9407796  64.85827947  378.5527245  -1.174863806  36.00147924  317.4585895  185.5704594  -35.77547539  366.9515933  77.71868383  97.71051905  180.9577929  
38.26381408  568.4465241  77.00609267  226.8554853  215.4233535  200.4629053  89.33857042  482.8913419  -5.442387849  72.64531077  385.1329568  18.17165142  12.88822289  442.89227  38.71720768  87.90690941  472.0793622  67.23209228  303.4613684  62.36053595  372.4223954  -6.927567014  20.84273377  332.1041218  182.49127  -54.53901449  389.3399475  75.53931074  101.3325325  177.4398462  
36.25793392  572.2388789  76.30888948  235.395252  218.6838302  191.5762218  98.12809724  484.2376494  -5.213212483  61.36308157  383.0122766  5.345953995  10.91719548  450.2191154  37.89141935  89.93024369  459.0117631  60.0668777  305.715438  68.78629827  366.3132601  -1.80235953  28.01346218  335.3937501  194.9893451  -69.17045022  381.8596493  77.37756132  111.4663867  177.6877118  
32.44939413  574.8411966  66.94115336  240.5060853  229.8747889  186.1570922  98.71181499  476.5139813  -8.948364035  74.95327349  385.0519982  2.080698377  -2.628084447  445.1817342  39.9806773  91.67042102  460.8497188  53.71528023  306.2302803  70.60182353  367.1443929  2.56191676  39.56830362  314.5940083  207.0436577  -57.8085464  344.7792051  79.99933968  114.1136219  182.4400192  
28.86681354  575.5138057  60.57724156  228.3269985  231.4135928  199.7868475  95.74493551  479.1759025  -1.454823035  78.17389117  384.6130141  2.836801026  2.80640305  435.5246847  32.85692191  79.42218735  462.2964949  61.33857165  293.9062549  61.7371689  372.768858  -1.102673437  49.88430609  316.5945237  213.0358807  -44.4325042  350.1937138  85.80772498  116.5993533  178.8915082  
32.95959108  571.0061396  66.86693231  221.6765658  224.5119462  207.1719788  87.99054753  481.4964551  4.446563952  82.35915971  387.1246574  6.368886037  -3.979308459  435.913603  34.71036629  73.43921648  462.662315  58.98386689  287.8133712  66.62750701  368.5640714  -7.784106722  45.12879845  324.10234  200.8550131  -29.8656011  355.4999222  83.8005942  95.73041699  176.3671432  
38.32759197  572.5761517  72.30075478  222.4251297  225.7998272  209.4147323  90.56088692  487.9607367  8.266766011  83.6400349  391.7486429  15.35455003  -1.723257205  434.7193506  35.86604024  69.78179668  461.2204146  59.94954055  293.8535315  63.12488801  369.9480121  -9.97106348  36.68042369  340.1087626  205.6802557  -25.36498113  366.5099303  83.29852151  101.8303866  176.8884659  
39.17072294  571.4305132  74.07506385  233.3581443  224.0446495  210.754911  89.14693037  491.1118636  5.137885419  83.09448053  390.2578453  18.12586703  24.85747311  441.7876324  29.54066135  79.58896835  463.5792102  62.7901467  302.0285305  64.11285285  369.190441  -10.25153687  41.0336461  334.3812903  197.0125828  -43.62511083  390.5742039  80.65211915  115.8488534  175.8691251  
37.84383914  565.0869044  73.13635405  231.0123199  222.9867652  202.0925851  93.48613958  489.3577013  2.537878552  85.3426462  385.8246564  22.57176091  6.481934532  437.1068142  37.7017337  80.29022291  466.905325  70.38731281  293.092839  63.16905785  373.3224856  -17.11074629  15.58157912  340.8833544  185.6693326  -40.4089809  381.1639045  77.9847883  101.1165483  174.2009614  
31.51313249  571.1529329  66.05342782  225.004896  221.5693483  210.2542997  86.7378673  482.1875678  -2.663925832  84.79895814  389.3345843  13.75684125  6.45576035  433.0944966  34.84568642  86.01923807  465.3134182  66.69448329  288.9899015  60.81026204  374.6700836  -15.88484447  30.92380036  327.1490457  196.9532306  -49.29357571  362.8376207  77.80366042  107.1933123  178.1373293  
32.7691414  567.0066524  65.41012792  216.4201768  218.0803925  207.3142881  84.89109156  487.4092607  -1.228824087  83.03815481  389.5243289  3.574078119  2.680457246  436.7184169  46.65261551  76.22870016  462.9879198  58.40615826  287.374213  62.16747646  378.1467136  -18.05956555  24.1377853  327.7216632  200.4679823  -46.49203551  360.6410218  68.02887215  106.6400097  177.0585277  
38.60197254  564.0430212  69.40789058  217.3957237  222.033144  206.8107539  88.88355663  491.2772686  5.982626176  90.7276793  389.1210723  18.05237174  1.076825137  440.6221015  39.62103821  73.41652097  467.4457001  60.57772733  285.8697373  64.29143189  382.4594573  -15.97184686  15.35690325  335.8029054  190.9134383  -46.55284722  378.1053644  71.28055551  95.00803861  169.0069092  
37.59019742  565.0121455  70.23551826  223.6755801  210.5725048  204.9070892  98.62190489  481.6191045  5.839400567  79.75309968  395.2482569  24.46179226  2.810713163  430.4768649  28.00688331  76.81083639  464.6038995  62.0035121  294.2145925  51.62045515  372.8979522  -9.868264627  28.33370809  342.4621494  202.5482367  -60.77651493  385.9750932  77.43565211  118.2804251  172.2020127  
38.93090024  572.4022223  70.98883098  230.0745786  214.5984619  200.8437689  94.11839276  471.2125029  2.611414063  75.58456478  396.240677  19.05894951  0.453392694  433.8898789  23.71609862  78.76424199  461.9542245  69.86747308  298.1543537  59.74330976  368.8003879  -10.3557044  35.50037898  339.0375448  196.4706577  -64.05232663  380.7455788  81.02052361  115.2443164  177.9368591  
39.18782425  563.5280038  72.01566966  229.3412376  211.2230343  196.5086897  91.91543812  478.8791364  -0.1359127423  74.75863174  387.7426557  20.76162657  0.7965498209  434.1196294  39.41148355  75.77546792  467.4157941  73.15678388  293.7320904  56.89539446  372.1824048  -17.95441831  15.07899375  347.9850916  188.1136324  -56.20740563  383.496412  70.92624514  107.7236628  171.2032711  
39.70199643  559.6959918  74.022087  235.5900563  207.9036668  194.5122541  95.18587232  485.6505161  0.5571001253  77.4932445  386.9472353  12.58371049  2.751624335  436.825022  39.27226733  80.88745055  456.4363918  52.78657922  290.7885929  57.39842097  367.253448  -9.882501091  29.13324924  323.9174172  191.5095659  -66.31890038  370.0750223  66.98253542  115.41907  168.7754302  
36.33991972  570.3314855  71.86573033  231.8372531  216.6589229  203.507418  92.03860679  482.7257499  0.06706634891  81.27067532  388.5730821  0.3292826219  -5.58245923  429.8967986  40.77047075  74.79323782  452.6747463  51.40133277  291.5122463  65.55477442  365.8389984  -5.743419536  42.86295957  313.0910887  203.4948403  -54.32400948  349.3974659  73.52029101  107.5993344  173.4052905  
31.7319334  566.8680789  66.49294784  226.667852  222.6433328  215.2648497  83.92556228  486.192957  5.285127262  89.75854138  392.6635706  5.488977629  4.053946784  432.1421173  38.2945622  77.7562511  462.5840058  55.32015251  290.6475026  62.29401621  368.5413181  -6.401726568  48.41944633  315.3949869  207.8029095  -41.44347877  357.057403  78.79566788  111.6905394  173.830709  
31.01980175  562.2855292  68.12407957  219.2989833  228.5904183  222.1595018  84.27019173  492.0618851  9.419913046  100.1273632  397.9479269  16.66930472  4.990525903  425.891553  39.60835459  73.89062268  463.6413657  65.80131108  289.8117838  62.43886659  374.5677975  -13.86295282  27.82411352  327.7076059  205.4141898  -27.8116285  368.2905609  81.20968568  97.05986878  172.427441  
32.02457511  555.7538866  68.6224958  227.7362742  219.9527476  225.2459612  85.31179037  491.3705624  9.656137168  98.95678043  399.8971622  33.81848602  19.88371899  431.1783433  41.61073785  82.56226443  468.6228869  73.37976104  299.4740797  50.96571155  375.8745864  -17.41636893  19.17133365  332.4682956  197.0656379  -46.55096607  388.1166893  80.98506571  113.0406386  174.957217  
31.94203019  557.8953793  68.75241843  243.4521429  215.4560485  212.4101618  95.86808183  484.4242463  5.100089996  92.18964411  394.1244382  34.08267119  21.76213518  431.7693625  45.26108158  81.01252318  473.5863451  74.7462452  312.1634209  45.94564098  368.4913393  -16.27892454  24.77792493  330.5784319  187.0236344  -55.01804357  386.9604004  82.7597516  121.6873311  177.7733665  
29.61923096  560.7260341  69.96946044  241.2726411  224.8909077  205.4620126  92.18043623  477.5755427  -3.289667615  86.72966987  384.7906823  23.32748756  19.59767074  434.6609652  42.28831807  82.38599808  482.3594372  92.06972872  302.9905402  46.74633474  366.5148722  -20.20750217  11.22064796  336.4301387  165.0519817  -50.80530912  389.8154507  82.47223991  117.430415  176.9065761  
30.69989508  568.9722065  69.39091052  231.9226598  242.7825077  203.1579054  91.19745359  482.0081203  5.283108436  83.6134704  383.2346573  8.846766324  16.76690178  434.4829877  33.67629612  67.00817491  477.3587817  88.80831428  288.1122335  60.71162827  369.0594499  -20.26289913  15.29443596  348.5745818  168.2794909  -30.71714435  392.1946276  82.80603261  99.15410518  170.0070215  
30.86943585  564.0284393  73.11693806  217.9613008  235.129715  207.2018528  90.09384476  486.6364879  8.659923412  84.68402815  393.2835098  21.39969664  -0.1459479963  425.9745427  36.98480944  60.75392998  476.7711903  86.46108248  278.2818351  54.01367858  372.9834574  -22.1426078  1.542073839  368.7757489  175.6623234  -14.52642161  391.7202222  79.05414775  91.01674763  168.9680191  
33.1298006  562.0352881  74.00726783  207.9771829  225.8689306  208.9655005  89.68477617  490.1763609  8.022056361  86.539639  397.7036166  12.38082898  -6.817697167  421.2330385  43.11371481  61.98040756  456.9692878  71.54329862  275.6857746  60.82135867  378.3209497  -21.35958074  18.03891964  362.7567792  193.8968276  -16.26896008  369.7781832  72.61261428  84.79629518  169.100702  
33.98907269  549.7579445  74.72905394  202.0230905  215.9876887  213.87173  93.24620861  499.6283467  6.395640225  87.27583635  396.0766286  25.37251562  7.364241079  425.080616  41.80790181  69.44732073  459.0885148  71.96100504  273.2737139  57.65757116  384.2308081  -28.58948316  2.105211307  361.4178244  184.9208241  -40.16837719  388.3791518  68.18150437  88.6195541  163.6408408  
36.09981795  548.6872813  79.85203721  205.9062416  213.1441746  204.58402  92.96784942  497.4507981  5.822842828  75.70475623  387.1900846  19.78767518  10.99276185  434.309141  36.67188953  71.72493214  459.0307125  75.74396062  273.8811136  58.04371241  380.1498225  -32.18558622  -2.129653413  367.432823  172.3871793  -56.01272437  402.4918684  70.93936699  89.52402999  162.9756021  
41.39273222  556.5095556  80.88607045  222.4821489  227.8924881  204.3163338  94.00779147  486.2406444  3.523895745  79.02528258  385.9979912  15.46023154  19.39148674  432.3978265  31.52495028  81.94405849  455.6210223  78.82692856  287.0857871  60.53791777  376.5163939  -29.61488593  17.45174556  348.67543  176.8790747  -51.78909463  388.9033044  77.51099319  101.0640085  171.5143454  
40.7115921  566.9015517  75.10655588  230.1482137  223.3258958  204.812066  96.61195357  484.6796557  1.822801649  75.18571842  385.124178  -1.786957972  14.87783639  435.0255793  36.26335664  81.38116141  445.6824957  65.34317121  292.4836179  65.73850319  369.9229629  -22.27926123  34.86698787  336.3285268  195.177881  -52.86747987  368.9806743  79.23414548  115.8888753  179.3746505  
37.70976534  569.2240026  76.61766654  230.1755191  221.4604064  214.5784346  90.13428471  482.9316423  -1.930646377  76.49795178  386.3346138  0.1891717509  9.884388336  429.0257196  34.74640707  90.222033  449.2953519  65.6847358  295.9550108  65.93081076  365.1752713  -15.87248058  43.47819542  328.3326644  196.0891317  -47.11496537  364.1678188  86.1535922  111.4862945  179.5192365  
38.29463781  562.1487298  76.0912617  229.9300651  218.0961446  213.7170507  85.19488568  482.8707702  -3.143655282  81.47473977  387.6609248  10.42579875  8.549563368  424.2421594  49.40669035  87.98420273  459.7157656  78.52654683  301.718262  61.70677674  375.5136387  -29.41613126  18.02761452  340.4621504  182.2063447  -28.45045662  374.6621471  76.79320048  99.24563555  179.829387  
39.06385602  557.0909582  74.98339349  231.2329484  222.1479632  215.3758011  98.75077297  488.6164479  0.3875574225  84.22379442  390.5513448  23.0913582  8.628460431  424.7200731  45.60522031  97.20936389  459.6803717  80.03868599  300.4101536  62.10849562  378.8095711  -18.53515441  21.81369645  341.8646048  187.6657272  -35.39535645  383.831679  83.46337159  106.9693896  176.0235179  
36.57147342  537.7130396  77.98420881  216.2918405  196.0131844  206.8120638  98.95847308  504.2632935  -5.886523296  70.10546315  377.9229002  26.16812607  17.20654957  431.6056171  49.73745878  91.33347697  472.2252595  89.64568762  281.8482337  52.62134535  378.5049808  -24.06986111  -20.92633795  368.6779032  158.966087  -48.70752535  420.395489  77.50087581  92.0939599  163.7496153  
34.08531603  545.1627298  78.72738102  212.6981888  213.4143796  208.831033  92.2210202  492.3667098  -4.459725918  69.63895429  384.9216746  23.08211242  5.337662071  433.8741013  56.53482602  92.07950318  474.8376814  98.32247692  284.9181983  56.9476487  378.2576316  -35.35730338  -26.5483075  375.31992  150.5332811  -44.25462392  406.1308314  73.63074807  82.89021165  167.6360095  
34.0529555  566.0091016  74.72777178  226.7708052  210.547913  216.3766922  95.38544521  487.2343884  -5.898296654  73.73845891  388.6989673  10.66040783  6.330201358  429.665886  55.69274887  89.13718277  459.940817  79.60832504  298.759794  58.43190382  374.3979537  -18.60942152  15.74093172  355.99114  186.3730001  -38.21192708  371.4663858  77.90225597  102.610568  182.5862692  
37.5150005  562.3448354  76.42072095  231.614646  211.1359366  205.2740752  99.21188023  492.4802249  -8.471005555  81.31751794  386.5992342  18.86998786  18.96481045  439.137408  49.77759399  84.84070028  467.6565237  75.53641514  302.1706631  49.4632084  376.969364  -19.0471756  9.96183806  343.3146936  182.519726  -60.46152538  393.4214807  73.30735509  121.5358796  175.8748955  
36.37253715  561.1715088  74.08360273  229.2429325  214.3834512  197.7384232  103.9462868  497.6105315  1.725914811  81.08036089  382.2919028  22.57171689  4.711483366  436.4311359  50.09436813  62.30775979  471.7728028  72.56540349  287.3988401  40.20621081  377.9173201  -23.09373018  0.579173612  359.5527499  187.5790337  -56.59893667  391.1426344  74.51235854  116.317518  171.9962742  
35.04718729  551.0317093  77.69488968  219.3499734  232.417346  205.8454756  90.87898931  498.8187548  7.826411847  93.89724623  386.0465065  31.98288842  -4.293702426  431.717854  45.67389991  63.85803361  484.4141862  92.18211349  275.5242918  42.64700022  380.1352103  -29.50966522  -6.671394009  365.6204724  166.3751554  -30.1330338  399.1615477  76.50240743  87.03161732  169.2217648  
32.2343533  542.124662  74.24810591  215.4721706  219.7674041  201.1592414  91.38787811  499.4508809  8.353312666  85.04660623  380.7170147  28.95869301  -4.231213921  421.141124  61.98288277  44.76465312  480.2678306  97.11960477  268.1701193  38.27135547  388.8819959  -51.04289603  -34.73010613  407.335173  160.9484343  -19.13244657  403.4603961  70.26189273  69.99900709  163.1678322  
32.18476846  547.8860588  80.96405977  196.645267  249.8009019  221.1452753  78.81842218  499.946753  8.40729724  96.92164906  392.3658567  33.28922118  7.331797352  425.7666747  46.66980656  71.03296681  481.7392711  114.8725966  254.71855  63.23222869  390.1463931  -47.61788033  -21.68100241  386.5830577  144.2375765  -12.57784838  411.202367  73.72795356  56.75178846  157.0602277  
42.67051155  534.6450133  78.77923875  200.2853994  298.8619448  197.5231997  49.44542482  516.5004259  39.57330317  134.7721931  384.7029029  72.79860397  45.77809161  449.98884  15.18175029  51.01457742  488.0428424  120.5377455  241.3408023  54.9833292  410.3646576  -60.86803927  10.86299811  383.3735407  122.9830046  -24.32138871  446.8779752  40.92114896  32.38475561  128.8731217  
30.97324591  581.7164092  53.27612043  218.6789673  191.8228545  218.4498957  88.8387762  469.2046054  3.144960145  55.48801491  396.2104233  -26.21958543  2.888181741  433.6634395  45.61132727  66.0974255  448.3584199  51.44955587  297.1770505  77.08540513  366.4384233  14.99586362  39.21993016  336.6248821  230.2312861  -45.23763895  330.6224451  81.58825769  134.1190592  191.6231567  
35.41931078  585.2515771  62.85365768  238.7589639  235.3514577  210.3016808  90.86465411  471.5919106  -1.94517206  90.28105646  406.4717254  10.35252475  -9.31770807  442.9215409  28.73844941  89.12695391  465.3319886  43.89964004  311.0377145  71.06874369  358.0986007  9.354227952  75.14488417  285.9144377  227.95563  -72.91592473  327.7123195  81.19683385  139.3361488  190.5181794  
29.70889424  577.8320083  56.61019622  246.3892128  230.7015321  193.3781781  89.83574119  472.056118  0.09202397697  88.55803986  394.3802456  3.90943789  -4.200903001  432.1502169  35.79230894  71.94533944  465.3292885  51.19532616  303.6165812  57.88049936  363.5136369  -4.717555904  70.02435483  299.471387  219.1435954  -56.98780899  325.9619266  70.82517547  128.5899601  182.5255122  
28.43190501  584.359839  59.67950814  236.6959426  243.3391588  205.5832225  85.71602667  469.8606614  3.388343228  87.55663026  395.8834112  -2.542374282  -2.563226166  435.4222113  24.68456682  79.11970015  468.9811314  58.87542373  297.4503832  72.56040246  359.0000234  3.674535701  74.47620147  299.0087673  206.8050596  -48.93671032  339.6420619  83.69719857  114.0519728  180.8305701  
29.76524006  572.4599444  56.71469557  236.7079809  236.216959  205.0471134  82.66540977  473.6782044  7.298897169  93.32011  395.196298  9.741760106  -5.504551112  424.8050816  38.74438197  68.61734297  462.9816609  61.96973277  294.5395862  57.30753849  369.8729427  -10.45456972  48.95254401  316.5697191  212.7133782  -35.13596237  338.8172134  74.68832919  111.6542723  177.090861  
32.24002827  565.5313518  60.58732412  229.0481013  242.7084402  207.9478058  80.18438129  475.8985537  6.601623162  88.30163003  392.8574259  8.554458858  7.568825429  431.8544998  34.84642818  75.59746374  464.6745074  70.26501271  291.4441414  67.85151455  366.6632849  -15.0364998  44.33124414  323.7015342  197.6937478  -35.36066925  361.270029  74.63453251  107.3046839  170.7218049  
34.64060468  562.1127748  67.50343489  221.3501025  241.6820812  198.7054313  79.85333627  479.1013587  10.43886542  87.00374886  388.8644095  12.37046389  1.968634176  433.9691072  33.17983959  64.63325842  463.6974702  71.91375279  285.2668191  62.21456462  372.7222163  -26.35603484  24.50738506  340.7559328  186.6800294  -26.09513058  372.136775  71.41370994  94.80172747  165.4194551  
37.81803547  563.7606209  68.24905136  223.9438313  229.9628587  206.2845278  70.67375969  477.9046833  7.068253196  86.69527321  391.8992064  -0.4519071428  2.097485694  441.665095  36.04543603  67.26621191  455.8059215  49.64610881  294.0995899  74.60139682  365.0445914  -22.77191032  43.43386234  317.1199819  199.0452863  -45.62899325  358.7974642  69.33688737  99.42064554  169.5783167  
37.97652634  560.4643841  67.50782821  222.4545847  225.593995  207.468023  80.91508473  485.0736476  12.5599173  84.40054156  390.7941068  11.19578761  9.851970123  436.3403788  36.10657712  68.85297748  453.6203506  56.64004789  297.6792355  66.5888555  371.5164688  -23.68932634  28.83733552  331.4122575  199.3189839  -38.62615366  372.2862134  70.41132726  103.3970944  169.7908198  
35.51199063  558.8946115  64.91342234  232.8492952  218.8099567  207.6278395  86.16618716  478.2329771  5.475814306  87.03507487  390.8085369  15.12845856  25.80872384  444.2084763  31.18169318  83.7980457  462.2352287  48.64162313  306.3979502  58.00441061  363.861452  -15.13533551  31.3796187  304.758648  198.1763709  -67.51274823  371.847756  72.14339666  125.2375287  169.90053  
35.18096245  571.4856182  61.55017296  242.5789276  209.9193955  201.0976403  89.55001005  471.0880451  -1.670995923  70.40593097  384.4638829  -3.115674596  19.40320703  446.7907838  35.90894272  79.86561021  452.1490069  47.30174092  311.2110701  58.95421843  353.1674022  -13.03529209  37.9961787  302.3650506  202.2703796  -75.2353809  359.1892568  71.10158461  135.8511073  178.370186  
37.61421393  584.2930225  68.05039397  241.9089631  227.0086366  209.9729303  88.62502532  475.8845168  1.766740408  78.44772053  391.2901263  -0.07720219344  17.45778322  437.153605  31.02716723  87.21974603  454.5640979  62.76170701  310.2211062  67.82285388  365.0369951  -0.8962459471  38.06609008  307.4628688  202.1832223  -44.14166477  354.6614691  80.66402908  124.9337218  182.7667226  
39.67759923  574.2846906  66.02339403  246.706835  228.3747275  201.5952413  96.13154822  473.0811264  1.545641182  86.90318645  390.3295604  11.95287289  22.18002793  440.7056863  31.95941738  85.11219104  467.579265  55.54376172  313.1897473  58.85620149  370.3315753  6.121504981  42.06173863  304.7614567  203.486527  -43.90015609  356.2027808  81.05160681  128.4649125  179.1149926  
34.89114643  570.2423331  65.56997132  230.1103483  223.1755912  194.5422082  102.7458889  482.8028041  3.723632874  71.63857949  385.9898093  9.290399675  20.6762219  444.4510477  22.02509827  79.42730142  464.3487079  52.5068032  293.4231489  59.52273807  370.7320173  10.77192193  33.2123834  314.5957378  202.1106133  -54.37446607  373.5881983  80.60156149  128.8348845  172.3391351  
33.17200859  572.822758  69.75428543  219.559173  225.3502529  203.739649  93.73096174  487.2227565  9.378836547  74.01929177  388.4248712  8.961432342  4.232031852  440.5077264  28.8141362  71.2790864  458.6994018  58.5993543  285.0365569  66.05449419  371.4236051  4.176460903  35.0043655  336.2366077  203.6147233  -39.42320858  371.3415798  81.15509884  105.9388772  174.6099323  
34.19309388  574.8049001  73.127572  239.7343395  241.3604287  200.2326991  92.01064466  478.8765413  10.21001101  87.67912688  395.1842954  18.60547001  15.89323909  442.9990625  20.25832518  72.13204391  465.6047506  57.21218764  303.6782286  57.5875641  362.8526115  -4.376292819  41.88798774  319.7928714  199.8298599  -49.03060314  378.9572569  85.22970034  121.2643378  177.8789039  
31.32295457  582.9199442  66.65417064  237.1286444  253.7522946  204.8970691  88.4447226  476.5044837  16.46475946  96.33631194  396.5516246  9.286576634  10.82358114  436.7127753  17.93152788  67.1569743  467.0586509  67.95188589  292.7547599  65.13863474  368.9644498  -1.061206933  56.06057817  319.9535978  207.1263282  -31.84933404  358.9876624  88.71816196  114.4987854  179.6909599  
30.44145495  574.3323196  65.82558098  220.2462862  237.5419731  208.8051486  86.95401676  487.5209139  8.453101963  81.74005548  392.981197  0.833415779  6.814918845  435.8191631  30.56472545  67.67146807  462.468289  67.36972293  273.0165568  69.76667245  369.8231544  -13.83404364  31.00308587  332.4470318  196.3870658  -38.28645956  363.5424658  77.69243256  106.9220606  168.5568285  
34.58161851  566.9688986  71.8320228  211.2236304  226.6465654  208.9009365  81.69401916  492.0934784  12.33914287  80.55885194  393.7402982  14.66758062  -0.4104007752  432.2541698  32.56739073  66.37370802  461.3962945  74.67759731  268.8584505  71.23944962  381.3567527  -16.64163842  19.62549519  358.1075559  196.0271765  -24.11690205  376.0391428  75.72858117  84.24369763  167.2269781  
39.1515868  559.2743725  72.36896313  214.5418877  218.9889398  211.268658  85.16338986  490.9037772  8.481218385  86.37774937  393.5715429  20.77867144  5.20054467  437.4930786  41.39809171  70.41291511  465.8375479  65.22571093  285.1091841  65.0314151  384.6254311  -13.89867787  20.93540837  348.6011107  198.1512668  -44.02560108  379.303687  69.25961591  97.56064939  165.1938911  
40.89024469  558.2810778  68.23130736  223.9463269  199.6121765  204.3779252  92.92033455  479.4420464  -4.433301913  86.23106854  401.5279734  32.23982067  3.06784096  439.3822631  44.61625613  65.48841685  471.4187352  46.87211834  302.4667101  37.58844519  379.8215034  -11.99869315  39.51959725  333.0555041  217.2230985  -80.48649579  371.4322232  68.98871689  131.1881331  173.1219684  
41.07772365  556.9418519  62.5414784  233.0656932  193.4958663  202.3002293  92.88032996  469.3418975  -9.751751714  80.38476495  398.5210392  16.4825139  3.437762343  438.8098649  45.59919538  84.07860325  470.6781167  28.47144852  308.5961848  47.22474711  374.7449753  1.107240488  57.84274827  305.0765012  222.1089481  -88.7597897  347.5203017  66.45535741  138.4526551  176.1173715  
39.51941081  562.0128438  65.73444604  233.88061  194.3957995  208.1872568  93.49090867  475.2526255  -3.168588071  69.68955412  394.6674838  17.2439213  15.59335505  438.8466961  36.54891177  87.91054397  460.1120379  49.5488799  302.955793  51.09247147  362.7831503  -6.634649869  45.82846056  311.1204451  204.927113  -87.02494658  372.992396  77.85329852  139.1869059  174.5645573  
36.62094241  580.3163719  70.50726238  232.294476  206.2067458  216.5640924  97.48465225  485.2429208  3.446448229  75.49951296  392.549448  8.951706211  3.395637193  437.1054203  44.56236712  85.77387119  448.9480294  56.95235626  301.9054013  63.91299487  365.7205769  7.578131775  57.46093543  315.9596885  226.6938404  -51.49871147  358.151007  83.43421795  127.5278866  184.3885682  
39.05706786  571.0637464  66.91940715  251.1931563  206.2466192  208.1763975  96.34871815  484.106015  -0.9514169138  87.21241214  389.8227028  18.58897329  11.06186862  439.8964504  53.28564512  85.57106742  467.1860672  53.28413213  318.9350587  58.24012297  368.0785628  1.332155286  54.47120436  311.5063399  219.4439615  -57.60168405  363.2638579  74.5086212  136.2802222  184.8495257  
35.26298845  564.8676946  66.61612818  242.3675851  211.5960141  189.055686  91.86550876  474.8563731  -5.069859089  78.5337804  390.7898129  27.11859449  3.608389039  430.8304354  40.92779336  88.07358868  467.9054445  62.80680092  310.8287695  46.44994095  371.5654093  -17.20286664  29.80220761  315.2009323  204.5091486  -68.48107597  373.732309  69.92521607  136.0034752  181.0431531  
30.59502911  558.4700642  60.93540405  225.1095514  200.3752731  195.4025212  83.35101211  478.7224187  -8.58876214  73.29070316  381.8973029  17.83048464  1.413795164  425.6615228  46.84999603  87.11631771  468.8862106  71.95192651  294.8640649  54.06741748  375.013384  -30.75123244  11.92478599  328.2495976  195.2024317  -52.9554063  373.844089  67.33601597  121.9105423  173.4877514  
31.46533927  568.4932803  69.73430786  217.5414598  222.6650951  207.6478666  82.38533339  485.0405941  -0.7918785294  81.36709879  388.0962937  15.69315134  -1.974888936  426.1666314  46.1238609  81.28231294  461.2998418  81.4043819  284.8990403  67.04966267  378.1919477  -19.9920188  20.49364953  340.8256328  193.1828773  -26.91710803  369.6583268  75.36064278  97.09019545  176.8078408  
35.86459219  559.8107771  67.72050482  231.6309409  223.9475301  204.232461  94.22938938  483.4519944  -1.088765366  85.80996947  391.25234  20.87363193  8.377954113  436.2718626  46.87616975  82.82601117  474.1614302  64.65008586  301.3966366  57.43378057  375.1686097  -18.72555124  28.34967714  334.3145759  197.6681443  -55.73368531  376.8239968  69.35562224  114.9986312  174.9432998  
34.9375148  555.7684626  65.15717174  233.0255721  223.5801895  202.2339691  94.31749276  478.7003797  1.392415074  83.54889222  392.8588558  30.19168407  10.90063645  430.7697394  37.76678187  82.06942755  476.2840886  66.66054485  294.8784168  44.56278294  370.9593394  -22.45056091  18.10066377  329.041381  188.3839368  -55.99737365  380.4746617  76.00933954  122.5296045  170.4179324  
35.78410304  562.1987339  68.90204733  224.4200323  227.9209325  200.3086862  87.55898997  485.9855403  8.81556741  79.02186302  386.6123165  29.73612343  6.093120321  426.4311293  27.92132765  67.46337565  468.360736  88.80274737  275.1091148  54.67641791  375.7240864  -29.3072211  1.8819937  355.8113986  166.940932  -34.5859311  399.8667814  82.11994384  92.16552372  166.3839664  
34.49143452  574.3246332  79.33805995  222.472657  229.3029228  215.296388  75.58659599  486.0970635  6.713223979  83.88317664  392.9962828  12.59872122  -5.68758004  421.0713723  34.81067915  71.63671889  447.6028968  81.72848023  274.5071364  80.87820716  375.1099411  -18.37260257  20.47451795  354.6163447  189.3654124  -3.660917557  374.3032545  88.03128363  77.17824524  174.8869769  
37.05781849  562.3164561  75.03510124  218.1580658  228.0958522  209.1490783  83.72765801  491.9914733  7.666892666  83.78547382  394.8198414  20.76108381  1.810626728  422.8933626  45.74639437  76.22965289  451.6335071  76.14812842  276.7998209  66.64877271  383.1824477  -23.57092724  16.56840241  358.6140343  195.6982514  -26.46551025  374.5881431  71.51335859  85.12893626  168.8651266  
39.5901907  555.8495768  75.10025093  225.0393567  223.308727  197.4098154  89.85174828  485.045222  6.621172781  81.59173304  397.5433373  15.767803  -0.6606257664  433.7680159  47.3771175  83.59581848  464.4771337  63.66767804  299.5856941  58.86958986  376.1796842  -20.92885737  23.84418241  337.3308202  198.4967831  -48.03405754  361.8194762  63.18527947  94.36452384  176.9216394  
35.32157922  560.0577141  71.9086059  228.7979286  227.0698414  199.1122761  91.20059152  489.4117898  0.1134167001  79.27356816  390.9096481  4.915618095  15.21183361  438.4366954  38.22935121  81.84628551  457.3893636  59.20720201  302.1205237  61.73889282  367.1785098  -11.45704772  12.65795995  332.1888871  185.9144635  -51.36175928  365.7222866  71.59951838  99.29911954  174.0984281  
31.04752255  561.6986862  67.83988232  226.2849904  228.68233  208.1362892  91.88052359  487.9190162  0.2632220034  77.7846793  390.2452066  5.370931452  21.5233655  437.8469606  41.64898686  82.20066065  456.4240261  68.61357616  296.6676321  60.52460003  368.3286553  -6.211748278  18.35779094  338.3073465  188.1377743  -46.94710988  364.0506712  79.2113728  103.1504463  173.9064557  
34.08078593  555.5587575  67.35573454  226.7452516  233.2690988  199.205627  95.25571763  487.9982072  10.129554  77.71812397  385.9418086  14.32885992  17.84646963  439.2000892  34.74589081  76.5191285  466.8103281  82.04104734  281.8392927  57.44522337  369.1576233  -11.53025808  9.403739566  350.6887547  174.7414926  -42.23754129  374.9097242  78.26549746  96.28616764  168.4380592  
34.61344265  568.1567631  65.53663763  224.644809  235.6505902  203.7537096  91.40306967  484.7868318  11.8054992  84.41139267  389.6317092  12.84059039  -1.364001512  432.7791788  34.12583014  68.76164006  470.3806127  81.10220293  281.0399281  60.98889952  370.0436754  -12.34064622  21.75656508  346.2058616  184.7643675  -26.70309142  359.8153761  80.50259228  97.35567815  175.3267578  
32.09559316  572.7569034  67.220031  221.8497157  237.7030555  219.0891486  85.02227087  482.2968925  11.7993097  91.28304953  393.9055556  1.495572664  -2.28280029  427.5235408  34.05602928  65.10747697  463.4978725  69.62040666  282.8376848  71.76003312  369.5190367  -3.745486228  52.8488974  337.8637129  205.6303664  -20.27814081  354.6039005  81.37944955  98.92166878  173.6494144  
35.26914123  567.8924504  72.18679219  218.3213831  231.7186014  224.0557117  87.59523822  494.6056313  10.82399646  96.1881154  395.4023951  14.65502351  2.28787952  432.3960478  34.96721658  67.52593616  465.1433669  66.55309035  288.9118705  59.50810972  375.4790271  -10.57007015  43.90328035  337.4651731  203.71384  -31.0485154  381.4594658  80.02234143  109.3193551  171.1609141  
36.58110043  555.838992  76.29090562  220.3837484  229.5628065  212.8299124  91.22090288  500.3989823  9.682827533  92.37148612  383.6658805  12.8777907  15.52936949  442.7643744  35.13351644  71.55919825  469.4461253  69.31455829  285.8235141  59.40119813  379.4136665  -18.62265981  23.38796629  340.6631658  182.2307091  -48.98192558  399.6587518  75.20780394  105.6955175  164.2034628  
36.06340115  558.8488214  72.00421309  232.1058172  216.5161263  203.4445628  85.44801992  473.4206027  -3.867406352  85.94755109  387.7680668  9.502047323  14.9754875  440.9409887  36.49363268  82.28920447  473.7941377  68.38907212  300.6189396  56.64523801  370.5761276  -27.39287039  38.73797831  322.3462599  182.3392605  -66.37955803  377.4932712  75.87276235  121.0659859  175.5446808  
34.44790622  574.9219065  69.94340214  239.0576371  220.2355685  205.7479662  87.32897794  471.056083  -10.62853297  81.84422828  391.1117698  9.724136705  13.33168712  435.2396963  36.29113197  76.79300977  460.7417352  56.34326279  306.7686676  57.56371104  367.6522173  -27.24340657  36.45923847  310.0414857  192.0001971  -62.70224107  372.4058445  80.42890833  126.4594293  178.8109821  
