133.3262953  543.6188687  237.264481  -87.5466873  56.10459386  348.6001122  53.47057142  478.0196714  286.2580962  231.1815418  670.3443824  284.6079623  86.01000871  391.3837485  -135.9559769  20.68980626  502.0140868  148.1879034  280.9023493  -224.0890734  446.0081445  -62.35572083  88.38388642  323.7486297  129.7600718  16.95475038  465.7899233  169.7336229  206.3193793  38.16883086  
136.0751434  549.6255271  239.0897832  -85.93989937  63.71174939  333.9891544  53.31047308  474.3772273  277.8828837  218.7293157  668.1103496  277.5834473  76.48619382  392.0784229  -132.8017068  12.17859548  484.6853478  145.2987513  283.9837846  -208.6896483  436.1425095  -54.51213502  95.59950266  311.774364  127.5221926  15.50967861  440.4607144  172.4972893  183.7638534  46.0688351  
132.9714173  546.8741287  233.8237618  -80.64578097  59.10300421  350.908191  47.13637221  479.8969041  287.914091  216.872752  658.8435218  280.5905095  85.40061185  392.9467624  -135.1900367  15.54170087  495.3091629  143.5981326  281.1523589  -209.5122681  437.3260914  -71.33562753  81.73212817  322.51139  114.8389013  19.18754163  455.6521363  167.3430012  204.092538  40.79766528  
135.5537661  550.7927538  235.7787429  -82.09664611  57.80570451  339.8023964  54.97806909  474.2755831  285.5527999  220.7235352  666.8025353  281.3182087  75.23695672  393.1701002  -134.7207904  15.56857809  487.5037081  147.3431818  269.6947572  -209.7114197  436.7756847  -66.16272105  84.99028076  311.9651675  118.8395708  14.44959039  447.2204908  170.9578255  192.3055394  43.44439041  
134.7798733  549.6056112  234.3091088  -81.65343336  58.61397744  342.7295839  53.08844987  471.412385  284.8240961  221.0133024  663.3736662  277.9446814  84.60656108  390.1862242  -126.8101669  12.8929328  491.2064421  149.5640997  278.6325392  -204.3478917  438.0022885  -67.78685464  87.31023242  328.3162659  111.6628577  19.68114366  458.2408646  166.4715756  199.550607  41.13008241  
136.6260879  541.4140273  230.8778529  -78.31960001  70.09697692  349.2370329  51.9599766  469.1883258  280.3135073  222.452994  662.3903804  275.8920942  85.5247295  385.6300434  -121.3381367  17.55775446  494.1731944  158.0315095  286.9511174  -199.2272152  431.7288142  -71.71391404  84.89385226  331.4417606  110.9396295  31.73430531  455.7958561  170.7252761  188.7279843  42.72276037  
131.8650394  545.1561362  233.7882241  -76.40594295  53.89183795  344.0009908  53.87779176  473.5915691  282.8277536  220.869044  652.1426175  292.5432061  68.7139246  394.3583695  -134.844788  18.55059335  475.2603407  137.7146393  259.5679825  -210.2865249  444.0741787  -71.10551474  82.58351268  316.3986799  120.1388577  8.504585591  452.9910869  165.0738638  207.8455381  42.61153797  
137.9913965  541.7616296  236.519016  -86.58208672  67.51340581  331.9434646  48.62570377  461.3199437  279.0112105  216.3110444  668.0845029  272.6295496  80.71656969  396.8277631  -120.7118161  15.23965093  492.8749878  160.652175  297.4288885  -208.306792  428.3946101  -68.25763866  91.4806563  312.040213  115.5034704  32.52068214  447.7692412  172.031604  187.3297637  43.56105175  
135.958414  551.8360478  230.5519962  -86.58861585  67.26809462  340.1945962  49.08879132  462.3413337  277.1007752  221.2190294  669.6506888  273.2363066  82.28103666  393.5686422  -126.607987  14.17217548  495.222198  161.6638156  307.1615911  -206.4398044  443.6476737  -56.38437769  100.9327752  319.6704397  130.2590354  31.31235663  442.7384201  180.7134792  180.2959323  50.41576568  
142.4637467  534.2252053  238.8271309  -83.20708703  52.42446871  332.9271272  46.36727945  464.9070773  277.9417622  212.9192212  664.6592129  271.9638268  66.97047708  392.9718625  -111.9593006  19.02352861  479.675451  148.3294569  284.9340831  -203.431056  430.19394  -70.97947546  83.32605664  307.4609522  120.2582037  21.07217608  443.9038317  168.3385701  191.4326521  43.86487819  
138.066327  553.0337815  235.7097243  -89.31245353  62.10660411  346.6230494  51.14921073  456.1211623  271.7800637  218.209757  675.1732482  265.8004787  74.37852802  386.9266603  -118.6355437  14.8549071  478.3196129  155.9723379  293.6702193  -200.3402388  437.5297389  -64.4338062  89.44840613  311.3825979  126.2287754  22.92054135  437.8725294  176.7799561  179.2662369  47.48548039  
136.176536  543.2746248  229.8639057  -82.94814025  73.90693715  336.2780673  47.7203058  464.8332235  266.5653776  205.4950587  655.1343785  263.7274621  82.9123459  389.0015007  -119.3290341  16.20364933  491.4850243  168.8544857  300.8842839  -188.6344647  437.8707318  -72.85898719  89.34969734  336.4749375  112.417498  34.5775748  449.3962149  162.2363786  184.1482388  42.32178316  
139.7594745  541.3879503  228.0591276  -85.21625474  65.61491626  329.4851913  56.8821424  459.0757639  268.4513644  203.5088797  664.6837192  269.8987636  58.98092669  390.9423475  -123.7139757  11.04928907  480.0564214  148.2910323  282.6561224  -197.3207589  433.0096294  -64.13798731  88.32850333  309.9551372  129.9204977  25.82859139  430.8206731  173.7660893  184.4543859  50.26951917  
137.0783373  546.8947247  231.7218961  -80.07248153  72.63637143  337.3257391  52.63502561  468.6456187  281.8076782  221.9229547  667.080321  276.154469  76.7838603  393.0328414  -129.3972215  11.15245906  490.13955  158.1168593  292.959014  -201.9170738  433.9133805  -60.35874988  93.91282246  310.6257262  126.9879531  26.06003505  446.2258545  177.1789577  179.9944937  47.49796309  
134.2351609  537.0159392  230.9662674  -76.82816176  65.32239009  339.8584792  55.68500407  460.8141016  276.5348967  220.896494  660.3302576  285.3779852  83.02694881  394.1802542  -122.8953599  12.9972741  498.2145417  155.3719595  286.1775274  -209.4837191  438.4628498  -75.34349176  90.74969955  336.3653372  119.7685684  34.906576  459.0038522  176.3279992  201.2308838  43.53828755  
138.2655553  544.295303  233.6203504  -85.67372849  73.98044407  329.3842256  56.92705481  464.9184463  276.0673776  205.9531883  666.2854859  269.0068912  76.99010616  394.1838273  -132.2810743  19.69145829  492.0955706  164.5489558  291.888668  -198.6805529  443.224081  -57.22549382  99.59792279  312.6073551  118.9613898  22.97520596  440.9936135  175.4626449  172.9908548  47.54749038  
137.1072959  543.9669622  231.99384  -81.28142771  59.49026356  345.7606967  55.497426  463.9875442  276.746228  215.5481722  672.7246775  278.7443981  84.00294508  397.3718376  -134.0048005  7.942294865  493.6831197  148.0204941  288.5671246  -209.1653446  436.3915034  -60.04820087  90.45391019  300.6867666  117.6061849  18.84760021  454.2432213  178.5327403  192.9833753  50.82605969  
133.272641  554.3514885  238.8821343  -85.79323615  63.66377169  346.3713339  47.66597461  466.9664263  277.6934465  224.016693  665.3569175  276.265086  88.98319888  395.4629603  -126.4707367  18.82711261  488.8675707  156.4053814  295.1039027  -206.8624404  441.6684732  -59.83208688  94.14760157  323.5517948  123.3499771  23.65496029  449.6768995  174.3445636  188.9071679  41.23822161  
137.1586521  542.0148694  231.0758657  -84.95707517  75.79972099  336.6620921  55.46208323  464.7424005  283.4025431  217.3217436  670.7222889  268.1102348  87.87552479  391.0749735  -121.3981989  11.87023107  495.9925486  164.3387634  295.8062099  -195.8466995  431.3470716  -65.54002136  91.06072023  326.440919  108.1698088  26.6468445  444.8437751  174.3714219  176.0750155  43.98003763  
135.0086154  543.2829563  238.8346328  -84.15379401  61.70738925  348.4067429  54.2421196  471.669883  280.4986966  223.741067  666.1838431  284.824954  82.90115943  386.5523865  -125.880334  23.14094257  487.1883188  152.0313881  284.0255973  -207.6260107  435.7080736  -69.74881326  83.53611009  322.9736792  118.9853779  18.94303145  447.0205926  174.3080983  195.3290792  42.29709435  
136.505231  548.3861842  235.5444146  -87.96884048  58.678577  348.3913115  53.08983796  466.1513747  286.3688427  217.3153  669.1278449  270.9168577  86.99566304  398.2130291  -128.8504266  20.47573076  498.6560391  154.7916159  289.5843962  -210.6075078  440.9830295  -64.70658661  89.20679126  323.6231431  113.5848205  17.0703694  454.405789  172.5526084  192.3735568  44.71504111  
136.1379657  552.4230945  233.4801959  -81.66992051  61.96965007  361.8996885  47.109923  470.0363632  288.1203467  227.0272927  669.7275101  279.1344675  91.66424508  393.0371263  -124.5575894  22.71909559  495.2244139  148.7864969  300.0485037  -209.4446466  436.4791322  -64.0814689  87.0955583  320.3735847  113.8488269  25.35648373  450.9984212  179.1321271  195.3081819  42.48108989  
134.8217266  542.2146032  238.5168271  -86.63499983  61.83155717  345.6102462  50.4028942  472.5785975  286.7472672  222.7972733  669.2048665  279.6041215  94.01891094  396.4704961  -123.7579056  23.35887509  497.7333612  157.0484477  282.4158263  -209.5568135  435.8176581  -67.79752009  88.56427001  332.1238034  109.2429275  26.87448471  463.8956103  168.6865246  200.2718491  37.36343324  
139.1108657  553.6507129  235.7558924  -88.3333624  59.48615343  342.8899238  47.94630243  467.3759899  280.344076  220.4646371  675.5359065  274.0655701  82.42894395  396.4575202  -126.7203936  22.62454916  492.1865918  157.0956296  283.5867594  -207.2791463  439.1608305  -66.13190446  87.01291103  317.8755428  110.8366978  27.36822712  450.5022045  169.6537412  189.9007208  39.6723714  
140.225226  546.7577979  238.1420434  -83.32949757  60.77860644  343.1624042  52.27030875  465.2620488  286.9146604  219.4489838  673.500235  273.3480063  83.1711778  392.7466105  -128.7943953  21.48406998  485.2902863  146.9321908  290.2541322  -207.6025617  437.2251816  -58.00624784  87.84679181  306.7232309  118.6081719  12.74067339  446.8245  178.729518  189.9617433  44.95476633  
136.5207221  546.3550808  233.8373844  -80.57688764  61.15101925  337.6912539  57.68763236  465.9972634  287.2717105  214.5488711  670.7097968  279.0301763  76.92081463  393.2210924  -129.5137644  18.29214409  483.6518203  149.4795981  279.5161164  -207.0909233  436.0296239  -62.7147609  82.54330802  306.0419186  115.4510044  15.35524178  444.517236  178.2898283  191.37749  44.42292926  
137.9824891  558.3539646  239.7373751  -81.29849712  64.30645453  351.9620331  51.28305839  467.4173854  285.3570374  222.8554858  670.5565038  275.1958436  91.4054304  393.7932509  -125.4853935  14.33186113  492.9971722  149.2031922  296.5531313  -205.5584733  438.1604329  -59.12449996  89.68226897  313.4400668  114.2048955  19.70303395  444.0238166  177.3725958  191.4036729  46.96502122  
133.4690702  555.5838701  239.6831073  -87.84034997  65.73486224  350.0307484  50.62240333  472.9012432  285.0296324  231.8930536  665.6333626  278.9162683  92.58205515  387.7110411  -126.1371624  24.27880869  492.9914023  156.8241687  291.2431626  -209.0844952  446.6414745  -71.73876397  89.92801985  335.4235048  120.6312522  24.19194012  458.6323444  168.1230867  198.5146468  36.04283505  
138.6708798  542.6194701  232.9476406  -83.93876322  66.3761608  333.6524292  50.75806992  469.8612183  286.9398903  216.8606208  671.4979083  266.6664574  84.01169456  392.85957  -119.4981462  25.52083054  494.094606  164.5096176  291.7742095  -197.2403405  435.3031515  -63.89442819  91.55230586  322.2617575  108.943948  25.2524084  449.3894533  172.0788609  176.8364601  39.85323514  
139.9108481  534.1351813  231.339954  -77.80496574  67.76928  337.7630754  61.12410188  465.238144  290.0284763  221.9496629  667.1179336  275.3925019  73.78231759  389.3708382  -117.7360192  16.14860697  493.8699348  155.268621  276.4079739  -198.2828887  428.6123063  -69.80326739  85.94164465  318.9014839  104.3005679  26.90638632  450.814881  172.7281032  182.4328951  45.04566832  
132.5191389  542.6112616  235.456278  -80.1793658  56.5323011  357.9448287  51.45577605  477.2627818  281.8652268  222.8112572  651.9294422  290.9651464  75.50330214  390.5911973  -128.5482711  17.65812788  487.5520409  144.4137596  274.7244281  -216.5458161  441.3321478  -78.27218495  79.56064884  319.4331253  128.3385673  22.77797594  456.1468484  170.8177805  211.4783706  43.97326576  
132.6755102  539.9749858  234.1788301  -80.88030686  58.66012901  336.5464342  60.4219757  467.4835629  286.3619844  216.7071126  663.5517532  285.6734901  69.08528449  392.0764589  -135.8156043  14.6337914  476.2450044  135.8853856  263.7467797  -210.9871793  433.9151625  -63.0945023  83.44912984  306.7702002  125.9870741  4.25609173  452.9968059  168.8280415  207.439858  45.87042448  
136.298702  545.6899833  231.3642671  -81.98447522  69.69696241  341.3254978  53.67906424  465.5697199  279.073677  223.172149  666.7402629  277.3454435  81.15800088  391.8075562  -126.1912054  9.384411414  489.5724223  157.3675293  293.2744881  -204.3379154  437.2384656  -56.0282991  95.33065303  319.5790424  126.4285579  27.8600962  447.9205718  175.1813337  182.4104566  49.52536721  
138.3235697  553.7133689  235.6181703  -85.2641561  72.35763488  346.6056881  51.60336561  466.6015213  268.9748941  221.3203906  659.7519239  278.3200107  78.32688536  390.0078017  -128.902683  11.3837553  490.1590767  145.4445118  302.7479269  -207.6935682  441.2630468  -61.6714867  96.60958871  312.103679  136.0893762  28.11583618  440.1673708  176.2877333  192.0007443  50.68642725  
137.1197297  546.3780737  239.2974607  -85.9574172  66.41445713  331.7228311  50.57778222  472.5843146  272.5802439  206.984299  659.3151943  263.874974  78.60482592  388.009208  -118.6482589  21.65029037  487.912771  166.4807137  288.8728722  -191.3901067  434.9295534  -70.30762207  91.63783657  319.4938806  105.3197023  20.77909455  443.3441836  163.0618129  176.3512327  39.00352937  
136.7853033  545.534863  236.272413  -85.81623167  61.92337401  342.6969167  54.55881637  468.0706296  283.379469  216.1241465  659.6754418  272.2238083  67.95822161  386.9181095  -118.5047156  22.2535617  487.2352432  153.0505822  295.7137524  -203.1739116  439.915332  -74.08976723  88.67756573  330.5975749  118.5865854  20.74711841  441.3218346  170.3518255  183.4577729  44.25391732  
134.5238091  544.9244429  235.2837958  -82.33135305  66.85457359  334.3323198  55.84290416  470.2426874  287.6242177  222.1502097  662.0439475  283.3802307  74.01962739  391.7653509  -133.5240315  14.40637038  486.2648107  150.5535561  277.4605223  -208.2006147  437.7059804  -71.76515045  82.04978198  321.3844949  118.9880624  15.63386502  445.730522  167.4692027  190.9442166  43.06429134  
132.1571228  549.5754533  229.7680984  -84.12644929  66.42702282  338.9421216  54.9707617  465.5209078  277.8359818  222.7823947  666.072705  282.1717259  75.63430543  394.9686976  -137.8420519  8.263370391  489.7731181  154.3627198  280.6013375  -212.2042629  440.4932579  -55.97106925  93.20372407  316.3093314  132.9782654  23.38562996  448.9882284  174.6834193  194.064894  50.70840925  
138.9313345  554.3574329  235.7280626  -87.4707372  74.63826529  333.0293821  51.18488748  462.1117077  268.1227111  215.0850329  665.9712203  262.2957399  68.97989419  388.0606768  -122.998737  12.86903504  485.7576863  159.7440822  306.4613572  -197.8097599  439.7504508  -52.37346205  100.4102632  312.8419634  138.0501206  30.66555911  429.2094018  177.806904  165.7782126  47.90341539  
137.6656714  545.9813718  223.459839  -76.58670452  72.9496125  335.9327399  59.68951344  466.185771  273.8487127  218.1693738  668.2365504  270.0409151  80.45239008  391.5473647  -128.7200019  9.518215015  495.9424171  162.6749241  289.7229028  -195.9601797  435.5161754  -57.97238033  94.6157836  318.8232763  121.6641103  31.21535642  445.7744413  178.8546164  179.1900784  50.24930404  
135.2411504  539.9817707  234.6649941  -82.9956761  65.70336719  336.1789914  59.08913086  472.1005731  284.1621931  221.237405  663.290097  288.7989385  73.21344703  395.8756784  -129.4097845  7.379164073  487.7680984  148.117334  271.9161152  -211.788213  429.7704851  -57.54592369  93.62337044  316.6413359  127.2489524  13.89276406  452.960818  171.2240367  194.2983272  47.45238243  
131.5680544  552.7976066  232.1841446  -82.41284982  63.85765304  340.9914268  62.37286502  476.3729841  280.9202959  215.4352983  667.4599194  288.7993389  78.82623169  383.4733719  -137.9326727  11.68926692  494.2351701  149.1178481  262.038623  -205.950096  434.9128947  -67.54735106  84.70243564  329.0268058  117.5041136  20.37245213  451.0617676  171.714518  195.3916195  43.13475439  
137.3734537  545.7755982  228.1076322  -73.05793188  68.13669177  341.3397983  53.71677093  475.9967736  278.3369774  223.6949383  665.9771058  283.0441367  76.4738899  391.225209  -128.5641092  13.66873548  488.5775979  151.6033722  276.7094617  -199.0721325  436.9764355  -70.17488369  78.07941731  317.373211  122.8405049  23.67648407  447.2252911  169.2221766  188.5086025  42.97705778  
141.4699028  548.5541408  240.6013676  -83.20876411  67.29301671  346.0726471  54.11176616  470.1281447  274.095438  223.0158503  672.8066843  272.7068075  79.51723356  388.1911786  -120.6410161  18.95487481  492.3639924  142.1595912  305.3079418  -209.6429731  442.4314333  -55.36354641  97.66033562  306.9542109  129.1450877  26.13256067  436.0719456  181.5415867  187.5877848  51.73028924  
138.0144772  552.2885487  237.755634  -79.77048459  66.47094814  336.2185802  52.72403692  470.487871  288.3166975  221.1886522  674.8850207  279.0460789  87.75449059  384.7463213  -117.1110093  21.28928396  497.1796824  156.4169329  292.9070889  -205.1586904  435.606012  -70.9237725  91.16563427  325.1158597  99.377352  20.46226226  448.0113497  173.0603734  183.0039051  40.5387551  
137.1954501  547.8727434  228.7240299  -76.70949469  62.53867993  355.1644915  52.37619908  469.3790843  287.527509  230.3848193  665.2234204  285.6323503  83.9174674  383.9116658  -124.1979752  13.78517567  492.6200808  149.3675949  281.7345128  -207.7441474  438.7457657  -70.71378382  90.12606282  328.2430416  116.0031089  23.23242758  450.2071178  177.4281003  191.0836784  45.18949148  
133.8975908  551.1915241  232.3390936  -79.98493871  50.6957724  351.493396  52.83186616  473.2380401  294.8229454  229.1420563  667.6674939  284.9147741  79.89915316  387.8599023  -129.3967274  19.33231962  483.9547851  143.004892  265.8393571  -210.1201681  438.8230678  -68.28284095  83.52365298  318.2793297  116.4439044  8.180243146  459.9824116  167.5946385  201.7445435  44.02511132  
136.893607  552.3059401  230.6520798  -80.58943182  61.04762617  359.4087591  45.71601905  472.530454  286.8549578  223.6163166  668.6171222  274.4186596  84.41122782  383.2416959  -122.1447453  17.49240657  492.7108407  159.3554716  298.3137953  -205.4374324  448.606845  -71.53944608  85.34108814  324.6119374  119.425368  26.44370374  451.2526874  175.4013423  185.2109089  45.19206816  
139.1885818  555.1354476  243.0601645  -86.2186715  50.2508853  357.0186517  38.84650512  463.850028  283.1429962  224.8731615  669.5401049  274.8537933  75.0220284  390.1658464  -122.1919014  23.09561619  480.135626  136.2914992  295.8442362  -214.0233209  451.402829  -70.62201122  81.37914167  303.2430805  125.6039978  14.90899191  441.5157253  169.7952171  201.938518  44.86138201  
140.3993747  542.4272954  236.552389  -83.54412396  73.1521916  344.0649932  52.81330878  469.4610803  283.9095424  219.717785  674.0551629  271.4879563  85.20894073  386.5096447  -125.9235902  15.69387343  491.8240698  161.9939863  298.6137707  -203.8497741  438.6374175  -60.19059105  85.28109016  315.3625494  120.5949077  31.02740757  450.8511313  180.7402513  176.5954053  47.13055224  
132.0983078  547.1568607  237.1396499  -81.5851618  45.41740585  362.0849382  47.54095354  464.0319504  278.4632588  225.6856887  658.4646294  292.6503483  80.2874507  395.3629808  -130.7372626  15.04909647  485.1957363  139.1490566  278.3762837  -222.2427861  442.0418977  -67.71911024  84.84317696  313.3195786  128.4483888  20.49574438  462.0041813  175.2559004  217.6801155  47.01356227  
132.6504172  550.0712375  235.140489  -84.77994758  58.25383659  351.3074814  50.40260025  467.2263341  279.1149922  217.5843806  656.40533  276.3687777  82.01000951  391.531556  -130.801905  15.68407003  483.7649612  144.4797423  280.6041686  -206.3514905  442.2568  -65.6553558  88.09486983  317.9160675  118.3812444  18.15947514  455.5680181  168.6569492  197.8631087  43.70551046  
137.8171956  545.5947056  231.3211477  -80.23934239  70.63797817  343.5098126  51.99783005  471.4686284  283.7974478  226.1509361  662.3546179  273.0316856  78.58361564  385.6283117  -124.5004523  13.2121235  484.6810434  151.713644  289.425436  -200.9463022  438.151297  -68.52462356  87.82213437  313.5899363  121.4954475  19.30853698  442.321634  171.9792442  182.7359025  43.75542028  
133.4582097  551.1257158  228.9133169  -82.75361561  58.9014479  345.5533227  47.46177779  471.2701906  273.8069274  216.862486  661.440385  281.5680538  78.25451203  389.5406351  -128.2843943  8.034338388  494.1996933  157.0709627  280.2752074  -206.3880437  439.6630667  -71.02033911  90.33905189  322.9336582  120.1818544  30.15095912  455.0926645  170.3223893  194.6104345  49.02435436  
132.7737731  545.8822919  224.4131546  -84.20080617  57.96371263  345.1218099  46.53756632  471.8556264  275.1897479  216.1454209  660.7674867  278.1314662  77.1812914  386.2485587  -129.2839076  15.03610359  490.8685215  156.9151967  272.7742066  -202.5593985  442.8627286  -75.92993929  82.41215309  331.0367939  114.8479531  22.75741234  458.5611672  163.5029564  200.4449826  46.76922721  
136.3327548  541.9145892  231.78475  -83.94907325  58.36525934  353.2830093  49.88216757  466.6545622  270.0048896  210.1083688  659.4462604  276.7229214  87.43047468  392.0469728  -133.0653758  14.47693246  489.9565042  150.2986483  284.1330804  -208.4353138  436.394462  -67.30890334  80.84525682  322.2435202  118.1970689  19.05960506  454.573105  169.0304146  204.1013859  46.59227904  
139.0210708  545.8342196  239.0612402  -85.36065081  61.51068841  344.3519699  48.29044715  463.8772246  279.6132962  211.2102585  674.7896948  274.1062136  90.08217761  395.1526207  -118.3277087  8.796999668  491.8920695  152.6355363  296.2043386  -206.8154429  437.2670143  -74.68808017  83.82465886  308.1874017  107.5453683  24.91173949  440.9231388  173.9230941  191.3635093  46.53969301  
136.6066559  534.2508379  236.4589475  -86.64205743  53.96885826  338.0548253  48.6472256  464.9711525  286.2104142  214.6927091  665.8848604  284.6359397  85.25258824  399.624895  -127.0699199  8.983151537  495.8978853  149.6400796  280.5456133  -213.4605531  436.7532068  -76.58654249  82.6762574  316.8603569  112.5145033  19.85801316  457.9835392  167.6280936  202.5583516  45.23586629  
137.6542759  544.7760097  232.7969449  -86.28843224  75.76732173  325.9908914  51.73912576  464.0767733  280.4072731  210.0477513  666.7484612  264.8402165  85.24201416  400.8162269  -126.1186702  11.8522989  491.8794144  165.299756  309.1291849  -195.1333565  441.4876464  -55.92305751  100.4109808  302.9798543  121.7011499  27.83012599  441.1283341  175.9497498  171.8258889  49.41680785  
140.5461186  539.4651853  236.1200561  -84.70682144  64.53934283  329.2328742  57.29525955  461.3425342  292.811289  216.935254  675.2589663  280.0182965  75.60021908  396.4801707  -129.0049604  11.75564858  479.5456281  144.1963223  289.8081256  -210.8862915  428.8234748  -50.75457927  92.27434919  295.3428198  132.2076684  16.98057193  436.8680087  184.0848471  187.6274947  53.6060004  
139.4337324  542.8511132  239.2666264  -91.86613782  61.86897233  358.7083356  49.16908528  472.6593434  279.4929599  219.6167807  676.7640635  289.884662  96.72645987  392.0945196  -123.5971271  16.66627573  498.2104471  149.8549682  291.415626  -218.6205922  431.5891138  -75.10875203  84.25631009  314.7906691  112.4799006  21.11449937  454.5418992  175.1992201  197.7235793  46.07009929  
134.0996405  540.241353  243.0606668  -83.55924955  63.06678979  346.4579363  58.46608725  469.988564  284.8483095  212.224421  668.1152958  279.4495624  87.71330193  390.8020771  -122.8170502  14.81387042  490.2639287  161.4881826  281.7434085  -207.3226768  433.8469038  -80.20018923  71.95903304  328.2470762  110.7733765  23.67592034  456.2566983  168.7561624  192.9275622  40.77755773  
136.6392939  545.7072081  241.5805575  -87.2763944  62.35500134  346.5427143  54.03617041  464.0821301  277.7984365  218.0496684  660.1803087  274.5948426  80.24273306  392.440085  -124.8267384  23.09222165  488.4026147  151.6253275  306.3355872  -209.1660142  441.1648232  -62.49482286  95.61829998  314.8330057  126.3740318  22.40865448  440.2450396  177.7011885  186.4559741  46.53866085  
132.9651157  538.6986455  238.7170276  -91.56810903  48.52243509  350.2254716  50.38312788  464.4698338  282.3836807  212.2768779  661.1897802  278.6260244  89.27792025  393.2426777  -125.096937  22.39840594  492.1759331  153.1626149  277.4362949  -209.9187056  435.5922977  -70.56015115  87.23560696  330.6759481  112.184456  18.93353665  457.4099848  168.4344181  202.0057785  38.10391908  
130.5262458  538.2772187  235.4254447  -83.02417334  54.67305202  347.1139269  50.79708084  470.4685236  288.2523945  214.4749416  650.9940526  285.9255573  84.57979589  402.032884  -133.1005451  28.36157787  489.8415826  143.2684454  260.6767616  -214.6169175  439.5859778  -77.24496958  75.07231084  335.5864329  114.6695448  11.04974081  464.305634  162.513783  220.9951406  31.51201561  
136.2441812  544.987844  238.3498821  -81.56877601  63.00086158  338.7537693  46.29774029  470.9280733  274.1870774  211.0082182  661.2434669  278.2564511  84.95885331  396.1927373  -129.4880388  31.90511565  485.7491396  149.4223418  279.7826679  -204.6845619  443.2947343  -64.29032938  85.45347346  331.5592766  116.8593778  17.06455102  456.6735247  167.0141622  203.9103523  33.313469  
136.4762025  548.7557118  238.0596581  -73.15972419  57.7362878  345.9793221  58.43063062  468.2103019  276.4841187  218.8954419  659.4873114  285.7322678  80.54542302  387.210498  -130.1257164  26.96304516  475.8935078  143.3857026  264.7816529  -202.9851175  435.6655007  -67.10078677  77.09591876  325.8169135  118.2968878  15.19962166  451.2886522  169.7336976  209.5519203  41.17301125  
135.3971755  551.3510186  236.6237344  -85.68648484  52.92105057  355.4109178  47.34879419  474.6778459  275.6463356  217.7785644  658.9594004  279.0601554  83.29667452  390.9003216  -135.7133153  36.86599174  484.0367447  147.1410656  266.9440278  -210.5822923  439.7881397  -70.73014258  72.82369906  330.5261906  119.1093041  18.59792575  458.346748  163.3096373  210.6136801  31.20916372  
136.0429858  536.4171543  234.0036019  -80.45013629  76.90164347  345.7238485  55.36948299  474.2098406  290.2489978  227.3855697  666.8273828  281.8636607  84.46612554  395.4720813  -125.1084359  19.74922333  495.1123169  152.006834  293.105819  -210.3630854  441.2808782  -69.24117913  85.16638723  320.3829075  120.1696432  22.27733357  453.2398964  174.9741791  198.2121347  41.29065778  
139.4956784  541.6866384  232.8898709  -80.27059853  65.93305587  327.1512633  56.16966136  469.4325951  295.5412777  228.3005039  676.1551962  284.6560151  73.62484203  395.5927831  -119.6992912  6.920661117  490.0715789  155.3201152  288.0994358  -214.2551405  433.7783036  -68.55325182  92.54714593  311.6692729  111.6196743  20.15844129  442.7188792  174.4462647  179.5195423  47.69208919  
144.4912873  551.8870351  233.9404987  -86.38311549  79.74034603  321.6138174  51.43059213  469.50192  269.5527651  211.4774459  670.5363776  270.3173115  69.3186709  386.9135185  -122.951135  24.88489775  487.5780403  165.7872262  305.6383663  -194.1323012  435.1220745  -51.1116579  102.3458788  317.1046983  127.0699005  36.14160416  423.8868487  178.5642356  162.68019  48.22746857  
139.1768186  551.7941057  236.0143039  -73.95158352  75.6364245  339.6389499  61.65565352  470.8629519  286.6853356  224.369889  667.3700754  275.5295582  78.73693788  382.648432  -128.3916254  22.9931873  491.9650034  163.5878973  284.9667378  -190.7383744  441.5650797  -68.978432  84.53774487  321.6117267  108.0989479  26.60819055  441.6471449  178.0760568  180.3811021  43.24771218  
131.7506515  542.377536  229.2671703  -77.70918533  59.86236755  336.2859413  56.26842568  482.9389156  296.4430441  228.3063723  655.5111675  287.7479767  68.49582323  383.8650852  -132.9040418  23.4492991  488.1895454  160.024085  267.03162  -202.4491208  438.1599067  -72.33298751  80.3124247  338.9200297  125.2465276  24.87180984  461.9459243  170.1479598  190.0990428  36.60258769  
130.7265565  539.9766193  237.727095  -83.68246268  64.83744879  340.9404226  57.63153352  471.8872033  279.4933661  223.5058528  650.0738026  284.2167236  68.26969456  388.0160085  -129.4121151  14.49980584  488.0191035  151.3044934  277.0226546  -208.2333489  434.5840248  -70.98664857  88.02357091  330.9719194  127.0394066  17.3206665  452.4921042  165.3288793  196.6028508  43.23513018  
134.8254561  549.3626092  233.8924708  -85.93651627  67.60948741  345.0101933  52.39199861  478.1111999  276.4073148  229.645297  662.6382847  281.6298648  75.03565648  391.892872  -123.3847219  13.34315804  492.6281475  149.0009924  283.240494  -207.1147023  436.4475087  -77.00933409  87.75004397  331.9123431  120.6171198  24.74106757  450.0943999  161.1274813  199.8071144  41.68755632  
134.8559454  547.6111648  235.0818177  -80.55377866  63.21721589  340.0406071  53.95018985  466.4066747  273.6206393  230.0418646  665.1733104  288.9550682  79.6387288  397.2648743  -129.3733996  14.88848856  494.1287303  149.036543  283.8104684  -211.9760505  438.4734003  -65.16750869  90.5843925  325.5328916  123.0635379  23.29607445  457.884264  171.0288365  206.2154778  43.8429719  
136.8166272  546.5745345  227.0477516  -85.88619192  60.50938302  346.3940746  51.13509114  468.09562  283.6420692  222.65495  666.4589745  274.27545  78.43462585  391.0951664  -124.8130007  4.835542059  494.4003805  158.4494166  283.4487191  -204.5326798  430.2927434  -63.15565164  93.69503637  317.3029889  118.9873126  24.65999771  455.2388732  171.8507624  185.1061567  46.45568617  
137.6000992  544.3608497  229.1088865  -86.56296824  53.4075385  359.7465947  41.39892007  472.4916097  281.706242  226.5100528  667.822161  279.166668  75.92385344  388.3358144  -121.516735  11.67827837  490.4277521  142.8296488  283.6930126  -210.8091226  432.4052939  -72.49446851  85.19404584  318.1557457  118.676641  25.5629756  453.7780357  169.7429395  197.8156633  47.11201464  
135.366964  552.2460481  238.4558843  -92.71242744  62.9106968  354.593039  45.77330009  470.9858526  272.9620176  219.7444492  668.2076685  263.6654534  87.42761804  388.7594701  -126.4394641  10.67998461  485.571489  153.2050724  298.7677123  -204.2955294  436.3757546  -54.96416854  88.48014953  308.4583383  130.8745064  23.76431226  450.5964982  174.3358131  184.2182367  44.4016088  
137.664104  548.9295533  232.4086192  -87.83523531  68.59230561  328.3107088  47.42039786  463.0240888  281.1652574  213.4768178  664.6829805  254.8168022  83.05008586  395.9066095  -121.7282237  11.44374018  496.7383231  167.4204491  302.6861924  -199.9415844  440.9682172  -56.27740834  94.12296744  318.2849317  121.4228444  26.34394486  446.9900665  171.4312271  177.1993542  41.81206699  
136.6164549  550.0455181  228.4777251  -83.16869116  71.90964798  331.1440619  52.85546147  463.6077111  275.8145447  213.723605  658.9689662  266.6432989  70.11665906  385.7945268  -127.4781039  10.51946357  487.0909644  163.6542593  290.4174854  -195.1619685  440.7468406  -64.11669509  87.08162697  325.7698029  130.8752113  29.16997517  434.12905  174.4242508  177.9947675  46.10029162  
136.0050057  550.5202157  234.6492894  -84.48939962  60.83353881  344.2413899  51.68300556  460.4291634  272.0879051  221.6234984  667.3930793  278.8108677  73.63817324  390.7800992  -132.4564249  5.980186083  486.7395038  146.2757767  286.8089119  -209.0141219  437.5057807  -56.81298568  89.42969723  313.9196329  135.5713755  27.79222959  442.0070991  177.1930371  196.221542  52.56028166  
136.4428948  552.750724  239.5716107  -85.99947176  52.69397106  353.0938855  48.58541571  466.876476  281.6625888  221.1491235  666.8155051  272.8294918  84.49311164  398.2977836  -129.5301527  12.79316305  493.636944  146.0903838  287.5098545  -211.7722266  438.0930982  -61.22567596  89.96822458  305.2804993  123.4851561  22.02023155  454.4991036  176.5835071  194.8895023  45.08432892  
129.6886421  553.3442985  236.7511771  -90.33830505  43.8276976  354.5134614  46.61348022  474.1142328  283.6299124  224.2332616  661.4345923  291.9523987  89.19125327  398.9214279  -139.1107375  15.32391043  499.9661683  145.783183  262.5876573  -224.7205176  444.5151562  -73.82516852  82.81260132  330.2391173  117.3704473  15.15548973  472.3269467  162.928763  218.8952426  37.09744137  
134.0024107  550.7331281  229.9799082  -83.66421777  59.96012911  335.312702  46.63915689  475.7136482  285.3708051  218.674505  660.3298957  278.9388755  79.63342061  393.2397731  -134.1504341  23.09013473  490.9364367  151.1090447  279.9736494  -210.6653732  449.2300551  -64.11269235  86.89219404  322.4834815  125.7720445  17.985348  455.7884719  169.7296193  197.1704682  38.44106424  
142.0371366  541.5564215  234.2430953  -83.31900764  76.15126048  324.3596414  51.23950592  468.6556573  278.9506063  222.6696904  665.3971846  275.2073784  69.48452222  394.9798898  -124.784927  20.12511517  489.9265429  163.0544034  293.1423383  -202.8500571  434.957045  -55.46062116  91.17151847  315.349262  136.5027909  36.47007769  441.2091294  173.3963763  181.5436095  47.21086657  
139.7939139  554.7134668  242.6678801  -76.80493951  66.92811213  334.5281392  52.81454606  468.1216909  271.6357107  227.8621433  665.5633897  287.0412097  72.11290185  394.0276389  -128.1768029  28.45163769  482.4575504  142.3965339  288.0041471  -208.5373729  444.3167101  -57.05765235  91.26938347  306.7018557  134.7323135  28.88774761  439.6317914  178.392649  201.9395805  44.3328329  
136.8987814  552.3220699  232.2110391  -73.4327153  70.42909824  334.5620937  53.29129739  477.1200216  296.3727591  223.2487055  674.1008509  275.5848873  85.54882566  388.7245088  -133.1933385  29.74472699  488.4243595  158.163752  275.7406093  -194.3075527  433.791569  -59.29878711  88.62870342  313.0187947  103.2083272  17.14083679  448.8677438  174.9635963  175.6704829  34.54344821  
136.0595664  538.0666535  226.3727589  -72.46902233  56.93753554  335.3846238  48.88175569  476.8288978  294.9694117  224.9562606  674.0025408  289.7342757  77.99601626  392.1126706  -119.9593528  25.13209685  485.7200997  160.2628902  257.4200419  -202.8645451  426.0075967  -88.91308706  75.94140547  327.5474767  97.67858281  17.75104608  459.4077272  160.6295994  192.6791604  36.23946178  
137.4356299  553.9633742  231.2199751  -72.37720366  64.87324688  342.10263  45.93991678  465.4295131  278.8898522  233.6780469  666.6216657  290.1600236  78.3878298  394.6301485  -119.4818721  27.82888327  483.5316894  152.5280908  293.8318004  -204.4794905  444.3886959  -75.86313221  90.01972938  323.8328118  118.5211401  29.96275199  444.9826532  171.3892053  199.9100746  44.23601321  
138.1287496  554.8708575  233.0048236  -85.89149854  67.45835045  344.3850985  47.2342553  475.9815124  278.7096266  223.7711655  678.5868585  279.9471548  86.64455861  391.401974  -127.566073  18.03295719  497.4100365  158.9854948  295.1385663  -205.9437081  434.7077913  -58.98776636  92.64238661  310.6731203  106.5068589  29.35411673  444.8758948  173.7024698  181.3100728  46.44139714  
137.6047727  555.6383854  244.0219384  -79.70133186  55.66386935  349.1535186  47.25866692  469.9598554  287.8503402  219.9328702  672.9123447  294.6432697  87.53679565  397.182042  -121.8325992  31.89621843  493.2050725  148.8300447  279.7393604  -218.8376427  447.6204495  -72.28936479  83.51338659  321.0957421  100.8913594  14.38418919  461.5717014  171.415595  211.0755017  39.99560015  
138.5261848  563.9974112  233.5178446  -74.10686076  72.55717769  354.982008  52.88206692  462.7895476  276.8820139  218.3309536  691.1015787  278.3825821  99.50159629  387.142675  -129.1300422  16.65026405  502.4432478  156.2720668  301.5660959  -202.0536403  435.907468  -54.84435381  105.8397361  311.2419726  88.08885472  19.19614702  449.9025794  185.7486862  173.2839835  53.11585107  
131.3897564  539.5766094  229.1778788  -78.73728061  48.18683678  362.3072808  44.30685657  471.9483713  307.5462377  215.5419046  672.9489484  276.1701857  109.2403003  395.7994942  -128.9654252  20.18622747  501.82662  148.8390597  291.2646863  -218.1147899  436.8991511  -78.29189586  87.99141326  319.9217344  77.87277159  8.921785635  476.244454  172.258159  199.2882265  37.68047136  
127.0019851  535.7541779  228.679952  -88.26658415  51.28938793  338.8504848  36.88040177  473.5340346  304.6703219  207.8800235  657.8504295  282.0062307  89.24121329  406.1595635  -129.7955411  22.62079107  496.232014  153.9928226  283.6336026  -220.5403108  437.5594175  -76.55639107  90.12720646  325.3197203  107.7010211  18.55604587  470.2605764  161.9470397  206.5084777  30.4885461  
134.569786  532.5523386  233.0494228  -94.9227531  51.30939266  330.1034194  44.46497025  464.5187475  284.3390711  208.0769456  661.662457  276.0597882  73.8253429  404.9733235  -132.345094  8.449626532  485.1480583  148.5445274  286.723514  -217.6414249  437.1808939  -57.45868816  89.92184993  305.3934253  141.5225494  18.0934744  449.8910237  172.2473328  195.4332135  47.54504014  
135.4779901  531.1088457  237.0034597  -91.58906409  63.85077891  339.6810513  53.7538723  465.0027895  278.7502377  214.0336566  658.3568842  266.6770981  69.21864867  389.4886534  -133.5461806  5.000023373  474.7865595  143.56108  287.8659637  -206.9974825  434.0009064  -50.91942554  89.16217834  288.86017  150.3533638  19.74667392  445.1706855  175.8399312  188.9568707  51.67689834  
133.5093765  541.4595455  239.8398918  -94.82436196  56.85358379  331.6171272  51.27314094  461.3506416  268.9976727  195.8822402  656.5615624  253.7799872  78.94692763  393.9860477  -128.8270519  4.727905703  482.7599961  147.2045271  297.1633482  -201.3352136  436.8093328  -49.62160939  98.03064617  296.6996917  131.468143  21.38228898  439.940264  175.0372488  181.8484566  47.56118808  
132.2100735  533.1250482  236.4824614  -95.22781574  67.68202209  336.2417648  60.76342887  466.1766598  274.7867977  203.0961893  651.8621763  260.7939083  84.15334469  387.0703613  -129.5580635  7.227362792  491.3758599  160.6344655  284.3119894  -197.4412922  434.3092639  -62.09595311  90.3838348  320.9932456  123.5795254  23.20395107  453.1476883  168.9691784  182.4289144  42.84302399  
133.2086065  533.9023309  238.7137679  -95.57351531  77.80566049  316.716372  55.42037274  465.1377882  272.314795  189.7800338  642.631913  260.9184178  75.61539986  395.4363657  -127.4029087  11.06895202  489.241295  161.3451528  298.2587477  -195.9283706  434.2795777  -58.85402821  94.661996  316.1230259  121.5861322  24.2709022  438.5185429  168.6496991  177.690062  43.13616302  
138.8839884  535.4159528  232.8275523  -85.31751899  77.05782886  326.5406845  61.21145164  462.5571805  269.1726123  206.2956782  652.5602395  259.3472706  75.79578812  388.3005013  -120.533203  11.10778822  480.272824  161.4747125  296.5014963  -185.5336144  427.9179501  -67.60335455  87.24134632  321.3859219  122.154204  24.11889056  439.9526952  165.7745027  177.098296  44.14379434  
139.412516  544.3832106  233.9491761  -78.41104015  64.99412341  332.2596546  61.75485134  459.0997343  265.9728874  216.0679105  657.8329243  272.2346152  65.7840353  382.2097352  -121.4041504  16.60269124  477.6405138  157.2995863  282.3466861  -193.1303925  433.5190117  -68.36949597  84.51689436  321.5720464  139.7468939  32.4849165  435.8033237  175.8632293  182.1705184  50.94181719  
140.7823402  554.2141428  234.0191255  -81.25108002  67.05328874  348.3834595  50.08541466  468.6055672  269.0570284  225.3440051  665.6985545  280.0130836  67.84574684  383.1122776  -121.4139098  19.46014436  483.3430774  149.4362655  299.7014135  -205.0760691  440.5942356  -65.31214376  91.60920488  314.6025509  144.2062911  34.7901474  426.1685629  184.3101347  178.4141754  50.15110695  
144.471882  549.6548963  241.121979  -81.00933201  66.3071209  345.97756  49.02330035  472.9573082  284.5864136  223.8475112  669.5400563  269.7057095  78.83604926  383.2863422  -118.0374727  30.72130929  487.9130799  152.0522887  298.3108692  -198.5750303  439.0783602  -68.80769835  87.00353039  317.2028704  120.5093511  28.73870853  430.9360503  175.5364707  184.1117987  40.20222532  
144.516505  551.1332537  239.4097421  -73.83883116  66.78233844  343.6830293  51.51436346  473.9635479  289.3313346  223.9655803  666.6169021  278.5629463  81.95929204  387.7852658  -123.4755767  43.07528229  484.4709829  153.8195333  279.1630973  -194.1607849  444.4489831  -68.28546281  82.73942432  332.1985557  112.5893473  20.14932607  442.5555434  171.9086438  191.447393  37.47581599  
141.9311534  556.5339544  241.2614722  -78.48159398  70.31518384  356.123175  54.17777171  474.6336634  287.4643812  232.3775717  679.2875649  289.0839901  90.1254805  384.9598299  -133.2252568  34.05322194  494.0969475  160.6699236  282.3412809  -205.6258901  438.8188621  -64.33238627  77.19050839  327.3688788  112.522119  31.12578263  449.2769038  181.8253122  183.7105387  40.28479649  
133.3691538  542.1765642  230.9892979  -76.65447162  53.55214458  363.8619673  45.91733341  466.979995  295.1576289  227.1152581  678.3933974  279.4756989  100.7684223  388.3145332  -120.1018494  17.38146213  493.8682838  146.5680983  283.2855409  -216.1427752  432.9834576  -84.53845986  78.90672235  322.0883255  86.55033105  11.82835894  460.6305796  174.5903104  194.9969649  40.92522562  
129.0944866  542.7742821  233.5386042  -81.9336603  50.50719451  367.4742937  45.49248147  472.2881798  293.072906  228.4085484  658.5581945  290.0620637  88.81170035  399.9263145  -126.4543567  17.35152885  499.266835  139.3304232  280.3398833  -227.8575933  443.3306189  -88.27854273  78.20481544  337.5227853  117.3030752  14.46077789  465.8798056  170.0386203  220.2275016  33.91705144  
128.6661232  549.7493616  233.1565611  -87.65303145  52.38974895  365.077686  49.05808696  465.875034  288.8841618  230.4797174  659.7334209  286.6449832  85.87733642  391.3960731  -134.8839698  8.51813869  485.760886  136.4153937  279.4165571  -224.6048423  447.1026375  -76.07049128  77.05742139  324.4316281  130.4763738  7.886496565  453.8027598  173.644389  213.0825182  42.54470689  
132.58511  543.9637476  235.6208139  -83.36839989  43.99770561  362.588534  51.39797897  469.8481013  289.0524103  223.1568225  666.7775962  274.3062631  85.22591571  392.6278996  -134.3094816  8.336045034  489.9715664  136.6105885  270.7743145  -219.0949622  445.0335443  -78.50817733  66.46227886  321.0121554  125.6902974  9.071235453  455.782086  171.384724  211.8759647  41.64418789  
138.7075853  539.8861772  235.0627441  -89.27984953  67.08733967  343.7540379  51.6429376  464.7542744  276.049636  229.668798  664.8456701  267.6757836  73.76403749  390.8573377  -121.5420703  1.565583672  484.7706566  151.0189739  298.1565751  -209.9057185  436.3879175  -65.50152436  83.85686691  310.8624944  145.985627  27.92561285  439.6741603  174.2590496  190.1328742  51.57791614  
137.9523184  545.1580599  238.4579212  -87.17686718  73.58939006  323.9446745  55.29369433  469.6719339  276.8733147  215.8238946  663.8099333  273.8503559  83.88804964  403.6333731  -127.7181297  6.730314152  492.088077  150.9650143  301.767226  -206.8977702  439.0055362  -52.52753596  96.87511595  315.5638066  131.8082006  23.86673787  442.7976087  170.038376  189.3923612  50.03657947  
140.2092828  562.489851  241.8032647  -82.35604545  80.65759053  331.618111  66.65547012  461.052948  273.8910248  223.936663  673.0036858  273.598539  69.77744618  394.7560703  -129.6539818  16.45033401  480.477196  151.2284482  303.6164433  -200.0713344  447.5715174  -47.5546481  103.135907  291.5464952  131.8161132  15.38696826  422.4131009  184.6955565  169.1084894  55.05005564  
137.2366003  540.2551539  223.4761081  -81.77834697  69.80137424  343.7783192  65.89325491  468.0964907  293.1525605  234.5614202  690.5947878  277.0352406  86.79754094  383.1770426  -128.2496719  15.87146761  484.6031972  153.4756333  275.3040555  -200.7430593  429.8721676  -70.77448058  97.5442756  311.0089794  95.76833542  8.867918533  453.6914091  167.5383839  164.4653666  45.1580136  
133.3453336  541.2753852  228.2647392  -73.50007361  67.21635917  340.4014069  50.07665511  467.4074979  283.7409924  214.7007329  672.0185613  277.1153873  93.01236883  386.9110392  -113.6575981  13.29727378  492.8807133  172.2214404  292.5350845  -192.5720502  427.0517772  -82.04484489  87.16699939  345.5919904  91.61261616  29.54054227  461.8457477  160.3411534  176.1930768  40.89060251  
139.9230913  555.7724717  235.657503  -78.17761962  81.77140905  313.0977243  54.02762826  471.6095979  270.1222006  217.0226679  667.8190375  281.0326531  58.50465004  390.5982667  -129.3103505  14.32707337  488.2310232  167.3671495  291.8898058  -196.1805999  433.3328014  -53.59541181  101.2467163  316.8977599  125.8084234  35.45535903  422.5334683  175.8008779  158.9918392  48.08177894  
139.2659852  552.391239  235.3040642  -82.23274169  81.91937734  333.4372823  57.9914832  471.4204044  270.2326144  220.4104941  677.991212  273.9667083  78.00159817  390.1170528  -123.4982054  9.568747447  496.0450175  158.8248418  298.9682022  -195.2297479  438.7980811  -66.9515523  101.5433393  326.3811903  116.8175412  29.11341487  438.3536943  167.806843  173.3281909  47.40365514  
134.6390965  542.2218847  229.0375919  -73.31835933  55.24348756  357.3141863  56.77275368  464.4922928  296.0981907  226.5058705  666.7021802  277.9227891  83.45330005  395.4799306  -128.6273085  14.89103396  496.4742931  147.9950592  274.3945256  -212.8790831  435.9961698  -80.31820229  74.85304109  322.9068647  102.6650459  13.23600708  466.686692  171.8693929  206.461307  38.43309169  
128.72588  546.4240467  230.5510728  -89.14081052  57.54613812  363.3695605  44.79431956  473.3940375  282.7319785  223.8061202  653.9136291  281.0397171  82.55771678  391.0000356  -132.9951297  11.51523555  494.9754168  144.669384  286.0318014  -219.2858616  440.7368554  -74.99910885  81.52558538  325.9441842  127.5867891  23.27951648  457.5361458  170.0390217  212.0284841  38.44169493  
129.5171156  544.2613328  235.7460862  -92.6559459  59.80219404  350.4922056  48.54361789  465.6657473  273.7275688  217.4665402  648.1910216  269.6518336  85.94836156  393.6091571  -128.3676791  2.65408596  492.9392952  149.7141425  288.0713637  -209.5632624  441.6809043  -71.56556848  81.65061534  330.4500024  127.7331197  23.33827547  455.6407008  166.5178058  211.2852521  38.73748004  
132.0624746  536.3796981  231.5182379  -84.56304364  63.92884479  338.6651035  65.58627588  469.7124491  276.8172929  227.7017342  643.8306183  280.5478283  55.78762933  385.5564828  -136.5861593  -0.090400138  472.0019177  142.1579285  261.5023198  -207.3235163  446.3477313  -69.90135803  75.86868215  320.8794118  157.2264851  3.478366326  452.9148263  161.2581702  201.5695698  46.98395315  
141.8912732  539.6620143  235.3911664  -88.82003855  77.86919219  326.7478408  60.24396568  472.5341133  257.4802251  218.7997798  656.93547  264.1324686  61.35325494  387.2802824  -127.0213352  3.960771445  481.1313992  155.7890027  301.0046684  -194.9551505  430.5407099  -50.0217723  99.16318104  300.3349604  152.785843  30.8087307  431.6611078  168.5773909  171.0440065  56.85930187  
142.8504528  544.2925749  238.6370459  -77.89635567  75.0737168  322.6608017  60.85883327  468.6433662  266.1743471  218.0983898  660.7495565  276.025463  66.1794043  388.1415596  -120.9554132  14.68265107  484.1147861  158.9301593  294.548562  -193.7904029  431.661189  -62.92873632  90.77714496  307.468599  130.9532435  35.34855642  428.4632469  174.7043517  179.8884121  51.86448886  
139.7101016  557.0709354  242.3504036  -86.27172059  64.1115642  341.762936  60.46761956  468.4216268  274.1524964  216.7956464  676.4331614  265.6503935  76.88751617  385.9685341  -122.9367582  19.89379514  489.4872991  149.714623  289.0069462  -201.8435397  434.4808077  -70.8809165  95.54281949  302.5272197  113.2879906  28.76698692  438.3154245  173.8890607  180.0779764  42.45744139  
131.4232047  544.034083  228.4018991  -88.62101006  54.8266524  346.1439348  52.87705898  469.6849942  295.8141921  215.2254963  669.2275739  263.1801503  88.04916097  391.8152695  -118.4994824  18.51128713  496.9211599  171.6011505  278.75881  -202.0780389  427.7632937  -83.41088719  86.22358831  336.5856046  90.77506908  25.73825789  463.0115784  166.6667179  174.3607956  29.24433365  
143.2510591  536.5211746  229.9420031  -92.02843698  71.49933758  323.8228918  48.75118501  469.8678851  281.7902522  220.6451121  663.7364842  260.6344382  67.01460044  394.919195  -113.5987402  16.93524646  477.0071268  154.6833604  294.9325768  -196.1063475  428.8280444  -57.80636347  98.75532424  302.8996414  126.0675284  17.29773175  429.5019152  168.6212879  166.3296995  44.12981906  
143.8804737  554.0591105  236.1619013  -87.94252594  79.08620608  325.5572301  57.91709147  456.4730211  261.6580045  211.1174005  674.7738311  257.1968098  76.28454374  396.3577654  -119.5096821  5.579069794  490.8572031  166.8510001  317.5372036  -188.1654353  434.6213325  -48.31769426  104.3495385  297.083316  123.5157092  38.98979677  425.5376898  178.8197732  161.786916  58.20079487  
147.4434838  555.0105525  238.5568167  -90.45492394  69.47629499  332.9761151  55.80893418  458.9995934  265.3020423  219.4132607  680.3860101  263.2205082  70.27269176  391.5900882  -115.9234237  13.51844872  489.22841  160.1422773  308.7400854  -198.8122301  433.0319185  -50.33658735  98.72724806  294.509849  130.7022841  37.230834  424.5195127  183.0526608  171.1619595  57.46306412  
140.6029302  556.2983489  243.3112535  -74.06147651  73.07354449  334.019681  55.20794576  463.2686476  276.3109867  218.0124777  676.8144836  271.6133253  91.27893645  397.2661434  -124.8067621  31.04130363  501.1926391  160.9335904  295.2605865  -195.0243235  434.1430537  -47.60072234  103.6594338  317.5742819  94.48212902  18.15150245  452.7588273  180.2818918  187.3306409  42.38360656  
133.0932701  544.1181355  233.7616609  -71.41120447  62.96442306  352.4463944  59.9490211  465.9050465  290.7191528  214.390718  667.5661314  273.0651178  96.73655597  385.5713824  -130.2651973  28.166052  498.3587472  156.9815109  277.3653402  -198.8341325  424.1135477  -60.90523675  88.95046481  345.7963513  89.88860449  9.749466502  466.2300983  174.6644581  192.5263514  36.88761303  
128.1733274  552.9267673  236.7792477  -79.47125769  42.84019194  352.7004087  40.82805222  473.3153226  284.8885711  208.3533734  669.5034919  285.8756827  90.3606796  389.6023964  -127.231979  22.64137182  495.7485619  148.535671  261.4658972  -209.8478449  432.3864343  -80.50117698  81.92469196  345.0553217  82.90114817  12.52131482  464.4138689  160.6307919  208.9553653  31.57048981  
135.4073457  554.5829859  233.0417723  -84.76114727  60.46090832  344.9616444  44.24977405  476.5540764  269.6517379  218.7254133  678.2080768  289.1917711  81.97903138  389.6480172  -132.3261139  14.14112562  491.3186484  152.1104651  279.8457135  -213.7137921  440.6963832  -56.76407076  98.8550662  323.2272976  120.0703104  14.90180966  459.1995062  170.1076821  187.9037542  43.71984978  
134.267357  546.5185629  232.0285265  -75.84589563  51.81331622  337.7827925  57.72512136  478.6655359  284.8976269  225.8204551  680.6310496  304.4899972  84.4374318  394.2630041  -140.5975515  24.8881838  487.4773534  149.189069  250.0722903  -212.3178884  436.9890609  -70.92970493  88.86378984  321.457812  102.874946  10.1126316  468.219199  166.3295899  205.1148381  39.9763444  
125.7769747  540.6781088  221.4203444  -74.04314344  48.63846301  338.6312313  52.85666982  468.7803082  295.7775411  223.0730336  662.0635591  292.1736694  84.57211403  399.6918882  -138.7017366  20.74836035  494.4600687  153.1619767  263.977398  -214.4210338  441.2353023  -71.55450376  86.77233946  329.8511309  106.9737219  17.5658487  471.3090963  165.044451  203.7765546  36.80463949  
135.6520632  535.2128321  225.6371653  -84.28966618  51.89760556  351.9080992  31.69056221  463.2722323  282.7290653  223.682115  657.4040627  293.9235358  84.50069196  393.3551508  -125.8851837  19.90941494  488.769269  138.9159022  298.6256905  -222.0723449  447.7684833  -80.48121714  86.47988275  346.4636438  128.0359781  22.73097258  448.3766391  164.3280337  215.6572548  45.46442624  
137.0504491  548.3288502  241.8295767  -83.89126346  62.21232034  328.9821804  45.27213832  463.5848324  267.5336279  210.9790176  665.2288702  289.9706803  76.91530389  396.7840741  -138.0050298  13.26342387  502.3722883  147.210187  292.3051173  -213.4943098  439.1455549  -52.70833022  94.96674979  316.2003153  130.2781783  30.33583211  440.4962678  175.6084145  205.2391679  54.43277771  
139.5112763  545.059889  235.3396559  -74.45541096  69.1300535  328.6392665  56.95206049  470.2307955  280.2280846  213.7341219  670.9839956  286.4009756  84.05596596  397.5476847  -131.9132657  20.86966776  504.0052922  156.9491571  283.5466308  -202.6080387  441.9119073  -59.97568861  92.53796428  313.9037457  116.1163714  34.54360706  454.7411552  179.1245697  198.7672708  49.90371287  
140.9805492  547.3828647  235.5202705  -76.80489977  65.34460889  336.1519903  53.80505062  468.5351867  272.6886774  209.8489511  679.3137626  278.3424136  83.91187064  391.3025316  -130.2377513  27.37074861  503.100278  154.3970493  294.7898764  -197.3141411  436.2493372  -57.12716055  95.02883043  310.9831477  122.7569697  49.65134231  448.8223229  182.6082876  188.1674649  48.41603133  
128.9022939  539.8248268  237.0386678  -77.59511816  47.16774223  356.6714572  49.68700075  476.0754556  304.6245309  212.4194385  663.1016794  283.2278754  97.07127415  400.5597174  -135.7220311  22.54709212  511.987548  144.0166016  280.2619244  -218.8318364  439.6148022  -67.12377941  82.41619394  328.0537996  100.3921877  28.98533611  480.734364  181.1181118  218.4022154  35.29494564  
124.4024376  543.0786712  232.1677425  -81.44022338  22.37466245  373.7281962  40.47033212  476.5012191  302.3479452  238.7250339  645.5620989  307.632896  73.27595239  395.0287949  -131.1092193  19.75560837  487.20811  128.3743419  238.0013798  -242.6643718  453.9088064  -97.07725783  62.09983226  337.8905883  130.5708028  12.41647523  491.4917493  159.3424263  254.7901552  30.01272376  
129.6414133  534.6029997  231.9106948  -95.63305993  64.01967972  332.1051957  39.13617021  469.2588369  284.4979514  231.1567599  642.4589177  280.7007181  67.28685503  404.4166811  -126.8644785  8.437950487  489.4601239  151.3378849  278.3195895  -218.2484735  445.3799093  -63.29231126  87.59289716  331.6198339  156.1280723  32.99213278  463.1570399  162.6512441  218.380178  36.95246523  
135.4535794  546.9076799  227.0725116  -90.82277646  68.8808604  341.93319  46.99133873  468.0124431  265.3568364  236.8082519  656.6287222  276.0440601  61.037314  391.5284311  -127.167623  -2.824808017  479.2030636  145.4112418  290.9096129  -214.0683099  438.9670775  -54.99686869  93.03412241  322.0729689  158.66493  20.71084394  440.6596325  170.0213733  192.5928097  51.7559033  
134.7743754  552.6662097  231.9068222  -92.36798971  77.54975802  323.1225406  50.08286058  466.8825927  252.7260518  217.4298581  657.2773181  262.3056951  67.63319041  400.0894277  -128.3182262  -4.890439222  494.0219938  165.5291538  302.84485  -198.7681288  435.1524221  -50.22967122  100.0764344  309.7227761  139.1061919  43.59883409  442.7650307  162.4628441  185.5877946  56.03965685  
141.8444272  560.7823221  230.6788057  -86.48698035  84.45988823  334.3574251  60.15568237  466.8186186  250.1155954  222.1986503  667.9353959  271.7868192  59.23042417  393.4084708  -128.3454702  2.365655747  492.6817699  157.7939488  308.288556  -196.9975568  435.9785882  -44.98454502  110.2633619  306.8886391  147.9317251  34.41613847  426.5948477  180.6361963  169.2767806  60.27205102  
143.2533892  552.2921979  233.8203801  -74.80378248  76.46957258  319.2848588  62.43721403  473.8893086  262.7273851  210.5882016  678.2079805  261.3756027  70.80761229  390.7047408  -120.5541589  14.45065673  502.2964435  164.3393782  285.8856223  -181.3406923  431.5149417  -58.5794687  98.65646547  307.2081228  98.69561273  35.06558808  441.7700873  164.6849857  168.8602602  48.86875212  
135.7516306  546.6149682  240.0611753  -76.28243682  62.71830076  315.3387991  53.15330663  468.0987904  281.3702664  192.3982251  668.1305013  255.1522122  82.84765708  396.4657731  -125.1512202  39.10870812  492.6546651  167.6794508  279.472402  -185.4416565  437.1167875  -65.90510252  89.28411683  335.6144176  85.57160057  12.19562645  460.493097  152.0377991  181.2852242  33.10646693  
127.0954034  541.5611515  234.7301987  -77.27832603  55.33551869  326.1184056  44.90747629  465.1569108  282.2169218  204.950216  643.2418972  298.9457059  80.34023359  405.2312597  -138.1886688  21.17292945  495.3304697  146.8478095  270.8486423  -224.8842825  446.3602465  -69.12296275  95.47119587  357.3720372  119.3102369  18.37953755  471.9693618  161.7256286  221.8549703  37.40069307  
136.4968408  553.5248416  228.9001859  -70.76504559  68.54517253  337.2743786  52.35417545  466.4872317  266.0471767  219.7756751  661.4485291  296.2883174  64.76221044  387.8631542  -128.2649114  12.67936341  484.8221253  143.6037075  285.9352762  -209.5470523  453.4764493  -70.48838938  97.4757747  335.432651  130.2472347  20.23152282  436.9838383  172.6541881  197.4825572  49.98198273  
127.1956923  562.3513838  239.0718007  -69.76235644  48.80995652  359.5102512  58.18713785  467.250763  292.6566616  227.0102192  677.5452716  296.8874577  85.74787006  395.5304571  -145.7537311  23.1723004  495.9757224  141.4268228  259.8768879  -218.7050579  454.1601132  -79.75008208  71.11027983  307.97793  98.98084695  10.28539219  469.6463  178.435107  223.2377744  38.86062946  
122.2331575  538.9953536  233.0904392  -78.32438378  27.63347449  370.7734763  33.47447285  477.4931012  317.0149483  224.6143534  657.6359009  296.6897825  102.6919482  395.693802  -136.9122258  30.50810448  492.7644714  144.4572208  246.5882257  -230.4044353  448.4517739  -106.023114  52.53631042  343.5171365  86.4854798  12.93776474  497.2894874  151.6312671  251.4350046  17.40303255  
128.887563  543.8816451  228.8576701  -89.01649731  40.30328689  358.7560723  40.78897228  464.1760319  292.2419782  226.7292496  647.5921697  271.5161043  77.63316559  402.9259683  -125.7509518  16.24855057  488.6601776  142.7397322  264.6353942  -222.5549712  444.6632315  -81.34909428  71.16312442  339.7691592  133.501422  31.63347296  475.5053779  161.2663854  229.8529525  28.51339154  
132.33381  536.5514951  231.018161  -99.39162568  64.06677147  350.9009815  48.91649417  471.9357102  279.1071001  223.6172391  652.0045151  265.9985334  85.64570568  401.6981449  -130.4201091  5.37907364  490.7747151  150.1898239  292.9778899  -214.1920606  437.0381927  -62.80390289  90.6634432  317.2740551  142.1064583  31.48110629  460.5092042  168.2657687  204.7932739  39.93172714  
136.0922532  541.4679061  224.8213679  -83.4764073  64.30533238  356.2461267  58.44022291  460.0148182  274.4288894  230.8966449  656.6494641  256.4525716  74.4059953  394.3584903  -121.1680968  -2.704056644  484.3330233  149.8388911  282.4568  -201.4640394  430.4634099  -71.71040088  80.20560357  311.4043645  131.5677795  26.70454633  452.4950674  172.0899587  192.333271  45.38918034  
131.0884798  536.2587863  229.2832387  -88.62996074  54.02053646  344.4993526  55.84545994  464.8832222  268.4881348  232.3719249  655.8556585  283.0864591  66.63456108  398.0936404  -137.1196836  -4.504431186  480.5352365  135.4026128  273.7099352  -219.9530402  429.6802411  -59.70438214  85.12761642  308.0352506  155.8419784  21.63009663  457.7054488  166.1688044  213.911827  53.93024587  
139.3272004  540.0419261  233.6363096  -90.71532282  78.11791994  329.2083639  58.43634883  463.4367249  250.0901735  227.6559662  655.5607938  270.3877752  68.58615042  405.1511828  -123.875788  -2.871840012  492.775252  162.6415614  300.8132295  -202.1939412  432.1262369  -61.19272599  100.2259345  315.0318169  151.0619422  41.15371074  445.7306208  161.7866922  192.4713747  56.60255564  
142.5716713  544.71289  236.0747319  -80.95407805  74.77471831  329.7174367  70.94399824  459.1997062  252.4931467  230.1033539  658.214684  272.1653561  54.61720122  395.2741143  -124.2682841  5.178778441  489.5508812  150.5331334  295.3039272  -200.3336531  436.8866097  -54.54840181  101.2131799  308.6612114  159.6811791  32.69386425  432.854829  175.0494254  186.4208722  60.46618726  
138.6368493  544.3009253  242.0696588  -72.1022943  69.63843432  322.9173448  73.86750531  463.1309019  268.9650541  228.737251  646.7751417  299.4552262  59.63138622  400.2005959  -130.3833249  14.60110026  487.5733913  137.1688198  276.5666293  -216.5827436  443.5773847  -64.71753208  94.76972196  324.6077623  143.5191487  25.91430618  436.3026877  173.0203066  211.6559982  48.27026898  
141.0069776  562.4204739  233.2326026  -67.85286267  61.84189285  350.9408182  62.03535562  460.656534  268.8076713  237.625047  673.6806191  305.0774437  78.25641105  395.5091249  -131.1817164  27.57204991  488.6188576  149.5350563  281.1647045  -216.536105  445.0524019  -67.33239022  85.59506783  313.61029  119.8894948  35.72686419  447.6043253  183.7022743  210.2629114  52.1345767  
134.7584583  553.2912966  240.2430335  -70.90394188  62.65655389  344.7682569  51.02363534  470.1521598  279.8822981  219.7057046  681.3327201  278.5766468  95.10221907  388.0960968  -126.0668775  33.65839902  502.7425111  160.5285773  278.6622007  -206.1415864  432.604002  -78.03813272  79.35710732  339.5261977  82.37230842  27.97629769  461.6770398  163.5798629  196.6312608  36.88893424  
131.2382137  547.2474029  242.112804  -90.53420975  59.35714362  324.5425794  36.99972357  481.7787605  311.0990634  202.2146824  681.7422937  299.0889058  91.52242846  387.4096291  -130.1993529  32.79693648  487.1870274  162.9597981  279.0928303  -216.124376  423.237704  -61.53634318  93.54875812  332.9430605  89.21194159  1.677782756  452.3947012  171.3265809  163.7051956  32.33573333  
138.9588951  536.6159921  240.6919051  -102.8921797  66.88577327  324.9931798  36.251298  488.8799271  298.31508  205.0403512  688.8738155  303.6313366  82.39075972  388.6097725  -133.4455076  25.77538576  496.8853232  161.6302497  305.1406593  -222.4250915  432.5110096  -44.04439234  108.9460696  312.0958546  130.7396628  14.43654024  432.9915012  190.0872277  159.9073171  44.76765722  
137.7706172  539.0664385  238.1092946  -84.3400736  55.53160955  355.6991139  53.53945683  490.5955214  317.3509617  227.4311031  681.9482534  277.7690075  98.2312239  393.0410759  -128.6387476  28.14019164  503.7157904  152.9926248  271.5238524  -206.649715  435.0701127  -69.68148096  77.06143049  306.6722238  85.61417375  4.205630535  468.2408282  180.5863057  185.6977856  30.09074526  
131.2136405  537.2068783  231.3811045  -91.37639277  49.4499466  351.1883324  39.61929252  480.1481586  301.9728425  217.431285  655.4140783  271.7824632  78.08348163  384.2942327  -129.8552106  33.35812933  479.4045228  154.5515911  273.7655805  -210.6021627  439.7684299  -62.59262956  81.4214377  315.7455008  123.7936617  0.2405879563  459.4644993  174.6995934  188.1770248  27.65378895  
135.2453136  538.5531159  239.2250359  -105.1819188  70.74803924  334.7517898  48.46640207  470.1118352  284.334942  211.9208033  659.1006337  255.9465186  74.99890758  390.0230807  -131.8101159  9.878508765  482.0221183  159.3416611  299.3664651  -202.3742693  434.4838094  -42.11056703  98.80733899  294.7640441  140.503301  12.14564728  440.9780407  176.0402165  168.658688  42.17779925  
139.0260963  540.6682787  239.5407641  -99.41104997  70.5273806  320.9868722  45.73699223  466.729912  280.1469958  208.8219362  658.5152484  250.1172398  73.22725249  384.3897565  -117.6075669  3.514195398  476.435831  159.935738  306.0304222  -192.1675876  432.3301011  -46.26210085  96.03934845  295.4645966  146.5031102  22.06580333  425.9887098  176.0503949  163.5727558  46.03184967  
139.2689098  548.6023423  232.4919135  -102.4970423  67.85560518  349.2211501  49.62732135  460.4800603  276.7275756  215.1484172  664.9305466  248.2254137  71.61822487  382.3156387  -121.4832879  4.933064887  476.5206302  160.9518746  304.5461742  -190.4196145  431.6571015  -45.0274952  94.8590277  292.4444454  144.1534347  27.20452292  430.7191604  180.2719769  164.9920676  51.48249299  
144.0697948  544.6209158  234.8988075  -94.94027402  80.2040708  341.4954931  46.2284306  475.9341044  275.1164296  217.3118168  664.6974375  253.2564004  82.19645812  382.6686878  -122.9576062  8.214909803  483.5903813  163.4362515  314.78794  -188.470079  422.7910533  -51.81506323  93.60546237  301.8568095  125.8985891  20.03792915  423.0673475  172.656283  156.4169592  50.21998504  
146.5645548  547.9731594  243.145107  -88.54872577  74.95541432  323.7745026  56.94414761  469.3647356  262.8160796  199.3973122  670.0114111  253.588254  79.13467473  392.7101469  -117.5898258  12.47162053  491.9777969  163.234968  312.5729862  -185.624181  436.7290864  -46.83583927  101.3235172  297.7003943  115.7403551  27.60920125  422.9855765  175.3686661  158.0675352  52.09674498  
145.9542505  557.0044585  236.0958454  -85.1534806  79.02666078  331.4461581  65.10428882  468.4977059  270.420948  209.9728056  676.3304535  262.2338407  76.31342869  384.1501605  -120.9890039  19.86770626  485.4635787  160.3663632  309.7372622  -187.598626  437.2643394  -40.90053284  101.9121293  289.2389041  120.9038479  25.18943933  416.3641709  187.4178496  153.4673935  53.56022268  
146.0822621  559.3804098  237.5984697  -81.07011291  75.23588566  332.2149979  60.89948269  470.3540386  265.4265798  215.6924746  690.3564532  262.9220367  79.39277221  381.1971515  -116.4539373  21.88839352  496.1945559  162.9919797  298.2510834  -182.8795477  424.651856  -48.05725946  107.2759218  294.4608343  99.38130515  36.02462969  429.9054112  181.8892028  154.0764938  50.78957595  
138.1345344  551.206042  233.0121758  -71.27353477  63.09971029  336.4874851  49.37429845  461.8041211  275.1455419  206.3510426  673.4805038  279.6511685  94.72533413  384.7428393  -114.6419149  23.02954048  499.2831551  164.3715036  291.4816705  -190.4292184  426.1883252  -79.12088672  88.14967096  330.3989645  72.97900615  35.84636444  454.8554939  166.3043308  191.0964011  45.89416789  
136.1933779  556.3278178  227.6081051  -67.96296499  59.40189268  357.8453797  47.60972778  467.3448685  291.4352406  220.7035392  686.7541846  282.5383947  90.57101631  380.7472087  -126.5518614  19.44683013  487.0716779  144.5977283  281.8708205  -199.2170377  427.6923489  -76.34360225  86.30415776  314.7684633  78.14343106  9.289375963  447.9031491  179.9321618  183.0305879  40.22303626  
125.441109  534.514667  234.9430557  -76.70583109  43.80825126  377.4899063  35.26490249  485.4012785  318.6343057  239.1189745  668.7638552  301.327365  115.2714002  390.8119056  -132.7425424  27.01666445  505.6104664  137.7711627  261.8963553  -233.9516299  438.0192417  -100.7889926  69.32361183  340.8154431  78.10873177  4.806132166  492.9510867  167.0263493  233.7516472  20.3458304  
126.1695889  546.2053705  231.8994838  -87.2673256  48.13366052  349.019347  37.21395972  474.7454765  303.3230588  227.750879  650.6872359  282.8489419  77.9135712  403.0398192  -128.7395105  18.12777505  485.9342072  146.4936656  261.2553343  -224.6492438  441.1389448  -79.15974474  75.85891456  328.9767516  123.8949401  13.14373178  472.7780893  161.4551833  214.8398386  26.42179525  
133.5487022  541.7630843  231.3805234  -102.2869468  71.95834295  336.1666339  46.38354605  475.860536  278.9749631  233.0391314  658.3785975  270.3159752  68.19183131  396.6864153  -132.2163387  7.626341679  491.8431673  154.9334817  297.7364987  -213.591021  434.0342234  -55.19866613  95.35434266  310.8303319  159.0384517  28.86690291  445.8781796  171.6829587  194.6439479  46.41358921  
134.0584683  547.7562977  231.5219996  -88.05143994  63.70066595  340.2291077  44.98991166  468.3554606  273.9596782  232.3374663  655.3091674  268.3078104  67.7127866  392.3045981  -126.1487108  -2.524620317  480.0441214  142.9889813  297.3493861  -208.6565793  439.2709747  -54.31132847  90.84824572  303.1540545  155.7181637  25.81003024  436.0070567  172.5929348  195.8950015  53.54534529  
140.347928  541.6286347  241.4182804  -95.9303767  72.31982433  327.9229772  51.52836749  474.1163529  263.5286011  220.2052956  656.516904  271.0881093  54.90170413  394.688243  -121.1685136  1.440089722  491.6359271  152.9709301  292.9566726  -205.8178556  434.4812441  -61.84939292  88.2627985  301.1841396  155.6914283  35.27081815  435.2811755  166.914908  181.6523279  53.92295229  
144.9430077  557.994954  238.9407992  -82.1473237  74.32963831  341.5201183  65.3970163  466.2052511  264.754835  235.2510836  675.8662769  268.724262  58.62986438  382.654186  -114.5673969  8.55726321  477.5921101  144.6614889  294.9802155  -190.1367448  441.1367458  -62.45481692  95.07912389  295.1381881  144.2542394  22.7104833  420.3464877  177.2085683  167.8111105  57.17292152  
139.7496565  564.318735  237.0359858  -83.6224528  71.03143532  347.2049245  52.64332226  483.8025044  288.0201938  231.7440841  683.045427  267.682697  85.6960151  378.4614387  -129.8611141  25.95334212  500.3419807  174.2020661  283.9701117  -191.8167245  430.8818089  -71.37167456  79.94436276  313.6575837  87.85520103  30.20092117  450.4650559  169.5167415  164.9733671  39.41225145  
140.3110809  537.7414977  235.1109197  -91.46778394  74.3180973  324.7904303  56.8579335  481.349961  282.8228774  203.0016526  664.5080276  261.0882289  90.65635736  396.9962031  -125.1430625  21.02695775  506.7535786  176.4821592  292.9612253  -191.5581747  419.4478286  -65.88609971  99.44510631  336.3491204  95.13367506  31.47400873  458.6352272  158.746823  166.7907532  38.23314709  
146.6260606  544.5010917  227.6087612  -86.0058324  78.59144003  327.4711066  58.2341012  471.9074632  273.9965931  213.1241812  668.4370559  264.4121137  65.37532826  381.2758063  -121.4440419  34.12681319  485.7431104  160.7562311  281.7683068  -183.8552701  413.8172182  -57.17107745  97.65570834  317.6262303  112.7751323  27.53288157  430.639126  175.5838923  166.2094676  40.36379066  
138.0003238  556.1270611  232.4165229  -78.13251382  78.96711272  340.8699341  61.80723559  491.6571607  270.594615  231.2002277  667.7925344  289.5613527  75.98574522  382.9305917  -127.3973354  14.60181652  490.5171674  157.4014525  279.8575919  -199.5201862  427.2713479  -50.40022854  104.2956221  326.4616521  128.5062238  26.68669106  440.9106732  175.8907208  169.495369  45.72110361  
130.556539  547.8700867  229.7792907  -74.36356071  67.91658875  349.7560893  55.36993784  492.4011951  284.1717773  229.8056147  673.0085867  295.3459847  81.4020589  389.3674752  -132.0824565  13.11710159  499.1857707  149.2184582  276.0214938  -211.9772846  431.8476139  -64.73291633  92.81888679  333.327425  114.4668883  22.67721243  461.3379199  168.7694833  199.3591701  39.9417638  
131.3436926  540.870801  233.8449841  -78.19517851  60.08884238  334.5538214  52.05936131  470.2836216  296.5731092  209.3039433  673.4228713  267.4607149  99.40838257  386.0517985  -127.8250663  27.2647318  489.271477  159.0145576  283.7701239  -198.399916  435.6010416  -76.26758101  87.72838154  339.2346749  80.45495281  5.471074171  459.782609  161.1181385  178.2959435  32.9195218  
136.404802  540.7899486  236.9427613  -83.79278535  58.34859487  334.0424913  51.0496201  464.7030894  282.2521692  208.2013818  666.5796161  272.1034484  83.12334986  394.0522925  -136.668408  27.17651325  480.8394849  146.3389893  285.240036  -206.4286235  446.4383254  -54.69810356  96.43497609  325.97378  128.259844  9.28958469  459.3464952  165.6417979  182.0602494  43.38531232  
140.375824  546.7479706  239.1894193  -84.25158755  78.54470176  333.3686632  59.18818157  458.707777  277.9555082  219.7456737  662.5252197  283.4463227  72.84537726  392.9791406  -134.1288527  18.16235846  482.8517955  139.8560567  299.8371504  -210.281299  452.6658015  -58.0752917  96.87125456  315.0181936  142.8140267  19.47275698  434.9931051  176.6148789  193.5712274  52.84757178  
142.8437545  559.6961805  234.7304339  -89.45366821  73.79161571  338.7486834  61.28214305  472.7802416  280.7486507  217.7188129  679.3138373  283.9559866  75.22695056  394.6223219  -141.0869412  17.57164202  497.8547384  154.7524331  290.4000543  -211.2875388  445.4608108  -47.19294975  98.58976938  293.6122873  126.5869224  33.34910522  442.3983432  189.7759671  175.3977322  51.32722228  
131.0945049  547.4935205  233.4004604  -78.41598634  62.90445927  353.2299137  49.15791056  466.779314  289.3942401  227.0150674  674.8498309  283.4607954  96.70655742  389.5775677  -130.4893233  17.60543717  498.7823603  164.9179413  285.7927794  -213.1399378  441.5843747  -71.61647337  81.661777  315.0428684  106.1637466  30.21302936  460.912013  181.7241148  194.9013245  39.37969224  
123.2241941  533.0592996  229.5698127  -77.23934529  35.08944485  336.2377281  33.16673355  454.3564846  295.3006567  201.7781153  655.9709753  268.57456  98.13972311  411.7952904  -130.3714579  22.78657751  492.1369853  157.2443007  262.9979033  -217.5192434  440.2743026  -77.88541167  68.9225357  341.2692357  89.59679201  14.59976354  482.7724441  157.894828  229.8218562  26.10169059  
134.3627942  534.5240492  228.2895007  -87.15647559  58.54925643  336.8589962  48.86796352  450.3721811  269.6474849  211.5866095  646.3513452  264.0999998  67.67628284  396.5005916  -124.1847672  11.45749195  474.0747599  153.1189614  287.3985844  -205.2049988  444.6750853  -60.88698954  89.13549046  322.9144658  143.4117502  18.12348296  449.3507085  170.1813197  192.7361848  45.07287165  
134.9834549  533.5180231  230.9257165  -94.84535687  65.01008989  327.9822907  52.64278725  463.1035852  254.7882417  212.7484866  645.7466892  257.4590452  66.12900189  398.0684578  -131.1659899  -3.191841371  480.4323055  152.3065539  298.7574725  -203.16642  443.4344756  -50.33448042  95.45444708  300.765929  161.9087105  20.76064547  442.4281685  167.710691  186.3442639  55.42777113  
145.96703  538.575094  236.4060221  -93.93403912  84.14465563  319.3713306  56.63755342  467.3530291  258.1183024  207.3514055  657.948323  255.3529243  59.21541546  397.4716644  -120.4962903  5.28255473  476.5609459  154.2246711  315.9315991  -194.8136747  443.2459994  -51.62697002  100.9541818  305.7625478  163.6938096  18.83765002  414.1578678  170.4527439  163.4188099  59.79147771  
139.4980544  553.0079701  241.1008706  -86.94250335  76.73947268  331.7403178  65.78362961  465.0217837  271.6327673  214.17809  654.7819373  269.3984477  59.07211552  395.7771215  -132.0010062  19.77087065  477.9582197  153.0213709  295.1279674  -190.7774675  449.924246  -52.9262768  86.94111386  295.1914921  144.962588  23.86726817  417.7840938  179.3564848  178.3288111  53.04798707  
138.243989  552.0828663  238.7464778  -86.56178367  80.35530347  348.0065035  59.99468102  479.9659029  279.2445575  214.6821638  660.158651  269.2519554  81.78193361  379.8390166  -126.9783816  15.50481594  502.2395446  157.3362114  295.6771303  -194.2211304  441.7484754  -63.85332308  84.09610684  318.1079957  112.7570443  24.08642051  437.5988803  172.0473952  187.378915  45.85508634  
130.8130658  542.6148809  232.7022788  -76.8888936  51.44499065  337.3886177  50.892144  478.9860767  285.0571675  216.8139946  658.3027585  288.0833754  73.48948228  382.7406035  -120.1751953  14.32059839  487.8646514  143.5565347  260.0305516  -211.1607459  438.8544912  -84.88731202  81.9757504  344.3989313  110.1527844  8.901788214  464.014403  156.2978825  206.3305664  36.98941833  
136.769237  544.9221775  227.4113247  -78.28605125  61.41585296  349.101471  48.05330473  454.1515122  270.851503  220.2545229  665.9073205  287.8651701  69.22833133  391.3320848  -120.7869022  10.33580372  482.1693009  140.7507427  299.0300753  -211.1866294  439.3780655  -69.72953034  95.01341062  321.8829071  133.7078884  18.48686606  439.1141848  178.5321484  189.2622602  51.06981301  
132.444771  560.5996634  241.1342323  -74.47012587  66.27169731  354.5908527  45.6171279  457.1860332  283.3187202  223.2770879  664.8450399  290.6910245  88.22498416  402.3485629  -131.2085614  18.56018517  498.8339356  145.1136297  307.6525668  -217.7086418  444.2152354  -61.75253337  89.71208268  301.0386332  114.7671784  26.12929966  444.0310583  188.8419181  200.0638938  46.58216472  
131.1930573  553.1154662  230.4322866  -76.33593209  53.25230064  349.417436  42.2372192  476.4995311  293.0656938  220.3669379  665.1570707  298.8206883  90.81430382  405.3560691  -136.5537657  26.89850105  513.5657561  162.606344  260.3839608  -213.2982453  431.8428721  -72.08453366  79.31577337  328.6079381  98.54617686  43.35620915  474.6949736  179.2958943  219.7302774  33.07596388  
141.6023391  546.8801678  232.0322999  -86.92262242  52.59472384  350.5001429  46.11050107  465.6731887  287.1778802  228.4265419  688.234857  278.5736951  85.88767286  385.4948777  -111.5646521  17.84777292  484.5340713  151.7481104  286.053639  -208.561443  420.6668744  -74.77142088  94.18081886  324.8801349  105.4779471  29.69755805  443.7499948  173.8844281  187.2774607  42.0933877  
134.503649  532.3665199  241.8235873  -83.00028912  35.49103317  355.1608294  57.48794689  472.455614  295.0752124  229.2471408  678.0174387  276.7443355  104.4135405  385.7970981  -127.4234774  13.43337102  491.3303953  145.6973994  259.8011718  -215.385222  423.2421924  -81.40792499  78.18300389  330.4514292  86.3610374  13.1508975  487.0770068  153.971196  211.4221317  35.15634743  
