93.02571794  645.2507802  85.1821022  -5.294451303  165.7949026  358.4137737  116.9133678  590.1742838  179.872541  255.5841045  536.3582285  81.6687886  -40.43437257  374.5855853  44.03266522  -143.2323706  479.7310438  70.24546046  237.8268855  -19.98924948  491.8981164  83.21700367  -43.01609197  342.2637342  170.0898054  -174.9652476  432.1461489  65.47283386  95.31070432  22.5142687  
96.39759539  652.4800938  81.0755523  0.37577567  176.1360219  348.3520317  111.8321512  583.9936623  182.8745612  255.7115615  537.8667651  60.5737295  -55.28333842  377.387055  55.5890879  -148.7918258  474.8596682  80.98470683  234.3932913  0.114358948  498.3638344  73.88992619  -39.05512071  346.75943  172.4695223  -159.592234  404.3296852  59.38538591  80.07139442  16.96115808  
101.0052172  655.163  81.96121159  0.6700547253  188.5809868  343.0564383  108.8058173  580.7947993  182.3569639  247.387113  530.4309  37.06139386  -62.77435873  378.7081586  62.71168998  -152.7319607  473.7200589  89.68072497  238.5982797  17.39765758  497.6831759  73.50613047  -34.82248111  353.432543  180.6934691  -148.0765233  399.8243029  51.94606333  71.0839841  15.12278829  
102.4355015  656.3038287  89.76907254  3.733999163  181.3694445  343.4858856  109.4124427  579.5177716  182.7268118  245.6031816  531.7266234  38.90986326  -76.13678428  370.1594922  60.9936353  -153.2805656  468.6944712  78.63414099  242.1538372  9.811614773  498.3534164  76.42718901  -26.93782967  359.4099709  196.2468985  -141.0451782  393.5992065  54.37243823  69.1074338  17.63340572  
102.653164  651.6410554  94.18331988  5.341407275  188.5333879  345.8454729  110.0384084  581.0518694  183.007722  254.7061845  533.1701687  27.74021703  -66.29458996  364.3785638  59.16629454  -154.4651962  470.8095104  88.6906574  243.8076611  20.70274354  492.0214698  86.87614111  -17.58157815  365.241539  184.3243902  -128.3684634  397.8172155  65.3592789  54.58161156  18.83891744  
102.3103911  645.4752444  94.96048344  2.218203104  188.4787531  343.7582567  122.9058998  580.503375  173.0816068  242.4882796  536.312615  37.45134632  -76.39828036  369.1396321  70.55005264  -153.1809355  465.2378011  88.74472421  239.3223499  12.77602371  487.4904937  78.3462707  -14.67395711  367.6150825  198.6434335  -130.9927125  390.1402965  61.37366769  62.32653656  20.13183325  
101.9437342  646.9528536  93.22205647  -5.800606555  189.6777337  349.23565  126.409554  582.8965846  171.1342749  243.1221887  537.4633001  40.90930012  -77.86463378  366.7709459  74.90193443  -152.4584044  469.2357962  97.5841259  235.9402983  9.7933016  490.2690104  76.96007104  -14.44683691  369.83213  200.2601764  -132.1621454  385.6591145  60.9000956  61.68776192  21.25875075  
98.27433406  651.886435  92.87356519  -6.62584386  182.398099  350.6257204  124.0940967  577.0978238  173.4675402  248.574131  540.6450249  46.70240653  -72.0206475  361.3957824  71.51298306  -151.6040846  468.4836507  98.73420581  235.4888227  7.049104292  494.4042081  80.13205649  -11.29688345  374.356811  193.4640225  -125.4160518  379.406672  61.68948985  63.2661286  21.64356603  
101.8669116  652.7758991  90.3126895  -9.506480304  194.2500129  345.7619084  128.817103  589.1840557  170.4495512  241.9421505  538.3399068  32.39635652  -76.54796014  366.1173411  69.53671654  -153.4879417  463.9203036  99.62325594  231.1316327  14.14628119  493.7981577  78.36873192  -12.25516047  365.1053693  199.9182525  -132.8603687  391.6477401  56.98832652  61.4494215  23.30259126  
104.2460926  655.782225  99.87082693  -5.995971751  189.9611578  350.7349291  122.1191584  589.9063222  179.0255432  248.549302  539.9062922  42.90327483  -85.65478156  365.7640402  70.87157046  -153.2796725  471.9340836  97.28603192  242.3386599  2.787244675  496.550056  81.15884438  -14.34807116  368.8283518  211.3930401  -132.8907413  383.8889345  54.74183956  70.32075281  23.21144476  
111.3474859  661.5769592  106.7909132  1.607012053  191.847795  347.5223759  121.196385  597.3487977  184.4971987  262.0691632  549.1621851  41.36554826  -81.54441932  355.6331233  63.81312446  -149.2810912  471.1444499  105.0678279  244.0990572  10.45337033  501.0978143  87.68413335  -10.55576562  366.3936496  203.1114334  -127.269766  385.3832844  53.8161438  70.53955219  24.56696078  
110.0798611  657.7859877  98.52528631  3.699207581  188.7495284  337.8488392  124.1538242  607.2891459  184.7644763  261.5851085  545.3640889  31.04390014  -65.14109189  365.7875513  57.68580241  -144.6721803  471.5902445  86.4979649  242.4188429  20.40176064  499.6231269  82.96856833  -30.34923548  343.2018228  183.7444898  -139.2549245  412.6220263  56.12226166  65.56635109  20.93709754  
96.7755168  656.6626805  76.65929084  -0.6722620638  181.5100621  339.483105  123.6779671  594.4548252  177.6894471  249.9068846  535.0077492  31.12932746  -35.27867504  379.3842275  60.73232419  -148.3635546  455.4609473  61.21423227  232.3524892  23.65707217  494.5559384  73.21801471  -40.53632644  331.4506435  165.3469288  -157.2969134  433.9567519  51.41785972  62.74532913  12.99779106  
93.78434442  653.3091988  69.35108912  -9.443722478  179.7516148  344.5088128  117.2278469  585.6307178  175.3065508  228.3393853  522.6768672  40.31284075  -39.32715871  393.0200422  56.10388347  -155.5398848  462.5103478  54.36382107  230.9399237  15.84895379  492.6802431  74.04566114  -45.2785055  334.3116187  181.7528191  -170.4597499  433.7026101  40.78501706  79.3405509  13.44099673  
100.6572794  650.4076229  84.98935591  -11.75144393  168.3190868  356.0578308  118.7929357  592.7048175  173.340683  235.3697515  536.5614906  51.7665831  -56.99545986  371.8341255  53.1834951  -153.3937342  464.7325783  55.91486719  224.9502366  2.570766054  494.4567081  84.94114243  -31.65528649  347.6688998  192.859079  -158.5093276  413.2568  42.89088118  76.81298063  19.44957607  
106.6955886  647.5541753  81.83566108  -8.410960275  174.9498315  348.6837199  124.98889  608.0918152  172.1980995  229.8472904  536.3399043  53.4475911  -39.9890233  383.2842118  45.00227086  -150.2067398  476.2199453  51.75373504  233.2579187  2.888090242  497.6140168  88.86656028  -38.23862923  328.8815266  184.392657  -172.4276567  443.3645153  48.91388924  88.81635082  21.7666878  
101.3665564  658.5382679  91.20622121  4.696445844  174.4124205  356.4784701  120.7981578  603.1698634  185.2194794  256.6254487  546.9441478  54.6467975  -55.54074126  357.7938258  50.62656843  -151.4821026  469.1480975  71.30631799  244.0856626  3.763866624  501.5264787  88.12397689  -32.09384676  345.4694512  187.0643093  -144.48559  411.3800011  59.09123263  77.0030549  19.52230403  
95.71667819  654.5670903  92.85094608  3.991461401  190.4703145  354.6130131  126.4519647  601.2025586  181.1583493  261.6806811  543.6603649  56.5767732  -41.43561127  365.7331344  54.19123478  -144.6463405  478.2374744  82.32676954  254.8732543  5.842547969  497.1657119  76.20094933  -29.93521452  353.3378162  180.9839178  -151.7478459  430.9348625  67.04602773  84.33490348  22.52032767  
94.68033679  645.2429543  82.95750358  -2.092521636  194.9368505  341.7393052  125.3426801  577.4882091  175.8665842  243.5853501  536.5772867  42.81276486  -27.915017  383.4569937  55.04605067  -139.4408166  466.1471071  80.33381582  243.2056832  21.77850079  487.0666575  79.41598326  -31.23513193  335.3433502  166.7494639  -178.4381748  445.6324736  63.93909257  85.53734401  23.44413334  
90.67711341  659.0506684  92.14052759  4.103091577  189.2473816  345.018741  106.8914501  579.1624962  178.6193846  261.9974233  539.7594621  45.94294867  -73.24482863  359.4160646  69.92045382  -150.0153278  451.5147437  108.1761077  240.7186751  11.54307657  497.156815  73.89746948  -15.06572757  370.3816671  191.0057637  -127.1387847  381.7443262  53.61452009  65.1953094  15.37473158  
96.10576235  662.745719  87.04354709  5.475708003  196.5910217  340.1538402  106.3229362  583.3605492  174.3782048  252.3897789  530.7898094  37.51377386  -79.03185549  360.6013263  68.35416608  -160.4148218  466.7900173  99.88783012  242.6557902  14.27871548  503.4775901  78.69786196  -15.00750636  373.6341389  199.3220358  -120.6764931  384.8623273  49.72551906  63.00242325  17.9023588  
101.4869351  658.0267349  73.01922007  -0.3658822268  186.1299428  327.6814249  118.5226225  587.0147876  175.2215121  229.09718  526.1769956  30.48030518  -70.31780774  381.7450797  55.65234773  -155.604912  467.1500556  66.14667439  229.282114  22.37114269  504.1672355  83.03653166  -26.87231835  346.9906151  193.4119689  -151.2186902  412.73394  50.61532092  62.70415452  20.02986126  
96.24264746  653.578148  81.57383634  4.788106651  181.2430164  335.6554724  107.9587228  567.568951  178.3192844  234.4389499  522.8647542  46.37096632  -81.87305623  386.260442  69.47819368  -150.8664715  472.8740039  73.62179211  236.5567559  6.407094759  499.4733592  78.89482372  -37.5061796  361.7184002  202.9211491  -143.7827848  385.6952596  45.97556189  75.30580072  19.13785017  
101.6147622  656.2371528  78.83443124  -5.521098468  203.2499476  336.3206156  119.8776968  587.2336035  181.3854339  239.9714438  526.582662  22.58423188  -65.16437179  378.7192492  57.65613618  -152.3376398  475.9899033  97.85602968  229.4183837  30.11566825  504.8797019  82.70346354  -34.39271341  358.4661393  188.7074977  -137.2125777  413.6503286  51.1280096  61.88684055  23.02572336  
102.4828142  658.5466078  83.37459691  -2.533412681  191.0798948  339.0775298  121.64405  595.5258109  177.6379019  245.2487173  529.4118167  32.67576474  -60.36462662  376.1055269  59.43059426  -148.3769051  473.5655471  93.36887317  229.4358321  18.14581474  500.8733917  80.15920455  -34.58010011  353.305208  185.4780979  -139.1414699  419.0609521  54.04856735  62.15325376  23.48201464  
104.2171125  655.0662561  81.55191991  2.373673832  187.4204876  320.2883346  124.745949  591.7076532  170.8925373  231.6828468  519.9461426  23.32779883  -57.5888531  386.229879  56.99473819  -150.1982024  470.0910871  70.34557223  227.0238846  26.82813325  493.7686812  82.99811111  -28.51865332  347.9891384  190.5918476  -157.1099615  433.7609177  46.18585311  63.68819494  20.65470709  
110.2204468  654.1772982  73.41214692  -2.801836819  191.4109121  325.3169554  134.5309145  608.021962  168.5757456  233.2618318  532.4177885  24.54184836  -30.25770247  386.6002364  50.17939481  -148.412155  465.2468851  58.24084551  227.8234474  24.70066332  498.4602439  87.80646864  -40.90723876  333.5260329  170.3501313  -164.0768279  464.2952736  49.49426577  68.65703188  21.79453763  
106.6225812  655.9285203  83.11142432  -1.263097663  178.4313993  344.915018  118.0608268  597.0088105  178.6968712  256.7222176  542.3934345  34.5777241  -29.10633641  366.3683314  45.73591319  -145.9907065  467.5678188  65.68916249  242.2322728  23.87754283  494.2312597  93.26642263  -27.38857705  334.2559393  155.6209519  -154.8255856  439.3821653  64.11153428  65.71427181  20.22809236  
102.3003186  647.1808568  97.95830118  6.237026179  172.3787446  365.7607282  112.7304681  582.215217  178.1321018  260.79005  541.2030517  41.73171219  -31.35272422  366.7018972  47.94538338  -146.0329111  474.2124864  60.30965597  257.5438555  13.21615873  480.5503701  94.802141  -18.18059146  345.1727048  160.8502037  -160.5387864  423.4036977  68.06778649  78.28867464  17.88250488  
95.4642654  638.3611171  101.2604461  6.056575664  172.0697159  346.86652  114.8561003  562.267457  184.4536596  249.3008249  538.5759298  54.77081396  -69.63646186  375.5506793  67.09054654  -148.4997828  467.8224976  77.33167994  236.3505621  0.3287529204  486.3508242  80.24723156  -26.26796026  353.4098488  186.5021216  -157.0056091  382.5012521  60.96866086  75.0804632  15.62155376  
95.83119178  653.9982331  105.997717  1.215228711  169.7241711  345.6949898  110.361729  587.4879203  191.591098  259.4592789  542.7202981  66.3565026  -113.9898802  360.5735108  74.02663784  -153.2368806  471.3601322  102.8023846  232.5189327  -10.93354146  506.436002  70.86120902  -26.16872924  385.1161345  219.4050014  -119.8662865  338.2574067  55.17056195  65.97468443  19.17651625  
102.0428115  655.4411481  98.03415395  -3.513576257  187.6578109  350.7784282  120.2201021  602.8497014  190.1309768  252.1404856  546.1331104  53.83145966  -95.93473076  366.5031971  69.58109363  -152.444884  475.6220384  106.0062479  237.6533036  5.684081655  503.5713095  77.21991269  -24.16796928  363.7901906  213.0915582  -130.0260674  371.404537  53.37857168  76.81451097  17.93682477  
97.51044148  649.6991836  92.43348457  -3.782163381  182.7189785  343.7351943  119.2500038  587.5737826  182.7272424  245.060886  544.4694977  53.26110418  -76.18292995  372.6560041  70.34138692  -147.9869988  477.5111594  100.6942667  239.3323697  5.310200935  496.4749371  78.43662121  -30.0817993  363.1890522  198.511209  -130.0196893  377.3285752  54.51632328  75.73906406  19.93819994  
107.4158961  650.9879471  88.18587548  -0.3588866124  200.2737938  341.5434322  119.635075  599.4484515  178.0526828  241.9739659  532.6961609  38.4424618  -68.3564671  378.2973941  63.41079295  -151.2239232  480.5942862  95.9513594  243.6482989  16.9725045  490.1048801  85.46653389  -27.49276714  363.24346  198.4800621  -136.5525772  398.9492796  52.04902408  71.2898424  18.92982191  
108.5822478  656.1315283  87.15453089  -0.3158882358  204.9595467  346.546529  126.7437994  604.7770231  181.7804843  254.1976446  541.1448298  45.75447557  -54.07727085  367.379847  63.94336235  -148.6527099  477.5570378  112.6812356  245.1647375  14.49925666  495.1595119  86.25297392  -22.64987322  355.7177364  185.8729706  -131.2712079  414.6145366  55.33385949  71.00225091  16.85954637  
105.4630518  650.1329878  90.62158739  -2.308632443  192.389266  340.1373291  115.6859541  586.2686935  179.3406564  252.6237652  533.5988314  53.21449219  -59.74103078  374.411054  63.84902062  -149.403201  472.6271547  91.57894384  242.3252613  4.425304045  484.4594578  83.02705952  -22.53350417  358.7633862  190.6516808  -134.2597956  401.8379234  50.53114202  69.52228271  16.74793346  
101.3270796  657.9791144  89.7906688  -0.6271275881  186.8870933  340.634091  115.5168919  587.6870387  171.8980993  253.101251  528.4295795  42.51994025  -79.8380617  372.9656645  68.64711206  -154.1460059  461.4279267  89.0793899  225.4100019  3.896046325  495.3108733  80.6804265  -34.15251598  362.2455704  196.3092199  -139.6663864  390.698185  49.19883906  60.48913282  17.9412069  
97.63753635  658.8871713  91.53458989  -1.782773689  174.5263489  356.6659955  120.2811981  588.8437923  170.8527162  246.2336443  529.6946012  42.00165074  -74.88223577  364.0538207  58.44909741  -158.3509885  459.5874922  72.77749817  223.5137933  8.046936667  499.9788889  86.07574221  -26.88510348  353.6461793  197.5088085  -149.3723741  405.0866067  56.40377308  67.76242033  21.31237483  
92.6372291  651.4946772  96.81584868  0.1373347506  163.8623234  359.347571  109.1504922  572.1331995  174.1487886  242.8993932  527.4502567  52.05371622  -81.46560253  369.168965  62.95620132  -155.5607313  462.8835191  65.95784968  237.7409138  1.223864112  488.9586897  81.90607913  -23.20628242  371.0979407  202.5058465  -147.9205672  377.1441922  54.59097759  72.91278294  21.48758018  
97.28295449  651.5536809  91.85440517  3.145005303  174.9331735  348.3803661  113.2730063  580.1523843  176.7768909  239.5370899  531.1616793  37.7287865  -94.757751  368.5896283  65.18544233  -155.4576204  462.5329581  70.9334924  229.9091116  9.607874842  496.1923577  78.35365388  -22.6727494  360.8549492  209.0383689  -140.2372962  368.9123817  55.12656858  61.47433659  18.62544539  
101.5373243  665.0552718  86.67118708  9.713772641  192.586584  348.0832432  109.6915279  584.477161  184.5598206  248.1501866  523.1787187  32.97619955  -88.20307492  369.4795831  68.14395624  -157.5921028  479.7658938  92.87613666  241.2096977  20.06998454  507.1083308  74.23269353  -28.89032298  366.5404706  208.8964429  -127.9370857  384.6904583  49.32481997  66.29508611  17.80891233  
98.12698595  660.917038  90.93405936  3.064333104  192.0083378  353.1470422  114.84536  589.5459365  182.4511941  250.7708043  535.5785935  40.7594671  -82.19413133  364.6059349  64.6006117  -151.4366685  476.0799408  94.06530454  238.5263552  13.18641839  505.1679505  76.65120783  -19.21518437  358.4923844  203.844286  -130.1984445  389.5827562  56.90004573  71.74987748  22.31322655  
91.65926059  668.7623098  89.59428861  8.271096417  196.6850868  350.046212  118.1283586  586.9597429  179.3330788  255.6952666  541.0008592  39.79617074  -87.44417708  356.0083227  75.96561771  -148.9411958  462.199077  103.3727922  248.9293687  10.25266343  506.1438072  71.48663331  -14.95523424  359.4516348  206.4746031  -124.1655681  382.0908949  61.6327014  64.5557101  19.88244634  
91.55875899  663.4017396  83.44068842  -0.07231896265  187.2088704  348.814991  119.851685  580.2068209  176.2822418  259.5919133  552.6339939  52.26976717  -68.93410919  358.7104234  72.46042664  -147.5999854  461.0575012  95.61653456  242.5052231  0.6444742444  501.158038  76.51803927  -16.64133073  364.8715006  193.2677779  -128.9495454  385.1908711  58.01905982  69.94690218  20.7870532  
93.74668242  651.6129054  77.44972788  -3.744964684  195.1332164  343.3212701  122.4820039  586.8268567  171.993904  247.341824  539.5911211  36.60543133  -37.45461458  378.0723236  56.28522348  -149.6172018  469.6020861  77.34162759  232.6111662  10.39283616  493.3814422  78.0181881  -27.69644414  350.6558804  175.6033431  -158.0145831  435.09322  58.08534185  75.9013893  23.58662452  
95.57732697  657.4111823  90.8197317  -3.708362263  198.0769613  357.6017831  115.281019  589.5229774  174.9731301  260.1906749  539.2315867  38.59477896  -40.6993999  368.180799  56.78454181  -152.3833277  479.3982832  95.95693229  240.1741014  9.142285483  501.561309  78.32515592  -31.29507421  362.520412  173.4604146  -146.3551745  427.4725783  56.45832511  82.2363307  25.25952296  
97.34959522  655.1002527  89.88451602  -11.1361621  193.2109897  354.4338404  114.3071124  586.1528412  171.7543389  262.0401655  543.5006295  37.29762175  -34.00123034  363.3019968  52.75260797  -145.8314983  471.7210808  89.09297432  238.8226827  8.479671729  491.3639004  82.58982669  -25.67956657  355.8989668  167.1446765  -149.7731849  425.7466327  62.49886348  73.74079382  25.70917257  
103.9928683  661.0224516  102.1483516  0.304935432  184.4257026  355.2166954  109.3092216  584.6101708  178.507022  276.780847  550.6289005  46.67948936  -63.14518444  349.045627  61.06109682  -149.3416238  469.286944  94.45640221  245.8868504  -4.926817597  495.1573098  86.49412507  -21.3501346  369.7132589  177.9711435  -129.505874  382.8809544  65.08203982  69.21462955  22.58076333  
110.7905501  652.9915932  90.61093915  -2.718914682  184.3904349  358.8762336  122.0749393  597.2639591  174.8450236  260.4069442  537.1842143  33.20713611  -43.58687855  363.7944459  52.38598693  -153.2272274  469.5036706  69.47697261  236.9954264  9.151841864  488.1178614  91.23678185  -31.87144288  343.460195  170.5229495  -154.7493194  425.4280192  63.739559  70.33790692  17.24973352  
112.1404916  643.5573198  77.15647014  -3.24034181  178.3367087  342.4020128  125.6145072  584.3658187  167.9119808  229.0151028  524.4719948  53.86244588  -42.07547697  384.6195446  54.49658519  -153.6072575  464.2674517  50.86023903  230.1070727  3.493972165  483.9262022  93.88340221  -34.52383226  338.4503946  183.5797233  -171.7522162  425.4783008  48.37521783  84.82740015  18.06561442  
105.1063889  650.2945116  77.4397432  -9.037994874  170.1732678  349.096223  121.6726344  590.1602039  177.6876225  233.3827659  533.8141922  54.58044026  -56.38276298  372.7527182  57.21783175  -154.3981737  469.386108  72.45875347  236.7556081  9.165630354  499.3170163  91.72072696  -27.43805995  347.9924806  184.6691632  -154.314286  411.2180995  52.68440144  79.1497995  21.52055572  
102.979775  652.4132238  90.1787265  -9.442791801  166.2543961  360.4273124  110.0830278  587.1512959  177.7278583  253.5893328  546.357985  51.84554886  -46.18332075  354.8139761  55.25362217  -151.1835599  464.824729  71.38123853  249.8431475  2.047789078  493.0529679  92.96277768  -14.41336899  357.9955256  171.5886104  -140.7860475  398.9465897  63.77558685  68.66043673  20.95627101  
100.8944029  650.6610365  89.91156351  -5.968702159  185.1668881  353.1758072  118.0782986  590.3971423  184.1467261  249.6930122  541.2006349  33.56360093  -44.02473344  369.9331323  53.87802819  -148.3982273  481.4465397  91.02283932  248.0646907  22.84090333  494.9865271  88.31528107  -13.42137495  344.7919273  172.964265  -157.2868664  427.4664014  67.89545639  71.3578164  21.81435357  
99.6927831  651.1627923  91.93225397  1.911312537  204.0608245  349.2907655  118.2454727  585.2946596  181.9331543  252.6096081  532.8106501  30.95286255  -37.76669211  375.7191617  57.0804898  -152.8549908  484.3622092  110.0446078  252.1262942  25.89596123  488.5981646  86.00929654  -10.14850827  340.170473  171.295823  -161.3464809  440.2341801  69.368003  77.88344881  18.02252847  
100.9642042  649.8611473  91.45241803  0.4448632098  195.2053961  329.7216649  123.5220931  587.3033634  182.8363972  242.4570306  517.8612745  32.25946798  -56.73281468  392.5795615  57.04167565  -153.1639662  488.7521463  88.46350071  228.6426753  25.44086588  493.9100717  85.11949136  -37.16304859  336.3340358  184.3039118  -177.3943875  436.1113317  53.18795822  76.06778199  16.54765531  
96.16485933  646.2312626  100.5532695  2.45650474  180.5592091  347.7480326  125.9942667  591.7291465  188.5466454  246.3530772  531.5220568  50.67337726  -67.1560115  380.3590265  56.30734311  -153.2802783  474.0364045  83.74430926  238.2704306  3.056263164  495.0264598  82.06345462  -37.24565724  340.459476  190.5275442  -161.9206263  420.5551726  66.03274035  78.66107402  16.70308675  
89.81054935  644.4748201  96.14918212  -5.796898827  174.8643372  344.6452645  123.8605793  574.2984845  189.9939541  244.2154481  535.6884868  65.46876796  -61.68224399  374.2778454  74.23126688  -148.8869472  460.1060323  79.80385807  238.9220432  -0.2501238663  493.1534608  77.23359326  -33.33763573  348.3509667  187.4266559  -144.7359855  397.1542725  53.66499603  69.16678818  16.36362251  
93.76918364  648.2110255  78.06993223  -9.512660922  172.2237766  327.8834024  116.3826424  586.4433058  181.1871306  229.4477235  529.0660163  52.51505101  -75.66126135  386.2088311  63.39514689  -148.2485047  465.6384051  64.84343456  225.7510143  7.103280867  501.4728244  74.07945919  -40.64737649  359.6851149  202.0534096  -138.363358  389.8604484  35.63889513  69.59027155  17.71827382  
94.69915481  655.0789842  90.11788871  2.005450381  168.082408  333.9553958  109.6482801  596.6546327  185.5782176  242.9419899  535.4871726  44.71214979  -92.82934913  370.3529932  61.62912973  -151.494247  469.4793769  72.60117056  233.2509921  2.691653121  503.5821167  72.42600356  -28.29901244  371.7464624  212.5005722  -126.6962616  379.1723853  44.17043734  62.93208869  22.45546949  
97.35287188  658.5667749  90.22726895  2.43810672  174.8672936  342.5312398  116.8255534  601.5431372  178.3734277  243.7679799  538.6524785  46.88489444  -105.0518613  368.3803506  67.9447189  -155.1173821  470.1130627  89.16142586  226.8543639  1.378771906  505.9120266  71.34406866  -25.91448304  371.3974401  217.8712188  -122.9297843  368.3585851  47.89083964  68.88386228  22.7418177  
100.7516747  662.1771412  86.99289955  7.706422016  179.1806654  351.6059  116.2304164  604.4668855  177.430093  253.848828  539.0721351  50.02413665  -88.00833284  368.9311746  61.49183559  -155.7629706  472.2909245  83.88839453  243.9893392  2.911926411  502.7535108  70.11836795  -29.14220849  367.0928246  209.4983809  -125.3315733  382.7964322  55.05917727  76.41572528  20.1573229  
99.93933188  655.2012366  80.3402949  0.2416055325  193.8250383  352.7197615  125.1559392  594.1877782  171.3520034  249.4806326  539.5557355  51.73885667  -48.63483513  368.9188947  62.44604269  -147.1697081  468.1709265  93.38053331  246.6551377  10.69076304  499.2290333  72.39965623  -34.41424707  349.9182934  184.0800697  -142.7854532  428.1678092  61.88324545  82.18621074  23.41677224  
93.03824085  651.3245829  90.75637542  -2.65770807  172.5738382  348.1487933  114.4448855  567.9322508  176.3839883  250.6426834  545.5623929  63.93079671  -86.40356935  357.0796851  68.5817347  -139.7228927  446.374208  94.92780065  233.8917807  -3.317917453  492.9162545  75.12931959  -22.76040739  363.4532369  204.0673004  -134.0473237  368.3124722  59.19353896  71.83991164  23.02016115  
100.0873072  660.5938043  94.41807481  0.05661034717  179.2432697  355.1692657  114.7834321  589.4117351  178.4167862  256.336789  542.9941901  59.427365  -97.21564929  354.8734541  73.68531449  -151.0769663  451.327273  97.43738146  236.8943372  -4.393443342  500.4095122  80.09416442  -16.01841644  378.0616327  215.7094713  -125.375046  361.927564  49.41631089  67.85794617  21.03182831  
107.3479593  663.3141466  97.57003744  1.577960293  184.2280304  351.6149533  122.4806987  597.742852  182.9755816  265.0874307  544.2431185  54.94845699  -80.79093547  354.8819561  74.00660157  -151.852907  462.8946449  98.65508037  239.8558987  0.8200711275  502.145866  87.68663031  -10.26955673  371.8890473  199.9150316  -123.9359885  385.1611126  56.52522018  61.2201556  22.83037609  
112.9385822  651.6570474  85.56862967  2.413998984  195.6840032  337.5189946  135.349136  606.6751189  170.098202  243.9824351  534.2418237  39.82264489  -40.1907114  375.0738126  55.18581764  -149.958569  472.6608037  75.37337161  240.2858493  19.67466498  493.9904274  94.94491066  -20.19408314  357.8924018  181.7909954  -147.3734491  444.5075412  53.02342505  69.50346748  21.4811408  
113.3173292  654.6809743  84.80655563  7.019311256  195.3226251  344.4809803  129.5657504  602.2973271  176.2677174  254.8808421  534.0417888  24.43496753  -26.13995588  366.9745956  50.91505611  -148.1764176  478.4176204  90.02322204  242.8349763  31.56829459  496.8586561  96.96802484  -36.28953747  353.465492  154.077086  -140.9726085  456.227299  62.03593793  61.86374115  21.22245972  
113.8444395  659.375583  98.14144224  10.07906695  171.8083517  344.1011901  123.928382  591.0712469  180.4744506  250.7735411  536.1804633  18.23099048  -57.59548766  366.5939326  52.20288642  -148.7128074  458.113247  66.04523779  238.7885632  34.6402099  492.3427854  89.08367798  -11.10499154  338.404795  175.4798573  -157.8429617  416.3159549  61.96587016  63.73983475  17.12991406  
107.8074933  656.4765494  105.7166477  9.78691022  172.8269142  355.7113466  113.3609081  583.9122665  180.5504212  260.806492  537.215498  37.15128313  -48.64792961  359.4309693  55.32668925  -147.2127343  467.0811486  73.37380864  263.723526  15.33182083  489.7051582  85.51958096  -16.63952096  349.7410056  174.2940687  -152.1859425  408.9161485  69.49934127  76.62843623  17.60377893  
90.9494904  646.6757417  97.25250806  3.620110673  178.6478282  351.1553575  119.770957  560.0467068  177.8473457  256.9688831  537.498734  62.94883808  -44.39578196  369.6459584  70.30001797  -148.905755  463.5084711  74.47910711  251.1996154  -0.08235411003  484.037277  76.26692725  -15.15281678  350.0890534  173.2320157  -163.5447592  396.7061623  69.28315682  82.46538733  17.28989214  
86.28063311  643.9775203  73.74396954  -6.235940533  182.6380408  334.9047363  126.4512628  550.5020988  183.6533077  232.7712871  528.2187918  70.49024804  -60.97845468  390.0053665  71.8199072  -159.4994077  464.2817753  82.84215615  228.0669686  -0.3099153981  493.542803  71.05389464  -22.84111336  342.3177108  186.1039475  -160.622813  386.2903384  55.91933975  82.45456241  15.96945961  
92.60356049  650.8524933  72.59403522  -2.802229018  202.8800647  332.0550137  122.6643143  561.4486337  181.9083494  229.6525544  517.9606894  49.04029351  -79.98884857  393.3465211  71.47823611  -161.9844582  483.7981033  103.7622799  227.1734313  13.00685094  499.109467  71.64424462  -27.18541589  369.722598  203.5896364  -133.435093  377.2150875  50.50058751  72.11289054  19.31102444  
95.07880462  650.3002586  82.08764753  -6.594046643  210.9361662  341.7403193  112.3605013  581.2137547  179.5457572  239.8623434  523.2031601  39.51878962  -93.95377876  376.4586517  65.0898426  -164.1136901  479.8501242  112.3167519  227.7636491  7.228521635  495.3793682  76.50937378  -27.37173683  384.7831622  214.138804  -119.1252558  372.7591268  48.26575827  64.98694494  21.10418584  
92.92432822  664.5416913  98.94964516  -9.045712513  194.4129481  356.4278304  102.2280252  590.4716229  185.5348434  272.1463936  543.144167  45.8508796  -120.7406469  345.4090745  71.70450608  -157.0042774  468.4784613  133.1526255  232.4147177  -7.198213821  502.7590091  68.43216708  -19.99957639  406.0398433  217.6135828  -87.42341144  326.4643355  53.07202761  53.11766709  24.31372635  
99.00056871  663.0217987  95.42198571  -9.56411233  183.9344284  349.4154539  105.8138059  594.8410962  179.3025164  261.0432627  549.973667  33.22804383  -111.0780464  351.2235852  70.24785814  -153.4288303  464.7065289  111.9015603  225.0163275  0.6871003608  501.4768631  66.81484181  -27.52130621  381.5051046  206.2354627  -100.5970958  337.1049503  50.93652217  51.15901119  22.10546657  
103.3205585  668.0048072  96.88491972  -2.572908546  180.4068348  343.938935  110.9177631  599.2691553  178.0427818  255.1256342  545.3175673  25.01627778  -107.6246783  360.2178445  71.02698331  -151.921202  462.7742025  87.36474077  228.1621599  4.482858184  499.8069212  64.20609027  -34.02021423  363.259685  209.3039699  -117.5059169  355.3317389  46.05354144  56.83073227  18.10940061  
107.030891  655.6823821  96.4421114  -1.863539103  164.8070948  352.528821  114.5420779  607.8424059  173.3130469  253.4921075  553.3158622  51.19795911  -97.96814886  361.8139266  58.78749405  -150.7712844  460.9971628  67.46099341  228.2935564  -10.98049975  496.6120162  69.47542941  -26.79386644  352.0599839  205.7009929  -134.5152221  363.5151244  58.08329411  73.14900049  19.49970248  
100.957723  655.491738  103.2084827  -2.247103426  159.381238  369.8189852  102.3580337  595.1385203  181.5530503  281.354124  558.468368  65.85646447  -72.11933304  347.8406543  61.2492496  -144.8770021  469.2286454  83.54777245  248.1778636  -17.46056709  489.0310354  72.7278511  -24.45207764  370.6004468  187.1138916  -128.812156  370.1651852  67.5642315  75.04957754  17.7058859  
105.0674243  647.3786142  86.22692063  -6.830002139  196.5614357  350.3038674  123.8968244  599.4709751  170.2608952  253.2026807  541.8998662  38.38015137  -19.1780132  375.0164345  52.41778086  -141.6651514  479.2630615  83.12292266  245.1167996  19.96592412  488.0249493  87.1140608  -32.2447045  336.9366192  162.2936965  -165.1952206  451.1347644  68.92398001  78.77144075  17.8446773  
107.8622137  641.1671896  78.25809428  -8.360374692  190.346847  330.6734483  130.2705963  594.5630617  174.1666775  236.1503044  533.1104203  42.49715515  -9.914629484  391.7180353  43.47316723  -138.1711345  475.644669  71.92412201  231.3337166  26.39569211  494.1432675  99.5543167  -43.91289627  322.2235786  155.4925036  -178.702838  470.7529736  61.42137822  81.76854655  17.97248281  
115.1575741  639.6211292  83.01173414  -5.308970362  184.800618  337.4378758  129.6470183  597.4920897  175.0870496  234.9163504  523.9436569  39.93262205  -20.44742988  388.8462475  44.82814015  -143.7187418  470.2135536  50.72449888  234.5402622  22.51254055  491.2820151  93.76272632  -41.14972975  323.6333755  168.104553  -183.5374657  466.4871285  54.91367532  78.65594745  14.82760302  
108.5846823  643.1995826  96.40197229  -1.55541603  155.8354011  354.9313147  120.3214322  581.5019089  178.0436611  250.8446882  533.6092399  61.6374474  -50.10846953  377.8699353  55.05701013  -148.3332705  466.5157036  56.08658169  240.3443668  -2.114281548  490.1061283  84.96460349  -28.45623567  340.0985258  180.6881157  -173.517919  417.5072464  63.09898572  88.90783183  17.93220893  
106.7713504  647.4725138  92.07889772  -8.566240731  157.6379204  359.0124413  123.5262983  586.0570796  175.8109644  251.0938411  543.0276236  80.88890418  -56.5632042  377.9430847  56.01218761  -150.3921095  468.4195663  60.67487215  240.4362266  -13.47145677  489.574892  82.03725864  -23.63958769  349.8209782  187.5883316  -172.3511171  401.3752978  63.31993508  94.96991942  20.26256577  
95.87370389  649.4683567  84.30574115  -12.91016754  181.3138612  361.8590433  132.7160332  590.4310662  176.666675  247.7044971  540.9320681  68.9385984  -42.49911631  378.9777445  58.88830911  -150.9225212  467.0248151  77.50611528  251.6598781  -0.007491711273  490.0840552  78.21402823  -28.33277935  338.2831602  180.7868967  -171.9116895  436.0008476  65.68104978  96.68397949  20.35066077  
85.55901943  642.7034445  84.76365078  -10.56463891  171.7575938  348.6482578  120.5914656  557.8484088  180.3029535  241.8836095  539.5449286  84.71963711  -61.46459288  377.9142699  62.64253121  -142.8238338  458.8743078  83.67382534  239.4965017  -10.78472695  494.322088  75.02029312  -23.27303714  343.9328365  186.1252794  -166.4916212  396.7964218  57.31377539  95.48006234  18.24591554  
89.17683677  654.5338803  86.95549822  -1.26670342  179.7960997  342.3283731  103.3887332  573.5670702  185.0707162  247.0408054  532.8664757  59.89246664  -78.90196298  366.1218998  66.79570236  -145.9620291  455.9236511  90.87311831  237.326774  -4.314777217  507.1141385  71.04429293  -24.78475774  366.2047138  199.1432235  -133.9077192  380.5977846  45.7903441  65.04918478  20.13556543  
91.32720808  658.9066465  90.71444731  3.257290563  189.6788559  349.7883518  113.5803248  596.769366  185.7883433  255.8344494  536.7936493  46.9762807  -56.99055954  360.1482509  49.76523415  -148.4335565  473.6669228  89.89988026  243.697099  4.619189585  501.7757237  85.38513202  -18.01616288  367.234475  187.2381229  -138.9061668  419.3388769  59.55334234  62.23506895  26.70882954  
91.70674695  662.0888818  91.03605815  6.158845683  177.188584  354.5801362  113.6295062  601.9905147  188.3483966  261.5567249  543.3550392  51.09591701  -73.70815155  361.1760913  52.28828908  -151.4820667  470.4844107  90.68977382  236.9694028  2.757359247  501.9570572  81.48733163  -21.78691801  361.0883403  191.7624248  -147.1959509  406.6038212  61.22493736  71.72797713  23.7804352  
92.34796587  657.8056189  89.03992019  0.6287386055  175.4693855  365.3148697  111.0443816  596.015202  184.4997673  261.2100811  547.284863  57.61357485  -45.91856619  361.2402426  43.61199181  -147.6527429  480.4459427  79.927989  242.033854  3.195439478  499.5724576  95.60457743  -20.10335144  357.9135984  176.9310414  -154.6902374  427.0881247  63.93146505  78.51393485  25.65553652  
88.96349566  658.2282985  93.99970491  4.241002655  180.3419531  347.5628162  117.8248301  592.2707362  185.7376867  257.5637143  549.2592752  46.13602682  -62.59510664  362.5696981  64.88293964  -137.3552793  456.7521924  82.06478884  241.136754  3.631224588  494.1471059  70.4796083  -26.44071155  358.054022  193.7806926  -144.6954026  405.3105651  52.91783644  65.00110845  24.32391341  
98.24841038  653.6129373  78.68802907  -1.733090221  183.0036824  316.8280004  129.6701165  600.8113302  173.8662152  223.1868136  524.9657799  29.52497667  -61.41885402  395.7475795  64.07528385  -144.6549378  466.4007846  44.9199172  225.891453  20.50263733  494.3739275  70.12942017  -43.34995979  340.8029984  206.3597162  -177.3355516  433.6222508  32.05186047  70.51071  20.0408951  
103.8356649  655.0127044  79.79018079  3.279770106  180.2820684  335.4461383  131.4199213  604.8074814  175.305553  235.2542556  529.5607756  33.5406933  -59.86241326  383.9755977  53.98552796  -148.8955552  474.4659435  50.56947039  227.6658227  17.52456469  499.3434049  77.75225788  -35.77263586  342.6110696  193.4439683  -165.8355392  440.6384552  48.10603647  72.11928884  23.60376438  
99.84734185  647.4699875  85.43536183  10.34447303  175.0057646  342.5991856  120.2877925  563.8704767  173.6296568  235.6044874  525.5858354  47.51970703  -63.6394038  389.2504182  60.6112627  -146.5561532  479.1775113  57.29918591  239.1282877  7.322460669  491.7951086  71.53392524  -25.31623334  349.0184865  193.9615132  -165.4655098  413.1172807  58.98887804  86.92188015  21.15537498  
106.3693714  655.7489099  80.48667886  7.490919518  179.3596474  336.8659046  113.5457153  557.4341005  178.6706967  234.533849  522.4540223  38.79546236  -77.23359182  376.9980487  65.92392605  -148.1357319  470.5915924  71.98602427  238.7279955  19.6966991  496.0565201  82.28994169  -33.33830832  356.6785057  197.3771354  -149.6189969  381.8900434  45.83638097  69.61912679  14.46965869  
119.8765219  662.9806335  85.04364597  -0.4691422659  188.3721168  343.3283261  115.8809791  584.3833118  179.9355965  237.3949582  531.0754526  26.54437996  -66.59068132  370.3567685  65.15072343  -151.5945962  469.656662  74.76310868  241.7475447  26.89912878  500.218141  90.08209879  -31.63421439  360.0069304  193.6026442  -144.0585756  398.3077004  39.75312131  60.76276136  15.8814348  
122.4089263  658.5658799  90.52322171  2.46529034  184.9931753  341.6029593  122.8224527  596.6178596  184.5094121  242.0164494  531.9612425  16.3136501  -64.69258973  372.0035132  54.94406469  -152.3155849  471.8726766  72.41707873  244.3053285  35.32749537  494.0946755  90.0824289  -22.82101696  346.0508905  191.85428  -146.9459  420.0820821  54.8143719  65.52154088  16.24569613  
117.2118551  647.8853013  96.86520411  -0.8108428639  178.7618677  353.1630665  122.3022792  577.5029313  180.4346159  252.4743307  540.366405  41.93720406  -66.04398084  363.0565069  67.21530705  -151.7900093  468.3038762  76.01233476  250.3790738  12.83737398  485.5445641  90.44111314  -22.47079802  364.1006558  191.2533327  -132.7784674  388.0119471  57.77926885  71.86301297  16.58060979  
106.5321136  645.3418775  91.04819904  -7.543243097  190.4883515  343.6069361  119.7148625  580.1361681  164.9537153  230.8197981  531.2263694  25.36090906  -70.98954875  369.7837365  72.68137316  -155.0448929  471.9705041  77.97306327  233.587231  22.2859775  491.6584364  87.73088873  -26.7930665  359.3306388  194.3853964  -131.9236379  376.7171498  45.50167889  57.40240015  13.33741777  
96.10203935  653.3697416  89.23772764  -16.89655427  186.4370864  343.5189332  105.7435226  589.4317731  169.2842343  241.0609552  535.2610103  23.24165465  -67.68220383  368.1230792  69.00117429  -152.5116266  475.6470118  95.22691257  236.4412  18.34768568  493.9938893  76.99607449  -32.03790537  363.1865259  181.2182252  -123.9882382  380.8378374  49.35664554  47.15914924  13.87535483  
97.49881293  645.0527308  95.44150289  -15.70685421  185.0606844  353.9834829  110.2859417  590.2303047  168.249164  251.0981598  545.3357599  28.71628339  -56.9028096  362.8764754  67.38293642  -146.9777359  475.2397084  100.8701995  241.733353  17.67360845  487.4658813  76.05234845  -22.71408853  357.113478  170.310333  -128.8088282  388.3318235  65.64079219  54.26296662  18.95759602  
88.28618498  643.1979446  95.34956491  -9.287123885  183.4416432  354.3785664  110.2114899  583.3660209  171.2755129  255.0086905  542.6909145  50.81018187  -55.19650784  368.490283  68.74884211  -148.070046  471.1129405  101.5024229  241.0683738  -2.193467012  485.8036161  74.76801272  -28.36011428  370.2174709  182.4148247  -130.7168678  394.3683986  58.50076952  66.89038554  19.15856755  
92.17171345  650.1168716  95.08950593  -8.290378295  192.7336722  353.1495951  116.4359372  609.7627875  177.3324958  261.6485721  546.5477012  37.18164523  -70.4473679  356.5016577  73.72696963  -157.6128403  452.8647464  112.3536371  230.3711203  5.86391832  493.9974591  80.31545811  -20.29237728  368.6376383  186.5142492  -128.0046031  401.8736168  57.67761211  47.83649182  17.89733159  
99.254966  648.1525046  84.55260302  -16.41901423  199.3635964  351.7497536  129.9766107  628.9904794  177.7407884  253.9969892  546.3646131  33.83310907  -48.09844006  367.4835329  55.63217979  -153.1535043  465.1087362  102.650009  226.5358763  11.86316176  495.4012652  83.7546471  -29.04848689  343.9487516  178.0510835  -152.2340755  443.3932271  61.57660381  59.78223302  20.87039386  
92.12994148  649.3967978  80.08460292  -6.901520529  192.4171671  349.7365036  116.4952945  612.4186666  176.3400325  261.2799197  543.0701819  33.9138147  -37.10073744  359.2111096  51.12280921  -151.3640409  470.852861  97.77439507  230.2756161  14.89200456  493.2162519  87.53499231  -33.42321679  352.4509697  163.8604613  -142.0649505  434.4125487  67.36970176  55.56540558  18.68170331  
93.07978695  657.7201365  93.66811811  -9.605086689  170.1487568  360.9261835  110.5451766  605.7447605  183.0799099  277.9841909  557.8097099  46.5090923  -52.72011026  349.9629979  50.72025486  -144.962004  471.6760033  93.15544864  240.1857724  2.996690024  496.190779  74.8855146  -23.19845005  360.3906495  169.1125945  -139.334298  390.0047346  72.9238016  60.98091352  19.88992917  
96.2571784  651.9838782  99.201871  -4.363217459  166.9911187  368.3564859  109.8274905  589.7136305  185.0020568  277.3908573  559.6759643  59.19933263  -56.77003583  352.9912748  53.62963196  -141.4263941  476.767873  106.3492415  248.4066026  1.147921177  487.1314364  72.2194099  -19.97713919  364.0009971  172.7190351  -138.6477288  379.9910646  77.42259009  77.75341591  22.26431191  
103.4335718  649.0339113  90.11777871  0.8615776627  181.2361246  358.1197222  124.5791949  590.104047  177.8028305  259.8616568  548.3796476  59.05154968  -48.37256677  369.9131291  57.77142338  -142.9104489  479.3985435  100.8953872  247.0118649  8.895821857  488.0708044  70.27242067  -30.04174811  349.1222874  171.8850029  -157.6755833  407.0698461  74.69077646  85.59234625  19.74974412  
103.5087451  649.6188023  103.41039  10.94477997  178.1289548  356.2988889  116.2930024  557.6110138  174.4241214  249.1288505  534.1415501  71.65803226  -62.28363948  383.6042161  70.29996871  -142.766599  475.8163192  80.45090279  258.3190443  -6.985366825  488.8569319  71.31639407  -20.24267841  349.0464121  192.441366  -164.2449542  396.5237591  62.6869941  102.2244237  13.8940545  
100.4639279  647.4372082  99.0588472  13.64907662  179.9759299  340.2686043  114.5286595  533.0400489  180.9805723  238.7834958  520.3007361  77.88094534  -77.78782442  390.3576872  76.62308485  -152.5730627  469.4860281  78.52901695  242.6470772  -8.73342497  493.8456785  72.22501882  -26.19676279  357.8967293  202.9439178  -163.0306471  381.2934196  46.89457708  100.978502  14.476013  
96.76434462  660.4395713  79.73053082  5.249386247  194.2317624  321.0063947  113.2693229  558.1812945  184.6814792  225.5587377  512.9459052  46.24769581  -96.47259887  390.4788894  73.18280776  -159.2721542  465.3745034  85.12083002  230.870796  10.6450118  506.869469  66.44402756  -25.37084028  360.7250452  217.3735174  -140.1137976  373.7629622  37.57362825  77.69159574  15.71883742  
97.11479355  658.9739752  81.75881911  2.002625872  189.6565196  325.7032798  122.8863403  582.9728431  183.6679392  232.2677116  517.1983068  41.66537968  -96.43894015  385.9551975  63.92509318  -163.6087821  469.8516555  79.52243093  227.5902527  10.53277971  504.5360728  71.1223561  -21.47468983  367.3082991  222.8983197  -138.5251222  391.0477347  44.09602027  71.86272556  23.21342995  
96.4778359  662.3043668  87.27286981  -3.198580868  188.0948024  344.4023794  122.7063576  592.8115764  180.9247692  240.6306916  533.7928713  50.78645141  -116.3320214  366.5601442  67.13729832  -163.4373235  463.4147917  96.35607258  220.6141262  -2.465980906  513.0595335  78.55524256  -14.21232041  382.4085235  230.845463  -113.7002341  360.650334  46.56914003  66.79197368  25.66120841  
95.59298728  666.906392  87.7975012  3.590182269  193.4211996  349.4827973  106.3627777  591.2097038  185.4316921  255.8687114  529.1911602  45.9484628  -95.78840359  364.5837874  60.76917862  -163.5827178  477.4805533  101.3254167  234.7665851  -1.116712158  513.199194  78.12918205  -25.1337494  384.9350953  210.7102476  -108.0086949  371.0174514  52.34085545  66.11343463  23.28475938  
93.38577856  667.6188014  91.99260584  0.8079023377  194.8790557  349.3883467  112.7545747  582.4242302  186.8507888  266.690123  540.6793743  39.20951581  -91.17303131  349.9001516  66.00813329  -158.2128264  465.8429131  116.8114792  235.8758437  6.492097089  506.0105374  78.88998942  -19.99942451  377.6451105  200.9922855  -104.8377213  371.3462879  59.85719009  58.7457474  22.79087599  
95.8915173  658.5511258  90.65509878  -2.002553793  189.1769365  348.0436117  118.205806  601.8681066  174.0358433  258.811252  543.3712774  34.38014856  -79.5407769  352.9057001  62.7111955  -157.943903  460.3723159  92.85648907  232.6895971  3.189707839  495.507544  79.74227001  -21.242868  375.2090955  197.3183627  -120.5916859  382.6129996  58.31110609  54.90164394  24.63471186  
101.8364879  656.6780977  81.1755304  -2.446873683  193.895745  348.2074513  126.3057085  616.4252702  174.2565145  253.8132906  544.4715195  37.30478055  -53.78336489  361.6140948  56.52128141  -153.4992459  468.3569777  80.1178548  234.749803  9.142491288  498.3146466  79.09517231  -33.05106125  356.8213593  184.020759  -140.4277441  420.4306304  54.65669346  63.45211982  25.32084347  
104.7217744  650.9707045  83.52212111  -0.005333886704  187.7122817  348.241958  131.3721726  608.9457331  177.1666407  250.4721271  542.0770471  43.83943016  -31.05785204  372.7611052  51.10238818  -147.3840572  475.8538928  63.659478  236.3280048  10.96540326  495.4374604  83.98679132  -32.50112793  346.2794671  173.0044682  -158.0244553  450.0550965  60.52104491  73.35304277  27.29363358  
105.6067803  655.420945  93.62995089  1.04410406  167.5194924  350.9735424  130.2524364  602.2677473  183.3103564  262.1399345  552.2511467  52.62123133  -46.01548902  366.3643871  47.47247527  -143.3242648  466.8772571  66.85057631  235.9993226  2.360712472  492.7372539  79.79021467  -20.69219279  347.959702  178.471616  -161.6847382  429.9188701  68.43594254  78.34558501  28.52712779  
113.0208389  651.5534981  82.34731235  -4.397233079  183.9037486  342.1707792  145.2989021  599.0888457  175.0912844  239.0664409  539.6724992  41.56679964  -37.61550906  386.7639306  44.81293835  -142.575272  465.4663249  61.5746846  235.2782714  17.1444771  489.21403  79.99250429  -29.03445282  331.9810158  178.0420727  -181.0553177  462.43437  63.42741836  92.28891642  28.49048859  
106.550795  654.7907412  81.55251943  -7.911635446  177.840569  346.943962  133.5167109  576.0180289  169.3128934  233.9855342  540.7954172  70.33158227  -51.50756182  377.4356504  60.72057468  -139.8840078  457.0741193  63.95062085  244.6451556  -1.118521018  495.4439225  85.82710774  -26.65486302  341.3345997  190.6700065  -167.4108834  416.6103055  58.44460304  98.67885842  24.8017344  
98.73326792  659.4450877  86.73435556  10.8030688  184.5769112  349.6438058  113.7786899  569.342388  176.1913262  247.1893496  536.7989856  61.15373161  -63.59653073  367.4809485  72.95535162  -143.0166121  453.1822947  78.32199488  253.6789982  8.301132117  506.5823174  79.27607451  -26.83384108  348.7663855  188.722141  -149.1131328  394.9395923  55.00977109  82.7307854  17.28767388  
97.1345686  655.325864  93.42687209  3.93238057  183.8059885  354.1909767  107.303678  574.9646173  172.2841146  245.2660273  538.7732451  42.29354374  -50.20595235  372.7813465  67.20575209  -144.8432364  461.5348034  78.79896358  253.1798813  19.30886455  494.6682333  79.14572879  -15.74301328  338.9345033  175.3596772  -155.1564154  404.6359135  56.96199344  77.43273032  14.84831829  
90.92617264  647.6345573  93.24764027  2.563626338  180.5508118  339.9273523  103.9131782  561.8011717  168.059453  248.1331996  530.9448222  48.45896681  -53.81945708  375.6662159  74.36033101  -154.2104533  455.3312833  66.51672194  244.4881013  4.202742308  482.925747  77.54863672  -14.10926394  355.9930176  179.7001326  -140.7613887  374.3548768  49.81677798  66.71661559  10.53283259  
99.81729092  642.3787154  78.40575119  -6.634042252  200.7713149  321.3820561  117.3341255  582.8914251  163.1363118  223.5116372  516.8239398  31.75964785  -45.10369555  398.9192707  60.5068177  -159.7237605  476.0163898  58.35380388  232.0228201  17.27283571  489.855073  83.72257228  -26.89866727  349.0027631  192.3529846  -158.1808753  420.0209267  38.85303908  73.0253582  18.35599719  
105.2401764  645.0412599  68.91513049  -15.17288573  200.8200085  331.1605069  115.3610857  597.3969718  171.9117894  226.1590431  525.9067246  30.32849198  -41.44410582  401.1742257  43.84334672  -149.6658721  491.3560572  70.78684356  225.8961298  15.58070232  498.9877539  80.98030583  -46.47846617  336.3911945  182.8668933  -168.2909256  442.6317981  47.60040884  79.57025458  23.77248919  
105.8191409  655.1475014  82.41512973  -4.924203072  188.345127  353.3750351  105.4496242  584.0894826  188.4136499  256.8921301  540.6297878  33.08357941  -59.76451924  367.1999548  49.90591219  -148.0817167  481.1369201  93.1138183  241.3402507  14.41722572  499.0142402  80.19989777  -28.8403422  345.1678638  176.1611304  -140.23206  402.1596643  63.33738673  64.53854644  14.60424152  
99.04799635  650.261972  94.99284575  0.4266685787  185.9799886  351.9596615  106.2931296  571.9736998  184.3514198  251.1977839  531.4552193  34.77765227  -71.48400012  370.0431539  61.69627855  -148.8697163  477.9324296  92.98708425  248.0966803  10.20056037  484.2801744  75.79850894  -19.29494979  342.1269647  195.3728088  -147.6778867  400.1458903  58.54122164  70.50974364  16.52701576  
96.30877971  654.4412331  92.51310572  -1.023021227  181.6755614  338.7604766  118.7655598  581.7824576  177.343909  243.69047  532.4715339  49.70413388  -83.37679848  373.0955378  73.99685445  -150.6033086  470.3795544  97.50819039  228.1771741  6.24752505  500.009127  80.55623209  -31.72366013  362.5085707  202.8627421  -141.8374011  383.3158782  45.9987753  65.96631348  17.69309756  
97.33416941  651.7941323  77.49432229  -2.860110288  174.5222976  347.023269  128.8731323  598.6587822  171.0832539  234.1699024  537.5195075  49.40621948  -49.2376228  379.3639495  54.81256413  -147.4875218  466.0780353  62.04157147  231.7072602  12.36533113  494.7952622  83.5276938  -26.48006522  336.9084246  184.6985632  -168.2340734  436.5153216  54.77230875  72.65133081  20.88133176  
95.25925928  649.9638287  80.62841622  3.172604495  176.2324291  340.4377949  124.3169911  576.9104064  175.7005421  238.6847991  525.7949112  56.38821958  -60.27876626  386.9710929  65.95810161  -145.2594841  469.4179695  80.86282871  234.4088104  7.979889474  492.418597  70.99893707  -39.48527789  352.8155676  191.8806119  -166.8743723  423.4131193  50.54215007  84.68487145  20.17168  
96.85102774  655.4350638  88.28971299  -1.189973541  190.8823366  343.1172794  130.7179365  600.0176998  189.4609349  254.4764786  543.2724525  38.51323076  -51.32861346  361.3931304  58.94128074  -147.186526  460.9608117  99.31462478  236.4623086  22.12612638  501.176762  95.90172776  -8.214067747  353.9879761  182.9375656  -141.4914204  431.9567098  61.41172167  60.87082055  24.59290889  
95.7382953  655.8851948  104.4393722  8.14226606  195.4602213  351.7875782  128.4928816  607.6694909  188.9394689  267.1855543  544.0385382  37.24236925  -56.21208803  352.3260528  60.43423146  -149.1531316  467.413055  103.7630791  242.851967  20.0362489  502.3191713  97.93424715  -1.805575  369.6946519  184.3774954  -128.0059051  425.2128533  62.32942882  57.85113227  22.84293472  
96.76354993  642.7336853  95.81262745  2.833039572  197.3959367  355.3743772  134.7398771  603.6383191  184.9495063  259.2767993  541.18834  38.74553773  -29.96849992  365.0962524  50.93153866  -147.2922261  483.4013389  89.21965254  240.3211575  19.5046706  492.4805689  106.6590694  -14.14018532  356.37766  166.0326737  -154.2145266  460.1594886  67.48570344  69.86448444  25.65795153  
95.55288159  637.2852019  97.53556787  4.836779781  196.8793316  344.5340944  128.7452439  572.5764979  179.2661472  250.2632091  534.6376497  48.81754935  -48.66456504  368.1429393  66.24562914  -146.2017464  470.3192677  98.19426734  241.7347364  13.30042049  488.4628729  90.95446147  -21.01676434  363.3739712  180.6593833  -147.04752  422.4158799  60.48698186  72.79676023  19.92595905  
100.405211  647.0931755  88.83138921  -1.32269344  201.8531409  329.6284893  126.5536641  558.6444489  180.2337488  231.6555528  526.4429601  43.87623992  -78.96267429  387.5447832  77.39252676  -151.4320605  469.7966433  101.5326335  233.0798696  16.94802043  494.6118066  75.60545797  -25.37376644  362.4803284  206.3902738  -145.787565  382.8291235  48.26042946  74.03051359  20.61462476  
103.3685452  658.7191633  93.98195177  -1.44323274  200.6237391  339.3375599  113.6718209  584.4735817  184.5383574  246.5102642  527.709899  31.94707137  -104.0836351  373.7317797  74.73395241  -163.5412656  474.7876542  112.8895332  229.0635013  12.59118621  498.9966216  68.87025043  -21.70388206  379.9668795  214.4864476  -118.6818094  355.5520428  49.82779515  57.07074959  20.97638748  
103.5760031  657.6556641  98.12527038  -5.97268038  182.8968034  346.3945406  112.2204547  598.0502642  178.2177975  248.1587489  535.4757962  53.19600899  -124.6045598  365.1810857  69.98639868  -164.1886342  475.4882688  103.8268273  221.658721  -6.758624308  503.1130063  74.79621649  -23.9815378  387.7577502  226.5913336  -111.5047181  332.019465  49.46533934  62.17704331  22.38334813  
103.363961  660.4130824  94.78246732  -5.898855958  180.1997237  354.6987181  106.1651706  586.3464767  173.4837085  250.2176564  538.9256764  43.037063  -113.1536111  360.2684253  75.24640247  -160.9555632  476.2097993  103.158269  230.3294634  1.693258134  501.5424705  68.14820031  -27.32353883  380.0761303  216.3308363  -108.2788632  335.6188634  43.90909487  60.64458982  19.10995148  
97.68428658  666.0105438  89.76579039  -8.250677722  169.71724  359.8066776  103.7489886  591.203775  174.8322784  266.2408111  556.0032647  46.42558486  -104.0012851  343.4481235  70.14506043  -156.9220018  460.9577001  98.80992244  234.8004536  -3.362603633  502.2333535  66.07895932  -23.33422906  372.5367047  201.9282287  -100.0128164  333.1396596  56.46430903  56.78128735  17.89021159  
95.28043263  661.6138256  82.43390433  -13.89535191  165.5635449  361.7808688  106.0683738  591.9590869  171.6898307  265.2367927  551.3295169  45.64719361  -71.8472907  348.1965704  61.45932764  -156.1903882  453.9166172  76.62924866  237.3412759  -8.599852631  488.4071294  64.19692631  -27.14643282  362.7539344  189.0523343  -123.0103709  376.0436188  58.67942608  65.11431061  19.0021975  
104.3459941  654.0869052  74.63635145  -12.95262555  178.7363535  353.7580483  118.4862262  597.0270695  166.793798  253.086888  543.8710927  43.53875624  -44.85385515  361.1717804  52.87066428  -158.2623861  457.2182175  63.93886502  227.6615318  2.092000895  491.3600992  85.09731668  -39.24566114  355.3302727  171.4174808  -138.6390088  411.5855417  59.07493084  63.78633322  18.44689351  
107.086905  661.2375056  83.65329858  -0.9199607886  177.2846983  363.8684365  115.9764389  602.0535919  175.8842102  260.7125057  539.199338  34.53563365  -44.13111309  361.3113164  45.81210421  -155.0607314  456.9948836  60.32004835  241.4478365  11.09081463  493.0433701  82.67575196  -32.95653179  341.7094676  170.4137291  -155.0185268  428.0298237  67.07205755  75.32799104  18.05864875  
106.1934006  661.7661319  88.15292981  10.42723659  179.2290728  347.4519492  112.8050685  580.7797919  179.1039161  252.2833352  531.677677  31.20811359  -25.83650729  367.8542726  52.14709449  -148.0463361  466.0420622  62.06204702  251.79262  21.96855837  490.814066  90.27810195  -33.2161193  338.0781031  159.0165161  -167.3146253  440.4450286  61.11555427  74.99962524  14.96145256  
101.7101449  657.3771771  88.35146748  13.47169869  184.5910632  331.039707  119.5075926  581.8074791  177.3529933  235.5104052  528.4405313  33.37966611  -52.00973113  377.9069165  62.43575513  -146.5440639  463.5130693  58.79579321  239.0132242  20.31311412  500.7556519  82.38206061  -28.48130843  343.1097727  187.4809722  -161.8180156  427.0486695  42.56654235  69.2902354  16.24016789  
102.9309417  648.2286041  85.06237716  7.174272773  177.5430019  344.6210633  127.6362194  599.9542505  174.0196411  239.3617842  534.1057801  36.70296428  -35.06380546  375.9644017  52.88821549  -147.3714209  462.6604292  54.31522065  239.2945272  19.31166658  498.0248609  88.78002105  -33.17565313  328.7435699  171.9982786  -172.2454922  456.7530748  55.5449935  73.95736942  18.3467153  
110.1387379  649.4550722  80.25793572  4.922539998  187.5044983  342.9003742  129.6636246  605.7186323  177.0235439  237.6834574  532.5353273  32.65844291  -26.81026312  385.0019693  44.16560058  -145.7336632  470.8041032  59.3989718  238.8741956  26.50307786  495.6528996  94.41932969  -36.5377897  325.0686775  167.5008335  -181.1083043  471.6380271  59.05779648  76.59677875  18.30541278  
98.40138469  645.4446717  96.16794372  12.20668016  173.3511041  362.5897471  118.1164913  581.4367699  177.8953749  258.8592001  535.1967436  56.63544532  -41.84980546  366.8121246  54.50923915  -145.220828  468.1452525  66.88041115  250.4769627  4.177745322  484.8854946  90.7081144  -25.28379822  349.627672  169.2900747  -165.2548422  430.5354065  70.07015267  78.07344935  17.71283667  
102.7390211  645.8329  84.47476778  -2.405903076  186.4528619  328.8099288  122.8743235  567.0050828  177.0674732  228.687677  521.8522445  42.32258055  -54.88307127  385.7406471  62.28284278  -149.6073872  465.814229  58.97079947  238.6794632  16.38027312  486.3730064  81.65803002  -31.11053017  344.8438067  192.2384311  -170.0876451  412.9100469  46.13907723  71.42520948  14.22618803  
106.6908615  653.5585627  94.53491176  -5.143316923  179.768587  340.9465565  116.0853766  593.8174369  183.1929431  243.1653794  528.2221158  36.52343293  -60.79642379  373.5531346  55.64401115  -155.3837801  473.2976181  59.08685796  244.7176202  7.884335048  497.0067735  80.39461398  -23.47221495  359.6915548  197.9469951  -151.186877  414.4042122  46.29412159  68.29893442  17.95024981  
108.8186848  646.2972065  94.52439871  -4.968319261  172.362891  339.6933863  127.6839361  588.0047524  179.2067941  235.378718  532.5233721  45.08567572  -62.67849008  380.2574617  49.92846375  -150.7014125  475.3900674  61.03516892  233.6503743  7.500584841  494.4185323  81.42069078  -27.40830039  347.3603264  192.8325176  -166.5953382  412.0507161  55.93942338  82.32116175  22.07598801  
104.6520178  649.8517041  87.3829422  -0.6644209457  186.3333062  336.2035625  122.6622043  581.5934043  176.9402294  227.0102426  523.5101079  45.14617058  -64.88689919  392.2048558  58.67442706  -149.3588305  488.8433125  62.83404419  237.9816813  13.37509727  503.4613326  81.87774805  -31.10077811  356.3173293  202.7447063  -164.4886477  404.1226539  45.45521084  85.83790158  23.00649286  
99.02396715  654.6950212  104.6608869  15.77127756  178.6985076  357.9658524  104.5379037  573.5618609  184.8690141  259.5331299  540.919347  55.05404126  -91.6161829  364.2570078  73.86543375  -148.3372356  475.8155351  88.46805574  254.5327155  -0.4965913848  499.8623414  73.80882567  -13.74996905  376.2204794  202.8932665  -127.0522702  352.806968  56.7628634  81.45187913  17.87831306  
97.83262374  642.9454265  93.04492338  7.667537038  192.1893543  348.8740971  112.8172764  565.8244192  188.4539295  251.9489746  529.0161921  59.04379769  -65.87301714  378.9082302  69.81709433  -147.9847368  485.3288751  101.3884827  247.1346178  6.138264364  492.6899908  78.16982498  -28.30090121  368.9641362  188.532102  -133.4382127  385.1845849  63.53826573  73.68327932  16.80645265  
98.33897613  648.026361  88.06322957  -4.533434294  191.9639324  351.6558951  116.7082464  566.3529962  190.9142323  248.585988  529.5332607  51.75239969  -71.30967423  377.0929596  68.44161215  -148.3386822  487.7541079  110.1946465  237.5345112  10.63048831  496.0947304  74.32621812  -31.6994725  368.4637274  186.8883026  -137.5222455  382.8867897  60.22447588  67.96121291  20.08275873  
97.83637408  650.254559  83.7083532  -8.835424781  197.1212705  351.0413948  110.543777  574.9380784  186.752012  244.6658861  532.1740945  42.76847668  -74.0752545  377.9328734  64.40203354  -151.6650688  489.158132  114.2016739  233.4186033  11.94535212  496.7103444  75.61939049  -31.16793961  365.7866376  189.0961644  -133.3770191  379.8167045  62.06186183  65.62698272  20.90627853  
98.03374031  651.1206543  89.966961  -4.144766059  196.6959103  355.9647318  112.538576  579.1964395  188.3818784  253.9125681  534.8327483  40.76912947  -83.98320632  372.9500878  66.82311061  -153.990023  486.7636493  119.8924075  230.7601936  9.47598548  495.760536  67.55011646  -31.82055906  376.3189355  193.5887885  -126.7538213  371.4722131  60.90358213  63.30911327  24.26239121  
100.8319657  656.2907613  84.04026839  -12.11217395  195.7881273  345.3029066  116.1265081  588.7575214  176.9376155  238.9869402  533.8902751  27.09500637  -85.4002932  374.4288253  64.25899882  -154.5831122  475.5369773  99.98227359  223.7588205  20.03553667  499.7815213  69.50653984  -31.92260105  366.0409824  202.0081581  -137.0516428  380.5399271  50.33351277  63.30408207  23.65896168  
99.94779405  665.0157031  91.98354401  -6.585478524  189.2654741  349.0194625  109.9628754  596.4257096  175.0770154  242.0992964  536.0671207  31.42192643  -102.9072867  368.0128219  70.53712841  -156.0334059  468.2535733  98.05152408  226.9432686  9.377709409  505.5432252  67.41962386  -27.1348578  371.294315  219.7043001  -125.9877617  366.0570163  45.20664506  63.86517679  24.14052753  
99.54625049  667.5227167  98.20718086  -6.852631224  174.8144833  352.7723922  109.3708011  600.9616271  175.064818  260.3004265  553.1685875  29.00308504  -96.3700295  348.2490381  68.6115895  -147.4342262  459.368805  100.4414427  233.4575089  10.99915192  505.6027313  69.49840908  -24.3045182  362.5156134  198.0492986  -112.2306076  361.1724223  57.06426993  54.99130565  22.22033821  
95.88734955  659.5449894  97.58737646  -5.290551357  158.6475013  349.7151535  103.7445473  584.3092497  172.992271  260.3876272  551.6824527  46.27616049  -77.18492863  352.1596128  71.48146083  -139.163035  457.3078447  87.15218677  250.1422642  -0.4563364817  493.7036349  62.28018745  -32.67951488  360.2592058  188.7775222  -121.8875981  368.0292774  59.48840989  63.08547298  18.07311983  
99.80820098  660.0085963  82.0350098  -2.416522557  157.6638291  333.2865603  108.2248368  584.9153395  167.3684126  241.2100792  538.3702538  41.59267121  -64.0685185  375.4140049  66.94990129  -143.808101  449.4315598  52.84406746  244.3156172  7.863805954  491.8575902  58.59132707  -41.27365003  342.9997993  190.0980729  -150.0956582  393.8807603  42.99484195  69.68519045  13.1852704  
99.04271287  662.6969187  80.14028334  -4.527965374  160.9809024  346.3934725  117.2014584  598.9307551  169.5713936  240.2616569  538.1801694  51.85300506  -66.0853611  381.8556504  58.39185708  -148.5031668  463.2976447  57.36198298  237.1654904  1.221118313  496.6174358  67.51177486  -39.69349038  334.1384818  198.5104233  -168.5653614  411.142416  48.46083825  83.18870573  18.54469552  
99.43262894  658.3050851  89.07938323  3.694372713  162.5627837  357.510711  114.4132106  600.0814881  179.9425841  259.6233173  542.7847265  51.08218118  -53.23523242  365.3719093  54.12726433  -149.0534733  471.7054134  73.77599202  243.1826248  5.795083514  491.5931353  83.03024771  -31.74034066  339.4026897  181.4158825  -158.7571337  422.9214033  61.66575252  77.95824455  17.2646941  
100.7936395  659.5989327  93.36680405  -0.2931089011  167.9647554  365.6563692  122.9698787  607.1147845  186.734653  274.9101236  554.9682213  58.41023266  -34.33777252  356.7725906  44.68276979  -146.5387274  471.4552235  77.22999588  247.1402948  2.383212804  492.2053113  86.91060045  -25.7073794  341.3128704  166.1837712  -155.9486831  432.833148  73.97268577  73.18812747  18.47516898  
95.53667988  652.2958111  96.7279408  3.669046471  177.9222525  371.5716686  123.9861542  591.4343735  187.6270268  278.2338077  557.9210383  76.2528456  -34.57316237  356.9510438  47.31966615  -145.6876773  474.0396575  80.4947845  254.3078034  -10.40911241  486.2667778  89.72944212  -19.42071944  352.9789281  173.5016706  -158.0148402  422.0458541  78.31738892  87.48802569  21.18555991  
95.27785652  638.1434204  93.32313127  -1.993382574  193.421627  358.6624257  133.0157163  576.5715241  181.8224783  253.2543349  541.2716164  66.71203453  -29.58569912  376.4993658  57.34521745  -148.9547783  467.541089  88.0420661  240.8710815  3.416447605  486.6910348  94.36761344  -19.99571674  341.9665284  168.6433147  -171.6570377  438.8976031  70.27067827  88.25994866  17.89536145  
95.27086615  642.5107598  82.77551976  2.47422421  192.8774914  338.1485022  121.841538  566.9762905  180.7676441  238.8099893  519.0464827  58.78246289  -50.37265272  388.8295118  61.55416383  -159.2248687  464.0622536  88.80551762  235.2997769  7.685380389  494.5182404  74.05474022  -25.47688355  349.1708586  180.5703997  -159.7344958  424.5785282  54.19946491  83.81045009  12.74016779  
100.3015435  644.6678203  80.99636856  -3.336376588  195.4886655  343.2821114  117.6960274  571.369368  182.5745272  243.9609592  523.7157813  55.92364702  -56.00517165  383.8536384  62.32535558  -158.6856866  479.7353524  102.2413095  242.0877324  3.975557164  495.2732049  73.06938153  -29.71169995  362.6488728  181.3240161  -147.5522838  409.3840419  57.16034741  84.27389413  17.19516494  
100.5902329  648.8278506  92.30420284  -1.437282789  194.8615909  349.4247809  112.6583854  572.130092  189.1067562  257.7098556  531.2322063  53.60508672  -83.62741068  373.0484264  63.22469044  -154.4262287  477.1265847  119.4346735  230.8877283  1.692106589  498.7612971  73.53864085  -22.64010805  374.9162732  194.5019039  -144.1345005  382.9931996  57.35338242  81.34784215  23.89146082  
101.6740401  645.0674503  89.50076914  -1.054464407  192.4417079  344.9131251  114.5814788  579.0725703  178.2226549  251.1809554  532.5196958  46.18124416  -82.31509134  371.4571484  60.58188984  -150.8800923  470.7604394  100.1715788  222.1003458  6.052495331  497.8740942  77.99226599  -16.40727158  371.8437415  197.5180153  -144.4382158  390.5419657  53.43849336  72.67528411  23.81241487  
103.2758749  648.7942446  89.59912822  -9.065509591  195.7027214  342.2409897  116.7871075  586.6991786  168.9472117  242.3151762  532.9718809  37.01934517  -78.20385675  372.260739  61.64628061  -152.6006311  470.6925241  100.5161647  227.7100741  4.220937388  494.2801831  72.3689868  -15.24454595  376.693514  204.3490211  -140.6205425  396.4437194  48.62741086  70.06362109  22.21356848  
104.196527  653.3236954  95.69060425  -5.982383001  184.3767547  352.4841761  120.2945259  591.1916515  173.8479348  259.6644191  549.2545468  41.17161937  -74.2818867  358.0307858  65.66185358  -148.6205923  474.1254561  101.2200411  236.8105945  2.278627322  497.4091427  76.0387187  -27.83544635  368.0364769  189.6449914  -129.3976891  388.2541395  60.69768735  68.46961317  19.346786  
100.541926  654.8415931  91.14800537  3.762294727  182.8862613  343.3296961  118.8480904  566.507692  177.8332273  245.424683  537.7673393  36.51140211  -73.3103557  368.2399337  76.63092882  -149.8346567  470.0990041  88.58744904  244.4706957  10.28697351  498.1912718  71.60334409  -32.43246288  354.7934181  193.9301448  -137.5177773  386.5890764  53.53357227  74.4139154  14.96409657  
98.39382336  656.5169088  86.7686213  -6.625279476  177.5551547  343.8618567  111.0617206  566.9677411  175.6761389  242.403573  542.5717093  39.02388718  -79.70174295  364.9123794  75.90200895  -147.3713137  460.449826  86.84359523  238.3842544  7.756903153  498.1266838  64.06585882  -29.31357929  360.4275594  198.9980639  -129.6517972  366.2506229  47.10366501  67.26249527  16.80162322  
96.28193202  659.7565863  92.56314442  -9.528411753  174.643623  355.7767614  115.0974104  580.563491  175.9774161  244.4291038  541.9044463  44.10526224  -89.33992135  370.2996121  67.87107302  -151.4918959  471.3819089  87.52661995  226.6492399  -0.2776943787  500.073462  65.70655071  -27.313292  367.7911856  207.9947754  -136.6281369  373.2963412  47.30165693  72.75454362  22.72346414  
94.3900504  663.0186734  95.61518131  -4.796267497  171.8774657  359.2593893  118.0476482  600.5432596  178.7274275  258.9748123  552.8550167  40.11097559  -87.74099141  354.4453889  58.50664893  -153.3033515  466.2304186  82.32742977  231.0084469  6.026543753  501.2726294  67.53420277  -11.4061075  362.8759741  201.6901359  -134.3581537  383.8332072  54.68260915  66.7301661  25.55526866  
96.99411033  658.2009328  84.06080282  0.5908526986  172.3259002  352.6603246  127.8510403  604.9857846  171.5798341  248.9332942  551.6701843  51.19918084  -71.05014223  365.2260004  49.5962154  -149.3181388  473.3579865  68.39616151  227.5086115  2.727250129  499.1506353  78.2761533  -25.98733424  355.7403924  199.338762  -154.4100401  408.6849824  55.19895166  80.32043853  24.33997168  
101.1968452  664.9189859  94.11729177  14.78462359  162.6817256  358.2078865  114.6231989  595.6385397  179.6095943  256.3926921  550.5391341  48.55581133  -74.55378128  355.2884939  54.64062042  -149.6066807  462.5946064  67.07315288  246.8906267  6.559657821  502.0750417  91.04999096  -19.48930665  353.5312973  196.8647153  -145.6470284  390.4000695  61.19665188  75.83442572  17.95227679  
102.6033857  663.252531  97.71790217  11.33335384  176.0908419  365.1106573  112.9212335  594.3717095  181.9846077  273.309742  548.6251963  56.92771507  -48.43758763  350.0246719  50.27057648  -143.586548  475.440313  80.793459  258.0541853  2.484530726  499.3455917  97.92201889  -23.37275179  368.3428481  180.3778825  -142.2285851  419.2354764  63.41580064  78.74025915  18.89820637  
108.1695473  646.5817441  92.91849588  7.639107235  193.5728464  350.93851  114.4379367  586.188814  177.6389316  256.6869124  532.6965777  40.00462121  -30.03803442  369.1260916  49.35016882  -142.6020297  472.03323  71.37866957  258.398959  12.40424354  487.8307783  102.6668478  -27.94477797  351.7591664  173.0150958  -155.6549591  449.0986011  58.08451976  78.3139191  15.59199836  
102.5385525  646.4841967  90.36268833  3.256075359  185.4455644  336.7394222  110.9614102  556.3995834  178.3519503  242.5933143  523.5305195  48.48112771  -62.21755109  390.040438  68.17391552  -149.2358464  466.2975801  69.1446856  236.6937673  3.784546956  488.3375504  78.53688008  -40.97630938  350.9067737  185.8853654  -165.7104844  392.7288482  47.61411  77.56974322  11.83805165  
92.1831007  635.2941379  76.35326897  3.41406822  198.9296577  337.3736588  108.8455561  566.8671217  171.1502427  227.9299248  514.2236931  53.06057738  -68.25468634  392.3752997  72.87924402  -158.130189  472.0185984  74.19017013  234.5706344  1.139503467  486.7929721  76.68445188  -42.99759209  373.0893736  195.0058397  -124.3892175  380.2015874  46.66027614  58.16658651  16.69051033  
110.0240913  613.2234551  76.72102886  -15.93303432  186.743403  321.1855328  133.1863717  603.0236314  183.0035639  209.8297503  522.5247256  36.64908382  -28.94010971  406.0247333  43.12517715  -139.8769899  470.2847157  56.41607535  243.8118434  38.19009276  472.7715403  85.1695811  -15.37237011  321.2910501  171.2034619  -172.8488541  450.6849156  58.63289718  78.5315634  22.64288494  
112.9011504  636.8834682  77.07144332  -13.30382635  200.9533415  317.5671132  130.3705722  586.2198956  187.1368618  224.6696508  516.9282441  35.30582389  -47.01526443  400.1971528  56.59649336  -149.7140068  481.9057057  90.93673694  225.8433776  31.46735672  488.5132879  79.91981318  -34.35203314  342.1531664  179.0203351  -171.5675656  431.9630798  52.41183346  74.15234171  20.09035628  
105.7493643  647.6246525  83.86702744  -9.48917056  203.9018172  330.2608664  123.4046043  589.6246285  176.4312799  230.5502504  517.9115723  27.8437165  -72.21518006  385.2498344  74.98587555  -154.3607459  479.0389526  98.83733764  229.9840605  21.10881168  491.9600327  75.3662718  -32.62205768  367.197615  193.617457  -130.1079008  395.6354053  53.0906748  53.12676518  22.7440092  
101.8238187  653.9956494  82.71923328  -11.95095757  195.2773519  337.1522608  118.8441953  588.7373251  170.5756197  233.1490652  526.8929959  28.82181001  -81.45549787  373.0113661  70.70661111  -154.5434572  465.5152204  91.5498728  221.7650115  13.17188031  492.7402528  78.17666497  -27.67954442  362.8350962  194.7467195  -129.1285517  378.3819899  54.10812973  49.46892978  21.34894698  
99.36697026  665.8618216  87.34092838  -6.496560855  196.8007776  345.9644811  117.7914591  598.0916269  177.6447491  249.5368198  537.9104155  13.24800098  -84.22959912  353.4191135  73.07706119  -156.7932786  457.2623763  106.9031681  231.6642806  28.22393811  499.0039913  71.33371948  -20.42606118  358.1001169  189.4155344  -109.107151  377.3769702  56.91672714  35.49180524  20.3592372  
96.0644039  668.7193074  94.45536673  -0.2823969719  180.8642595  345.8349335  113.7861773  596.1166599  176.8370041  254.2554904  539.2429984  26.15905961  -98.14541818  352.1659036  72.52959474  -154.2942398  457.9671775  105.5954124  227.9013153  16.59178994  499.0460622  72.65270055  -17.73387779  364.2030408  198.0367607  -113.8514677  366.1261356  56.86942873  48.7253153  18.98733157  
100.2243364  664.8095075  88.70583267  7.149848038  178.1757557  342.2164539  121.8434434  604.6045553  173.8202367  252.0488531  539.2862001  22.31850178  -70.32385932  355.5337669  61.08862976  -154.2938383  459.6102507  85.87776241  235.7356241  20.66802107  498.7474976  73.97605299  -32.11543413  353.6051659  179.8401633  -127.6759574  407.511401  58.36602572  50.76226207  18.36863389  
102.5101088  659.9020363  85.88091142  5.14803751  172.2835454  340.2691071  120.643994  598.1350724  172.2258378  245.9948929  537.5409143  21.33250505  -51.60568139  361.997249  51.95134474  -148.2509309  462.433982  64.42029148  235.6277957  23.88041684  497.3531769  76.08272685  -26.7616934  336.1521666  174.1138671  -151.1318452  434.6754478  54.11524757  62.2798686  18.91164047  
104.1953984  661.5211019  91.31989379  6.374718265  179.377462  339.6957399  113.6382997  595.4973314  178.5163057  248.264896  531.4923202  25.73394065  -64.98729447  368.2995481  53.20227994  -153.9199656  470.9619972  67.88580257  237.5357489  17.5551618  499.4563675  79.93557264  -30.27842113  342.9975265  184.3817113  -156.0257671  418.2244595  54.8889267  63.72788293  19.1441793  
103.5387165  663.3129547  100.6606643  12.06967194  168.2630557  353.3784481  113.3536738  594.9784062  183.0962333  258.7164983  538.3061541  40.30224992  -66.94129792  359.181  53.17411863  -155.786993  475.9580567  70.972034  242.7670682  11.92500428  500.9107739  94.36323393  -25.3115342  348.4432843  183.3984153  -153.039922  407.172222  62.49012047  72.28611338  16.90395383  
102.6786053  664.4536002  103.8488111  10.86584198  175.8293596  363.3087359  113.3277646  593.2704819  184.9482287  274.1082769  546.4027509  43.15338003  -58.14829037  348.7100414  59.4701238  -154.4937352  469.5347015  87.96770543  253.1429318  9.849356021  499.3665813  92.24919162  -12.82886799  353.9958567  174.8997152  -137.6911931  403.2121161  69.78534666  66.57460338  18.04997287  
103.0084038  652.2361317  99.12235781  9.140018451  191.3299949  354.6756777  124.0081134  583.8785086  178.4307967  261.0482669  537.3497422  44.16545599  -38.00104648  369.9932138  56.09308385  -149.3167106  473.1365218  88.09228067  259.2395054  15.95617381  491.9626311  84.3824804  -18.78401033  353.5007564  171.6774118  -154.859832  434.9547686  70.2631491  79.35577913  18.65965875  
90.94100302  645.407013  97.44442856  4.316681253  164.8480097  341.9771772  119.4634796  552.5372479  174.0805169  247.9705545  537.8610566  63.79350577  -52.22105419  375.8271609  68.33037321  -145.3380488  449.187589  67.26648272  245.9769786  -0.04203779591  486.982214  70.62729999  -19.14941438  358.248804  186.1372965  -153.2958195  398.7864461  53.91198444  83.69774336  12.73505202  
94.64739219  647.828303  68.65720781  -13.07246719  197.8210053  322.211546  131.0674311  582.3160033  168.6352475  219.9065582  523.6929996  41.77491769  -51.4828981  399.0379836  63.35614644  -154.2437529  464.3965258  70.09463943  222.3278447  12.17091441  496.1089147  76.86086852  -34.18857262  344.4280583  199.0501841  -170.7598304  429.9792271  42.16221568  74.87072127  19.88337456  
92.85468351  652.7401231  78.39974548  -14.10171545  189.5746394  354.4692892  120.4282991  594.4610616  180.0486186  245.9652666  540.6256886  53.84483885  -60.48200955  374.79384  55.74863989  -151.6772671  480.6322855  91.34324665  236.0193508  1.240497228  498.6496135  81.42278346  -25.73020051  360.6381933  197.6529002  -144.5591204  408.6064271  57.40406324  76.37457956  25.79922737  
100.6031452  647.9622406  80.20306355  -8.452945376  195.7135543  358.1210896  124.855115  597.2622581  179.8098575  249.2053304  544.340536  57.30081337  -47.35563857  373.8553209  52.20746636  -144.2053255  482.7241645  97.41042165  235.725197  9.523155873  498.350109  87.19486174  -30.35708526  356.050537  184.2891281  -148.9528071  424.8603158  59.88384351  80.7046291  24.67224055  
105.5579644  649.8069996  90.24476905  -8.627867774  188.0347351  359.992885  113.4305229  598.5834951  189.1982316  263.3818408  547.9662494  70.60936789  -66.19392089  366.0182657  57.23988451  -146.1867843  480.4834291  100.5263871  241.1090478  -8.104404136  501.2935485  83.80928481  -29.34473505  364.2804752  195.4084939  -136.6705952  392.9540271  57.10006779  87.62729436  23.09423515  
101.1732379  647.4836702  94.35651942  -3.113425324  172.2747728  351.6631221  107.970523  566.2693319  180.1407672  250.5204489  538.4307939  63.7207818  -87.06540396  375.7335654  73.49542966  -151.1840584  467.1209183  75.92220911  233.8582866  -13.59192592  494.5253169  67.96452706  -34.09108514  363.2368825  202.3081187  -145.0455776  362.7751946  49.99890783  86.28556986  18.50818589  
