397.1022262  784.2838614  219.744432  -199.84242  -4.493905956  381.392001  141.4676148  915.0131259  610.800258  351.0401064  1222.024304  577.1283859  -2.078703925  251.4031029  -18.99923691  -198.9800397  487.597268  105.2966731  230.8844229  -418.635254  821.5705565  219.7816589  30.90872352  289.0104405  284.2367209  -53.15791372  403.338011  176.5382054  73.77868514  115.8451577  
403.98347  779.7038808  212.3820853  -202.1631333  -0.2073853279  367.0040206  135.5609704  926.0550107  604.6074193  348.0771879  1219.353356  567.3350081  0.9629310127  260.9638079  -28.02837682  -194.8942268  488.8790834  95.20914467  232.7263991  -415.5195834  820.1116989  224.6694421  25.05128354  285.2405613  288.1312672  -61.56443756  402.5092302  169.0478231  65.2625573  112.550254  
401.940128  792.7290357  219.2271407  -191.4268306  -10.30575274  369.2390726  128.9519586  919.7538746  620.98448  349.8833558  1222.726438  556.9416605  -7.818935002  244.3952505  -36.81135583  -180.480634  486.4455808  86.125066  230.5864122  -412.8666473  805.6982527  216.2739339  35.7405821  284.458653  285.4487712  -37.24197329  414.4708666  162.3665037  67.01186466  120.2206981  
399.5610434  789.7848611  229.6522462  -191.4338806  -19.40622411  366.7702012  124.8475717  922.6010211  624.4867036  350.5953023  1218.352711  565.8659467  -2.369061156  254.9270498  -45.37516569  -176.3011617  495.0702398  94.81926575  234.5799949  -419.0455749  806.0433609  207.0548509  42.42146634  284.945556  290.3812832  -39.08947645  410.8330269  167.7418558  71.47814674  126.0806404  
403.1709137  771.6058969  217.8349206  -198.083231  4.344627364  377.6323261  125.2347603  919.8771648  611.5756155  353.3165599  1219.950143  569.3765589  18.26504167  268.4492124  -35.83137966  -193.298821  492.2418298  93.09827805  219.1376305  -423.448083  811.4980786  224.5909963  31.85297514  291.4702174  272.4335486  -48.04802943  415.662129  173.1601132  79.28857412  121.7138409  
401.1391335  786.4128003  227.6969737  -192.5573132  -17.00652115  371.369758  132.4239141  921.3170346  628.9900962  357.5210925  1222.195446  570.4471216  -4.375273219  243.6665925  -45.26517135  -183.4684515  490.6786616  93.33024166  242.6335651  -416.647457  805.8937492  219.8244166  44.9794575  279.7480134  286.1893796  -33.81513272  410.2370306  164.0197  67.25253019  123.5920865  
402.9272775  786.6242945  224.4703503  -186.5498565  -19.52211756  364.2173907  141.4537297  922.7724883  626.2681772  350.2005652  1226.090755  583.2894943  -9.869726519  249.8523771  -43.84828836  -182.8798283  492.6874808  89.91941622  226.6438983  -421.2247235  801.5515784  228.7604257  40.39154716  272.4031268  292.3347631  -42.32664119  403.0577468  173.3423159  65.2555696  121.4961342  
404.1451523  774.8626757  223.5928973  -191.0536265  -4.809746776  369.0508347  136.3105617  913.6641223  615.477803  344.1749849  1226.014602  581.007167  5.128560782  262.1188636  -33.42825799  -189.0406521  491.9526744  101.8469036  223.989667  -426.1041507  812.892322  227.6180066  36.73862449  287.9195415  282.3607861  -45.38764394  411.0205719  174.4053448  78.02243049  124.2412993  
398.8376016  789.3125875  218.7940716  -190.4201195  -20.51953908  365.6067689  134.8849202  921.6818745  626.0147405  352.6852206  1222.31901  579.3250782  -8.288584469  247.8973096  -42.21450088  -186.6536126  489.0995707  91.03084306  237.4598027  -420.3351871  816.3978622  218.462448  38.05941799  277.5954479  294.6471223  -44.77277712  403.8615619  168.5129708  62.61366115  119.6912244  
398.769533  795.4825302  224.3838752  -185.7998535  -11.98626158  370.9914338  120.0079598  908.2386391  631.6592409  351.5338689  1222.187821  558.3108215  -10.13926293  246.5027711  -44.51580821  -177.7652894  492.6071563  88.58692225  230.2128909  -408.2796473  802.7389577  205.1029115  41.22726052  284.7407682  287.3522505  -17.61703042  424.4724817  160.4994851  75.4991045  129.3000062  
399.8051706  800.7452056  233.5646585  -186.6147337  -25.7079068  366.9872411  121.7583359  910.4494053  630.6330916  338.8087337  1224.360555  559.8332815  -28.25862719  249.8102035  -38.94112584  -176.7857908  489.093609  91.30691706  225.9946438  -419.0135164  812.4919345  200.4749851  32.3386331  295.086286  297.8059223  -28.56729325  420.1630793  160.9292145  66.93558509  129.0892704  
402.7085982  783.6302141  227.3828568  -194.7587439  0.7854659932  377.5196561  116.7304849  908.3365805  618.7539968  343.5115684  1216.078178  554.1344613  8.100538383  259.4434725  -35.29503941  -179.893219  487.26889  90.88450518  219.228613  -411.023511  800.7111422  207.0068859  33.12510459  288.2840692  274.688451  -21.3465048  421.0156869  167.0266456  85.09528746  128.1495665  
401.9139623  795.4355693  227.0873183  -192.2609262  -15.27595471  378.5952976  123.9265949  918.3273836  625.7337165  351.1873613  1230.105084  558.407611  -6.369035152  242.9156972  -35.31239648  -186.0340597  484.0789327  87.62523275  234.7512338  -413.5161761  810.2700926  205.2669951  37.34264702  287.6362386  286.7855809  -32.85381337  417.2341805  164.9912822  68.3709698  124.9899852  
405.2284986  787.5337844  225.0702071  -195.383199  -7.755419172  371.5926283  127.1624748  915.5376635  611.9754898  340.6691991  1227.138877  560.8627079  -2.443817384  259.1387266  -22.76754073  -190.1959438  477.8317771  88.2425547  213.0286477  -416.4980382  812.3647371  211.2850778  22.84115517  295.7531736  286.1607972  -39.40009042  420.7888273  165.4019571  65.59471215  120.4117214  
400.3741059  793.6487289  228.6513665  -188.5941262  -13.27004369  368.1181344  132.2140028  908.003178  618.193481  344.426004  1223.202483  550.087052  -12.04468126  246.0416325  -29.22396428  -177.9757547  477.3068335  89.33920026  229.022875  -402.5416726  801.29652  205.3781945  32.78765392  284.6167469  289.9098291  -31.12478336  416.5336582  154.6843152  65.8087307  119.5254551  
401.7498317  793.0415868  220.5906488  -190.4892551  -9.575978025  361.270776  133.8244095  912.473846  617.9660834  340.9035796  1223.435507  559.0159205  -4.466197475  252.0926034  -32.60217583  -186.2351289  482.2772411  88.92431445  229.494539  -408.7401832  807.7063369  201.6632958  26.86112733  291.6720467  293.731854  -35.09063514  421.9564313  166.277555  70.90481696  121.3375365  
403.4245558  796.2241078  223.8218643  -185.3085539  -20.94550016  367.1991909  135.1594328  918.0870488  623.0510081  357.0276741  1225.324677  573.9389418  -2.425269446  252.8403983  -41.27241743  -186.0693869  488.4033325  89.06994409  238.9009793  -419.3673324  805.8287706  207.7291013  37.76093598  285.3968376  289.206976  -37.21408561  419.8743447  164.9187383  69.29582987  119.9421831  
398.2569306  786.3455708  220.5655348  -184.5117851  -24.69006838  359.0951144  146.2772509  925.134624  622.7684631  355.1555421  1220.218436  591.1087758  -5.963032654  252.5661513  -48.71954152  -184.0514567  497.828994  96.24053587  235.0671708  -425.0063688  809.1572148  226.9702422  47.31768513  286.3050593  300.7628242  -46.2019514  411.7753241  169.1413735  67.2688976  125.0893278  
397.9287078  797.6672187  221.9186386  -191.6197721  -22.57082333  366.6087002  126.2879627  906.2256524  628.5858864  344.7760784  1217.377678  564.081134  -26.38295327  236.6219096  -32.41092457  -174.6963201  488.9896113  95.31011907  233.4081967  -403.821324  820.8866404  203.2912192  37.4610032  277.9279177  299.2296744  -36.01337289  404.7586298  159.1833156  69.16718926  128.0864197  
400.7968892  777.176887  217.6186061  -193.5863258  -5.825392205  371.7937832  123.3147841  913.8717087  621.6196958  337.4969447  1222.984625  558.7742424  8.911488317  258.3639227  -41.26969627  -176.2983184  496.6701685  91.3349869  225.5293618  -414.6610383  813.9641161  215.3261807  41.5116505  300.9744184  273.4363409  -36.99288898  419.6049227  170.6426902  75.39153148  129.7787238  
397.3366984  778.3315562  222.5773687  -188.3543035  -3.371853619  373.0481065  128.3971704  908.9401961  618.581926  343.2024504  1212.591662  561.4935973  5.801380048  262.1503924  -41.33172567  -169.5973641  505.3414175  97.1235338  230.0748325  -407.7310044  806.5569202  219.3343318  42.84075026  289.6905228  271.5616033  -32.7869944  406.547341  171.0326868  74.34115449  123.9990361  
400.3813615  781.6477346  231.8395378  -186.3853673  -11.04495564  367.8035047  131.3590069  892.8399599  630.1708714  335.6903863  1211.01492  570.6522194  -18.38333109  253.1706991  -31.56011612  -172.7292144  493.8980649  102.8665518  233.6796262  -409.6984568  805.9789132  208.6396936  31.0427912  291.7033501  281.9966405  -28.47281804  401.8378985  158.3233779  72.68541309  118.0974631  
399.8034902  799.769589  235.4489665  -180.2337194  -18.61094248  370.0892266  127.1648194  888.0291264  638.7732146  340.2052039  1219.438798  566.9071243  -31.10197567  237.8640879  -32.83167496  -169.3495778  487.7527532  94.46614046  233.9522997  -403.4838835  799.0024683  194.4766758  35.06438602  296.7575614  285.1315963  -12.6075382  411.5283413  159.1645122  77.09679297  124.8014847  
405.4290292  798.7621502  230.5881859  -178.5868394  -26.85154627  360.9345087  126.2739323  911.1919018  635.8251894  346.4084571  1224.8633  564.5267426  -21.74079121  242.0281693  -47.85126933  -175.0984318  487.3594135  87.07902008  237.1745243  -408.1855565  795.5259503  206.5312348  44.83890918  288.0647401  298.0885108  -24.66434944  421.306674  159.5346978  65.0503911  126.2907521  
402.9266779  776.4194323  225.8561249  -194.7702159  -11.12344761  368.6462596  135.4309157  918.5200424  627.099531  353.2527423  1219.563625  582.1951287  19.03588044  259.4467567  -43.27739918  -188.4237812  497.4454127  100.5566243  245.2365117  -421.2168469  813.9087482  225.8333053  44.85998928  289.2927295  281.1947905  -48.98397068  413.2146128  173.853466  73.81976896  119.3016686  
399.9887508  795.4495406  220.592876  -195.312144  -9.7879856  372.5779441  137.1734205  919.5691186  622.3813349  355.8641181  1220.036996  564.9131131  0.1225671891  241.7996442  -32.28242435  -189.6318607  487.721765  96.12221166  243.1546929  -407.4706434  817.6583226  222.9152484  36.05460936  282.1759099  292.5527513  -47.43712886  406.115854  164.57922  64.91971696  117.4703128  
401.7718516  788.0626018  214.8918873  -195.213965  -12.88195358  366.7103507  129.7261428  924.5668817  615.7712513  351.9843785  1221.235568  566.4726534  2.92333097  264.6428404  -43.48703029  -189.2291469  499.1082169  93.98574322  231.0572701  -415.8885212  810.9684591  220.7591294  35.63366618  293.0689157  288.7282425  -49.57023105  419.3969454  169.2255357  69.77199218  122.4984552  
399.3973182  796.0986139  225.968929  -191.0386021  -8.339861402  376.2300854  125.3055798  913.645115  612.3002973  349.6572871  1213.393045  562.8495904  -3.824042276  261.8657112  -32.72826896  -179.0979786  495.8923204  99.2565399  217.3152799  -419.0426234  810.5929495  209.5562637  31.85858103  289.024693  283.5989596  -38.42563902  414.5810791  172.8399217  75.48878256  125.7648867  
402.5724941  790.551708  224.7669554  -190.8228458  -15.01398961  376.0642223  128.2953254  925.8510132  616.4239558  360.3880701  1219.493358  583.0094394  13.19046844  257.2227203  -43.50178354  -190.0268722  492.5130774  97.69436006  218.22473  -433.0183623  809.7264996  224.9861284  39.79006683  277.4782087  281.8769149  -41.15052059  412.6376448  178.8826269  76.11717977  122.7515528  
402.2890145  788.480793  223.9283118  -191.4079665  -5.81626218  368.6244817  135.139961  918.2720848  612.591979  347.0025645  1224.430005  578.6165267  -10.75688787  256.5168227  -29.53314937  -192.0094969  484.9201164  94.30072653  216.5915525  -422.1076368  813.700773  224.3484055  31.74559037  290.1935258  292.9181019  -45.2023773  414.5719548  169.5727144  69.07114882  119.4183065  
395.8604905  795.9114894  228.3141789  -189.6190191  -17.77459864  365.1186935  126.9017231  906.8804039  612.363286  337.610525  1223.096674  569.9916095  -25.83930781  256.317772  -25.39766943  -181.6170723  480.6813623  92.36007919  207.0298185  -415.0840179  809.3482114  194.9267818  30.18392536  283.3130429  289.5425406  -32.08371213  411.2924739  165.478301  68.37257222  125.3041713  
401.2110289  769.9190415  208.7115829  -201.3581939  5.670326832  373.3976253  129.0149954  912.503724  603.003799  345.7949318  1216.369038  567.988014  7.829564457  266.6751713  -26.82163688  -190.797248  483.5581007  93.71364645  217.7753718  -415.9684048  813.7580522  223.7042511  29.46943129  281.4568797  273.4591993  -48.24435315  405.087607  169.9491805  70.94907051  113.3147026  
403.8701878  770.0305637  210.5865533  -202.788622  7.974055998  374.1693602  133.7426897  914.6877637  603.1096858  335.4426979  1214.612199  550.0096348  17.40333611  275.1287384  -30.25169651  -184.1065127  501.4482254  88.73588165  227.0474405  -405.6066964  821.6495528  226.5483243  29.65487214  295.6328542  266.7671264  -51.75741387  411.3255141  175.7883984  64.96112452  121.2617402  
402.7431904  781.7303454  224.2505023  -195.6688691  -14.74431459  372.6772469  136.3300032  922.5698405  620.7869529  352.111494  1220.028967  575.5362927  2.575489469  249.5281359  -38.68928233  -186.9997152  495.070837  101.4906853  245.2153224  -425.683143  821.1066968  225.2377298  39.97603648  280.750604  287.1481333  -46.45667433  401.388017  170.4783597  67.91801111  124.3949172  
405.6790048  781.774305  223.6448824  -190.862514  -18.5875076  359.2949927  147.6305645  930.942757  634.8743893  350.5943387  1231.133234  582.7414955  -20.48952841  249.2143252  -38.71031828  -188.7642784  489.6739968  87.61281823  250.341038  -420.8191178  815.0008218  227.1559831  36.04688876  284.2085026  308.1257058  -52.36319017  404.3384818  160.7582794  61.39896031  122.6997304  
401.7927027  797.1116981  222.6835202  -187.7416317  -15.68959613  358.0181453  142.5913449  929.8821378  637.2895956  352.8925818  1228.401984  569.0630716  -16.8052585  244.5828164  -46.90126572  -176.1572218  502.88609  89.89855687  254.5452733  -409.824433  810.978058  215.9206309  43.85476689  291.7864449  302.5473826  -45.70129028  411.1976843  158.6619421  59.30033437  123.0954531  
398.6417463  791.619012  216.9898528  -192.4663432  -13.77523287  350.6788423  144.2913026  923.9750219  640.4068218  348.9724192  1232.937923  568.5755684  -10.70462387  238.2530134  -46.28844047  -191.2781583  489.5993597  82.51723788  260.8664033  -410.8009941  804.5269329  224.5932482  35.61231063  291.152847  299.3042573  -48.94934097  407.3871852  166.8187563  64.29497103  114.2904192  
393.8519207  796.4927766  221.5547181  -184.4350884  -23.95062071  360.7453852  131.0778714  913.8480543  630.1415557  338.868687  1229.524819  558.2049924  -32.93630345  244.7201404  -37.80087889  -180.2380242  489.4441203  79.80243078  234.8077617  -405.9636993  800.1205882  195.3006564  36.18696173  300.9834978  301.8863609  -27.57642984  422.5676222  155.8060503  64.06442423  126.3010919  
399.7212367  788.9002725  216.0978997  -186.0154685  -12.96162172  354.904878  139.2420406  922.3112393  629.9516615  334.1158344  1227.672801  542.895872  -18.89380091  246.6512479  -40.12519257  -176.422271  482.6622107  79.31101992  239.5831189  -404.4725645  804.8054679  211.5931048  25.9866058  293.3568391  304.4056449  -31.92451298  415.4906155  159.9548444  61.99130787  116.2024995  
398.0748864  804.23056  228.5760645  -183.0968717  -15.0703048  360.9958863  122.9693059  911.2802189  627.9950403  343.741616  1223.25043  560.6662212  -15.24622818  249.045686  -39.50081748  -181.6264062  490.5399829  83.01104878  230.8140148  -405.7610893  799.7063904  191.7371995  37.20510651  302.2294468  291.3731707  -19.45168554  425.64113  167.8701737  73.66973917  124.3110148  
396.4538099  791.3324607  230.1583696  -188.9889728  -12.89532054  375.2768195  123.7233005  893.9476126  620.1436867  340.4451244  1218.480134  565.6750099  -6.849646636  250.8060324  -29.89484954  -179.4484567  488.3826529  97.71900068  222.0324176  -420.6076643  812.7225892  196.9234973  37.6491164  290.2360499  272.2663134  -20.08301203  415.4571525  168.0637511  79.73569196  127.9410402  
401.1553861  799.7709735  236.9341166  -180.2361005  -14.71513234  367.6651125  121.1965082  896.1584341  630.1471576  335.3811369  1218.835037  568.7546541  -21.88018542  249.337176  -29.26213588  -171.4657694  482.7213893  93.35365398  213.2752054  -413.2954307  798.5463631  192.3137781  32.94858974  287.4838067  286.5027496  -15.11873732  422.1347958  159.7555529  81.74213164  128.5170249  
404.0349785  794.7557455  228.6251423  -196.4494942  -2.460240838  380.0191747  120.5239874  909.7690685  618.6618629  357.0695716  1219.870477  566.958362  -1.682081431  251.0291513  -29.34365409  -186.9977277  480.9983571  97.53345241  221.0926614  -419.051705  807.6760326  209.1214431  29.18673535  285.6494384  284.0397736  -30.39032417  420.8063972  165.0838244  79.13760544  122.3180901  
408.2561388  798.5006486  229.8546641  -195.2357188  -16.35181963  372.2292954  123.7440859  919.9707345  623.9287228  350.1367808  1231.103937  567.7068364  -16.93825178  246.2068008  -31.48818441  -188.8256713  475.010678  86.47758738  227.7223876  -426.6119588  818.0634  206.7835592  22.99292738  294.9923011  294.9350955  -36.58972752  420.0158673  166.0648292  72.07601101  124.2605894  
403.4368397  785.8574397  236.4820764  -200.5001022  -10.28414923  382.7573853  117.0823179  919.1596946  620.3133153  356.8469038  1225.617708  591.5963318  -3.053606574  263.982402  -30.89954464  -194.7816537  492.4450603  103.0478863  216.7378261  -446.1896714  819.4723955  206.3196287  28.67647322  298.6519721  287.0329942  -36.92324497  416.5608253  172.3191315  86.34035089  124.207703  
404.7061266  774.1123603  223.9431131  -205.5266353  -4.116046293  390.889766  121.6097344  918.5657867  609.8700126  365.5268002  1214.856137  582.0540379  14.67307783  264.1594257  -28.18993707  -196.8555648  489.5488965  106.6113014  220.7621989  -432.7961141  820.3004807  224.1015508  31.04090956  268.4969711  274.3953484  -52.31553758  404.6550536  169.2835072  79.5404604  118.6286923  
399.3417354  788.8915351  225.6811125  -195.6429337  2.004253763  377.7480543  121.3571865  904.9992399  611.5183338  348.6751103  1217.575485  562.935216  3.810935093  259.3171399  -28.40023334  -185.7147607  492.3142707  102.5288557  223.6391226  -416.5121841  813.094286  217.9071043  29.712359  288.0899714  284.1084609  -38.17260219  420.4718624  170.0229684  80.26231534  126.8080374  
399.6231488  791.4457239  224.6622259  -192.2131952  -17.63717901  366.0459871  127.4599284  910.6318942  626.0444023  345.1928693  1223.605208  559.1614717  -7.534263685  246.7733215  -37.93143008  -185.0797346  485.9299793  87.9693266  237.0070858  -406.4783943  812.8404208  213.595278  40.78743803  281.6014847  284.8658559  -42.7918843  407.6261042  165.8717832  64.8492374  122.3956398  
402.2761873  790.6382433  215.4750836  -197.3822655  -5.867711196  364.1739768  128.4057081  923.029326  612.5155594  352.6177509  1210.072864  558.8169098  11.08618556  255.8935895  -41.21682655  -182.4403938  492.7837611  89.64574593  237.6884487  -403.1115076  808.4069752  212.9107273  38.82382178  280.8016632  281.194944  -50.90376234  407.1915404  164.5479224  65.81015179  116.5380453  
404.7044589  796.1980369  215.1976508  -185.0083587  -15.29785212  366.4536498  140.7245758  922.3082208  625.198493  359.9440929  1227.660026  580.6088482  1.678139542  239.5732305  -43.44239342  -190.80555  480.3105103  88.72119821  248.5866961  -417.4980355  814.1391984  227.9319808  39.99398193  283.7142632  295.872857  -49.51540774  410.7318639  169.1031809  68.21464458  118.3337552  
401.4114599  774.7079592  212.8569326  -188.8368513  -30.69566157  361.3992038  137.8911603  936.0626258  624.5308218  358.3745898  1217.906887  576.6304768  -0.4630852899  257.7366157  -57.47314913  -184.0521384  496.9243883  86.26494384  246.1715698  -421.2479462  809.342428  230.4489078  50.7909912  278.7404147  299.3804375  -53.77308081  408.7002412  168.687811  55.55347369  122.8277114  
401.996136  771.1393032  218.6547406  -205.9108023  -9.021097965  378.2979113  126.5071934  936.2227239  601.2844988  356.9464514  1214.353212  575.8042311  12.54957636  268.759738  -34.86731894  -193.8814936  494.322588  99.52889255  215.7653747  -428.5992108  817.8758744  226.5794324  37.20616758  274.8575215  283.2916005  -63.46986752  400.0238716  173.5008536  68.66333031  123.3318531  
404.7742066  770.0191467  205.4020001  -207.2896163  0.1499525096  375.8122326  130.35196  924.3536294  601.0121465  349.6908031  1214.741008  563.2854634  12.47856742  266.2015637  -31.0901728  -195.0333735  489.1866598  96.61906895  218.1708251  -416.0003852  823.2376847  238.5041181  28.43892152  274.4376018  280.3303728  -66.66314373  401.2781943  175.0647614  71.24178211  119.8888258  
404.3429821  774.7662519  201.5867988  -204.9993593  13.07205268  368.2169884  131.7238591  921.054481  607.12177  343.580754  1211.589951  548.2122996  28.40627454  268.3322957  -44.73674629  -182.2145219  504.7455611  89.90535637  233.2391364  -402.0088858  818.1819018  234.2457475  38.43658067  290.6932659  265.6641967  -56.3876151  409.3583836  179.0713052  65.49336622  115.2402663  
402.1479532  772.8923234  210.1146926  -200.1148073  -14.79536549  362.003792  139.3367016  935.1439185  614.3677476  349.9650189  1215.677024  561.0921187  5.802438504  254.0723528  -42.89542038  -189.4340625  490.1284925  86.88438911  243.853082  -406.8568582  832.0170643  236.3186432  43.05577081  270.1067047  288.4648299  -68.37946384  393.3992943  166.1165249  51.12849262  114.9853791  
406.7074817  778.7508096  217.1090133  -202.549353  -7.778832628  368.7474912  133.1672126  924.4149943  617.4361258  354.9420036  1214.960348  572.8126538  10.04255755  253.1451396  -37.99250342  -187.6585224  490.5022796  98.99823193  244.6893727  -415.2232556  823.8741209  228.4711909  36.50390237  282.2135878  281.7793171  -57.96628546  402.0931669  168.564314  70.97009672  114.8968482  
401.8996326  769.883345  212.5618902  -192.9675303  -15.38560815  357.9101901  148.5969673  927.098357  619.4685288  353.903597  1227.478854  587.2251571  -0.5211516572  244.1326842  -40.59417371  -192.5714548  485.1811943  95.2498546  255.691424  -412.8990756  813.0366234  239.920337  47.25552147  285.9288051  299.2864135  -56.74565654  401.6897562  164.7308028  61.38904124  114.8095051  
396.1218093  771.003955  201.4320272  -194.7048944  -11.27914751  356.7364434  141.0407597  928.3448911  614.9188723  345.0858869  1228.570632  559.1975389  -3.615705478  248.4373723  -44.89890853  -191.0697222  487.6352154  87.40223807  249.5648852  -400.8470069  806.4691513  233.5056763  44.11751462  285.7194233  298.7113603  -56.40559418  404.2388504  163.9511921  52.30846345  116.7287788  
396.8132396  777.3075763  199.5823574  -195.3321065  7.554283341  356.5623171  135.3769126  917.0197285  606.8474372  339.6293953  1219.452895  556.8949396  13.51219114  260.7361213  -43.57790329  -183.8990167  494.930834  95.60528157  225.4534149  -401.4430683  798.4316385  226.7082545  32.67949869  284.6334737  280.8147599  -45.50498585  409.8232284  177.4679321  70.46362518  118.0280423  
393.159442  811.393586  233.3595716  -180.6111372  -8.73879521  359.9383476  125.0146161  894.4481379  633.0104679  318.8507245  1237.242028  549.4473549  -43.53006518  239.4183948  -23.37441631  -170.8779224  485.2824531  87.26202655  222.2270954  -398.3436096  800.1954499  175.2915506  23.60812512  311.4169117  294.4393119  -4.567442281  424.9717002  157.581674  73.27734982  129.0733979  
389.9559691  818.9902074  242.0105453  -177.9128636  -28.57674548  367.2116759  123.1368052  895.7026517  649.5794691  333.3439065  1231.83749  550.5459231  -50.48314485  231.3302042  -36.00829698  -161.6740945  486.7300966  90.99247704  232.4833312  -409.5943473  795.3451568  173.6140721  35.09514721  310.8573111  304.2938379  10.55945393  432.5311155  149.2129241  76.03300856  134.909414  
400.9888828  806.0616729  239.784224  -169.51765  -20.53138753  364.5619558  134.3754973  903.2569723  639.8064265  336.9232124  1222.608965  547.4803048  -19.97167438  240.532191  -45.2000208  -159.4840911  490.5891025  80.01169294  232.8183769  -404.9020804  794.3511097  197.4734321  39.00215925  311.4529919  289.3654229  -1.554407135  432.9456635  158.4342682  74.43085745  128.3846349  
407.2168918  793.9598389  240.669962  -175.240889  -36.32201161  361.6641676  145.6852385  921.883737  643.9750666  351.2221238  1228.552761  579.2490353  -11.53972047  237.3331537  -57.11277426  -168.2298588  494.3391582  87.82181274  256.9576718  -419.1443809  804.6215704  222.4159031  50.44149849  298.546109  296.7896512  -29.57456546  415.3213251  166.2983049  68.36408569  123.5477728  
396.9433517  785.2146182  238.0705967  -184.2654982  -26.49393181  373.1009186  129.7961104  913.899229  641.5293413  357.0068179  1228.736806  592.0165059  -19.44221795  250.3297381  -46.14571273  -176.1133385  493.2443655  98.82138786  222.7646176  -433.0821759  797.0108583  215.3798443  46.25302495  285.1312615  295.451947  -23.7375034  418.4682697  164.1188368  76.40888423  133.7333834  
395.9263488  787.9413834  229.11767  -189.4109932  -16.35791171  377.3693988  117.943947  905.7456481  623.2052459  355.0860536  1218.567373  566.3142687  -6.593105623  256.3304062  -42.62963012  -178.50442  492.591997  97.48461626  218.8842591  -415.9465264  800.7086556  203.9633794  45.4109623  279.0517811  282.231429  -17.1183849  425.9832893  159.3332019  81.59234146  132.8443257  
398.2237771  789.8970136  222.6966684  -196.4579361  -4.919440706  369.276671  112.4802489  908.8947794  619.3893769  353.4740333  1221.564438  559.6694944  0.2405968667  268.163092  -40.85305853  -182.8807416  496.8039842  91.69277445  212.9779013  -421.2348211  797.7977173  205.2967735  30.12103101  288.9316788  277.4944262  -32.35589675  427.4603284  167.7325664  87.78718342  129.7565956  
401.4976681  786.3956426  238.6851112  -194.6139384  -0.2076062956  378.1596752  118.2820379  907.8238034  620.7239726  341.0832213  1232.611196  551.4908175  -0.6835346843  264.2237443  -26.39253062  -179.4631881  497.9135298  91.61622959  218.1700809  -419.0505241  801.5757234  197.8283158  23.99970572  306.2267791  268.6333407  -27.95792811  428.2536728  161.4369893  84.75703405  133.4282241  
398.7382625  793.4031061  235.4481696  -179.9210188  -21.49396655  370.5935151  131.906606  916.1525843  631.9938638  348.455994  1228.379888  567.9908787  -15.45917211  251.6489183  -40.92604441  -171.2542865  495.1602336  89.67775999  227.7267099  -418.6764042  800.5398775  206.595629  40.49551787  290.0171875  286.7004416  -24.33998618  422.2666509  157.7120511  72.63693853  129.926295  
399.8745442  785.5635732  224.6309078  -193.8006147  -20.63423908  359.2268629  127.0314871  917.5359242  614.5722484  344.0664848  1221.157669  570.5954326  -10.39318072  259.0530361  -38.4952386  -184.5093784  487.4646298  89.80963071  216.5647821  -424.1236766  809.2947145  214.0097089  32.07624301  275.7662371  286.7950731  -44.21059779  407.4662906  170.0199264  74.25391199  125.3158188  
409.1065548  786.9195625  233.7267761  -185.5306337  -18.70724277  364.311507  136.7456008  925.0170842  619.3013203  350.6441573  1225.582646  579.3891025  4.537821136  243.5234478  -39.55568914  -184.3399697  483.2527432  90.10304743  240.8243769  -419.7197504  811.9970983  215.4730674  41.76441966  290.3330221  287.1983678  -44.13087372  410.5342828  170.6402274  69.26825198  121.2001979  
403.0746145  779.2872694  221.4583586  -190.9688942  -32.32488554  363.3086139  146.3925892  933.735858  630.2979783  359.7453061  1220.915559  594.4033103  -4.659086293  240.6533904  -46.85197644  -188.5286478  489.0752786  98.86999977  250.3029835  -422.3100876  827.4227487  235.2431007  47.48158943  283.5874701  302.7888747  -60.88682154  394.4881728  167.7877071  56.89407673  115.158234  
405.5163984  779.54171  211.1792033  -202.3590651  -19.39980447  364.2810064  141.175265  938.933594  615.0381057  369.5898743  1216.441927  583.8828694  10.32835569  244.1513844  -38.77448185  -204.4202616  484.7473973  93.5181389  254.9091965  -411.6453433  828.5749128  237.3524281  44.10525057  267.7893892  296.1242412  -77.81400894  392.4617651  166.8164522  59.16988704  112.8078999  
412.701555  770.8142905  206.4705834  -198.750592  -13.76328692  364.9567708  157.7800581  951.1503172  609.8314437  365.7854376  1222.402027  601.773105  30.16178117  245.4614987  -45.07903457  -192.9976107  495.0886494  103.931986  274.9586402  -415.4022727  833.9861331  262.4411382  47.30308705  285.2277484  297.2451655  -97.52689932  384.9606667  179.0409218  58.39561427  108.8598505  
401.5122181  789.6120123  218.6090686  -184.1990691  -32.23426484  370.364835  146.890588  934.6083371  622.5457532  360.9015943  1216.277508  598.7807763  -10.3709652  244.8461508  -46.04735113  -177.7285109  501.4046978  102.7668526  241.4896618  -420.774911  826.3767743  232.5931187  46.90262601  279.6266789  307.7407401  -61.76669343  392.05422  171.2329423  55.51786907  119.7571966  
392.1796694  781.556828  217.7027839  -208.6873688  3.848349545  396.4126844  112.5832301  901.9698384  607.7775898  362.653911  1204.425645  583.4349134  6.822430965  277.7866701  -29.10720879  -191.7478312  508.0223361  118.9180235  197.257463  -437.0866918  819.536151  217.8901616  32.79990651  277.1600276  267.9432862  -38.79941292  406.9071815  180.6998137  91.91560797  126.2893281  
394.6121148  779.1793358  214.6855609  -206.2630113  22.28448455  393.5661453  106.3201642  885.9921541  599.8463375  336.7865034  1215.202736  542.6523113  7.568801918  275.9247337  -14.14577894  -182.0317775  490.8037231  103.2030587  182.5217745  -414.2411573  808.1666379  213.6498758  22.4596547  288.4024002  251.8235231  -24.11816152  417.8182281  171.1768103  89.15504065  127.5790688  
394.7789825  803.901437  231.2722681  -186.5744036  -7.703190941  387.0650183  116.672411  896.8545518  619.429755  349.5353319  1225.011495  554.4481478  -11.89157887  251.1891212  -29.06720551  -173.096049  492.2603993  99.14068399  219.6073512  -416.5088982  809.5517111  194.9436785  38.13560538  289.7730107  277.4779142  -8.330902043  430.3790875  163.9208134  80.50978997  132.1178105  
398.4580158  793.0922273  224.4011448  -198.6043976  -9.016218382  366.1897033  130.2073456  903.652622  624.4018145  347.8588972  1218.383482  569.5596217  -6.495583646  246.4671626  -32.73295639  -187.0287136  485.6132603  97.17154562  234.6945453  -421.0493928  811.8889462  211.3999461  28.44977961  290.2948949  282.826059  -34.18336077  410.9015566  166.9211367  74.26101411  118.9212527  
403.1672656  800.3785631  230.1394797  -184.4426715  -9.393804056  368.4202888  138.8916009  907.4616891  619.1874932  344.0988441  1228.466532  566.076521  -9.479684546  240.4716201  -25.18784044  -187.039357  479.5351851  87.58658439  236.987135  -403.5312915  808.9871754  208.4188805  35.02534657  302.5950394  286.965517  -25.0591449  420.6483995  164.7393331  69.42856148  118.3177274  
407.1371441  789.1766961  227.2094143  -184.5576809  -22.02837677  366.4819953  151.0857309  936.8870303  626.2731357  352.6716094  1228.439749  581.3435075  -5.760409135  231.1276731  -38.95284663  -189.71423  479.5639416  84.1346208  261.4862457  -415.4545873  820.465535  230.4205445  43.48748558  287.0892088  300.7127105  -53.04150644  397.9961985  164.646424  56.89498419  115.5362701  
409.2077478  797.5634346  229.1634834  -188.6413938  -25.56222673  357.4262105  152.0245881  945.4890697  643.126337  358.5129974  1229.464053  577.6129889  -17.11230752  204.8259429  -35.45143407  -191.5500922  475.3705684  85.96235151  280.6003053  -402.3325539  828.6124964  232.9042229  43.78198823  283.7296103  316.0553069  -48.52081384  394.0089031  156.4399428  49.73128379  111.5938345  
416.3687731  785.1761314  231.1780071  -189.8674433  -25.53906429  365.1880545  162.0415674  951.085086  642.1250306  353.669684  1236.713688  591.3185714  -11.39363526  206.0742078  -32.98296721  -192.3962309  480.8233255  91.01198331  282.835784  -406.7578893  839.0708059  246.0342829  46.52453  292.5010464  305.6397002  -63.49739075  383.2180589  159.6275317  49.71032378  108.0002923  
401.4724088  767.5031614  214.3894596  -200.6423524  -41.67189581  343.7397344  169.4589694  954.2178447  640.1985072  348.8057368  1222.773986  593.7532792  -12.03982942  209.0168964  -42.47286949  -190.4855313  483.9751289  99.4635291  304.0396507  -396.0698574  846.0553875  252.6783157  59.11409638  282.4950108  323.3913549  -86.67777321  362.6723881  158.0259317  31.8626548  102.0192388  
388.4736775  767.302114  198.9314475  -203.3794714  -24.16130769  353.610498  144.9132182  939.6003625  621.9263764  352.2736198  1216.969392  580.624605  -12.77410961  241.5925463  -39.02276037  -199.9773699  480.4728303  93.54578511  256.3722428  -404.5642173  824.9610514  223.9528294  47.94692662  272.2081503  311.8702757  -69.50566566  383.2096098  164.1164896  42.50195126  112.9447404  
393.89421  787.7011196  219.8411774  -194.7128114  3.808519921  381.6526368  109.4025788  894.016763  612.5083226  344.9896332  1210.8211  549.533033  -8.028199605  276.4699393  -32.39256421  -183.7823599  493.738545  96.63685524  193.6989287  -420.3455157  794.3302315  199.4081722  28.98347075  285.6238561  273.2120388  -14.7914099  429.9403727  165.9997307  84.61515759  130.7466562  
392.8586255  803.1810757  228.0389291  -185.6201152  0.299502683  377.7509449  111.2245253  886.8621121  621.8037232  338.6973687  1215.8198  532.2120784  -11.67157416  271.8427472  -44.2778821  -167.3472596  503.3874067  91.36534924  205.9577653  -412.6352443  782.9781431  192.2290364  34.48275517  295.7270149  276.7994033  -0.7809873904  441.0871322  164.1461662  87.07698524  134.0372213  
398.3184596  803.488329  229.8097696  -185.6202447  -0.4904087248  378.0322192  115.6370543  888.9020492  620.7021163  336.0369123  1219.683624  537.0033835  -12.37989899  276.1563551  -32.41816786  -176.6554001  494.4158637  85.00406643  188.8997944  -419.5699258  790.8540961  193.7273663  19.06281595  290.480593  268.9221904  -3.944242375  437.2638879  170.3064189  87.06332115  134.1152753  
394.6937968  796.3197729  229.6580604  -193.1087023  8.959109345  392.4739242  101.3200974  887.2177749  608.6611813  336.0697502  1214.189134  528.6737752  3.280678996  285.5193811  -33.48900702  -171.9713766  504.1265463  91.71083254  177.3109925  -419.8625179  795.0117603  197.6756253  22.71681922  297.6081301  262.2823946  -2.244266093  443.9193868  176.5170223  91.67196607  133.8042013  
397.2325059  794.1017879  235.467013  -191.3785889  -3.174329695  386.5207105  101.1898248  885.0397018  603.9153577  329.3789614  1207.798073  528.8425734  -3.571061128  284.8432035  -33.95359903  -169.2382315  501.3571521  89.72828261  185.3192704  -420.0102732  795.4175806  182.1959159  25.30436663  292.0689999  259.1104037  -5.676881062  438.4626325  171.1190933  88.89553321  135.4397332  
397.1895394  794.4291539  226.1121419  -190.9513971  3.042192604  379.7412877  109.3613146  895.4672737  607.4842739  336.9299685  1209.385126  529.2356345  10.12270444  275.8315575  -37.16074829  -174.6517306  499.4510605  89.5452837  201.5267573  -418.0424748  797.3835531  197.162731  25.1085523  292.2980354  260.3552658  -8.881750067  434.9474973  173.0545462  84.98327814  126.3679926  
401.7401497  779.1500974  208.2032174  -199.5088171  11.00228834  367.8912008  133.382805  912.9894017  602.3835041  339.7908639  1215.72371  555.0411356  16.35790585  278.8734071  -38.10351017  -188.8365341  499.4525926  89.200837  213.9361766  -417.081669  802.046177  228.544931  25.14127939  288.1577158  272.1557061  -49.75534147  413.4986094  177.9015394  72.98232827  118.2479149  
397.2399971  795.8890207  230.487006  -180.6265367  -11.65887879  353.6060798  127.6088445  897.3388703  630.0902683  335.1773313  1227.60122  553.1742997  -24.20887057  246.9753629  -31.17155939  -179.3087921  481.1623231  78.08020627  233.4077979  -396.5462447  799.5009094  195.223037  32.42419808  288.3599967  288.9022994  -22.92323877  417.9418539  155.5848273  67.67949147  128.99185  
399.9367727  784.8727736  226.6782408  -193.8500959  -4.372483348  375.4031389  125.2569441  915.8533343  626.7946864  357.5130264  1222.533311  581.025802  4.533482093  258.6974187  -36.32138068  -188.7348601  487.6408861  97.36946839  226.5201991  -429.9299039  800.6000671  210.5868217  37.5805763  288.5081901  284.2501195  -31.59068245  417.2139391  173.0336842  80.75570548  118.6326852  
402.4678335  774.3470568  210.0470458  -197.3418442  -1.773409823  375.1899226  130.5785977  914.6471011  608.7140642  348.5494147  1215.282256  575.6435201  2.136049299  277.3494493  -36.72095833  -187.8165896  497.0074839  96.48293665  206.5086434  -422.9074843  807.6757474  228.2854017  29.44818095  272.0781451  283.0763846  -57.24630168  408.0231599  173.6579819  73.56779238  120.9886954  
403.2309306  788.596725  215.3318151  -193.3831913  2.6586675  369.3641719  121.16928  910.0118116  619.4491702  342.0152898  1227.423318  551.6725238  -4.495013673  269.0446853  -35.52786433  -177.0719693  496.2981661  85.83578555  219.892672  -408.0158868  800.6361037  208.644529  24.28803287  294.704417  284.5018653  -36.8268889  430.8929538  163.6873101  77.07183628  127.3418582  
396.9544523  786.1246614  215.7171292  -189.2914516  -4.540114499  375.1292833  122.073399  913.7052851  603.2141481  344.5521855  1222.436489  555.6640029  0.3231045534  278.73561  -38.95390561  -179.6791297  502.0507973  85.61392411  204.0536474  -417.6041609  799.4667262  209.3582224  32.28791184  286.487054  282.0612008  -32.9058153  432.3617799  174.7203933  75.18448764  132.4144445  
402.0927845  783.8308936  222.4883347  -192.7724268  -3.569734481  369.3453693  127.1924886  920.3315185  614.9994716  350.6804389  1222.637646  576.2735988  11.35340706  266.7661058  -39.81714602  -190.9184935  498.3210476  94.23461773  214.9865316  -432.1493519  800.0038875  214.8427292  28.91558216  288.3902983  278.1456963  -39.96293175  416.4986123  177.8763384  78.45894705  122.7779909  
403.3033635  772.4064225  215.7414928  -205.1476351  3.672611651  362.054387  137.8307286  914.1774764  622.8535787  345.7837471  1229.064848  579.1702337  3.986888958  253.5435173  -24.73963081  -197.3775683  481.7175714  94.93302358  230.5553896  -419.9247554  809.7686626  228.9041842  26.73118945  288.1822449  279.2515445  -52.79715791  402.5773709  169.5131898  66.5493579  111.9325551  
401.1609209  802.4768761  231.3967231  -193.9624708  -28.93801744  361.2756889  124.5050498  914.6961581  631.8473208  345.5497523  1221.853294  571.330412  -31.76953598  241.7636504  -32.2707701  -180.2807913  480.5722116  91.81054343  232.574898  -417.4667336  810.7948641  194.9497931  33.92692691  284.0308561  299.6751073  -36.34916643  408.0064022  158.1065493  58.04959756  126.6463172  
402.8012889  804.1739723  247.219285  -191.2422198  -25.65366686  374.9375914  103.800975  897.0184515  636.7068058  350.5232037  1222.623912  593.5868459  -12.01451514  256.9337202  -34.93506101  -180.1147947  491.630868  110.6552159  201.2717489  -444.9102091  805.3781103  191.9374356  35.0608409  286.4554534  284.9511956  -25.030596  416.9693022  173.8065448  95.43514491  130.4688582  
403.5078739  791.03563  241.200581  -185.7034311  -7.894095835  379.6721562  114.2083302  897.7957484  626.7103776  349.951062  1223.402714  592.2313516  -0.9286306117  262.9302981  -32.19315381  -186.0598354  491.2426207  105.4272579  208.53759  -442.4068433  802.1511179  202.1637712  32.69323088  300.7615201  280.5976508  -24.3984537  427.594374  170.9569526  88.02485771  128.2757787  
400.2796076  782.2601934  240.3672612  -194.749081  -8.273109729  386.8863717  117.0465592  902.6748265  616.4027103  355.1851281  1216.736845  594.0685403  10.2926453  273.0077937  -29.43764152  -186.5085313  498.8037608  113.4684073  204.3643688  -445.930267  809.5060373  205.4059769  30.54872396  283.5267512  273.5523471  -31.89099074  416.0617507  176.1696478  91.80012237  128.7571183  
401.1539884  780.3705995  230.4991846  -199.8815977  2.575638863  380.4740212  116.7800386  901.4332317  619.8633372  349.9455414  1219.65936  580.084984  8.651856798  264.0831484  -24.17638973  -195.8587226  489.3314843  105.9127874  209.554264  -435.5529665  813.122429  207.6898594  21.191203  285.8210781  269.1276886  -34.77182535  412.1725955  172.1681282  89.5558639  120.8510935  
402.7212901  781.3328149  216.7300646  -200.6842024  2.328896158  374.133877  121.0938364  912.7879761  609.6597438  345.5716381  1222.897792  568.3664695  2.658965521  270.2261594  -26.73169579  -192.8984745  484.3851506  92.21631312  205.3512636  -430.2051835  815.8814724  211.1064616  19.27859779  285.5608728  273.9702015  -40.61701365  418.2460828  172.8560809  72.79640035  122.8831982  
405.2610415  792.3497392  235.1988778  -189.5640829  -19.85546715  368.4490424  126.3512557  909.3249293  623.0744503  339.6575714  1226.055698  567.9045486  -12.5099504  255.0474114  -32.86944429  -173.6335229  483.2978283  89.48294001  222.6072012  -418.559883  815.387078  197.5691752  27.88770679  287.6602908  285.8618562  -38.53810467  411.3948248  164.3055003  76.02761118  127.2459349  
401.5796973  789.8901949  219.4627702  -183.9959038  -27.322045  354.6795001  137.3863694  926.1240312  634.8493387  356.5504037  1230.865909  586.7714196  -7.893731277  245.7307141  -48.63326373  -185.9424018  483.475117  87.61146213  246.743449  -414.3872013  805.9024279  219.6813313  41.05633189  279.7924506  300.849578  -50.46788319  408.7562138  168.4403205  71.19518076  122.9903734  
405.4880633  786.8251102  217.3556344  -181.275624  -11.53760693  362.3573807  143.1415747  926.6079142  616.99891  358.1496491  1231.556121  580.1231872  -0.2825927963  251.1531927  -41.88480401  -186.7967341  485.7950294  85.86520088  239.5396355  -404.7428789  808.2064032  225.0185261  42.6059053  282.9334982  297.9349691  -54.87692064  415.3419477  165.2429397  69.47990748  122.2180351  
413.5879215  780.9584558  221.7271566  -181.8586464  -25.63236344  357.8217036  152.3217618  940.6077945  624.1874193  358.7756562  1231.404318  585.3368203  -1.244968459  234.6800041  -44.21403466  -180.7314074  479.064422  87.49090418  255.3914862  -409.9117515  812.5405809  241.8483505  44.66971946  275.9906755  304.9207967  -62.15480156  398.8769887  163.0729645  55.51086695  112.914207  
407.6825133  774.7303113  224.6634242  -200.6431876  -14.7337562  371.2729141  145.8052044  934.1370976  623.8985157  357.7707227  1220.575752  578.8669548  5.92602906  241.1275067  -37.61329618  -189.9883572  485.6274067  97.12017113  247.5543228  -416.6280592  822.667488  240.8944997  39.15023261  277.3463158  294.2102317  -50.69615457  402.0435624  169.7466881  58.81007551  113.2314129  
411.9567616  780.864917  228.4948968  -188.4920396  -9.832351762  362.1849688  150.3453766  929.0964677  619.2344901  340.004065  1232.27588  572.4070455  2.241668678  235.3477699  -28.00549235  -185.2610164  487.2585979  88.26454512  260.3994057  -398.0116554  816.3835736  232.3453982  40.02964219  292.3305516  286.9515911  -58.23708489  397.6449945  170.7377926  62.08536041  112.5072525  
418.5105383  764.4440357  216.2193482  -199.6220795  -1.255566325  353.7421587  158.0821647  942.0960582  613.1005129  339.8175196  1219.259779  583.0320659  17.72518667  244.362236  -39.05751446  -180.2925041  494.6703678  102.6827748  262.0903042  -408.1425302  825.3001874  258.5821151  39.12699336  284.3358294  292.2062667  -80.37601242  381.0910534  172.9364386  52.49295421  100.8374898  
412.4137528  754.1177896  208.5844122  -203.2436327  -0.7757844869  357.278221  160.5069856  932.8647577  610.9209801  323.6511436  1217.053036  574.8076601  6.910352917  252.7869108  -26.1458392  -190.5395328  490.8367604  98.80880062  254.8914518  -403.217692  841.3498161  252.5798926  35.78139552  297.1914946  286.7406827  -81.08661026  382.4432524  170.9990581  44.03707897  101.7347371  
391.7048183  771.1428262  213.0512692  -205.9218507  -17.65787903  372.0956331  144.4307203  918.7719927  637.3923815  342.4532352  1220.356574  568.1810087  -19.65502354  236.7301699  -28.27145009  -200.7278772  491.3994351  102.8040016  271.9658423  -412.2660999  844.2432531  221.1250735  43.43041467  286.6735757  304.6778069  -53.32259625  390.2426094  165.6670593  48.85245056  112.7086053  
386.6645472  795.4184599  220.2162219  -193.7897644  -19.37951506  384.3179881  125.9396737  903.4065984  640.4063009  353.7763423  1214.866184  558.1349426  -17.81063962  241.8172264  -43.10572177  -181.4219336  498.2262243  93.50403677  246.8635496  -418.4796531  813.2848706  193.3997916  48.76856752  283.8230157  286.2877384  -12.17803328  415.9714955  166.7907138  70.30784245  129.953817  
390.2289076  802.2137503  230.6636687  -188.5408177  -7.799630336  386.7462266  105.5307362  891.1856663  621.5547924  344.7956545  1205.446084  542.9023211  -20.90807177  267.4676931  -30.53123266  -173.889054  493.6566294  96.15623173  185.6924663  -418.9425417  798.1823326  183.3041211  28.92203604  285.9321523  277.1290046  0.3044805572  436.102026  163.2702964  87.35978658  136.4136444  
401.0557136  806.9364909  224.9729699  -192.062079  -15.82952966  387.1858556  114.6126812  908.8944589  609.4289176  353.4170365  1223.97764  547.01639  -13.79593279  258.9860394  -34.81030711  -189.1190433  485.2785608  82.95292407  216.2554007  -417.9713569  809.20049  194.9896915  31.79076271  282.1231657  280.2632237  -26.38897874  430.9301132  162.0459871  78.31740062  133.672253  
405.6176993  800.6223649  232.9353593  -183.0526736  -17.25018489  374.7851053  128.7792939  925.0032436  622.5611885  360.514118  1223.405654  569.3796606  -0.7586891947  243.8471992  -50.37463387  -174.6946692  483.7534447  88.20192784  231.0380393  -423.093487  800.9779581  211.4078457  44.18139911  289.5876996  296.7189884  -27.34450154  423.6340335  164.8246219  81.15842066  129.1727014  
417.8198566  785.0252541  224.8006425  -190.728646  -19.87083493  368.3454346  137.8905505  949.5478562  618.5354486  363.7659406  1235.301844  590.2164475  9.129328433  252.2624107  -51.36335872  -194.7414607  484.6546551  90.07210912  225.2188463  -436.1621365  816.2559096  243.7047418  33.49412485  279.1003387  294.6631433  -57.72906264  411.9929527  176.0778179  73.79421353  121.1466173  
410.8129834  790.3923928  225.9041944  -197.8275582  -18.26053992  366.9973687  143.2254279  936.6289869  629.481551  368.8265525  1234.625386  594.2287942  1.335308522  228.0310306  -33.60710407  -193.1393074  481.0962838  104.660892  259.7213787  -417.5641598  828.098534  240.5956683  37.60683108  283.8264642  303.8149625  -64.45263655  392.2081784  166.0975874  66.28017071  111.1773975  
394.7965653  774.8723112  209.9211591  -200.1019519  -22.74900186  358.6491309  135.5921158  925.292233  628.0610313  359.1600309  1217.661272  581.835168  -10.62433812  233.2703681  -40.11895528  -198.7085765  476.4416305  96.22623271  251.9519702  -408.5202897  812.6421517  228.0122856  48.26706232  266.9758375  303.7318755  -53.21585931  390.311422  159.566112  52.27144392  107.9441026  
390.0404445  781.6364907  219.7272645  -185.9803179  -3.588096953  374.8384534  119.675244  897.5245525  615.0465221  345.0666524  1213.1704  548.0920033  -19.06836671  262.461214  -31.34880365  -182.5267742  487.9136091  92.55173416  222.4790615  -401.0159244  790.7190255  196.6213352  37.50256706  280.8211001  289.1133839  -21.84588749  421.0381839  154.2441592  74.79654163  131.2524888  
393.8759164  780.8760193  209.9517402  -190.9065992  7.763641185  373.758103  116.3663461  897.5382695  601.2105381  337.3438246  1215.142525  540.8850928  -7.368101069  280.2579087  -27.72915134  -183.0162762  490.3179393  79.18430451  191.2468626  -402.5648156  795.5276281  199.526669  25.35737088  284.1093353  262.7659841  -20.27290765  426.7794676  161.1937542  73.12815755  126.2247407  
397.5702277  782.3932726  212.5047177  -186.728247  7.493369787  371.7965037  124.4981425  901.6910617  592.0054107  340.0757994  1216.440369  527.8386939  1.685473456  273.0432567  -31.23452188  -177.3013  487.609654  77.99358516  211.7574246  -391.505956  786.9776963  205.801912  26.17681762  284.4299479  272.5313429  -28.34667107  428.1197548  160.4540407  73.09093249  126.7427971  
407.6719153  803.9869324  237.9526174  -183.9857682  -18.58950794  369.329508  131.2051336  927.5339317  624.6467222  352.1919751  1222.347264  560.0794253  0.316534543  240.9772855  -39.58066048  -176.3905412  492.9122151  80.29411811  242.232081  -404.8662609  802.6968007  202.6177795  37.97944796  290.0067683  284.7685669  -32.90160244  410.9213349  166.289483  68.6539831  124.8964332  
413.411244  782.8901449  222.5851413  -197.701732  -14.42102345  371.6363422  154.3555655  949.7872574  620.8939473  359.1619589  1234.725508  596.1104046  10.22168692  233.6929734  -35.10896433  -195.6901291  485.171779  92.33381323  258.2388458  -419.9123723  832.3692785  245.7275298  39.57309282  288.2780591  295.9611432  -75.61779267  386.3262895  172.4588941  58.70549506  109.6037511  
414.1331329  789.163324  233.7888974  -196.9125453  -29.67066483  358.2164725  149.8684004  941.9546203  625.2125871  346.3225735  1222.244341  583.7322103  -14.05868563  214.4412916  -23.64177568  -183.1162369  475.0095896  102.1614549  261.0155837  -398.8115347  835.6899797  223.8671885  45.16560269  283.6560702  310.8785048  -63.1263456  380.2406506  157.6522121  52.77317438  108.1269642  
404.5002043  778.843725  215.9471624  -206.3970359  -9.974217644  362.7097276  140.90984  936.3682916  612.8818066  352.5493522  1212.422043  585.63469  10.29807736  234.6256674  -25.83943276  -193.7985666  478.4573783  111.467452  240.7815245  -407.9573676  840.1714634  235.8298683  43.73614839  276.0571297  293.997365  -72.13498324  381.6192667  170.7833177  58.92888309  108.9865496  
388.7280622  796.1612558  208.2469426  -194.4771487  -19.1656295  365.8467654  135.8343033  916.4760136  636.6567996  356.8295139  1219.924059  566.7684127  -20.67537463  228.1005724  -34.50954735  -195.5631821  483.1405754  94.43965668  271.8730034  -394.0935766  823.9110023  212.0232651  45.20755041  284.6406071  299.978384  -46.72501238  396.5299045  154.9410169  53.70931661  119.4459985  
382.4864347  808.9584023  228.7036638  -186.2701297  -17.351665  373.5545101  121.8789302  908.7997853  644.1743734  356.279666  1219.863395  547.397991  -42.00381505  231.1767148  -38.90363762  -173.2741446  493.0024797  86.90854495  254.5875337  -401.7167964  801.5907781  179.9498797  40.75183068  302.7712572  311.6729378  -2.705919632  424.9850746  144.431045  68.02049334  133.8547935  
405.1460197  801.7918638  226.0967198  -191.9825444  -8.941797406  356.3061714  136.1232315  918.6239113  627.6222443  339.1294296  1223.138551  540.9144741  -12.72159647  241.0047463  -40.11219958  -175.7836575  486.5663623  73.21672247  248.090069  -392.6583472  796.3995013  203.4079268  33.04122824  300.8799834  284.9864847  -34.18306295  415.5232648  159.9524648  61.29114552  121.3903816  
412.3486528  802.3331316  226.3732455  -188.752202  -22.49833265  360.7224886  141.1291301  931.2857689  629.151004  353.0761469  1224.051674  562.7878066  -15.13035596  233.5354513  -45.77648078  -175.325558  484.25265  75.31568209  255.4396062  -403.8955786  799.5180096  216.0395905  41.83914035  283.3231294  293.0986091  -45.46663518  403.1672302  161.7764038  59.98231011  119.5848997  
412.7717693  790.7330014  226.3324264  -192.4669109  -19.60078985  355.9168442  147.9777049  940.8060844  624.3701278  341.4497655  1226.212732  562.2835349  -8.362366793  224.7763044  -39.48783266  -178.1176782  480.9470168  91.19278325  252.3006443  -405.2706471  818.5750616  230.5397287  34.07039033  295.1375936  303.4012316  -53.91244606  398.762228  160.1230754  58.0994528  111.4209544  
410.6803946  784.028755  229.6976209  -193.7810237  -22.36154866  355.4070267  149.8558682  936.3885795  626.8804591  332.4131324  1222.680071  580.6971417  -12.38367927  234.4885773  -31.94218075  -186.0215864  484.237303  96.85818175  244.2794498  -412.0035013  823.1347336  232.9672028  35.25696647  301.7667807  301.4376258  -56.65253238  397.7475403  167.7937591  50.55734251  108.4863939  
390.4786592  783.4575959  215.9099633  -203.0580119  -28.63926403  381.7216434  130.5930091  921.7105119  615.055331  355.9735898  1204.679218  588.5022312  -14.20800949  252.2372701  -33.05831855  -199.0176418  486.7404353  114.6817992  220.9312113  -431.5811981  819.4591209  225.7460952  43.46695274  270.3941945  305.0056955  -47.76800207  402.0140782  167.4562028  62.97123788  120.3904911  
385.5173787  805.8605849  228.0410107  -188.3406495  -8.823190355  390.8276159  104.4650892  891.5389975  619.0982626  349.7617416  1211.843503  543.1560366  -27.70289447  263.5529717  -34.14680886  -179.7948256  497.550771  102.3440498  202.3118274  -415.665635  791.9330403  180.4857634  38.49689201  278.9975461  286.0523909  -0.6535983507  436.2035599  162.7441856  86.36426904  141.6219767  
386.7633067  805.3085843  225.334869  -195.2880901  8.882084465  390.2869337  105.5213977  891.0601745  629.6209959  351.5066971  1224.171822  536.1723036  -8.311560053  271.0398166  -37.45695346  -177.869258  511.2667839  95.87842409  197.756137  -430.3876908  795.1092647  190.60614  23.63871365  296.6338614  269.9245039  -1.127871725  443.8906286  174.6525599  96.71738894  138.6872061  
391.7244909  798.939578  226.422582  -194.5155872  13.16084596  391.5383543  99.80196668  887.617402  617.283353  347.3148875  1226.390138  536.0348742  -5.018218998  279.8505591  -30.32979768  -183.8070249  505.7471416  89.67882657  189.4969313  -427.6884228  800.8347091  188.2983313  19.09566946  299.6781026  261.8575485  -1.951093882  443.9205763  171.7626554  96.32403686  139.3420445  
391.7854332  781.8335371  210.6568034  -198.6335698  17.26861039  383.9585548  116.6511265  900.5878239  608.9366144  340.5823026  1225.901937  534.3445684  7.038759556  280.9454079  -37.12108598  -184.9821922  503.7746696  85.95541008  200.3894024  -424.43186  803.1895198  212.2322683  20.64110028  293.3982326  263.7966426  -26.66079419  428.8125349  176.6444429  79.85085807  123.2064415  
394.2345035  782.3262057  216.6070931  -195.2856835  5.06009577  373.6452665  115.059566  900.9501107  615.7824223  343.7801953  1218.858547  550.6898281  7.604161908  280.3802905  -44.72545532  -182.6106739  506.3232104  93.77702683  200.8725935  -432.8542492  794.2714825  208.0948212  25.14110975  285.3840002  268.3747415  -20.9152746  431.9091607  181.0177847  87.67288759  128.5549993  
394.8973258  783.1820055  221.5197523  -194.1270575  3.219160129  372.3437632  116.0344085  899.9166366  611.7196257  333.1064298  1232.837699  550.8015775  -2.067625295  275.4744257  -28.78940186  -191.3074674  489.2042244  84.70026981  196.1327726  -420.0296297  794.4795873  199.236283  19.85888176  289.5479355  273.1960618  -26.18064629  429.5457292  170.2654422  86.30484174  133.3684321  
393.3242711  783.7520664  219.7414491  -182.9587528  -7.482177119  369.4992739  125.5125426  907.4067696  617.0440056  335.1619668  1227.937373  545.4689763  -13.2414309  262.8484364  -39.48017813  -180.8563693  484.9787257  80.10735316  208.9738706  -414.2284755  791.6672626  201.3140047  32.22713542  286.9982143  286.5077383  -17.16335025  432.272265  160.1549893  72.26698666  131.8780393  
397.92007  792.4544017  220.4619534  -178.7214527  -15.16515235  360.0641415  127.6046946  916.3821227  631.0520167  349.2193367  1222.199408  562.2370911  -8.340598786  264.3019601  -54.66937493  -176.9018873  501.279224  82.94993338  220.8643644  -421.2706657  793.9429502  207.9094087  38.25252896  294.5511309  291.5282854  -18.31957677  439.6836171  167.8080566  74.08586779  131.7708488  
407.2503706  782.8764644  230.8748655  -183.7672536  -23.37372658  367.0099172  123.1546598  916.0811774  626.9983627  349.8838022  1234.042592  580.3773098  -9.287208046  261.426198  -47.15148523  -185.7671065  478.5849137  79.95476214  205.4409595  -431.2298745  790.8075834  220.0835621  38.58383958  279.1740457  283.2975856  -31.94380209  425.3692139  167.1842453  81.2405862  134.7797808  
401.7202944  769.925479  220.5328156  -183.8345047  -15.16215749  359.4101509  130.6244873  925.4935932  614.5903999  352.872772  1228.927333  587.670011  20.51284838  265.0465524  -52.03102975  -190.0865787  488.6920357  89.51922881  211.3311355  -425.5952553  795.4057673  236.9088741  48.39868978  275.2561134  281.4473146  -46.83525645  420.0295348  178.4136853  79.35802275  128.8721631  
399.0165388  771.3722773  219.6279706  -182.3050938  -25.52434115  351.8066456  136.4938771  927.8359957  631.0777178  342.7819211  1238.947518  576.3339081  -1.969686801  259.3209115  -55.01503006  -188.9701568  494.5503816  76.63302906  232.72181  -421.9228913  801.4472876  224.5219936  45.12956908  291.3431915  293.2989408  -45.43628531  417.056748  175.6961217  68.58228486  125.2228129  
399.4443207  769.1816651  220.7096218  -189.5846614  -22.30054713  366.2150864  131.561252  928.4519693  614.731737  355.2707944  1227.172532  591.7877193  0.4452707232  272.9845538  -46.55781826  -187.3161971  497.5991194  86.87147413  212.4346912  -435.498585  801.9441168  220.0314429  39.84347194  279.6089613  284.8628709  -47.60635912  409.6414227  175.3088679  70.04136044  129.2060923  
398.8337322  772.4436678  213.3756668  -192.7776034  -4.202342383  369.8171674  134.7898638  930.1735664  596.8471774  364.8793475  1219.086883  597.0454518  22.38007289  265.0263925  -38.11646272  -194.7324208  491.2847805  101.0927419  223.5776854  -431.90695  814.4217827  226.6367353  42.04146272  268.3511665  285.9197862  -63.45577256  401.9158524  178.5076172  76.7545691  120.2149493  
404.3739639  775.5785782  208.151199  -193.4962982  -5.626292116  365.6152052  138.7025262  931.3345157  604.6815992  357.6644126  1224.858356  591.6943663  18.24615703  260.4065866  -37.02250308  -200.0861506  488.4266905  97.66017863  223.2589708  -433.8507873  818.0917374  243.4022099  33.9514737  274.279455  282.1218231  -69.23630186  404.9802754  182.1795907  72.22005475  117.647945  
406.8616426  780.9650223  223.9399356  -183.5651469  -14.87526309  372.8611445  137.3796015  919.3671732  609.5060974  349.4395776  1222.351686  577.5006566  0.9177361467  248.4690256  -25.57959227  -185.0341488  479.1705432  97.06559034  230.8573083  -410.5420225  816.5676761  227.3223861  35.8895491  281.6476007  292.4022815  -49.05236966  406.425783  168.5348941  70.91072981  118.2908047  
407.2161605  790.4241041  232.856129  -183.7954323  -22.75563928  376.0021354  143.7057876  929.5542442  626.9491689  362.3206995  1220.824936  595.7752139  7.717224911  232.5315725  -37.10620551  -181.1283429  485.5966395  100.5752645  246.0768278  -420.5182606  817.423893  232.7426009  41.76212784  274.203798  294.6753539  -50.15432385  398.200608  176.2115262  67.22480393  116.9833128  
411.4855137  774.9538261  221.0547393  -192.6100196  -10.57419082  366.9362019  148.7084726  929.7705834  623.9764802  351.5548762  1227.003889  596.5632843  14.32302813  231.4143037  -32.63274909  -193.9342661  481.3438044  101.6977785  256.0166441  -415.4664507  823.4842671  247.4808116  42.15035464  287.4337367  284.23376  -68.67862225  388.6042156  174.4573148  60.72781468  104.5948027  
406.5444724  795.4420709  239.7039583  -184.627476  -20.90531502  365.0617543  155.6783162  913.6276597  649.4315665  345.5851129  1224.287183  587.670086  -23.49178735  215.2666033  -28.18406874  -172.2916744  477.7562587  103.9278691  277.3782361  -403.3637058  826.9485401  218.1653877  39.39457994  298.4097116  301.0318212  -39.49271782  387.9668459  151.2878533  61.65547751  109.115974  
411.4498518  781.7825313  229.7789747  -199.6652054  -15.89498035  364.0499517  155.3352953  929.5734088  633.2234375  352.9804696  1219.431454  609.9981471  3.940794531  228.7705693  -28.79038044  -191.0986809  482.9594746  113.9945175  258.4844464  -420.832958  839.0883973  234.3016827  35.76460569  283.9803107  295.9871596  -66.76874237  381.4608729  168.4520921  60.87084604  104.1368364  
402.5663496  774.5100544  208.9244513  -204.6536936  -2.062839389  368.0544751  142.6903485  910.0016034  626.3233347  347.2784493  1214.030749  584.8235337  -2.824750834  245.9543098  -20.04970565  -203.437705  483.0854215  109.2490993  249.5010066  -412.1692004  831.9035634  228.2836436  32.16252197  281.9119052  287.3802263  -61.59556995  390.1354353  163.8701883  59.58962831  105.9799237  
394.5037038  788.1658905  216.6080562  -190.3933348  -11.95331114  376.3818478  131.6735911  913.6186316  624.4164151  349.8157173  1212.147565  548.1968759  -9.519939618  248.2066754  -38.24975774  -182.1033283  493.9559408  93.05270923  245.4401537  -402.1410916  816.6058642  212.4684611  44.24795579  287.1066682  294.2792113  -28.04920877  415.7600155  156.3011975  61.51834288  125.639895  
409.9629516  791.9535279  230.6839026  -190.3277679  -18.56523836  368.3888152  134.0245852  923.7240722  628.1712004  349.7292723  1224.242912  572.187193  5.177648839  243.0274117  -40.47685553  -182.6133386  493.6975017  93.33070663  246.7591864  -412.5059246  816.5769544  216.419008  39.37148733  286.2561684  286.5785573  -44.70811295  406.2987172  169.7751989  67.78280709  122.4498127  
416.8012198  786.2170215  233.1239158  -190.2333533  -11.60303477  353.1337331  139.4775809  908.6055362  619.943402  321.5966328  1231.000854  565.2912271  -21.29404569  246.4094871  -22.69911651  -174.4073742  478.7852706  88.95842748  230.5444178  -395.2430524  812.3287191  219.1882909  33.45515603  305.20395  282.147238  -42.9343834  408.9142974  157.5902119  56.80303099  111.5733728  
410.1339804  788.5275405  240.0710494  -187.3406343  -10.70285921  348.260465  137.3483783  901.7594494  620.0218852  314.4947029  1216.194861  544.0423179  -29.10890151  247.4604875  -21.84709636  -156.4427432  484.7081769  91.29651859  236.7553433  -389.6926746  798.2401219  202.3160112  31.5688156  308.3388068  294.4819476  -29.85769122  412.709326  151.8762986  56.84377616  114.6575736  
402.8823766  795.4708173  237.0131149  -193.1989862  -10.06341678  358.31722  123.8755654  892.1719799  628.2817319  324.3073003  1213.43955  566.469851  -20.40143164  255.8991966  -24.19420603  -170.1023859  485.6726526  98.14101132  214.7826563  -415.2066142  797.5588279  188.4200541  29.02612937  302.3014605  282.1928904  -23.2310604  418.06993  164.6401433  73.24126708  119.7274025  
392.4787058  800.4711124  227.5239001  -185.0014338  -2.208961227  387.4731636  111.7848457  876.9803336  622.2432592  332.1936603  1214.528741  545.3675997  -22.34039665  273.5144524  -25.17195816  -170.0254338  489.1180543  87.18463909  185.428354  -416.278054  790.9252944  183.5760387  25.82812417  296.0686001  262.2064358  3.926563928  437.7119899  166.2230861  78.32088136  131.4882484  
391.3435055  803.1738939  233.5435323  -180.9241532  -9.83416378  392.9085573  102.005019  883.8411169  618.2939062  349.3338284  1214.102007  531.9237069  -14.60944174  271.2689357  -41.07449271  -168.2178455  511.6637943  93.45502403  205.1232961  -412.4054877  798.5006747  186.77483  36.80465603  295.6218459  280.0932257  9.918527253  452.4889113  164.5497309  91.19441156  144.8044022  
390.489783  807.5500594  240.5481881  -186.6762467  -20.49280151  381.6371832  101.4448207  892.1064074  630.7243564  339.9365482  1216.079191  530.4669443  -8.624319892  265.6718666  -53.2386181  -162.6305574  508.4003078  86.00135639  221.3774444  -417.8176286  804.7366099  178.9569147  38.77815039  301.432798  274.5589107  -3.661308853  439.3417371  170.2804043  93.65453633  144.6421495  
403.6342131  798.7131547  227.3502011  -185.7076314  -15.99825283  370.4461947  127.5078811  919.2390717  626.0256777  354.9834525  1230.194061  565.941447  7.784287753  251.1626686  -46.63922068  -181.5818761  496.7107108  83.03207279  239.2165865  -416.2399887  815.1018787  208.8642862  42.68301487  295.5038918  273.3808251  -40.64592583  419.4602806  172.3674498  82.8952817  127.0140496  
405.0484699  790.7731826  225.0495439  -190.5596894  -23.66342703  353.4879473  144.7472493  934.7279703  628.0035774  349.6786321  1221.485773  562.4839247  -1.990544969  231.8036991  -45.75313607  -178.4249953  487.8836168  88.85244826  268.7730249  -403.2432929  812.7866924  225.4476916  45.43101717  293.2657582  299.5685447  -57.67801921  395.5601994  157.9500158  62.44344929  111.9917721  
398.8834395  810.3851744  231.9218353  -190.4605881  -42.03897635  357.342429  143.7559889  941.0107448  648.4003516  362.5067014  1223.264722  585.0486548  -32.06377106  206.3699461  -35.74495686  -186.5715153  483.8625794  92.74070106  276.3685216  -405.2463605  834.0048994  209.2821706  43.30917  293.511429  320.3022511  -46.47435805  393.2757438  147.9727757  46.88319969  114.6515458  
396.0258824  797.7592442  226.7130768  -192.3515223  -54.54108491  347.434715  146.0292844  925.5095345  646.974416  350.6938561  1214.610801  585.4033991  -35.73091396  214.6380459  -40.00564535  -177.9839123  480.3996696  94.25268058  278.5744784  -397.5979512  852.8601828  207.0673193  50.38574552  280.7326986  315.1952189  -53.67752378  380.113117  146.116728  34.43997629  117.9378254  
405.7166697  795.9189854  224.6576426  -203.1402529  -41.26764894  346.9452491  136.1906945  941.7533897  633.5032609  351.0204085  1217.556031  571.7697934  -26.21457851  222.4719684  -42.41197454  -180.0194834  477.4267747  85.08956182  266.5246127  -397.0541925  831.5873808  209.1721256  43.53793208  275.4026183  310.745079  -61.89582879  383.663138  147.7735061  46.55726845  118.8359059  
401.9367797  779.9861657  209.0155081  -199.1971225  -25.99909985  358.8584486  146.4820386  935.9672595  624.2345908  351.932907  1225.342331  579.8196411  -6.132767897  234.7453484  -38.87853894  -184.8700293  482.8206405  91.10486276  255.9452419  -401.1932577  831.1432311  236.1689039  44.69607328  284.3817289  302.5287544  -69.89193658  390.4302498  160.2863082  49.58037261  113.4454402  
395.537299  772.2545761  214.3310156  -204.6902907  -16.53527532  376.0437794  120.882103  919.6202759  613.9320651  360.4862234  1217.79739  582.0609741  4.091097513  266.7721721  -39.96859454  -198.6890662  485.6667996  101.0946785  212.5519629  -432.2598133  807.2431579  227.6392959  43.74966648  271.2512635  282.207308  -43.57948384  406.4764699  175.124404  68.33289096  120.2099214  
389.9006063  781.969396  225.481398  -200.3549218  16.52387495  400.027504  97.69581479  890.9961765  598.5553055  355.8365963  1206.197244  558.7464475  15.54613433  288.4222325  -28.95629118  -190.7691935  505.9524629  115.2999762  188.1163093  -438.6586605  794.0129772  200.6273941  30.34148414  281.321119  264.4752314  -18.26013618  431.4213429  179.8490911  104.8282471  132.8248211  
392.5324126  793.6346035  220.0463726  -190.1721548  11.82164562  393.2724208  104.2743875  885.6780894  601.1047184  350.4846622  1213.089847  541.591076  7.218470747  286.5206054  -35.2100325  -182.5673173  502.9471097  98.52062652  179.7863732  -428.8315263  779.375997  201.7941092  26.60954382  288.6876337  263.714847  -6.681357219  444.1847716  177.4443421  95.48496377  135.576316  
396.2567101  790.878481  211.646642  -191.5550826  17.40389836  388.1683049  110.3557672  888.2352314  601.5900861  342.1362295  1218.700694  530.8621744  8.5991806  293.2162493  -36.07201392  -183.8150231  501.9828078  83.24939355  183.5343098  -423.2666873  791.7377858  206.0820438  21.21089329  289.5473618  263.0617866  -11.58402638  449.9417051  178.3400911  89.15005057  132.6259697  
395.8172974  803.7311743  229.2113549  -173.9013994  -9.603335003  368.5209314  110.03761  884.1405061  617.2087406  322.2330418  1208.936975  513.6629765  -25.31809433  285.5969878  -46.17394366  -157.8346768  507.4421083  74.11005609  196.7465892  -398.8757452  778.9806454  180.1878769  29.27018709  298.3421443  276.7006854  5.794248227  452.2278942  158.0935785  76.50382083  137.9845389  
397.6521883  783.0877448  225.5549816  -183.2166267  -4.010997094  376.7909405  105.5585859  883.4120786  609.3440431  328.577683  1209.517301  531.8113053  5.467065925  295.2602838  -39.96176652  -165.8205597  500.0050866  87.50842687  180.1889731  -416.1580949  785.4068004  189.6818621  24.87902096  287.4070815  251.5851632  -5.196515524  440.47807  173.6740249  88.88602379  135.2794294  
405.1999947  765.8294772  212.7298869  -186.8787648  13.01417964  373.9097854  119.8574033  899.6338273  595.3510405  332.7285054  1225.432792  541.8629458  23.10063388  282.6875883  -38.27125699  -188.0992038  483.861349  77.9591816  197.3123508  -416.2568648  782.4949788  221.8716299  26.40842303  289.74835  257.6468685  -25.26442674  439.6883677  174.8951562  86.52721662  124.3454281  
406.959993  768.6124097  203.8056818  -198.339646  -2.373195264  360.0379049  124.3358145  906.6647884  593.6378533  344.9649613  1219.029841  561.5360582  35.50555157  280.2232073  -51.88796313  -191.1116177  487.5485279  87.46159965  217.3939497  -423.7576841  792.5644932  236.2818966  35.40336139  279.1017681  264.5116314  -57.70806098  415.2225506  184.2332772  79.86423885  118.3398338  
401.8749112  777.6455198  223.9731535  -186.213337  -19.98612617  356.4515227  133.2522959  914.6526291  628.0060225  345.0527361  1234.879306  580.5042751  4.413130809  262.2265924  -48.18957675  -188.5354705  489.924236  83.34176776  231.1063087  -430.7076183  793.6943908  215.4386441  38.50399735  288.5896018  286.2567084  -38.10897766  418.5826946  170.6802154  73.81744216  125.4212958  
399.3652267  800.2130166  236.9254674  -177.0008149  -24.90890373  366.509485  130.0713752  903.2854127  631.8115987  342.683377  1236.617045  583.2519965  -32.01989816  264.7877825  -35.65911765  -177.282188  493.7031576  85.39043094  205.4261568  -435.2482934  797.960412  194.7705435  32.18781479  294.8897912  292.6427557  -17.24941713  433.1081823  167.8157853  74.82642001  133.7029408  
395.1338657  819.2523022  248.0380338  -174.5452296  -26.93807065  390.7309233  113.7879766  887.1568708  634.7162449  358.5856208  1225.915161  572.812144  -23.17870842  248.0895507  -38.7745017  -165.8178207  501.1827125  103.0613614  219.6190382  -437.5251096  806.6643953  179.3040817  41.11889279  298.446346  288.896729  1.663148087  436.3385312  165.6926004  93.52276807  140.3009784  
403.2988828  806.5892636  241.4930066  -185.4023364  -23.9583029  365.691408  124.2772368  909.5850892  630.6555685  348.4573911  1226.800139  576.5317597  -14.61852907  247.4864551  -35.29430901  -180.0841652  489.7361117  95.43288029  233.1311601  -425.7175824  812.8628855  192.1831293  35.18181195  300.696308  296.5095806  -29.00971779  428.885988  164.9980062  77.78753732  127.9606084  
408.4024548  791.2849173  230.7612861  -196.9152718  -3.437478581  371.4134805  139.7356294  923.4656232  609.1390579  351.9809787  1237.612804  594.4876303  7.148123595  242.8523316  -13.59799785  -201.3888382  483.6019704  102.6929719  246.9014237  -421.4523537  830.9104348  216.2149741  32.49821528  289.7477292  287.3679075  -63.72730148  403.7441105  173.0995896  69.3082106  113.4104393  
414.2860453  771.8491476  234.3753412  -197.1063323  -17.39526688  365.0460634  151.3217192  940.3880673  614.4844505  343.2656981  1226.576362  595.1701667  2.873821811  243.6874862  -19.30679331  -185.1662699  487.8616834  108.9638804  253.7988974  -421.9228763  837.8329885  237.6416551  34.19950555  289.6396919  304.1284828  -76.22524318  388.9472928  168.8725787  60.94183501  106.5413031  
403.7290559  766.1267496  214.5542753  -215.6166139  -13.74659853  373.108556  142.4681656  933.7654266  618.0266487  357.6089043  1224.815762  596.6914634  15.35247431  241.6257221  -20.4079842  -204.438888  490.922451  113.3590779  257.1713502  -423.9098708  844.3046122  249.6836143  34.96976585  287.1265991  291.267644  -80.70193141  383.8246087  174.1817945  53.08258598  104.3766813  
412.1566719  770.4347466  218.2240556  -210.130727  -8.322173959  368.9578553  152.9120633  934.2615388  609.3817742  346.2533479  1231.536979  590.1980943  5.806025645  238.4823581  -13.9575999  -201.0576521  484.4956938  104.1885964  265.3359505  -409.1667486  848.1065146  239.9908709  35.06178515  290.7688942  287.8280249  -84.5997348  378.2421404  163.9096816  43.4961466  102.1213259  
414.3394471  765.1621185  221.816387  -206.9312963  -22.41728113  363.5053614  156.5303483  936.2269849  616.6237598  347.5859077  1222.674566  606.5965594  -7.284450716  225.4102793  -18.15596099  -197.4016609  466.5196293  111.3335467  272.3746068  -415.1346493  843.3424113  239.6390957  38.48558861  283.6242218  313.3806483  -82.57362343  369.4856993  157.4614263  47.98043427  100.0185877  
415.7376518  772.1146566  209.3174351  -204.0296972  -17.65743545  357.8476006  165.3483886  946.5418611  620.8851902  363.203328  1233.808375  610.1172256  2.525762295  221.9292749  -25.71363945  -209.0100356  469.1892314  100.7981194  282.849114  -409.4013329  841.7529628  250.5637947  42.39494383  274.0463284  306.3034949  -90.0583034  372.4482831  162.9242629  42.77712248  100.7367631  
412.8373119  777.2678728  211.2069398  -195.9334721  -13.02629985  357.7544215  158.2651742  941.659234  615.3467119  353.6736614  1226.46532  592.9029234  -3.621382644  226.0451381  -26.23113763  -195.9307045  468.8007724  95.42051488  259.3407813  -395.4635086  824.8469016  242.9105057  47.67606112  272.3646236  298.6835511  -74.18010953  377.1430631  163.0577264  49.5065768  102.3887287  
410.9179952  779.0235348  208.4748039  -205.7325498  -1.698784614  354.2452567  151.4808024  945.3166277  616.875904  351.871283  1221.012597  582.5325148  3.045578474  227.7807498  -26.67088516  -194.1365568  470.6017491  101.8969934  243.9058218  -398.6138491  825.8221108  245.3018071  39.33340148  271.9719598  295.7865423  -73.37655796  381.7537003  164.8637586  53.96930537  104.2170824  
404.3339091  783.2293919  213.0221395  -195.1814355  -12.98457895  360.0173501  153.1044679  935.2961883  624.818869  345.6313939  1228.299126  580.6067889  -7.386533516  219.6543718  -28.08130551  -203.6181884  475.9211475  93.10817374  267.3143577  -399.9792242  832.4744296  235.0446069  44.18815635  286.0280651  294.2002392  -61.01467835  386.6266488  167.4003343  48.85730197  107.9598362  
397.7429792  798.5173126  228.1671381  -190.6255431  -25.9020217  354.0460668  141.7102415  937.8322445  645.251321  350.8978598  1211.630373  582.0387873  -29.12917037  226.7555346  -47.15377782  -175.2390078  489.9284027  98.20014787  260.0579686  -414.0278533  823.9628705  217.9458477  39.98292946  282.3906635  312.5669768  -43.08651169  384.1886288  164.1219068  56.97331124  111.7085455  
404.1942132  793.5987392  225.4704601  -194.6813201  -8.290374448  368.8831825  143.4954486  913.4103251  635.7083278  343.6456109  1221.903817  577.5456976  -18.98919211  226.7563573  -21.88288442  -181.2741563  485.3761862  101.0010988  252.9519775  -401.6759446  827.8446678  229.0186455  31.74438274  289.3172109  287.8730575  -47.36569855  390.4529823  163.450761  60.41339453  107.3026757  
402.0220427  808.0657405  233.1147712  -186.9250346  -11.4264686  372.4414992  137.1236034  903.6809108  636.8057788  344.4903807  1212.187264  555.0748084  -23.85512773  220.6507266  -33.35362359  -162.7125721  493.7050999  93.84627116  259.7668138  -385.6166914  809.7049419  203.4626067  43.73546077  292.4040347  286.5210367  -22.71989135  401.1042845  155.6300568  65.03362713  122.543401  
396.3178445  806.8785689  226.3003267  -182.4670842  -22.21902757  370.0335421  137.1247614  910.1247967  645.3362358  351.6451887  1221.115242  568.5206477  -23.80586132  220.7189935  -42.69638415  -174.669177  488.719109  90.11723904  251.5438392  -403.7148664  812.2259416  208.5533749  45.82031985  293.7711799  294.1037089  -23.91562507  403.6304978  160.9319138  68.72079027  124.228184  
391.7824967  782.9528395  229.0236277  -189.9173842  -18.11420573  386.8457599  120.0426226  912.7644474  634.5784742  354.2125099  1221.46856  570.5726476  -10.13494683  262.3247534  -43.34920799  -183.7309752  498.2524481  94.58145668  216.60575  -432.9820795  798.2956939  202.8222306  43.77107585  289.6659527  281.2741167  -16.88604868  424.7391103  169.252487  74.83010204  133.744865  
389.5726314  791.0945284  238.9437102  -183.049119  -1.001421508  396.7350584  103.0784322  884.4778339  614.9386949  346.7886077  1212.274835  545.7557971  -13.8129354  281.9359229  -31.13625035  -172.858602  508.2432437  98.94308962  189.7197285  -422.8692223  786.0961485  178.1732316  31.15313216  293.0586963  272.9906893  1.20065711  443.2896171  162.112496  98.37932229  145.8783692  
396.0703484  783.4302349  220.1504012  -195.8626214  2.047017866  379.287911  107.8049298  907.5652297  613.2535407  349.9907231  1220.501715  544.4317441  13.31186516  289.5903631  -50.51456344  -182.178652  506.5564394  89.28004616  202.5096588  -430.2750608  781.1334455  205.1063275  30.91378153  289.6503025  273.9022543  -25.48811096  442.4416144  172.0349218  91.45322565  136.4287683  
394.8330405  790.989784  231.8251955  -183.2679732  -4.208382714  375.9923484  126.7434996  912.4187026  622.1856111  337.9826556  1228.999826  547.3105735  -15.40562354  276.1775576  -37.21744313  -172.0301489  493.9006402  77.59738723  193.1367845  -422.9885957  788.279162  197.1532763  21.5607654  298.089257  283.9068362  -7.340148168  445.9675721  161.1976402  75.63381407  136.9835684  
393.7484021  788.5679724  221.1672727  -183.1402487  -10.74145859  369.2403766  117.246743  903.5358876  611.2039307  347.267054  1218.484659  548.3282105  7.039356443  280.4599417  -52.82388536  -180.645843  503.3206087  86.08924854  202.0452098  -426.3817738  789.9074613  205.8482567  35.21198958  282.2562214  275.5296873  -22.0423074  440.2174291  180.0898056  86.24088711  135.4432407  
397.935848  792.0662688  226.6642357  -187.0689002  -11.51336522  368.5371062  106.2133336  898.5695533  610.6378432  346.3507261  1219.284927  542.4321939  2.716316744  273.267344  -44.41758016  -180.725911  486.7887595  79.84758505  198.2333454  -423.3814852  791.0399733  195.1790959  27.97701774  280.0250444  275.4912602  -18.17075938  432.9026715  169.5336991  88.32990293  133.0443829  
405.8050839  781.2108217  205.7385569  -193.0596213  -14.47798326  359.6107635  119.823259  922.7663309  601.1106481  352.4055279  1218.639868  557.690599  22.02480977  271.8627359  -52.71091848  -191.735015  485.8655927  83.48909553  212.8984427  -418.0058895  808.1998866  226.9618858  32.40795473  275.3950694  281.4770497  -57.62194058  420.5944626  175.8685115  73.04390993  122.7590501  
