47.05667421  645.2353877  -65.57641591  251.3493883  370.9150706  290.6878708  283.2743323  467.71034  85.59938801  164.296285  417.3276328  169.8252037  115.0951776  713.4600247  147.2234658  -113.0210353  539.3137502  253.4898358  300.6984291  -89.29050206  249.0842106  -12.84291648  120.719851  517.9127493  104.1333258  -141.3403585  479.8032016  38.80555615  340.858589  120.6626854  
60.88364572  618.6521357  -73.71205917  242.7382514  385.9766635  287.0716258  281.7458408  477.7753537  68.8500624  157.1149495  421.0135166  192.7468499  89.84098159  720.5439133  137.2517124  -115.3327721  550.3350128  224.513971  289.757753  -104.8784809  236.2639932  -6.779505758  131.6548399  514.4122812  128.804187  -115.4139103  461.6739218  33.88754973  325.2616745  122.9231146  
63.484156  607.4126536  -64.90750431  232.7817897  386.2189234  307.6306041  269.9557254  478.5716451  73.35623636  168.04899  436.4575473  200.9468844  90.00904875  716.9123129  129.3592612  -121.3174858  553.3175709  208.3923774  282.7810687  -118.5167576  237.0283719  -5.784731517  135.9055927  528.8664938  133.3557577  -90.51604697  418.0810136  42.5308698  325.6219399  123.3781346  
60.6839169  623.1642772  -67.74554454  238.8580805  386.5075251  312.2481623  269.5221776  474.8378442  75.47216668  159.921927  431.2140588  173.1234219  87.48625062  708.0546473  144.7983964  -116.0757697  544.2473397  198.2514492  283.628613  -94.41659545  228.5415304  -0.1952881052  136.4020195  534.9666731  127.6189323  -96.15869599  442.0905013  31.00399307  330.271825  125.3975933  
66.44908134  605.7380901  -74.12856917  232.9061234  383.7477456  301.8319735  274.3226772  485.2435389  64.79653556  173.2316804  425.7976994  194.802995  73.80667833  712.8920516  136.7578141  -110.949354  552.4580349  188.5524289  291.0424342  -113.8899334  228.7791589  -7.31673266  135.648575  529.353737  138.462275  -89.77383653  425.8090303  38.17676532  323.2833376  123.782545  
61.0647704  609.8094379  -60.81527871  242.4034869  386.1922273  314.0481266  273.8648668  480.3058649  74.92646797  171.3259312  440.1001858  193.209016  88.25252332  713.8312141  133.0077715  -116.54954  554.1577008  206.2042148  268.6334936  -107.275253  235.7624034  2.727799647  136.3126785  543.0477256  132.4511691  -80.68951331  404.7185757  43.66082175  335.5173183  127.78232  
59.18753112  616.2743264  -65.67286735  238.3020506  374.7854164  313.97669  273.6096871  473.7806165  80.93405968  173.4882185  434.0720878  189.9485308  80.45821071  714.4829144  139.9503599  -114.813842  559.0115428  205.6297985  271.7046505  -106.2790328  236.0977579  6.82994255  131.2239689  555.8251037  124.2934074  -90.58762309  409.1766155  32.59998556  337.7502131  125.5947032  
64.74443895  621.8308072  -72.19113047  235.8012833  385.6610265  292.18825  278.9931617  472.86717  65.67930762  155.5964195  419.9212146  184.9011346  79.85642851  713.805095  142.4611468  -110.8666721  537.1105829  206.7389315  284.1021817  -101.1949629  235.0125159  -5.386236506  130.0440299  520.8318823  130.0404908  -105.2537831  439.2221111  32.45047003  326.1132245  117.7806098  
65.08561353  609.0209626  -63.46049039  239.3597981  392.6753774  312.152082  272.3054453  482.5420058  75.28126827  165.7813262  436.2535443  203.5600362  78.20749998  715.3461291  124.1338233  -115.0694138  555.7873331  210.0280822  272.5397581  -114.8224598  233.3867495  13.03613854  137.0392441  535.3470579  138.8871712  -82.34823888  415.4858658  41.12570559  333.5698585  128.1307861  
59.50724927  607.8013622  -58.93225303  245.2600747  368.2733434  320.2272948  268.4215881  471.3631573  89.76977307  189.9746159  434.9336112  194.1842074  81.32168683  710.375142  131.0342574  -103.9024762  557.2263795  198.909482  279.5065787  -104.8070856  235.9605246  4.764438974  128.3992776  566.2763112  126.1463004  -70.8187987  373.0505273  39.49641651  339.9386239  131.0555749  
61.74177465  616.9867564  -70.6636364  242.443491  380.4435236  295.0164898  281.0922374  471.5684634  80.74632007  157.558553  426.0438219  186.8454042  94.62292835  708.1531093  134.795772  -111.9007298  547.4263484  206.0943681  285.0496966  -99.74020839  236.3851781  -7.34467041  134.2478035  533.9998987  122.6333693  -99.07783384  432.1428251  29.41283363  328.7824285  125.3578206  
63.15347718  602.9859232  -63.06295155  237.4635249  375.9917779  313.32286  272.8225404  483.605209  81.38716295  161.360253  444.9102306  190.3742018  76.76879155  711.4120259  125.1809727  -111.7984936  552.3558723  188.1568357  259.5447787  -110.1420507  233.4408753  14.2122327  139.2912583  552.984981  135.0214218  -79.90420334  396.2059378  31.15711165  335.7912489  126.8225188  
59.75934695  609.3071729  -62.89352127  235.5212466  371.4339477  320.9219874  270.1139941  473.6205189  73.73177584  177.1600577  433.8127888  198.8077393  93.72552764  716.602121  147.2945696  -115.4978368  564.0112147  204.990435  284.588769  -111.2045171  235.7533425  3.522069769  134.0445804  554.9701232  122.4700401  -84.34504087  401.0445927  43.49697557  338.2186028  129.4148676  
63.44169194  614.2955127  -69.33867208  232.260089  377.7354017  294.1430584  273.2726465  482.9765884  63.073815  168.4837483  419.5599744  202.353586  83.69763762  722.1098875  139.898507  -112.3434795  550.9477376  203.096354  290.3222004  -117.9950509  238.774532  -3.327070803  130.1886306  527.0591177  128.4596495  -97.86608329  422.8601844  34.19469061  326.4062774  123.0628537  
61.79232329  617.0810901  -61.61466179  232.1573104  389.3134439  310.1641729  273.35197  487.99945  68.51842218  160.7330602  431.8461247  194.7601279  88.38703267  718.6886711  143.2732015  -113.2980829  545.8487401  211.1770243  277.7051544  -113.6558428  238.7684044  4.728792699  135.5244774  540.1891902  136.0711054  -94.323366  427.6901226  40.59842964  333.952367  126.9751848  
54.32184688  621.3120047  -58.14166695  243.3611009  366.6240293  336.0000452  257.9003789  467.0589384  87.29531251  181.003568  442.2899871  176.4218252  94.70408946  713.7543092  138.3381823  -110.030564  555.1113443  209.092883  273.6368363  -97.62227603  240.4858782  1.185638309  127.6359861  565.1286029  116.8682469  -82.4668846  374.7891439  39.39565537  339.1356457  132.8322502  
61.46059559  611.1022519  -69.03526585  236.6610872  363.2493998  292.4555477  278.5949869  471.8166387  66.61125358  164.757398  423.0694358  190.6200434  92.14925147  724.784357  142.2836615  -113.7651659  550.4686791  207.6430791  287.3990787  -104.2357251  233.8936541  -8.408581136  128.9180974  536.5659033  117.1030003  -101.6561574  413.704014  44.27730499  325.297713  122.8126246  
64.08757259  611.8701038  -65.60972236  233.8927485  379.1728086  315.3546498  279.5505002  488.3956895  75.31326964  163.309769  432.0672563  200.967122  90.77493326  715.7243881  139.3293763  -120.695853  554.4289095  213.1700173  280.3102374  -115.211778  238.1244431  9.87467295  138.8986548  542.2721613  127.4540549  -91.59151926  431.5158226  40.56663371  336.9795743  124.3762112  
59.84025056  620.3227426  -62.74791005  233.811575  378.3876539  315.8136585  258.341502  479.6709624  70.63491547  167.2372687  433.4938252  183.561911  82.40394979  719.5277047  138.3154145  -109.8900383  543.6338298  201.4854832  281.7498962  -106.2578884  237.4153836  3.69016276  131.6009799  545.8164838  131.8055931  -86.87790427  405.0630475  33.65561  333.7038032  127.4436656  
57.0949574  616.7232979  -70.16087309  237.3073319  388.6407385  305.1863708  281.3160506  481.4270992  77.74504378  176.69934  424.5985333  191.9657687  96.6269995  716.48352  138.7628887  -109.9948592  553.8469338  202.9798262  297.7752421  -104.2393433  237.1256844  6.363196867  139.1020218  545.3153553  123.5301386  -95.58046756  431.8399529  38.87884063  339.1576087  125.1623328  
62.86003642  603.7539257  -69.28977471  235.4597303  368.6108896  299.7601317  273.3299986  482.1570322  69.24322232  169.552896  428.5349871  199.8853245  94.1367141  719.7170332  143.5354031  -115.7195733  563.056695  195.6578118  294.3704704  -112.7921464  235.3710682  -5.03203358  135.7125933  535.6506167  120.5393757  -89.75086988  407.0694353  35.62588713  327.1719246  127.8536171  
63.92347913  614.5498207  -67.88294427  234.0319932  383.8631302  317.9324007  267.733188  480.1214602  68.59838825  171.2989552  435.1785084  206.5039603  88.60508448  719.3222876  133.4877173  -116.6342737  560.8475463  205.2284978  276.1386812  -119.047897  241.5246766  9.513972825  129.6877218  546.6561567  130.5672468  -87.86905311  399.7960319  42.94865633  338.6744426  125.1391889  
55.57027683  621.7145893  -61.37264741  242.0930392  386.7165824  319.5396091  268.7627725  477.297897  77.58159639  163.6223775  436.9097494  184.3486285  91.92639134  712.7578755  131.0886987  -116.7862359  556.5208747  215.8397124  267.1642415  -100.5952279  235.697708  11.49615895  136.404126  553.6140345  132.7564417  -94.9211226  414.551744  40.0965239  345.0077968  126.9980274  
57.85884605  617.1937328  -65.51463916  243.3590877  378.5454497  312.4101329  278.9114472  478.275129  81.99548001  162.2659772  427.8050027  177.2286339  82.4103893  709.1216641  140.9378018  -116.1423946  552.343259  202.6887386  269.2010589  -97.7416692  232.9628404  8.396337673  135.0561998  542.1642299  126.8031189  -96.48109719  431.2677583  36.03669815  333.8816616  129.695789  
57.87875662  621.453408  -74.77494867  241.6132558  391.3383005  302.4333688  279.6240421  479.12773  71.7173893  168.914036  422.7290532  179.6369155  94.57399313  716.4986033  144.572355  -115.6733344  552.1376972  200.0075095  297.2112995  -96.21923032  234.1407589  1.702932326  133.2255352  531.3049067  118.3219984  -99.21541294  430.7722918  43.21894808  334.2224544  120.9199719  
58.23630857  629.7302057  -64.20010242  237.2593251  386.7357491  307.8083284  271.7287711  473.8840588  76.10246414  157.8664369  432.4297701  191.0418604  92.99906974  717.8759687  136.4336178  -119.7954226  549.4641622  225.1826943  278.6238538  -106.5828791  239.28044  -0.7427180869  132.6188254  528.6264225  132.9778212  -104.8216169  437.7288879  43.94816975  331.4170577  127.5476901  
59.0387143  609.0512476  -65.23179098  236.9452284  391.5816561  306.7387246  276.8734029  477.3767394  72.65125366  164.1609919  436.3382987  197.0112078  81.64394657  710.1753048  137.9168511  -118.3213222  548.1198999  203.8562802  279.7752449  -109.4268346  227.0452249  3.861371367  140.4807415  525.9312433  134.8430683  -85.27522873  428.1094516  44.71335205  322.6929354  127.0819684  
60.53445344  609.2236563  -65.1924057  240.8083705  385.9836274  315.1884431  277.3543378  481.8508987  86.57476109  181.0530074  437.8446704  193.8061498  84.3086071  713.1188164  134.4401402  -119.269133  555.8598951  200.6252638  280.5218263  -111.9459612  235.1479806  5.437460489  133.2661624  531.0978847  129.41979  -85.63007935  413.6159516  48.20021087  325.9966569  127.9254842  
56.22658946  611.2474149  -62.4265413  241.6527499  377.9082597  301.4654371  266.7131069  474.0718798  66.49334858  167.8140462  429.2708429  193.8205  96.06696628  711.7443953  133.8908092  -114.0204098  567.2750516  203.5901221  283.0710337  -102.628346  234.860834  0.396972526  134.7987326  544.7759112  124.8804968  -96.65917051  409.2868342  43.11918797  338.2746359  128.7989629  
59.68142017  626.5340322  -71.32205342  235.8461145  377.6355296  298.1700992  275.7511936  474.2935699  76.64658142  157.1627224  429.6149504  180.6677336  79.06671892  716.3964848  138.3653619  -113.7811363  543.1923129  202.5462101  285.9139581  -99.78443458  236.0878427  -0.6180699544  130.3641656  529.2418505  128.4761243  -101.3435865  431.8551658  35.65601021  330.9355135  124.3935997  
58.0620628  617.8390044  -60.24924166  234.6398261  395.2174086  296.2527486  276.0397374  480.8881668  71.82714554  155.0182233  432.6007843  186.6078397  79.46133996  713.005191  130.5573206  -111.8317081  541.536475  218.2656452  274.3496997  -96.18040382  229.7015674  10.29483731  135.0444007  529.6276184  136.9840081  -106.4189332  438.0443778  42.62266582  333.1458401  120.2467913  
60.08098677  618.2167378  -67.34112747  239.9762211  370.1407465  312.584005  270.2582516  471.1007734  73.99098577  175.9258693  438.1555877  194.455565  90.60672218  714.780261  136.7406054  -117.796761  555.9411495  199.3834293  278.6723346  -112.0921812  239.9355559  -4.686118867  131.2682028  539.755871  123.0060732  -97.45717693  401.7928811  41.73328277  327.9976948  129.6355665  
59.93992152  613.9518896  -74.03859241  240.2124927  385.13235  289.832088  276.2273511  476.5472421  69.17605563  169.9028856  425.889842  200.5661808  100.4133835  719.6767218  126.2769244  -109.5752747  560.4184685  204.3626432  293.0647441  -111.3731265  237.1597496  -3.745765825  134.492459  528.5460598  117.7423964  -107.0759638  438.2503765  35.86280482  340.0093616  121.8824963  
65.51010441  602.1507764  -60.3145386  234.5487878  373.4512694  316.2623561  264.1713823  469.69029  70.52366028  186.0997044  451.2729957  216.2002121  79.28838813  716.6847972  127.5831941  -121.9506231  569.257789  193.3717167  253.362945  -125.7609454  243.1983692  3.74623604  137.3829595  561.6221722  130.2288345  -75.01594857  373.6883396  48.03486136  338.6379306  128.1693967  
57.17647183  636.6767988  -56.19355528  236.9114744  367.6317533  323.2763775  261.8662256  466.6813809  85.01751747  171.2738973  433.9282806  179.0396003  97.62956259  716.5361521  141.9662494  -117.2873808  547.702727  236.1949456  274.5058853  -101.8374243  247.8325755  -6.031255019  121.4605867  550.2090568  123.091701  -106.2820017  417.2247643  41.74602041  329.6634776  127.7701951  
60.73586301  616.6779238  -67.04762686  237.3853228  389.156051  293.1960779  283.6406742  479.4852047  73.48848749  162.2755953  421.8921168  190.5906649  83.72211416  709.5061254  137.6056061  -111.6916279  539.6894132  215.2022821  284.4550146  -104.3854458  233.1560821  0.007859355316  130.3049614  521.3625743  132.1955444  -109.6295865  458.1436579  33.57948146  336.9459924  116.2062712  
69.73853314  607.1335209  -64.96401166  232.9135754  386.5885711  303.5404591  271.3381778  479.4280847  62.67642609  181.7579477  428.0896624  216.8815694  84.88674948  714.2188149  128.3370733  -105.5304637  551.1134595  201.0523714  293.6520056  -121.1431929  237.8912406  -3.049119418  135.2150145  525.7190348  135.7208651  -76.59968152  409.6879134  43.4937898  322.732791  125.666115  
60.4624851  626.2448448  -58.63622779  240.281401  392.1818362  311.2933515  272.4721021  480.2346544  70.39783486  159.4838049  426.254522  174.2286296  89.46145099  711.2530982  140.9600519  -109.971903  526.3309815  213.9272614  291.5850386  -102.9929083  237.7223601  -2.626618263  133.042441  521.1390814  133.2181163  -97.5414582  439.6636872  40.63773351  329.1791709  123.3760826  
60.78447276  602.8456109  -63.6184174  233.9273421  368.0031777  311.5111113  271.9015792  471.6140903  73.54043087  183.133055  435.0339814  201.0168585  89.14467512  723.0048408  139.8820902  -118.1220891  557.9679108  217.7564235  289.452795  -113.7318641  237.1230505  -8.40978064  134.2866962  543.3921748  122.296843  -85.76308044  403.8401951  47.28775196  329.8906748  126.1430059  
62.86757434  611.0671895  -61.09912568  232.4298848  375.7892813  299.9159763  270.9721156  476.7226257  61.02328048  168.1175843  427.5731014  197.1944593  87.08252254  722.5892071  140.9787835  -113.6005442  539.9289837  220.3390129  289.5331768  -115.6964839  237.5473256  -4.509945823  131.7246891  525.8860444  135.7188983  -94.35811655  422.8780614  45.22069922  328.8855977  124.8336817  
54.69875447  624.6004053  -63.24724857  241.317657  382.0478604  315.3887247  273.1373314  477.3744674  76.09551817  166.8378255  431.0030661  185.1185782  90.00827197  717.9264098  147.0240756  -119.7027163  546.0936093  217.9661578  282.3845944  -107.3224046  235.8259932  6.232144426  133.7194183  535.0004035  132.3231491  -95.16260613  427.6507605  42.43337971  334.6349926  130.6028449  
58.93343634  614.7573418  -69.3621617  242.9886617  389.2325494  303.9852088  279.8961606  484.7269057  77.94468749  175.9671506  428.910974  188.0664906  85.74428467  715.3666997  136.4906522  -116.491446  544.7852446  203.6178244  287.9300818  -108.6536909  236.9625407  -1.961827819  129.7196592  522.7484074  130.2395915  -98.3847334  429.7994554  37.05646214  329.9076281  123.0722647  
56.26367735  624.4518464  -58.53091533  244.8177199  386.7329445  311.0486255  276.1266813  479.5467109  75.16216007  168.5662743  425.5595842  178.1768522  91.71206069  710.2022843  143.0905213  -110.3342726  542.2455221  222.6618673  286.6770487  -97.95386229  241.8588363  4.858911047  136.9769071  533.6612554  127.2309288  -97.36256657  441.5280199  39.67924277  339.423667  129.84973  
58.71585105  616.0833391  -70.27902021  240.3762398  379.8760898  294.9479664  276.8905645  478.946707  75.4411194  157.4960085  424.777719  178.099945  93.7784986  711.0458125  138.2807737  -110.693436  540.4075826  208.9630147  294.0941974  -97.14309794  239.0076558  -0.6506277282  133.8013871  527.4017345  122.2882911  -108.3578432  437.5964455  33.6987417  334.0486823  120.1342287  
61.29724608  605.375695  -71.75446659  239.9622281  376.4531447  297.2062897  270.9767445  477.7055092  71.35899729  157.936082  436.1655392  200.7177041  83.8394389  720.226453  123.5622039  -118.3071114  560.3903845  194.224418  263.052971  -113.0402224  235.6152033  4.424868058  133.9577666  546.80416  130.3025816  -95.18611465  401.7059257  35.4506999  336.6758106  122.8045509  
53.13421746  623.5536468  -68.01034919  247.8755498  386.0142333  319.1849285  266.5192431  469.0202708  79.65316536  157.0747899  441.3703496  179.2902514  101.5405633  709.3193034  128.4469491  -121.608617  551.6208976  206.7413626  268.3836594  -98.50009173  242.2426511  4.338469331  142.005171  555.2574221  124.4957477  -93.73134866  411.710059  38.32965752  339.8316047  130.1601036  
59.60559192  595.1027645  -76.12041472  245.6763207  373.2739735  298.7279798  275.0257226  476.9983591  79.13591344  175.373949  429.3524136  192.2436608  84.74468398  713.0821133  118.5848284  -102.8097318  561.0065333  178.3529061  285.5785854  -110.2625014  237.1184971  -0.6737634455  137.6377765  547.1346787  124.692494  -80.09833873  393.0712626  29.5923815  331.2310772  128.1135312  
60.37472421  607.9383866  -70.27974694  238.9982004  371.7527232  297.6186858  282.4435597  484.6907182  73.04411795  166.908529  416.8082868  187.1102628  89.2099768  712.8156579  135.0855666  -109.7230244  556.5745639  192.6592255  285.2009693  -102.5161743  235.2814491  -2.462825359  135.1693545  541.4448034  121.6340876  -95.80809737  431.516524  29.27094608  336.77602  123.1484409  
61.14157553  621.6021342  -67.85223469  237.9009215  379.9898863  300.2265022  279.3948907  483.6192555  71.01394888  175.2162404  426.8821566  200.4367718  88.16504372  713.348659  147.7245786  -110.9626846  550.9027986  215.9219251  295.6831349  -108.6828338  241.1764608  8.562619526  132.3163951  530.5018497  122.4057393  -102.4391831  447.3550782  33.11958452  339.8023425  124.3080287  
67.20217135  610.9930362  -74.18482071  234.0255667  387.2723307  305.9294804  265.1411935  476.6937282  70.96554892  177.1332848  432.0071922  216.8099522  88.47292584  715.15204  123.8055671  -111.6104942  565.1667674  202.6072732  275.5814087  -125.9049354  237.1517738  2.16258239  134.6814643  539.7489281  132.0818577  -79.85014415  390.229121  30.59892669  331.6779067  124.2433758  
63.21969562  608.924235  -71.84640591  239.472811  398.398944  307.5928879  276.8964798  477.4917055  79.33755363  169.2166678  430.2082051  205.744343  83.67165147  710.9973724  132.2612082  -118.1654306  564.1441895  192.5203427  274.8958138  -116.4969466  229.8380345  10.85040847  141.508026  535.2903136  129.9852724  -74.60574804  416.3360982  30.85866413  337.2620044  123.7133046  
59.62810908  608.2812684  -68.60693222  234.2711974  382.7479633  296.6005769  280.3594811  486.5928547  77.71798229  174.4785448  424.6361383  189.3786851  93.04452504  719.031886  144.8570127  -117.1285729  560.3538567  205.349429  303.3729518  -108.424748  237.7113303  -7.615886246  134.8236695  527.9576166  126.1637013  -99.3431149  439.4136859  41.6868542  330.1463619  122.9397312  
60.66650286  608.4733218  -70.25888092  240.3739503  392.8876854  300.2480792  271.2388272  476.2652718  79.75212335  172.0997882  434.1499481  189.8495792  79.79771334  715.3173429  139.4979322  -115.4198491  553.8256609  204.6885182  288.7417048  -106.3176499  235.033831  0.6746372707  129.7757981  534.1700142  132.1868868  -87.47548601  430.7050438  39.51492187  330.3215669  123.7881736  
58.54416209  610.6333863  -65.79815369  236.8729052  377.6050706  295.4884269  284.8327383  480.5219839  76.49063578  170.5591028  424.5703594  189.93967  80.81429917  717.6206351  146.0322725  -111.355015  541.3877351  216.0630759  304.7490425  -106.299982  237.2356382  -2.203707328  127.6324265  522.4536788  128.4150498  -98.82829728  443.3321199  39.50918841  323.0896327  123.9818538  
62.54854661  615.5017762  -70.76700648  241.2643884  388.5366313  285.8136659  283.4854427  476.2984164  71.2260712  151.7682302  416.0005406  176.3783093  85.49565665  707.2642446  133.534137  -108.3121723  526.5406951  205.2309145  292.410531  -92.64209889  233.2654458  -1.787532846  141.9413708  503.028696  129.3160278  -105.8474368  468.7653356  31.23931377  323.1735789  116.784023  
62.76782546  611.3814997  -70.79329667  238.2702052  402.25859  286.2507746  287.1939273  480.0627571  65.97221648  152.9343877  420.2539509  184.8497246  81.22368134  712.6168117  132.1003676  -107.8267503  528.040511  197.6308614  291.513535  -103.4545546  232.6703568  -0.5613274485  140.7388944  498.8987295  133.0292671  -94.75441084  457.4241789  33.34881471  320.7251293  119.2458087  
66.00132852  611.9933984  -68.3249974  241.3428211  395.4768202  290.4132444  283.0051768  484.1993544  70.29233118  158.8077592  431.4987227  198.1419541  67.91786629  709.1358457  130.5789528  -110.8476921  533.5784855  196.5437802  273.7854199  -112.6500355  236.5368921  6.944672322  134.2667968  509.9273445  141.3052507  -95.055605  440.7829589  30.44518834  328.129673  118.4849224  
63.1532548  607.6998271  -57.58431549  239.4924853  384.7723367  307.381021  279.9063038  470.3456756  82.17337405  172.9930303  431.7667996  207.0596183  77.66719435  705.0289208  133.4233283  -107.094412  551.9213155  214.8944853  277.2160638  -112.2705874  237.8890655  16.0822901  135.8803884  535.5782316  131.6826406  -79.03047492  426.8975844  38.46886983  339.0533657  127.6528032  
70.99473506  608.5048248  -71.79514696  234.6932003  369.5272811  286.8695355  286.8903943  483.0193391  74.56794843  171.5831619  411.3653098  208.2043263  77.33197236  710.559898  138.6872695  -107.4495761  554.4603544  205.1115383  287.7925684  -115.0993622  233.1352236  1.191425731  129.18603  525.0199094  124.1243456  -103.8002881  449.1360553  25.39837527  330.5510806  116.8234883  
63.14381503  609.2887227  -72.95883651  242.5108623  407.9076773  276.6451843  295.5392712  485.2125296  74.999993  170.1170857  420.1127826  212.613918  85.93255496  705.631304  144.1889011  -109.0899088  550.8637552  209.0826489  300.4872191  -116.1677458  233.6354995  3.222312726  137.3707165  506.9536212  127.1170091  -100.571567  482.2293167  28.22425095  338.8032002  117.1908135  
63.1419819  602.4738246  -60.28673783  229.3266413  380.7481495  295.6675027  275.9473408  486.5800337  71.72360975  164.3636389  431.4056295  195.5397098  83.1747413  721.9124926  143.6658509  -116.018797  551.7690761  214.4553509  292.0857383  -110.1472892  234.8206737  -2.503960229  137.1292325  521.1146869  135.3713758  -100.3333925  444.6782987  39.52657419  326.429131  120.974841  
61.66227576  607.8631701  -65.94921348  243.9772744  378.364476  316.0158387  275.1116165  485.0027305  86.1401635  169.4446423  432.9635217  195.5400005  98.42707782  702.6188012  135.1222669  -106.7920405  552.2754666  199.0673777  289.0484148  -103.3537994  234.5410177  4.613146843  137.9546605  543.6631397  125.6835282  -79.61575183  416.4495686  32.23275903  328.6306026  133.1437555  
68.58569641  602.1906461  -65.80291366  242.1797079  379.9942686  310.6683708  273.343561  486.2098299  77.87879415  158.0615186  431.7768107  213.3341446  70.44761312  700.6755967  116.7283479  -101.5257039  566.7714452  170.2583576  247.2218901  -113.329484  229.6134382  19.9750182  136.3300058  545.5291994  144.9846874  -79.36556408  387.4406832  27.50086818  327.9948785  130.1672097  
57.85008051  610.8408783  -63.58185219  248.9827826  393.3924975  322.3596393  273.0366734  479.691152  86.46702792  172.03478  430.1573148  211.4378084  79.4516523  704.975386  117.2644978  -105.6512301  577.4962348  186.258239  245.4280177  -108.609385  231.5027173  24.21214211  139.4966546  553.5152887  137.6037001  -65.79199653  389.9275332  30.86471752  334.8545084  132.7358974  
53.34188123  627.7679279  -58.7002191  232.0206998  368.4912989  325.4183446  265.2107659  474.1223227  82.60595799  173.4375519  415.4101227  175.9012878  88.55974131  719.3391545  149.8536966  -114.9918217  557.1270703  227.5576681  283.796403  -92.77138895  234.1852677  -4.652549861  126.1991609  560.6285052  122.4487335  -96.51426934  415.8952258  36.54361819  337.0699168  122.6080924  
53.34860855  640.5039195  -69.85711495  238.2778342  362.7242802  299.1277245  280.2646292  471.2725824  87.35688612  157.905567  431.0997528  168.4981173  99.4030248  722.0245409  170.9521967  -131.6878646  542.7229273  240.9163311  294.0788322  -93.95277376  236.026455  -13.02628973  121.0900031  530.7494428  114.5524146  -135.6504952  477.5510709  38.05384698  339.3476283  118.0766449  
56.41402674  632.4176952  -80.89517566  241.0212206  398.7600627  273.5053413  291.3009936  484.7805614  64.83448574  158.2448386  420.1615884  175.7690803  87.93595872  715.87122  150.5006044  -119.0486542  533.2557707  214.9063933  302.2366123  -97.31192325  232.1474487  -14.12247295  132.1918949  485.4736958  133.1615742  -134.8445258  486.5123596  33.73511655  315.9546472  115.5004415  
59.10555717  606.8924192  -63.51771407  234.939995  385.5733863  302.9772491  270.1511918  482.0477797  62.72976575  162.0999615  432.1972265  193.4054715  86.87864092  718.7870293  135.9061229  -123.3921419  549.9007796  209.9255411  286.249911  -112.3548024  235.5092513  -6.500681767  140.6370152  520.6693219  138.4718617  -97.58649412  426.3274463  41.62349397  322.1623363  125.6696808  
59.36994343  616.0364545  -64.36418332  236.6441175  385.515713  312.1716844  264.142121  478.413806  63.00847172  170.007461  440.0423454  199.73059  90.03421036  727.2964459  136.5373236  -128.7500244  551.6073971  211.5433983  281.2499328  -124.2607948  244.7594756  -11.07654239  134.3405533  513.7094142  138.9296451  -99.15831183  412.436153  56.43276743  314.2521088  130.5886024  
53.61528762  631.5140366  -62.95133641  240.5667476  387.4424723  323.8532003  266.2786536  475.1345689  76.28772724  171.5699115  435.1770563  179.8675397  92.9101057  719.2338187  142.1593679  -129.5880585  548.3691268  217.317447  277.5130601  -107.8333126  241.449034  -5.661081658  138.7567012  526.6413107  132.4674644  -96.18970013  427.7604356  48.08910203  330.2800389  130.4474447  
58.29369484  625.9550344  -69.12311187  238.9788846  373.9425501  301.7237293  269.281425  480.665991  65.17191248  159.7788017  427.7993323  174.8877471  89.10913125  723.6924096  147.7938698  -117.4334483  543.9054396  205.4976913  284.3375251  -100.5937572  239.5725348  -8.557299093  128.4498788  520.117958  126.3249663  -115.1974954  432.1010076  35.28751368  324.1757378  125.3400824  
55.68345029  627.5317236  -63.97854161  237.3240988  381.7481244  307.2754154  265.240828  484.804142  64.12417355  151.2866586  420.8282651  164.4899677  92.63456965  725.1765012  141.4944691  -118.1207249  541.1565472  217.2811123  284.6706817  -96.32639893  241.4465294  -9.044571237  130.7055121  530.5196037  130.933932  -116.5241851  436.2030908  34.6020434  331.2610759  123.1284551  
58.44021169  624.6336067  -65.72510489  248.4210116  385.0355328  300.6971687  275.9458904  470.1208069  75.81010016  154.702318  435.8159734  175.4107664  78.98983583  717.1674626  141.1902804  -121.3058883  543.0479987  213.5031922  265.2107356  -96.8745407  235.5146992  0.5799548536  126.8802551  522.6244585  125.4094997  -104.4034528  426.9298526  41.10457788  330.2142354  122.9333674  
60.36787924  626.2894546  -70.52037128  236.0552957  369.6845927  302.6144408  274.1954017  477.3995873  70.59536729  155.3313792  424.020632  177.5838119  91.4102655  724.1569625  149.140138  -121.1409136  557.5814538  219.37701  285.3503262  -100.7507355  237.3963935  -8.447035233  127.2747334  538.3547481  121.8652923  -116.9750665  436.5868845  35.15180818  329.9220219  122.8956384  
58.57037404  628.2018573  -74.12586654  239.5002302  394.2689533  305.5453708  278.6435117  481.9999378  66.02596518  148.618821  423.7480916  169.1470797  82.19763066  716.6725378  147.5440016  -118.2464259  541.5861698  209.2917013  274.7150337  -92.71026042  231.9374901  1.972073758  132.6538807  534.4886828  133.5364826  -111.9014967  451.9017419  31.46904562  336.090193  119.4092587  
60.08410517  621.76136  -66.26167737  239.326245  373.8059114  324.3144559  270.118087  481.8842543  80.27184348  174.5088215  435.5439476  174.7746716  80.364507  716.4716307  144.7452578  -107.8888587  554.6410437  210.6250899  283.7848487  -95.83350487  230.4919514  4.253246478  125.2763408  560.492225  128.8613034  -92.99029338  402.5518944  39.65552214  336.9418441  127.4699166  
59.51256348  619.1523865  -61.78771613  232.8951762  347.6252774  299.4447226  272.955524  477.6482937  75.69314663  172.7083149  423.0767721  184.3250804  91.45218213  720.37513  157.3510111  -112.9156547  556.8466331  217.542683  295.3395795  -101.0131878  236.2232798  -8.833326214  119.2268683  553.1835498  115.474128  -112.8235889  418.1298426  39.02525155  335.4374799  123.514411  
63.7433365  624.455953  -67.00461971  234.2785479  368.3109083  290.9619051  277.9452824  483.9157771  73.48018384  158.2480615  423.9371564  196.2445621  95.82586747  727.6165412  150.831747  -113.8122179  555.0087461  217.9143812  288.8098343  -109.8372261  240.6522655  -5.896439668  127.7600476  535.9812212  124.007178  -118.7583149  448.8246662  32.26838033  335.1572996  124.1637434  
61.93172272  622.0134544  -66.77752829  237.4071596  390.0154616  308.3818947  270.5671113  475.7597274  75.20664706  163.1128363  439.0637395  188.5669364  91.80309025  717.4974204  132.3549332  -113.3999782  548.5733322  214.6871532  281.7034119  -104.491185  234.8145608  1.904278044  134.6777206  542.178997  129.9751823  -102.3748728  429.1987859  43.96619506  336.3046601  124.4272434  
63.27514001  614.9830734  -61.8787264  238.9468052  366.891891  330.2217016  262.2115478  462.0323051  80.66946026  182.9911354  445.3909349  193.9308721  98.20851963  715.6906685  132.6243056  -115.582311  566.8014242  204.0041428  274.7563432  -109.250067  237.1678748  -4.093986972  128.0501769  569.6338955  115.8165923  -80.58367962  373.8733748  50.16431099  337.5154298  131.2711906  
59.55334053  625.8605246  -65.69905571  240.3141137  381.5199368  321.4379983  266.4226926  471.5458419  74.28131024  165.6266016  428.5752275  175.3427642  96.94917194  712.5276176  136.7208951  -117.8896411  546.9654081  207.6652186  287.3570287  -102.3422192  234.6561006  -1.195899052  132.899733  537.9487683  122.9280052  -90.88780588  411.356185  47.52840196  336.5310012  126.7199751  
60.26462984  622.8734295  -64.59266422  244.7329279  387.3072183  327.6345903  270.5011553  485.7689826  92.87046001  178.4037042  432.4128921  169.892398  85.40904523  720.422691  135.3949518  -111.3172469  558.6751706  207.7019617  284.5382936  -93.94374744  236.2892549  5.274060142  125.5516235  555.0520963  125.7485876  -90.28136112  412.2612449  41.99479463  342.6410794  128.1227953  
54.23057578  631.3438498  -54.63415719  234.9700988  367.0278878  324.9894049  262.6976311  466.9302761  82.65596488  177.5227663  435.6131378  178.7928056  104.1099403  713.7114621  155.2830429  -116.2252374  547.7143072  239.1475069  294.4797002  -94.83064719  235.3002141  -11.52764044  120.9110431  559.728125  114.6208598  -97.85958166  419.4461495  51.04710315  333.4525583  129.8161104  
59.28733846  609.6387644  -65.03826519  230.1321258  367.7199563  291.9615355  275.7686306  476.0935164  57.78670099  153.39229  428.3271866  194.8889942  84.53241645  723.7597246  141.6187077  -110.7522225  537.671839  206.9106628  278.1701705  -107.674615  232.0685923  -5.817963414  131.8695265  533.7602702  129.3567316  -98.79384248  403.6029386  36.63480774  323.0546886  122.5745059  
61.20945133  607.0537287  -60.43181054  235.6642359  372.0964466  329.950935  265.5925789  471.7990432  77.31968265  185.6387853  444.661162  221.593219  100.1230204  721.4432584  128.4022426  -117.2547254  568.5183064  210.1162463  273.0459761  -128.5342674  242.3239826  8.435764523  138.186133  574.330795  121.6928474  -65.72298191  372.1531311  45.14228671  343.6810966  136.6599083  
59.48682144  616.8591539  -56.91050492  236.5586791  361.6894381  324.583024  266.4361295  467.7257934  76.45986562  175.4013871  431.9808628  188.4321327  99.28562629  713.5231107  131.867299  -108.7962498  551.5938543  208.0532965  277.7253668  -103.9156637  240.4389068  0.9196337747  130.5466222  568.4542522  112.3141568  -78.8527356  371.9264009  45.73562225  337.8234276  129.811475  
57.28059303  617.1457567  -64.21786209  245.0598141  376.000918  307.7509889  284.6252403  472.2944469  91.21233055  168.300893  438.2418057  194.0630251  101.9085859  711.2600505  139.3222962  -118.4954704  550.7657642  213.0406769  279.3434682  -106.808167  240.4200827  3.794692544  134.1896042  555.1232921  110.6181365  -89.3024676  423.6446359  38.43403339  347.6358155  126.0735136  
64.9675101  608.2404845  -65.16726361  232.2024401  376.3730562  311.1891258  269.749096  480.5789286  69.71112003  175.0759775  436.2138119  212.1050666  91.40632511  719.9720155  138.6290251  -114.2599095  556.9454766  213.6121069  291.0676762  -121.3989011  241.1682829  2.593534364  133.6901511  549.4981595  125.9914998  -82.97664901  407.3564707  39.17083186  337.6078959  128.8921984  
65.53807129  603.550672  -52.62421802  239.9205685  374.3090435  333.2789624  257.8789527  468.2306143  82.65337149  184.6835409  452.4017343  199.3732299  87.53084598  708.063538  128.1607601  -116.4183481  557.4498653  206.1257612  261.9381829  -114.8005192  242.3885716  2.543096562  134.4753603  571.5804929  128.5789609  -60.04586626  355.2158713  50.45838226  335.2724694  133.9973548  
54.52142123  629.3597137  -58.44843509  246.6169004  376.3099489  337.9048169  266.7439336  468.065813  93.90717853  182.3180205  440.3786343  190.8859409  96.08599069  708.9217571  141.5989318  -119.7823865  562.5748147  216.3845465  269.8077035  -104.4233719  243.1597213  7.638472907  128.4751552  578.389381  125.0175626  -80.73783736  383.0422248  41.65637363  348.3270248  131.8242308  
54.69571314  628.3600188  -73.18699694  239.6257005  381.3833795  305.2229855  276.0081076  475.5899529  76.29311169  163.8606989  426.2144804  175.0551114  82.5006306  711.8621624  143.7574654  -113.4666423  536.3967703  208.960558  278.9220182  -94.23050501  234.7116111  -0.4621409621  128.671467  548.2894935  128.3241509  -101.8124459  424.2558371  28.98738426  336.4725989  118.7577319  
57.74076102  615.7153845  -66.21479457  238.3300896  386.1556577  301.521728  274.6980294  490.8904161  68.42751592  168.8750456  424.1147531  196.1242955  83.65637879  721.9144064  133.5835018  -107.756016  551.4455179  211.5444453  281.4491929  -111.8351809  237.7337256  9.247090016  138.0414893  538.4083703  139.677954  -101.5700687  436.1279078  28.57060361  341.2074172  126.6354086  
63.36482148  609.134331  -57.80928096  238.2028158  378.6712352  322.3981046  257.9779437  475.5750716  71.25821777  176.6220641  439.4639753  214.5815653  88.46573119  716.9708685  119.4958307  -111.862251  561.2748835  202.7768317  261.9842693  -124.487523  242.3407496  7.543301484  133.869202  555.022218  135.7209574  -72.930738  359.5741953  42.13302436  331.7586819  133.4708136  
52.69999681  620.8950044  -62.07635168  248.8019017  375.1244516  325.0691267  264.4812702  466.4457625  81.59921726  183.0037471  434.8921648  194.0576063  97.36839437  719.6787921  137.226769  -118.3040658  566.6605915  208.7430306  281.611746  -108.0273118  243.4864953  -3.582691656  133.8953646  564.9146955  127.0706681  -77.04573693  377.7969717  40.74605733  346.5482975  134.0723916  
51.31813803  637.4673513  -77.01845296  246.4860487  391.5452876  299.5950138  280.2310536  482.5032967  77.15508857  160.4648772  422.3909008  159.9052598  83.08477573  710.9385098  142.0490016  -110.5426067  531.4207822  207.409293  276.7426508  -85.45239082  239.0257473  0.9400259693  129.6717215  526.1270154  124.8907401  -115.4786456  452.4425311  28.62375521  333.9714222  120.1370359  
58.95713611  612.6082449  -68.47775311  238.2332862  380.4443592  302.6152738  274.3673541  487.4948875  66.42448609  172.2422966  430.901623  190.2981608  82.75025541  716.8945291  130.0865556  -110.5632661  552.0730563  203.8561602  276.6602969  -106.7254777  238.5898305  3.99233386  133.2562348  542.2930844  131.4600258  -103.9948651  424.0429279  32.99728587  336.2210052  124.4332484  
59.63424498  618.5571624  -67.04901783  238.016707  380.2754275  312.6738338  271.5396468  477.7131153  75.21076802  176.8206805  431.8305766  198.3890332  98.79228795  710.8508727  130.7529505  -110.2406897  559.2270054  201.5058802  280.2805243  -108.3930705  239.7740835  8.651969328  142.4053737  550.7298835  120.3419226  -88.35473112  409.7079082  30.90775428  343.4898348  128.3625026  
66.399399  614.2011333  -70.40423584  237.7121495  381.1213059  299.1943768  275.819327  472.7758157  74.96662219  157.5400744  421.5087787  187.4296338  82.52260389  707.2913124  129.076777  -101.30106  545.1518688  195.7979855  280.4395549  -97.91314258  234.3763711  7.403301334  137.0317452  535.6838453  123.9750416  -84.88724454  414.7911003  24.37332218  336.095288  123.3935659  
61.25779704  619.6111834  -62.34636435  236.0453916  396.6476354  300.7195692  276.7398513  482.6919216  75.90068333  141.1524111  427.4730243  180.3010094  86.26699007  701.9439265  125.8377183  -100.9186822  530.6213663  218.5545346  283.9979214  -96.60402985  229.1267007  22.64575389  140.6142343  530.220813  138.0842418  -97.48590565  458.8379132  26.87115627  343.2264285  122.338664  
65.56016532  616.8303483  -70.01351915  235.0891382  403.1562165  301.9737378  279.1859271  487.8830126  67.73527512  149.0811622  426.9242923  190.7835197  71.2736912  702.327066  123.6236896  -101.5692509  531.2072535  201.9514404  275.9369822  -102.7014268  227.011908  20.02551552  144.5473371  514.2134018  143.5926931  -88.25007336  438.9350894  28.12223338  333.2253507  121.839234  
66.56581975  600.1465579  -62.92932663  240.6143281  390.1634468  300.8116877  280.840157  483.1161463  83.19706477  169.8549373  421.4742695  184.5358114  79.8648825  702.8391448  130.6534108  -106.1032233  546.1470976  205.935815  296.4151835  -103.794421  222.6631254  4.964390173  139.8132203  515.5617224  130.0073204  -81.56183737  450.2822253  32.64393481  334.5214016  125.7197767  
71.35313568  610.4833665  -63.38290836  237.601131  378.2069974  301.1242246  287.6991454  486.397679  79.28365262  171.0522458  422.6035518  195.8225765  87.00917892  701.4301872  134.6555988  -109.4311201  549.1183514  194.6908926  282.1507664  -105.20477  232.4212298  9.616503814  141.0704961  524.9558769  119.8115292  -89.654991  435.8241077  31.91093842  337.3150216  126.0334853  
68.85269809  615.7382298  -59.17993098  240.4004134  387.7097444  310.1569384  275.769589  481.2680359  85.40189646  176.6104332  428.4377775  223.3692622  90.63010405  708.7547032  127.8661614  -112.7175698  567.0944924  211.3119437  274.265075  -125.030292  241.3545632  12.2483237  128.3525854  541.3805129  126.4827431  -91.62935727  411.0818375  41.07979972  346.377654  127.4767697  
54.0302183  613.1743935  -61.58078181  237.4903012  373.5333427  313.5203323  269.6210045  468.3255728  90.5640322  181.3245228  434.5090672  194.3522838  95.44448915  716.7757102  133.9728057  -114.2901697  564.2769535  214.8382367  284.2069874  -103.7851851  235.1181438  0.5524802752  135.6124974  547.260744  116.3039247  -87.10693515  413.9876966  39.18117961  343.2287832  126.56476  
54.5372876  617.7573482  -68.09537131  233.3539005  370.4704017  301.5476192  278.7922182  483.0892527  80.28906877  169.829967  427.7264924  171.5388557  94.39949871  715.1837445  143.0030332  -113.2718129  539.4380999  218.1542992  292.5128254  -93.16078975  237.0585297  -13.80960622  136.0890974  524.2663959  120.5064849  -113.4104461  451.4199191  27.82175607  330.5883957  121.2729316  
62.00856806  599.6653835  -67.13254143  234.6709861  390.0376919  289.8266673  277.6328596  486.3256473  69.62778795  181.7638714  423.3331304  209.0296674  91.72508792  708.7240389  128.1243438  -109.7711297  558.0458543  202.9830663  306.9349405  -115.4609067  228.6704546  -6.791767272  143.7622744  508.6999368  128.2118076  -88.86397481  449.9653192  34.20380569  323.5016324  125.9732625  
62.31865804  603.5795801  -54.76870825  239.3632063  377.1496714  324.8781485  271.7961889  482.496617  78.76552466  174.0857988  441.4666069  191.9128249  82.60709011  708.5977693  129.0656308  -119.5050998  553.1828435  199.5356373  262.5422605  -109.9374019  241.9307654  -1.785323812  140.9721131  538.8571071  131.8511261  -70.84054288  397.0087099  41.21505251  325.1903572  132.9078877  
58.00600989  617.1892508  -54.40020697  239.9232743  368.0323379  335.2379596  268.3253477  480.2317375  83.99860353  180.1136624  429.4205978  190.3252951  105.4297814  713.9026669  148.2970186  -116.4644221  571.8511628  212.8169966  282.460473  -100.0669382  237.7791271  -2.139383126  135.3523268  562.9287043  117.3716634  -80.81677044  396.2464291  37.91389516  343.7504024  135.692204  
64.49575731  608.7770177  -62.19224965  223.8726681  360.8999042  304.9854438  275.8473665  489.7866922  69.37528611  168.3626438  425.4369334  194.6136495  90.85297673  720.3917665  148.5810716  -116.0769774  550.5579581  204.7302085  289.1160335  -109.2957424  232.4903548  -12.66943443  135.8072512  530.0213777  124.797493  -98.60624429  411.0783815  32.88385625  328.8462458  122.2602467  
55.95986056  616.5690987  -59.15087777  232.8272131  375.5111199  327.3443717  273.8001015  474.5010148  83.31708445  173.2000349  434.7383925  194.0256511  97.67812825  709.8684056  149.5001074  -127.3625048  554.7753165  216.5170211  278.3210825  -114.5872931  233.8154959  -13.50170184  142.741885  546.991061  127.8632895  -84.46031451  412.6312929  33.91426041  332.121118  130.5749218  
53.76810007  626.9806493  -70.75581683  235.3772691  368.9259641  303.3166355  270.4301563  473.0377907  70.88029683  160.2011736  431.176661  169.5170684  96.37104846  712.678681  140.1324047  -123.1552985  546.4722078  206.9600028  271.4578904  -96.50387363  232.1344299  -21.24733526  137.9370923  522.811507  122.1824154  -112.4890216  432.588402  34.40512513  323.8991218  125.3112099  
54.03258684  618.3652217  -59.26242955  246.1101174  381.7438407  333.0268822  261.3724427  465.0144112  88.1830319  170.9473403  449.0629331  169.6491533  75.71199256  706.1185963  122.9207608  -121.1855648  555.3198601  202.3340282  229.5337743  -95.9787595  233.4439208  6.172755496  135.3516402  567.7673053  133.1541625  -75.6581736  378.4803597  36.82784527  341.5236175  129.1258528  
49.5792082  630.5367823  -65.28422339  236.6072632  352.4178054  305.8068915  276.8076708  481.5578774  100.6889537  173.7364798  424.5093855  153.6581605  80.20643785  708.9745299  151.0272233  -108.372366  540.9299884  203.6979211  279.8391387  -79.91117113  232.555377  -6.187377096  125.3764977  553.8391151  113.2677148  -102.1837563  415.7045731  31.52635434  337.7684624  125.2260223  
58.8283756  626.5736174  -77.17565009  237.3925115  384.10402  276.7653737  285.1237363  479.7114332  73.49470219  150.4446837  419.1439462  170.0391534  100.0393845  713.6717966  144.4801428  -112.9890883  541.8686566  215.0483904  300.4146584  -84.34979592  226.7058323  -18.76190056  133.0084159  504.0426317  115.3663887  -132.9889637  484.1432109  31.30617384  325.4107684  114.114751  
59.46755018  614.7677009  -69.40195635  239.3842174  388.689811  307.8988245  273.4115087  484.6564113  77.56550226  161.3612047  436.1540023  188.0817214  93.17818091  716.1035126  128.4327078  -122.9143901  556.5539916  203.6253245  275.9696585  -109.8618759  236.3680907  -5.524676495  144.5055888  522.4217099  130.3547772  -101.3992103  437.8062796  34.42978035  328.465923  123.95821  
60.99679261  609.9281497  -67.37535905  235.0406534  395.4417403  301.4624586  272.5285537  485.4606893  67.34646144  157.3313162  436.1901762  184.6948538  88.83549079  709.9697753  128.7114503  -113.3983933  545.0208943  192.2688925  280.803533  -104.3095805  237.8308934  -2.137957407  140.5564335  521.7992189  130.0821023  -96.32817317  418.7126577  43.36843179  326.8285791  121.0419849  
60.74748807  611.1500656  -60.29035528  234.5698726  389.9129481  321.981421  269.7630183  482.7589915  73.02956219  161.7266556  442.640481  176.3520978  86.79036044  708.5589314  136.3402898  -118.4375951  549.1878171  189.1591165  264.4820323  -96.38740761  230.081395  -5.460511573  138.5782588  540.4532383  133.2278866  -90.13485712  406.9782523  41.76777214  326.775186  124.1435298  
62.20589964  605.9004084  -58.70772608  236.143445  360.1715364  322.4955878  265.7413405  480.6421657  82.48446313  181.5303849  440.5452402  192.678025  84.11967222  721.1378232  140.1592288  -122.3146977  574.3595932  199.3904908  271.6607075  -110.4208342  236.8704969  -6.527690583  131.188337  560.9690738  121.9316066  -82.65917469  380.9189556  42.11758918  334.0463599  129.6467949  
61.02054958  627.267406  -69.24170985  237.3132434  370.8671816  290.2260686  277.119385  471.8657607  73.06150004  153.9823134  425.1741866  183.3091533  96.70263345  714.5254996  141.1880822  -118.843903  549.3506704  206.6142437  278.3326127  -97.67472532  236.9909759  -4.419389042  133.9556531  529.8643716  112.2333618  -116.2510117  439.5251333  31.70662736  332.3323031  121.8546086  
58.35778314  621.6937786  -64.96836466  241.5163429  383.53849  311.9489033  276.9448673  483.3378405  81.00679418  156.3920907  437.8758871  176.8838106  82.38980503  714.5898763  138.5042914  -119.9135459  545.8885449  208.3194353  262.7453916  -98.44205639  240.9707423  3.003080755  133.8806745  536.8964037  129.4129053  -103.5720494  427.0094091  35.03425345  333.0714514  124.6895116  
58.43902781  614.4030171  -61.44799604  242.8776682  381.0184045  315.5542241  275.8216539  480.8282519  76.93917107  163.4118792  433.7112356  178.7358461  88.04138899  713.9419281  139.6888854  -115.0294947  550.2777793  214.5324468  285.4858425  -98.0901126  232.9275839  7.647959591  132.7121327  540.7566177  130.234326  -97.48504853  424.2693715  46.43137243  335.6246887  126.9679118  
58.0745583  613.2017068  -67.54063992  240.7621463  374.5752712  308.1595057  278.4273251  477.9996703  74.89218127  162.4403616  428.349886  181.9465044  83.47380297  714.9212311  131.9348428  -109.2851649  547.3651649  188.9365323  273.5801356  -97.61118309  232.5807494  6.929533934  138.2299059  549.6529745  129.8917518  -90.55846625  402.8364306  32.46092067  332.3735573  126.8043893  
64.67246563  615.1400765  -70.07582011  235.5081486  378.0494373  313.7716663  271.7793647  485.4926276  82.39139451  165.8015499  432.3789075  184.1038848  86.17845087  715.4521788  130.6946322  -113.5062946  558.3224109  190.3995749  272.9668221  -103.0418033  233.3039513  9.640546385  135.9003584  543.1298716  124.298558  -94.08441097  420.7357291  33.70483618  336.9857575  123.0220704  
56.57500484  620.3432294  -62.54059638  247.4717281  381.7070848  316.1469622  269.4348303  471.6104808  82.57769324  166.91171  435.9288534  168.6307839  82.98745245  707.9118833  136.1319138  -111.0754963  546.4341554  207.8093476  274.0055221  -90.22682003  233.5839052  5.977850735  131.7538469  542.6630524  128.4806685  -95.78654703  415.4023723  37.77577119  336.6611279  126.807891  
59.91354968  630.7012837  -67.46150136  239.1641427  377.649644  312.9640134  275.5974729  480.5113749  75.88217946  161.1233814  423.8288758  187.8448211  78.33488118  717.2460831  144.573702  -111.0504214  544.310716  204.3696792  278.0414331  -103.9147724  235.2290991  15.34738571  123.8835975  544.3272974  132.9884935  -95.70695173  416.7544287  31.93715509  333.3075622  128.2690344  
62.49810012  618.7218766  -67.38150166  237.2811667  389.3121317  297.3739875  277.1821878  485.8953453  74.0711697  151.7173287  431.5212161  189.5315428  88.69055112  716.3938543  133.5187707  -112.1900326  549.0590477  207.7325137  276.6651216  -101.5809817  235.8064776  11.0226509  133.9555844  527.987865  124.965525  -106.4083549  442.0778264  40.59937338  332.4588313  121.1184483  
60.44855556  614.7799695  -54.90233466  240.1675746  374.5931653  329.1927698  267.4023093  478.0895734  88.81297189  179.3459071  444.1040889  190.4594855  90.34814498  717.316092  143.2176351  -115.0110405  559.7299244  220.6437336  282.3493745  -105.4003702  235.2148214  2.024557656  130.6655577  550.9251578  127.0030972  -84.25047291  402.7588821  48.27456557  332.1154135  130.4533637  
58.20197749  621.2367566  -67.62162609  233.8993414  368.1002648  300.5483228  275.8848415  488.4960761  71.70477362  175.2448879  419.3374172  194.5262183  86.19396729  728.9841849  154.4782868  -110.8482582  558.6104581  211.4947693  302.1427227  -109.6831018  237.5882004  -3.10413741  123.2241173  533.9795525  131.233905  -106.7673099  418.8789376  39.84467949  329.3044044  125.2923717  
60.35922658  625.1396928  -62.67234922  235.2317859  391.3603352  307.422289  281.0419297  482.8901882  71.61912195  161.7415684  426.9614428  194.3712886  87.25959759  721.0824478  149.6558134  -120.2428646  545.9247221  226.5686613  282.2447193  -113.1985448  242.3900883  -3.964476679  126.1556713  520.6490164  133.6080833  -104.4849883  436.6706524  51.56818434  326.2132726  121.8021066  
57.83557945  632.8110499  -60.52193875  245.9583274  384.8003476  322.537521  274.1484161  469.3862831  72.41664664  163.4408445  434.5178308  188.6308915  92.58306056  710.2647272  145.0093975  -114.8830418  545.4407386  219.8613569  278.3662883  -101.2830472  236.5324616  8.072677244  132.1146833  545.8510749  127.2770612  -89.05076995  410.5112362  42.32162782  338.2638753  131.0035576  
59.5880002  626.7529258  -64.61199819  240.345297  388.5736286  314.8017128  276.3262116  484.9474411  79.06494732  165.494549  425.8646828  179.3568947  78.11911349  714.5136972  139.8895767  -112.0169298  539.3054816  209.9631755  275.7974491  -101.5452074  234.2622949  10.49496317  126.0691271  533.0429863  131.2015453  -97.56022714  426.0588042  39.30815046  333.3066627  123.9735077  
57.81022552  620.3528825  -58.12703955  240.1971249  373.1937792  312.8880629  269.2479405  481.0358768  74.78150329  163.7607287  428.6459421  177.4587174  88.21569663  715.1236161  137.5473461  -113.3508203  547.6135628  214.5730323  275.3114441  -95.34477394  236.9241552  -3.231664036  126.4462876  544.1824652  128.8643624  -99.62275532  410.7538352  36.22653885  337.6453605  124.0455037  
58.36533192  628.7812057  -67.74605294  242.5905892  375.2581564  308.655421  273.3269451  469.5813335  80.97701962  150.8370512  424.2595093  171.6562524  99.63186788  709.9293744  136.2527791  -109.8796327  542.3138111  207.1453406  277.1621451  -89.85029098  234.4322519  1.565132919  134.5047674  541.9492678  116.2307329  -106.3114503  433.0797045  25.04222555  337.7427621  123.6049637  
60.63551979  605.3114815  -71.58035485  234.6419532  381.9685422  303.0692895  280.9541286  488.4380494  72.31875047  160.3553766  429.509052  189.7800084  86.52217299  718.1823218  146.0764546  -113.2982414  549.6332205  196.8462445  288.8064211  -108.7911666  238.2030904  -2.045778575  133.78199  534.7486597  125.4659522  -94.93973424  423.3662588  33.60453661  334.5385339  122.4612919  
62.8135653  619.4463315  -66.90600544  241.7349947  378.1081319  330.2994997  266.7904086  471.4087842  84.16753205  168.5415488  433.1405278  169.1408063  90.4520794  705.889311  137.6461301  -111.3560016  545.1332916  201.3608367  284.7131177  -91.94275806  234.8436879  -5.279901914  133.3005878  555.4863162  123.9976947  -82.40114803  414.1194287  35.01909427  332.0829422  129.8577871  
54.58230805  620.0386212  -69.88668862  239.688878  371.2812727  311.8740699  280.4599963  471.4280365  92.58517825  174.0836341  426.8003499  181.4132641  99.99601319  708.5396066  142.6563386  -107.281444  552.5012627  206.770877  292.4079908  -98.84607419  231.9571291  0.7838512596  134.0849747  551.3599414  108.7356059  -94.99328987  435.7475158  27.46318282  338.3700446  125.0509816  
63.10315794  621.4185816  -73.33121377  240.2901561  372.3052391  312.1055794  281.6233872  474.3004576  71.54424254  167.2257908  426.465154  187.1987982  89.90477845  715.9670145  148.22505  -112.81625  552.9491102  211.1169146  291.7477467  -102.7302306  232.8584031  -5.066545568  129.242895  537.5798571  117.4666659  -99.46210932  436.8489033  35.55937309  330.0706153  124.5242897  
58.38179785  631.8506606  -65.67345018  236.7767555  385.387941  317.7110253  270.1443801  479.7321832  72.76458101  166.9152315  424.1624646  176.5283124  83.30173614  716.0760743  136.0484839  -107.9399614  535.8930505  213.4224713  286.7398558  -97.50739866  235.985357  2.909400269  129.7603658  531.9909437  132.2199298  -101.6384599  429.5577846  34.63061881  331.1802698  123.8915132  
58.94084321  620.0252415  -57.76323833  236.7223004  358.9763744  320.3309317  270.4100316  475.0520687  87.9222819  173.146887  431.1394913  183.837465  94.33286254  718.4664629  146.2026716  -113.9916477  554.1346094  217.941992  285.6941798  -105.9311637  238.2397692  -2.684058989  123.2959204  561.3423003  120.3247509  -94.94815753  413.4914377  36.92843758  337.8089738  129.7913183  
60.02567278  625.9602346  -71.40067337  239.1101214  371.8411616  302.2717069  281.8384553  478.9943701  77.59577842  155.6066778  424.8558311  178.6460998  88.70603821  713.7591954  148.5582994  -116.6757436  538.5322271  207.3829542  288.4292269  -99.5161146  232.3124582  2.36059826  134.5776076  529.4729276  123.7504259  -105.5590719  445.9373081  31.96338369  323.4819657  125.7681416  
64.60635268  621.8108238  -68.16226318  241.651876  370.1843075  317.1931347  268.0160398  476.5452228  77.479476  155.6837375  438.004659  194.9447186  83.3636373  717.6100149  133.0409326  -118.7340092  555.9562276  208.2829093  259.7707459  -115.4664646  243.0358112  4.262417992  126.1934918  546.4143192  131.3796464  -96.83075149  405.4653699  34.08557391  327.7481824  131.5820471  
60.34743447  616.4524736  -66.74038344  243.4201207  371.0913137  320.1620514  274.5054048  469.7729778  79.93831063  173.4638245  429.620885  176.760403  89.08697247  712.9521409  143.2315458  -112.9237813  551.2627602  212.9187085  288.175227  -96.8055454  232.0185469  2.024861922  126.6451141  554.5101721  119.8797622  -90.10061823  416.219523  37.50603447  335.6455091  127.6359716  
61.03244909  630.9516002  -70.18732242  235.2324818  372.3542471  293.8390913  283.5149256  476.0657045  78.00207601  161.6963794  420.2578429  182.0553944  88.97556312  716.5296107  157.1213827  -109.9482744  539.8395229  214.6428724  299.2308223  -99.15549274  237.6055624  1.192093912  122.0544061  534.6240037  117.2020785  -111.5550817  454.3868373  31.25426679  335.1111594  121.5878103  
62.06091176  612.4799069  -62.69681381  238.6919691  383.4521209  300.7031284  279.6774358  479.7305672  69.43065749  151.5379761  432.0208648  201.8830145  84.37453493  722.0795703  144.0277532  -118.8114808  546.3337964  227.653452  284.3591996  -114.081862  235.7058611  7.054188035  129.9195316  524.849807  133.8787472  -105.3816768  442.1329085  45.15535906  329.9936303  122.9415924  
67.0314502  608.5543336  -67.907451  234.970344  372.5156933  308.6425727  272.2398906  481.8915806  74.28412554  176.250855  432.519781  206.199668  83.87380211  724.0077718  136.714294  -110.5575714  549.9171055  201.5900372  297.2469061  -120.7635545  238.9221891  -2.844308472  127.3414881  538.8261248  130.8214242  -84.72940811  398.3596731  39.01582281  326.0178705  124.5507043  
67.20189048  615.6660564  -68.85123177  237.861311  379.9454507  306.6277563  266.8617262  473.4130042  72.38895126  166.7212935  434.2639266  195.3230319  87.26636371  715.5069115  130.8760598  -111.422739  556.6314301  204.7449216  278.3082257  -111.8177378  237.6411646  2.152402172  128.4155798  540.3848723  129.0223219  -94.64981143  415.6768656  42.79168428  330.6099529  124.8153667  
76.39486567  608.244228  -69.80048425  238.5401281  373.8823264  300.5365698  276.9854338  479.0669433  75.40912451  162.9705472  425.5817625  189.2542064  79.09503368  718.8166664  141.3193432  -111.450475  543.9665902  206.7821612  291.8669044  -108.5095368  232.8597987  -2.900287513  127.6167613  531.2270161  130.7859748  -98.4765281  432.0058774  31.64357523  325.7976445  122.8819246  
62.82569608  615.4842263  -66.15044222  239.0433727  384.3442119  309.1524881  268.8286883  472.4105553  77.60091066  170.2527136  430.3754217  191.5109849  96.3722571  718.3941208  133.0221412  -108.0831088  555.0318961  204.2478429  290.5927155  -104.7920773  235.2689051  1.790589532  130.608685  548.6266308  123.2356811  -86.80461071  425.4868403  34.72534445  335.4988894  126.4318999  
62.20713914  600.5163501  -67.95321689  234.7174447  379.4967386  299.0166338  278.0519611  482.0798727  65.37950702  160.692567  430.153122  204.518861  83.46467384  720.2323332  146.0388369  -114.1857903  554.6529445  204.4004464  290.5360542  -114.4653338  231.8946015  0.2379203288  135.8108845  532.3762047  134.1666591  -92.07521569  427.1639654  38.54453112  326.888128  123.8490812  
66.29034351  604.9090873  -63.66122767  239.3252973  388.7046724  311.8822308  273.0489969  472.419702  66.85850173  169.7407228  436.4647163  213.7368242  85.10582032  719.3826277  140.3897717  -118.2850429  556.0791828  209.0616301  287.7892966  -124.2117534  233.7388646  3.359693877  133.0122904  541.7743981  136.3232645  -75.35906933  409.2962571  45.01701394  327.4528144  127.4127654  
55.66381162  617.0373839  -68.91629246  236.7819828  370.7021961  308.5520351  272.0698909  472.9652595  64.13449212  163.4543679  425.9381991  186.6391841  92.54097897  716.2937499  142.4703137  -108.9892169  547.7052902  207.3625516  290.3420505  -103.0387591  235.8595518  1.492558991  134.4786944  542.7720661  119.6742479  -91.81250408  420.2671361  39.4085266  328.5544224  128.3925321  
62.04180526  629.3731209  -67.24806526  236.5919828  380.3793318  289.6327258  283.9943256  484.7819426  62.43291417  134.9446195  415.6010111  177.1023617  76.43278571  717.1987147  149.3359618  -117.1612455  528.8325526  220.8869746  276.6407769  -97.83267755  236.5333504  5.464724601  130.8492373  517.9686243  136.0266061  -117.2662907  470.3280728  31.07576306  326.511266  120.7542754  
65.17060988  612.9043812  -64.12643193  236.1819906  391.7029642  313.0895438  266.7603525  478.5330574  66.41596678  162.7868656  433.6394997  199.5306067  78.42590739  715.4604688  126.6592925  -113.5168637  544.2726155  204.9747571  267.2082004  -115.142654  239.1105354  0.3163533869  130.1343046  534.8477736  140.8757327  -82.98183414  405.3360021  39.49468509  327.0461762  125.9937204  
63.84090919  608.6394175  -48.95604228  236.4950425  361.7672216  320.7962297  267.7386308  470.7626295  84.73297941  158.8904803  435.4283299  187.8456084  90.72928656  713.5298367  142.8803702  -115.7514004  546.5162121  233.5409043  274.5047745  -107.2600251  238.6438451  1.629623839  128.7276481  557.4407029  126.5836102  -87.16533412  413.7874573  39.71264225  337.368057  133.7100132  
56.05980644  602.6665179  -69.764681  235.5819244  368.431964  301.0441052  278.6935852  478.5831052  75.99314717  172.3992032  427.917769  207.6746003  95.62286796  720.0044456  147.6219006  -117.0370583  562.8769417  203.8448331  300.437065  -115.6019106  235.1260289  -5.456819007  132.1544204  542.2926082  120.9106125  -85.94488125  417.298676  39.69018015  328.3539052  125.4824538  
68.4864234  614.2854881  -71.71342138  238.4411564  383.1106049  306.7969851  274.0396956  474.7411591  76.93602515  168.3993218  432.4797335  193.2997445  89.64120713  714.2246521  131.7947942  -116.2562156  556.7660494  199.5598815  278.2691488  -107.9682626  237.2240433  -10.06630435  129.9376545  540.037642  124.4788627  -90.45117591  417.677081  37.30426944  328.342314  121.6524155  
73.60817065  616.1487032  -65.49767502  245.6187427  373.2208185  302.7166237  284.8907721  471.2294991  92.02505663  177.280286  425.1390734  199.2284923  96.95667852  711.6173244  141.8605014  -116.1830109  560.0491463  215.3009156  292.0487187  -105.5262281  236.0149641  0.6701514682  126.3562918  546.0251361  114.6897935  -97.0243306  435.9157043  38.93871155  343.0206547  125.996953  
59.55595979  620.3969715  -74.32898665  236.4429621  382.6543742  287.5479698  290.5171209  484.4850102  75.99902086  159.6954463  420.1639692  195.3410732  103.0391353  715.7557566  149.730067  -118.6059714  544.8169961  215.391677  309.1235202  -111.1538905  240.6058598  -8.945050258  133.4054822  510.1409989  117.4481841  -111.5766404  468.3395835  40.97581156  328.1526352  120.4542619  
64.2818494  605.5854476  -65.72057195  237.5599975  376.5541508  320.6627537  267.1141429  477.7756934  73.08215644  176.367166  438.6330298  200.3247576  82.10044912  719.0949017  132.7320648  -118.8006922  562.5777074  201.1963606  274.9855744  -118.8772015  237.9420292  -4.368909021  134.058428  554.4867427  133.051322  -65.96202719  382.2303455  41.37932469  327.4052492  127.4441968  
54.36677578  622.1673459  -63.72488919  240.4278409  375.169764  318.0285373  262.5592435  464.5808016  79.99918902  182.5688091  437.3221012  189.0503854  97.9796861  717.436065  131.0871517  -116.1670391  559.888238  213.8910508  283.3388309  -105.0702025  241.7992395  -11.48183906  131.5166286  547.6000885  124.8113816  -92.36227211  402.092051  45.74683439  334.514455  128.8551749  
53.92168175  618.3037133  -80.78294155  236.103296  370.2864421  294.9117783  279.0352499  470.2381629  71.35128632  163.8311061  423.3192977  184.377095  100.7563246  712.2606054  134.7084454  -109.5553712  554.1337593  192.6873078  287.8043587  -98.25678377  232.5432482  -7.052535851  135.9811263  549.2464801  112.7496101  -100.9871389  434.6956841  28.90959098  336.0971428  122.529705  
63.89056459  606.0891929  -75.7948019  234.0961105  385.822545  284.4421784  276.5692579  484.5826059  60.79298541  155.8735736  426.5037424  205.4105656  81.18164073  720.5680198  124.9700175  -113.1456606  554.7809792  189.4603714  275.8073845  -115.609725  234.9741499  2.436240582  138.6111452  521.134847  132.8680473  -103.4822146  435.4684451  33.08636348  326.2146874  117.7111986  
58.40839765  606.3991949  -64.70839781  240.5571681  385.9635459  317.9030576  264.3428238  466.9931755  70.37815615  171.6864211  445.4077448  193.9242075  85.05854987  709.8669126  125.126165  -118.1212464  548.4052513  203.4393217  270.5111197  -108.0003021  235.0312577  -1.432138827  136.6037776  548.1460529  132.730427  -75.19709317  390.016148  41.96159769  329.3742878  125.3398954  
62.26664213  611.5587552  -71.93427606  235.3252877  378.6317695  291.4505462  272.3291496  475.0768655  72.36432064  168.8591407  430.7003035  198.3549492  74.76973342  717.8754973  125.1902589  -108.8965955  553.2731387  199.1472705  268.0090448  -115.6681316  238.3838534  1.088260753  133.0420515  537.1833821  132.8759353  -98.57065784  418.0966499  30.0927723  328.0946913  119.940445  
61.7559854  608.2824909  -64.38668125  238.0161688  385.1203763  300.8543911  273.6910515  469.3895257  70.36656411  174.6108841  434.7406011  208.4345883  74.7430504  716.8019593  134.7212496  -117.859987  556.1985555  205.0474217  270.3645757  -120.624312  234.1532949  5.377792362  130.5137411  530.8629184  132.3385861  -85.66159816  406.752108  45.32207542  332.7889249  120.4196412  
64.32184558  614.6775158  -61.4722282  235.479492  386.9630945  299.0701658  272.1373992  472.3722471  68.61769381  179.5343683  434.5191195  221.9311844  92.51322272  725.395153  136.3742047  -119.3672643  561.3702747  223.7894067  286.7669497  -132.6745685  244.4527933  -6.542546437  134.2302762  524.906008  129.4750023  -87.64182377  416.3515685  49.91796342  326.2498248  124.7589065  
56.18770409  626.8428882  -61.96457114  235.3525489  381.6102778  295.6982892  272.1780807  475.480384  64.20203923  160.4869776  427.9066575  180.5851413  89.90947373  716.3806314  141.6995946  -109.443466  531.2950193  220.6552925  285.2445701  -99.32508611  239.208847  1.494330157  130.1401245  529.0940762  127.7522441  -115.8740082  441.7151317  39.55268654  332.2346634  119.9125145  
65.28478372  604.1327125  -67.25806494  237.4522188  384.962384  297.9043432  269.7602773  470.9288405  68.93192603  176.77612  438.6178526  210.7476939  76.87827723  725.3788641  130.3049641  -121.8335729  557.9305375  214.4197359  274.0704805  -128.2889691  242.9553366  -0.2097373245  128.812221  525.3091875  134.1681339  -91.12402529  417.6519923  46.99929251  328.9055066  122.7082119  
54.11275176  618.4906661  -63.15255668  239.9460378  384.0510049  313.8255233  271.8527389  472.2216927  81.84526595  174.984147  438.2606791  187.3520004  94.65750312  708.6651105  134.5786703  -116.7616971  548.0821325  213.2097762  278.4012433  -103.5768754  240.8322721  4.175635425  138.2823461  545.1436441  124.5119487  -92.70658882  422.5944098  46.83390787  336.2480298  126.8262115  
60.05356143  609.1663154  -72.03944811  236.8617414  379.3566128  302.0059761  268.4338872  478.2851271  73.54136069  172.1440324  432.1383057  183.7550912  78.97368351  715.2486094  131.3391211  -109.1022038  542.9803163  202.6733293  286.4766197  -106.5103341  238.196171  0.488316243  132.3059719  534.2746932  132.3272404  -93.41837819  417.1661378  37.47157502  329.947181  120.1770227  
55.64809668  608.2828896  -66.93667881  242.251719  379.9553616  295.2448466  266.5680109  472.0353667  69.72676898  170.7029113  425.9033202  191.8382742  96.16081082  715.8328337  124.4968015  -109.4547679  552.3134559  198.6989345  292.303585  -108.3258847  237.6940491  -6.16325938  136.0798185  540.7731967  125.6336855  -91.46919953  409.5003994  34.59325195  340.0314374  127.3653856  
60.03612921  610.8584605  -66.72983259  240.7215254  378.7032658  299.3970167  279.5235057  469.4276501  69.97328904  162.3885367  430.5339884  194.5187059  91.16928811  711.6649595  138.1936094  -115.5514542  546.7156726  209.9727764  281.8455412  -107.145341  236.4809946  1.258660985  137.6914702  534.2846254  121.6607817  -92.3293733  431.9580657  39.24195492  331.8363091  125.6295345  
61.93610009  627.0248413  -75.13797555  237.6490704  404.0884922  283.5776901  277.3693485  477.5201775  57.15284535  143.9966295  414.4909644  167.787928  82.42456498  709.572914  136.2168744  -108.8437625  519.289676  216.6783128  292.7920967  -88.78541545  230.9169937  -3.32606875  139.3042671  494.5080044  128.3597869  -112.9179931  485.0609782  32.72144516  322.1610937  112.68515  
56.1822384  623.3946891  -62.12241366  244.4009925  398.0005464  305.9713148  268.5182673  471.4259283  75.32168619  153.3175955  436.7675865  170.2140984  77.52440412  697.6353208  129.2387574  -114.8773904  525.3898657  217.1672438  264.0071924  -96.63011124  233.0660074  5.295373088  133.9668122  521.7073539  138.9985937  -104.4410886  448.2854203  35.63158167  336.7618483  122.5739183  
60.07242601  610.5294773  -66.48009848  239.8099697  385.4158108  301.0702659  280.1722931  479.7552182  82.44920914  162.9162264  427.9901233  183.7554098  79.05347313  710.5478251  133.1737061  -113.1637055  540.6287812  205.0314181  282.7493953  -104.2226792  237.4298258  5.322554136  137.996245  526.7673651  129.881281  -90.2177454  435.5168447  35.70440556  332.2441709  123.8439718  
61.02838914  619.7852126  -65.55826888  236.9684449  373.3682453  301.244891  282.1939553  478.3085767  78.72164194  164.4588833  430.8565161  193.8641581  82.20839031  711.261676  145.655755  -120.638581  542.9509888  211.4159791  278.2553142  -106.8784406  235.3496284  -5.583207201  130.4230664  529.9679801  126.1680827  -93.28221259  440.4838593  35.05429764  328.1392904  121.3337074  
55.49590961  626.1930849  -64.98987703  240.7870754  376.0417528  318.689802  269.1751275  470.8041062  88.96227453  172.2761679  435.6667994  185.9476474  93.01654015  707.4059773  130.6486867  -114.6897592  554.8006491  208.6636752  267.0492098  -104.41042  238.8983214  4.014479565  138.8055232  547.9548032  125.6768481  -97.37918948  428.4274207  30.6613534  337.5409786  128.6003173  
63.15268606  599.5165314  -71.09634908  238.697656  366.7370257  298.2921756  282.5945274  480.8875038  78.50423975  176.3806937  428.9763806  199.8457978  91.81916606  716.3813771  130.2953754  -113.1296272  560.917817  193.4271858  288.5637063  -110.0848042  235.017946  -7.856639788  136.6952794  538.5028041  117.2903197  -91.97364884  415.6131218  34.73323321  326.4379798  124.0190823  
62.81220334  625.7676893  -66.06150267  242.2999851  385.3169456  305.2878128  273.1182757  479.1295273  75.34814677  160.6467216  427.2228227  180.7650891  87.58312029  711.6235174  140.4309374  -117.6267113  538.2321391  213.7768386  279.434286  -100.8766211  238.300861  -3.968546407  132.1516031  521.5870636  134.3167238  -99.78781581  448.5306802  31.495981  328.5078495  123.4621072  
58.02981751  610.1766374  -64.36312233  242.0302314  373.8889566  311.1094804  273.5135188  474.1029397  78.92493361  172.9634406  437.32302  209.6547944  90.5499253  717.7262497  135.7083638  -115.9999386  572.3660676  197.8200476  270.3803246  -118.0001596  235.8827047  9.819347961  134.4115651  554.1443106  125.3140007  -84.47089152  387.1454559  41.26013858  339.6539166  130.8449009  
63.55588356  614.0862756  -71.25305975  237.1804003  383.0328016  306.8283397  276.9014585  481.0754853  73.40937051  163.7472264  429.490212  180.6932624  89.57992598  712.7300735  142.0970851  -113.2898012  544.2163674  203.9400456  294.527259  -97.8845893  232.1543969  -0.7642477034  135.1189538  526.6414581  124.5977811  -93.12071366  432.3354068  37.35664984  325.2037788  123.5560027  
59.65999573  604.4076442  -61.46090909  237.938439  377.4000202  308.0530961  275.4589251  489.0852291  80.40066426  170.0865695  436.2910922  197.3717617  86.58639809  711.4376407  138.913802  -112.3956222  553.19514  194.9499132  282.4426507  -109.6439755  234.3459713  -0.8018849483  134.0277687  545.4665635  133.4815747  -89.44037847  408.364873  37.67623534  330.2552421  129.5230295  
63.79406877  616.5776748  -63.64306059  238.7671409  376.3612961  324.6026177  265.7814192  477.2743479  71.05823256  170.8479988  436.9105265  203.4734388  87.38390688  715.0206622  140.2079483  -115.2747984  561.9661767  200.8674116  271.5806341  -114.7308347  233.8077172  7.264266305  134.0406887  550.482562  134.2920353  -77.11339004  382.4009005  41.01399902  329.4263887  133.2946342  
61.5619215  624.0031725  -64.44687885  237.5548549  371.6464469  303.4255111  273.8820833  480.3132145  77.23214164  168.2012388  426.5768469  182.2511763  88.95516377  710.0360254  145.6437658  -115.0556799  544.1043926  209.423367  288.4045696  -102.3170203  237.7411998  -7.758436896  126.4888976  532.8777544  127.5278852  -109.7446559  429.5145229  37.69771614  323.1775871  125.7965633  
59.39134463  602.9746407  -63.01906552  238.1049679  379.4452253  305.2750212  276.4958723  488.5227235  68.72127508  169.4803938  435.7258626  199.965875  88.96152679  715.5475419  138.0579498  -112.1996748  564.8628041  205.2784286  283.9055914  -109.4171906  231.7316644  2.777836789  137.9019419  545.6299395  133.779515  -95.34474479  415.9271923  40.17369438  332.7706785  129.4924601  
61.05155131  612.4240395  -65.2782148  248.413183  372.7376465  318.9256513  272.1618152  468.8554619  75.09737641  174.6301662  433.1999841  189.4944615  90.81753605  706.8846107  131.9144995  -112.2505737  557.7580266  197.1360247  277.6367394  -102.4287266  234.3666185  0.2990699523  134.8094624  552.2112958  123.4105453  -81.95707443  397.0499722  38.90496967  328.0383185  131.9478663  
61.28702472  605.9991573  -71.7840211  236.8962168  378.4219155  296.2207443  277.0438447  476.81711  76.16993139  169.2305167  421.4993406  193.0440247  92.44112939  718.6910485  124.9744524  -107.020449  558.942238  203.5372451  285.1725723  -108.8859105  236.2866183  0.4304351526  135.7437153  540.602857  121.1625313  -96.96594615  430.2806383  30.86869533  334.6476025  123.9723665  
61.45132248  606.9089713  -69.0365472  236.1079781  387.0235765  309.5092141  279.8187188  478.5287942  75.57539181  173.8503508  429.2341458  204.1100952  94.27114707  717.2705629  138.9847263  -112.1779473  561.7615005  211.351151  296.4221764  -114.7318114  234.9056351  -1.797730835  138.158749  537.4146293  126.8563129  -87.61186807  435.7468091  41.3451113  336.5223984  126.7654566  
60.56515529  608.3763321  -65.52571735  235.4078614  390.8439462  311.1040294  274.3111504  482.7267719  65.39572379  172.3819932  425.9645879  198.3944448  81.78745413  713.8706497  140.0889965  -109.8546022  556.6472088  208.4992013  280.9665763  -116.5132756  232.1158721  2.955750095  133.7102526  534.767496  133.9245553  -85.23870825  408.4449955  39.90696757  332.8549378  124.5058102  
60.79650733  616.9541479  -62.88409873  232.9815257  369.4343659  319.5684386  264.8069046  477.768719  75.69780257  175.0298857  432.8926885  197.1421689  88.5671102  725.9370551  140.475024  -118.4189923  572.6798794  218.2770569  280.6620566  -121.5697029  245.0971759  -4.737723724  124.3700643  548.4692813  128.1323416  -89.37676863  394.0771299  43.47687673  335.7303834  130.1216744  
60.52600877  641.446008  -66.32034648  241.9742289  385.7652018  306.9755739  275.8169283  476.3866763  80.96009909  163.4022664  420.5370329  169.2691679  96.87908847  712.7543549  149.2517853  -114.3396186  537.6027283  225.0852053  289.760346  -89.0124218  235.8716005  -1.447143286  122.105973  531.0098057  119.6507519  -116.2926107  450.7139233  36.42814958  334.1257543  121.6491253  
59.85401712  614.4304378  -65.14000928  236.8213068  373.8803412  303.7737917  275.029671  479.8463389  74.76966019  162.5944914  429.7621072  190.2436778  92.20986587  717.8327455  146.2820895  -115.2652188  554.0540597  215.2084187  284.5549724  -101.2903914  231.4171381  0.4330136991  134.9083615  544.934935  121.8957003  -105.0490978  431.4905733  35.1609553  336.1589567  125.4741123  
62.54537089  612.8121694  -63.51229308  232.0526982  373.8007158  308.9745637  267.4235916  476.3124547  74.36087579  172.0838531  441.2881813  204.578979  88.20282851  722.8436658  135.4746326  -121.0982214  561.3402863  217.6773798  277.1749577  -117.1255007  241.2502664  -6.60143654  133.4013566  539.9341752  127.2297423  -90.66756728  409.0279144  46.73429644  328.261094  125.2780247  
57.61034907  625.6505104  -67.07950407  240.7305442  390.2979414  308.6370507  275.8848093  480.6472627  88.40323097  170.0095048  429.3100199  180.0069312  90.390314  711.5610686  138.0461718  -113.4188443  542.4701941  213.7510207  285.8942051  -98.35792366  237.3685081  4.797789707  127.9394994  537.3445843  129.1122232  -101.9290025  443.8379819  39.12913915  333.8732919  123.4868681  
58.26348022  615.0223783  -66.5419418  243.6651215  388.7153407  303.9432247  274.8254531  472.2930869  75.85036649  174.9361121  429.5512725  194.756494  87.1062772  716.5626826  137.5355739  -117.0932715  561.7788263  212.3394577  284.7993061  -107.4123481  234.5558388  0.7659014514  131.1760209  536.5763889  129.4991597  -95.97600432  432.3407798  39.76126056  339.2404247  124.8244879  
62.95130792  627.5852777  -68.38007172  240.5296354  393.9870038  307.5127455  275.6608912  477.1855348  73.94489644  161.8706624  428.8800858  183.9200478  84.24960101  711.1858021  135.0318414  -115.6664615  537.9364328  209.1907209  282.8408483  -105.3797048  234.8697027  5.799777859  133.3848695  526.5787159  132.9551861  -95.3238465  430.1034452  36.56462659  333.8499013  123.7896921  
57.41013877  610.5134859  -64.45812695  244.5229365  375.5626272  303.9377146  274.4533941  473.7620675  75.37662215  165.2858741  435.7922261  183.0478519  89.9758395  713.1341288  139.7767313  -114.3332256  549.5821036  207.2292155  283.6530995  -99.76215962  237.3660878  -0.386922994  135.1092813  537.1559218  122.7311396  -98.95794392  421.4791364  39.68265944  334.7361784  125.3213471  
63.04700768  606.4376194  -71.05282724  233.8067429  376.6864122  299.2178217  271.6893332  478.9763375  72.55238499  162.9295773  427.9413922  199.4312242  86.09247092  718.3425343  127.8150625  -110.0181428  554.6975021  189.96826  275.7394236  -112.4959358  235.8524454  -5.247163786  138.8219558  539.8520499  129.828217  -89.59197199  410.5461795  28.00103539  331.9913596  124.9732216  
62.26312879  616.2133826  -70.23826481  238.6681052  387.8677688  304.8632335  279.7227724  482.0146184  67.2441461  163.2196926  427.8527878  189.4862604  78.32646947  714.1479315  135.719397  -113.0935281  540.6443983  198.3345713  283.7025416  -106.8875833  235.506953  4.349092831  133.0789427  524.9965081  131.0631043  -93.72408095  426.4045253  39.34736766  325.9953661  120.2364738  
59.94823289  619.6496597  -62.43286142  237.8763332  368.3247372  303.1180808  270.3012939  466.6246258  72.7557614  156.859872  430.3126025  180.2888776  86.99799165  714.1079759  137.0431059  -111.7921695  537.7425942  214.0347904  271.6832983  -97.98872197  238.1815237  0.8747377043  132.0108207  543.1666744  122.261728  -97.07870718  421.7385541  33.60385651  332.0920425  125.9084106  
