148.4591709  557.6799326  4.657429257  201.4369704  164.9094461  214.6423979  266.0338425  574.9694547  248.2868843  127.0422743  695.0639448  144.5605871  -27.08660968  573.4357309  -128.2331705  -89.69477404  561.5849726  58.25432061  170.7551836  -171.7170156  377.1736092  42.52548305  23.07357212  330.1361105  264.4332431  -10.45956695  430.7865825  210.7915996  182.4165654  184.1886709  
143.4528264  555.2444795  -3.602366834  202.4774358  144.7120647  208.1767074  278.0061039  578.0002935  259.3856836  141.5236657  697.9726012  133.9446773  -25.95411506  569.0570916  -141.2391754  -90.41500187  551.7809628  76.93033107  151.518948  -181.7578212  377.5201972  55.19570255  25.69142775  337.7605792  263.2665175  -1.415164712  430.9750884  203.3758845  174.6473399  179.2738812  
148.3197481  552.3886816  4.920415358  196.5236446  157.1098242  215.9488715  231.5568862  583.6384736  238.0370507  124.4582561  692.632227  164.639431  -6.072873229  577.6075276  -115.2752753  -112.278435  538.4647591  49.59266894  191.3886816  -183.8989182  361.7690701  9.500064278  -10.69695355  327.6828292  221.6187724  -16.93859843  409.0110469  232.1303569  158.4141526  187.3286053  
156.6255915  557.202807  14.27205446  207.714448  184.7513329  207.2616276  229.4838468  560.4870274  222.8329061  107.4250236  685.338642  160.096944  -18.56989936  571.8019826  -112.9190203  -114.0434278  540.8308492  53.19279358  195.5293478  -158.5546375  361.1210836  12.51835805  16.00524523  308.1319029  240.5328428  -26.49637333  419.9068555  223.7669407  155.9907596  188.6599509  
157.7004474  572.9854529  13.44374372  212.5696031  170.8624239  196.7055477  247.0560319  562.3581156  234.7462606  113.2227863  689.2089921  154.0853128  -41.2012959  569.4704129  -116.4688553  -107.5402877  542.4721841  65.30814064  188.8890565  -164.4144371  382.7315015  29.06449527  36.36746236  295.9078667  268.6993079  2.03942484  428.7764529  206.5733904  151.9048647  186.5438004  
157.154356  567.2714565  9.438952595  213.1749143  168.0309917  208.4013529  248.8457151  566.9345255  243.8749259  114.1361997  697.5776128  169.9577048  -33.62053246  563.4506409  -123.7743557  -118.5139633  542.8303422  62.40799736  186.0406731  -186.0296335  391.003309  26.46017624  29.82199943  303.5212682  248.7289509  -1.268845477  425.0761051  204.1801607  147.856288  185.1253484  
159.5423306  574.4506338  7.514692988  224.3244263  184.0139958  198.116059  260.9328786  556.1025099  245.369448  98.98675969  688.5508445  184.7855722  -56.79554157  565.6259066  -137.3940968  -108.4468715  563.1497536  83.0191352  181.365948  -191.3171412  405.5955397  49.88650544  59.07773466  268.4592984  282.0817184  1.130783621  439.0960159  182.4082296  141.2699312  186.3870598  
160.3647065  572.0886529  13.82470721  208.8959771  177.3762844  206.775026  242.171246  573.1275924  230.6245449  96.92399206  681.5509866  180.9563992  -43.19730308  578.6747719  -110.9547098  -105.9760557  551.171443  74.52388399  203.2754528  -181.4198862  386.9694361  22.85181168  31.55021057  296.3900704  258.9387579  3.055161263  424.9293862  201.0798207  150.1445703  186.1871639  
161.9582242  567.3898858  17.03213772  203.3118511  168.6904081  204.9216444  229.6511066  569.5987531  236.336304  114.8910996  689.3670654  173.2330886  -22.4712305  574.491887  -108.7378965  -112.9880087  538.577707  54.98572682  212.5410651  -172.5963544  367.5461254  -6.030355589  -0.6327481642  318.2956829  235.0037051  2.085528958  417.9397872  229.6158084  156.4139449  184.6851767  
163.8888944  576.3254243  22.18962168  201.5932413  170.7809959  199.4248221  229.1340829  566.0772629  228.5619732  110.038194  699.6056974  173.3350099  -16.73398092  570.6025745  -103.1110184  -117.230574  527.7800767  45.93442813  224.2690408  -164.8980503  369.2901221  -15.39788277  -5.678253765  324.3356255  226.3551165  -8.152084232  414.6087157  240.6102382  149.2903031  192.0763593  
156.6706586  567.9177144  8.425749673  210.2859245  165.9812512  191.6231265  286.0908808  571.3308123  254.5424744  121.1872271  699.9976994  149.3258822  -47.06811765  562.5450785  -127.8734899  -91.40103738  550.612755  82.02110785  174.9792421  -176.7033649  397.5513009  55.36834475  44.70444562  314.1102987  280.0719  5.439154288  432.4237986  191.0722772  147.9679221  180.978801  
153.69369  551.5950171  6.436680604  210.0720814  167.0239226  207.6190473  279.9222255  583.3934966  257.0864273  123.5056184  702.3423155  164.5126319  -32.72300745  574.7629974  -127.6484095  -100.0716139  550.8600909  68.51593481  172.9479603  -181.4748825  379.6351967  52.10348852  20.09831496  327.1820303  255.849461  -17.78247683  415.9139397  210.7552352  157.2879868  181.7597617  
162.1781663  560.5972302  14.11155537  220.8327731  192.6576014  206.4128156  233.8778003  565.2547598  228.1809358  99.0092552  680.6696152  177.9225281  -29.92887908  570.1742658  -103.1689844  -115.9307253  544.406568  59.01072752  203.8223663  -170.7405045  377.7735404  14.1761074  21.90868032  294.5169029  249.5590886  -0.9745151564  419.4111999  205.1104187  144.5299683  189.3008274  
163.0054502  573.5340802  15.02230095  221.1811608  200.1496479  188.5151356  259.6538592  574.2373185  236.5499851  102.2843325  692.2013793  182.2984802  -71.92552512  569.3263226  -121.8231755  -106.6432053  563.7562364  70.51279084  204.1224901  -174.8998928  402.0994008  35.19444943  47.08982095  274.4878662  290.8281279  3.575155461  432.1230478  195.7383447  141.3882546  185.4755641  
159.1195037  569.5729693  12.49347126  221.1683865  195.1000505  200.1463738  261.2320532  571.194673  241.9765344  113.5932951  700.3550965  189.5518336  -57.00331037  560.5104436  -125.7906592  -98.63144414  563.7382986  67.60515485  204.8548215  -184.5341164  402.6186305  45.10376316  40.29270815  295.0999015  270.4379499  -1.773014118  426.6963297  201.239846  146.2112295  186.5781768  
156.3670249  568.2031559  5.175070187  220.7737574  185.1713079  207.7505039  249.6106704  569.1618669  250.9810738  113.4454146  698.6066415  187.712479  -35.28949786  562.1274496  -126.3800304  -98.94384745  561.5923831  62.51454727  202.5033052  -189.8166886  392.2215428  28.32887993  33.46244244  302.9620964  252.2564672  5.322237253  419.2800137  207.5698327  159.9868949  190.7631139  
151.9667469  571.1291137  3.792589431  212.3824383  177.0452824  199.6120876  267.021406  576.7641765  260.2995895  124.9030158  698.5073566  171.3028366  -40.41066829  569.0627407  -135.5911372  -99.3804857  556.8769104  75.11907409  182.1228692  -183.8190765  388.2271222  44.87580899  34.09321897  304.8109908  267.0402866  -0.5954352709  430.4070236  203.2468749  158.0098854  182.4242602  
152.2149016  561.3809715  3.790422115  207.8449485  170.1882293  206.1815962  271.3474695  586.0514903  260.8144183  126.1588242  695.0213292  176.5356185  -38.30187103  572.3207882  -128.1452992  -95.03934936  555.0720546  74.41234389  189.3526923  -187.5090538  386.8092069  45.79174391  21.19330615  319.6434284  266.1227162  -8.716682874  422.792784  199.8821913  164.238251  187.6514993  
151.2828237  556.0187766  6.808569904  205.080885  169.7811034  218.4692228  243.488554  581.602767  244.8318505  126.0698222  685.8437013  161.9896352  -12.93157217  575.6560475  -117.0390308  -105.2636129  547.9903865  59.91124109  186.269582  -180.0855232  366.9812578  21.16610168  -0.3922971537  331.3318675  235.6986773  -12.38345049  416.9910856  216.9738742  172.6462613  188.5165942  
154.1854516  561.4056308  10.13506574  209.8064152  188.4885975  205.7695154  240.5267524  577.6693706  232.1346425  115.7358092  690.1129224  160.5518541  -29.24267375  577.0755319  -116.8266761  -110.6828159  548.6297797  59.12156941  193.049042  -166.9806088  369.2670618  23.12876708  12.01579999  304.2012156  248.5731059  -13.71837522  417.0265155  217.8579477  147.9845416  185.6189376  
153.7071686  562.6348109  4.656704911  217.4738776  199.7162397  212.52673  253.055086  570.1827258  236.3701997  111.1324978  690.7965777  174.8247003  -45.51952221  576.5090865  -126.8991506  -102.5437465  562.9404058  64.62518782  195.9708789  -182.2184754  389.3212222  41.70384784  25.17873012  302.6536698  257.7926432  -1.344327661  413.9829089  207.46384  163.4719058  192.4473502  
153.411908  560.7606461  5.250435396  203.1551734  175.7122588  213.4096198  240.9142606  570.0426824  230.0700727  106.4436087  679.2886445  168.7627844  -22.40168701  575.9426414  -115.7692067  -100.0074182  551.6088057  48.39258662  184.1683445  -182.4091813  378.8557583  21.90027511  4.714690708  323.0440327  245.5936805  -16.08501454  409.3850417  216.2213673  185.8012142  196.9660082  
151.5503919  562.3445479  4.408336332  201.8341013  156.0283361  212.6963504  245.4105452  563.2300113  228.752046  106.0976935  682.8352241  160.9397497  -8.718158348  578.2434817  -116.9423938  -109.3484998  536.1392909  64.51242411  181.5902801  -185.0381018  369.9439199  13.07543379  -2.223706482  334.4030745  229.381952  -12.29957548  416.2973246  226.2249426  169.717772  192.1747803  
154.1969186  548.7509818  6.829923156  204.4372312  171.4099034  207.9402642  256.7185233  565.6850757  231.2572732  106.7582888  685.8462274  153.251337  -28.44440078  576.0773341  -118.0126219  -113.4219748  541.2973264  48.15610633  181.4973227  -161.3203123  367.0186828  16.6359723  12.49381674  317.3276609  246.7038687  -12.6300458  415.9366466  218.7307773  163.6311439  190.0883026  
158.9173267  554.1388851  7.464320606  212.7399089  181.1820836  203.238034  254.6311745  566.3175595  228.3608841  101.632319  688.6455493  159.1474009  -40.10477062  572.1364829  -119.2925439  -121.1074785  547.7348152  46.38897232  186.97718  -169.3476487  386.8394027  17.44986405  34.92566274  288.0302723  258.4071298  -11.81311569  423.0150013  207.5024204  160.0533063  189.8003711  
164.1892178  564.0013578  10.05870046  214.5021806  195.2610204  198.3787717  251.4424821  574.1475291  238.359204  102.4421031  694.4392383  173.9426385  -58.48578907  566.4271482  -122.5434995  -111.7323427  554.3815112  59.00427145  207.8123614  -170.8180653  388.9814736  27.50100674  41.59796215  275.844547  267.161303  -7.145331234  423.1182107  202.8918111  142.4425643  189.0433796  
158.6177437  566.0463181  10.6663391  221.6128935  200.5559393  201.5290634  233.9034485  557.8357478  228.1123293  103.3758387  689.4194857  174.8057776  -47.16089969  558.9921019  -119.0340529  -109.1238535  553.098494  60.55787041  210.5327466  -175.9816776  386.0958208  22.23200506  39.37163679  282.5802358  261.3507029  6.145149274  421.8938778  200.1998572  144.1335675  190.1294324  
166.2617609  584.1899072  30.48795515  209.5581287  186.6133481  202.4246701  213.5552282  557.2234743  201.6244291  91.45443813  672.3188114  185.1938096  -40.69256648  578.3112016  -88.87473109  -116.1726077  545.642376  47.80194901  238.2654214  -169.6146007  371.9568657  -22.66367281  14.59431413  284.6822941  257.2904725  -1.630896232  422.4209511  229.1067344  147.7493213  193.7567496  
162.8625555  577.3057412  17.58980522  207.313214  190.1096794  207.4184579  224.3304192  571.8258963  219.1486866  101.2089055  687.1206682  190.371195  -37.44481031  568.7470265  -104.7728221  -105.5759308  544.4174273  52.5764698  240.1375249  -175.1235305  368.1438581  -14.34611519  3.515065937  303.5225561  244.9746984  -3.09748535  412.4462887  226.7728019  158.3119452  192.3289835  
163.7803892  571.1601857  18.3816022  204.8746086  168.612638  205.3482719  224.6504655  566.8499711  231.5255017  111.6363361  701.3762809  179.7226437  -25.76959881  564.6927964  -110.1908942  -119.3981062  527.9545859  55.82341951  226.9952239  -176.6328424  362.0482231  -13.44744987  -13.83698971  316.9502608  230.7666142  3.334888545  413.0225629  242.1850919  152.7728356  189.7943094  
162.7172219  572.4688307  18.77164636  210.2109456  189.9104889  204.8598297  235.5213464  568.5170437  220.484671  107.3899652  690.4628936  182.7110624  -34.6527166  575.8880577  -111.4183461  -108.3961066  547.8309168  55.98895323  225.8427168  -167.5943034  367.5430104  0.4220320571  10.04171333  302.3954853  248.550615  -8.668041369  424.2668501  229.4557554  153.2464388  189.7002168  
158.2876971  568.1512866  19.21314821  209.5191572  181.7203755  214.9028652  232.1655794  577.5400474  224.3874822  113.1112194  690.6711609  172.0134202  -31.05619408  577.015105  -98.55580185  -103.6738182  547.5775363  49.54068395  216.1248045  -167.8573105  378.6327953  -1.72805714  18.54679265  315.4278458  246.0793429  12.10675332  426.5316899  218.1046941  157.7231231  186.9599128  
150.8971434  571.4661484  9.776217586  208.0493758  175.6146096  207.2782321  247.1879888  579.3179151  241.2173235  117.0842519  695.3609394  183.8196407  -36.01811359  576.3048942  -112.6748607  -108.4751682  551.1627285  58.77081034  209.1649672  -176.6297942  380.7324377  14.91992317  16.35338557  314.3447319  254.4503886  -4.414687128  424.3970674  220.2275108  152.6650689  187.4668105  
148.9687337  554.1076076  4.563388642  208.1658113  167.1988416  210.8056137  260.5758368  583.8537945  243.0712876  118.4164149  700.6079668  160.7168701  -28.62168939  578.0708077  -118.8111995  -95.21963276  551.5639228  66.88295914  177.1556834  -172.2820308  375.7312875  46.54000109  18.2667841  331.6600673  250.7353039  -4.352596021  418.2685626  214.2293804  152.2963479  184.4937201  
145.5027233  550.0853005  0.8854301869  209.8061226  159.7227357  211.8883476  251.1455995  576.0666719  241.6003111  123.2522304  696.9693847  154.874956  -12.40747859  575.6036791  -124.5650849  -103.5130963  543.2062389  66.54487533  174.3754136  -177.4492659  372.3537021  40.02726588  15.00644782  333.6394837  233.8658676  0.4820811239  424.8839514  211.3673947  158.3448459  186.4637419  
150.8867005  561.7817178  0.7529672392  215.8540794  157.7885731  206.4943284  244.9492309  565.2953143  247.2112614  121.7490767  688.7617995  155.565073  -5.00885161  576.217018  -135.453747  -111.0414774  542.9624906  63.68425749  167.1082667  -176.8910142  368.9886997  29.54282794  23.38249414  311.9719783  229.1228525  -7.874463959  422.4867806  213.8243452  149.8501853  183.5657968  
156.9731847  571.2263032  13.19665332  212.1146608  175.967117  201.0152104  261.8415058  574.0734283  234.9794553  119.7910139  702.6698539  151.4202071  -49.21207885  571.8435529  -122.0301922  -108.4378115  551.1162768  76.67240539  183.1403943  -167.5069116  397.2422852  40.19188  47.32490457  303.9456991  263.6062882  16.05454842  433.7064684  193.240135  134.1930285  178.0482851  
156.5616961  567.8529619  13.02861879  202.1712905  158.4158955  204.8995196  248.9500984  567.9398548  236.5529004  109.3484831  693.5796478  158.0430285  -24.05102564  571.6081386  -104.2863654  -103.8550933  540.2353728  67.07230405  188.4814547  -168.8711243  389.4747098  25.87640006  28.70573948  316.4108723  252.3967512  3.573667824  430.571504  207.1987466  147.520029  184.4651732  
162.2436902  573.0672197  13.12703686  205.5762747  156.5718536  198.1038536  248.903005  564.9618539  238.3207489  107.2070277  689.586222  168.6782177  -20.50147553  575.1996385  -111.0056581  -109.554077  536.517246  67.97092453  195.4802067  -173.7092666  381.9164533  18.66159932  21.92952329  311.9927075  238.3485626  -1.465204426  422.9406982  214.6816774  141.7691636  185.6967675  
154.665469  563.7049676  6.256990056  221.5070213  189.3563163  198.9562058  267.8433315  570.1627127  249.1386307  114.0265464  695.4734592  171.2829637  -51.60101223  564.716087  -133.1890548  -97.55086867  564.208113  75.02782605  193.6091862  -179.9585949  396.5030281  54.45583769  52.44083941  286.8818564  276.7089037  4.765599682  431.0508279  189.8512104  147.8123533  182.5817421  
153.9683732  572.1383104  7.768689717  217.2766545  175.0260406  193.7228036  267.6037043  562.3664931  256.7626129  128.648714  699.2575059  160.0249733  -55.72407338  559.8565655  -140.1175025  -109.9756723  564.6300635  81.46273502  170.2813821  -185.029728  412.1599402  57.0352076  62.52668751  283.3639467  278.8437078  8.2110526  440.1449595  188.4143798  147.7207695  177.3161222  
160.6073567  569.7315724  13.77642263  213.1487187  175.6893452  196.6588232  273.5429015  569.638978  255.7189297  119.2006768  696.4644078  168.2735246  -56.72756711  570.5470246  -129.6695422  -102.1008396  562.1816816  73.39177464  181.2264272  -179.5577895  402.1760111  50.02871984  44.63047707  295.7094227  283.462939  -0.7250807492  437.9726864  195.4102038  159.5758521  180.8925589  
155.2568734  551.8213815  4.812540251  209.8324688  164.4755068  202.6085563  272.6690136  579.027062  261.4288189  123.2957967  701.7975934  171.6510958  -34.05155976  572.2549366  -133.5391505  -95.07232854  560.8696993  61.49286423  173.7814825  -181.2571881  383.9626143  52.75924924  21.90360196  318.7301015  260.3165551  -18.24018471  426.3457087  217.2514577  165.6961176  184.9579017  
152.9214513  554.4533878  3.827506927  210.2134644  171.6153688  205.9314121  271.4623556  584.6758604  257.3557088  125.598345  704.6422358  171.3078429  -31.19975923  570.5971373  -135.4012712  -105.1212749  553.0786138  65.64294216  176.3305012  -180.8804339  380.6795039  42.62065503  15.98540681  323.9545118  252.1629292  -14.93344489  421.4711403  214.0823277  160.3582632  183.3139041  
150.324429  557.1729776  1.713179908  204.9293789  163.2188494  205.7612498  282.8131458  576.5326118  252.7233572  119.7209058  700.113988  149.3596925  -30.73621048  573.263312  -133.7627548  -102.9535994  556.1846008  74.56971082  150.0496344  -182.0856487  393.0814609  51.03559443  35.57177961  321.5204362  261.5768181  -7.538706205  430.0890127  202.1670956  164.7411406  180.5190187  
149.9370655  562.9475616  1.64545519  219.3410657  180.0714968  207.1317812  289.4723738  582.1303873  263.4548902  127.2543432  698.2937883  156.5874002  -59.39108671  566.5448696  -140.2208687  -91.36588237  568.2408637  80.4624048  176.6022574  -188.2867893  396.7280786  58.31792385  55.03470682  304.3675436  283.9115406  9.259420842  433.1282891  184.607215  168.0075996  183.2577438  
141.5195033  554.4970112  -2.854887363  210.8359939  174.2181197  217.9797511  262.6890793  586.811319  259.9999224  136.4947753  697.4182821  155.621852  -38.54752206  570.3699449  -135.885889  -101.7125311  559.6684105  66.81592099  172.3541994  -183.7359706  376.3848397  54.25058039  23.59578213  319.7023929  258.040324  -5.090944834  418.8289605  211.2620447  162.0451654  184.0254627  
152.6358261  556.8695898  7.704155083  208.649237  193.1152017  219.2732041  225.5310039  582.1918159  234.3144276  113.4910844  684.8327117  172.7976164  -31.42787159  571.399245  -107.2655122  -110.5597232  547.295361  47.43628492  196.7089847  -166.7730962  363.4957243  13.77217131  5.497796992  304.12967  249.3240265  -24.29142994  409.1062152  220.6123931  157.400874  194.3433338  
154.0156564  566.7711037  10.9518119  218.3230686  195.3838263  198.1890024  250.6233766  576.0875902  239.7414814  118.6333432  691.8658561  164.5706486  -49.05232473  564.5624686  -124.5208712  -108.8923127  548.8053378  66.27890472  190.4568123  -167.2990343  382.7273181  37.60696066  34.26540516  293.5239763  270.1192887  -12.60444244  423.8958456  205.608542  144.6606126  188.438809  
156.4139812  568.4765778  14.16162751  214.8679001  181.6524513  210.5506587  246.5922126  570.1309921  230.7433154  110.034879  684.3327234  171.7113795  -33.95888604  570.7284521  -120.65675  -102.5853752  557.958209  71.97266745  186.9067045  -186.4916533  395.05135  34.88978309  43.78767296  299.9983909  258.1599939  -12.28459292  424.7739714  196.9335924  154.2752264  192.2331219  
151.8790763  561.0892629  7.156904785  197.4089622  154.9957219  202.8243364  258.8320123  566.9181589  245.5698628  114.6531359  692.1499172  161.4385278  -20.26059199  572.0498501  -121.2170611  -100.4108804  542.8501496  72.23499528  175.9186886  -180.4982687  380.513707  38.55918602  15.55853426  331.1763396  249.633636  -11.44218977  420.3349812  215.4975307  165.5237458  187.4762274  
158.2618801  562.5624546  8.060353541  195.6884586  165.4967238  202.8587546  235.0027995  564.334535  227.706867  107.7469279  679.965837  153.6112648  -7.946325873  574.7675055  -114.2547019  -110.9960442  532.5954385  48.84016171  186.4578763  -168.9025594  363.0122515  11.00146702  -4.425602064  322.6746851  238.2319538  -16.35862994  410.8489751  227.5339707  169.9694569  190.035076  
164.7839172  564.4071876  13.47685349  209.5862087  176.5026693  195.6774032  259.8255875  563.4704843  231.9164142  107.0553872  686.1795824  168.0101561  -30.55569656  573.0960694  -128.3261126  -99.52132205  555.5119121  56.90980428  191.2860964  -173.1380474  384.005137  30.9117007  28.36031419  296.0745018  260.4884896  -17.5609202  429.3384524  210.0505892  160.9372479  188.7060461  
166.2612182  562.740179  20.29029289  201.1876963  172.2373637  199.8648002  254.2502317  570.5763299  233.2299949  107.1362541  690.2279232  169.9053695  -25.61833839  573.3437026  -108.2632396  -90.9874931  549.1128199  57.25617914  211.764325  -166.6869104  372.0721897  23.40662368  10.79132615  319.8655657  255.7365925  -14.30807634  426.9261186  214.3888797  158.5541333  185.8074104  
164.1497048  554.101117  21.0026858  198.4104408  157.4065228  209.3815258  245.6539575  569.1264994  231.0573462  107.0433359  687.8687246  151.3728459  -13.43398238  572.7565641  -93.27293264  -101.0697103  531.1592229  52.80241932  198.4001477  -165.3621177  360.3771406  6.847113192  -1.955410275  342.0359708  240.3031529  -0.1700672255  417.4387954  222.1934011  165.885454  189.2559441  
155.5562242  559.8710839  4.364532573  206.2466869  160.2462761  195.6225236  285.3089191  577.7092242  263.5127114  118.3753722  696.6964833  152.0948553  -47.46511161  567.1929487  -136.817785  -88.43196334  553.4621156  74.97874935  159.3793561  -186.7537241  388.1795551  59.58212222  28.74594169  316.3730443  284.4188546  2.372923491  427.1231358  199.80172  173.8748523  181.8862704  
149.2574777  555.6702371  2.225797156  200.6783154  162.4450499  213.5529433  259.7377084  575.5833571  266.8982142  130.0148531  705.7750683  171.0015659  -21.54656671  565.6428341  -134.051796  -95.53632852  544.9147996  67.71670397  187.1417435  -192.7878283  372.0848732  34.8203864  3.994651902  344.8285814  249.6472982  -13.88786816  414.9859491  221.3284078  178.5256735  187.9907389  
157.9379023  581.4029147  15.56205713  201.9770686  183.2449395  220.2429763  201.5629084  566.1812905  232.1548958  115.9722524  691.6661369  193.4110853  -13.81517748  568.6586794  -102.1999848  -115.6586163  532.7914489  42.55948444  238.064971  -183.5762869  350.5116715  -25.0345052  -30.54601526  330.1302678  220.2230211  -11.21237407  394.7521007  247.882201  162.3272533  191.9955215  
158.4635655  576.3411245  10.53123856  205.9382678  195.5816656  204.0378167  229.8223945  570.4173373  243.8038013  118.71612  687.7819761  192.8110121  -51.7460543  567.4007139  -119.1483043  -99.11695585  553.0596159  50.45233019  237.0017564  -179.6210431  361.6592718  2.535961401  -6.014301125  302.6690794  265.1831605  -11.85887595  405.3917808  226.9277622  172.6447139  190.5780345  
153.9667728  568.9574104  4.363185355  208.2854846  184.4020495  213.7112035  220.3821864  558.335065  236.4921377  115.0936952  679.5246697  185.6880879  -32.12214384  562.179579  -114.0353552  -116.9160851  537.5076213  39.36314154  215.2450777  -181.1265879  355.7880726  -11.76644553  -32.30260815  313.9975327  237.9147821  -32.63845111  395.7139398  234.2615113  176.9762398  199.2404817  
159.0388451  578.9183405  6.801238362  214.1760152  188.1324241  211.3145071  223.8741073  549.3672845  219.8527588  101.8499638  679.2339173  178.2553309  -29.23262636  568.1546835  -101.9509248  -126.6451264  541.7402098  53.05481005  208.1076197  -172.829042  383.7167048  -3.255209176  18.51723762  287.1787337  250.0595355  -5.89955319  418.7028244  208.0341429  146.9566071  194.341715  
156.5384052  570.7275012  11.64279624  216.671025  173.869029  199.017697  263.0113437  556.5958118  229.2386541  100.5942675  688.3748608  158.6621067  -46.72608138  572.6211987  -127.6787867  -107.0412853  557.0177164  81.28165675  181.0283372  -177.8472305  401.2313927  39.6017365  62.87812803  288.372871  277.2030942  7.953183898  442.1276264  189.0064874  150.2321974  186.2699835  
154.8245839  575.3029873  9.767089633  207.488859  174.674274  206.4780099  238.4777032  582.418477  233.6158066  111.2733598  684.7887434  178.2664665  -35.51591006  577.0160288  -121.0002574  -107.1802569  556.9056973  67.31607222  197.6045157  -183.4480958  384.6769876  15.75168173  32.67232337  302.5634262  249.4817593  -5.531802178  422.9382807  208.3474621  153.4834193  187.3111728  
152.3404078  571.9642039  7.65951277  204.0566986  162.9595983  213.3967791  226.5534127  575.1192986  236.5717143  116.9377167  678.104951  165.2595626  -15.48246582  577.5185409  -120.0391824  -110.0697053  546.9861459  64.51264809  184.8813731  -181.3793499  370.3834733  14.01404413  16.21070063  305.0905098  235.215071  -3.602765687  418.5495574  214.2153522  150.686755  181.5308113  
158.030105  587.2357798  16.91520313  211.7322887  183.7115543  196.8842658  224.613013  561.6816821  227.8251391  111.2266509  682.2015826  184.5944883  -41.3170555  571.528616  -113.3567825  -119.5282131  545.2528512  56.95662443  216.5728582  -173.615273  385.234328  -1.433209735  11.45550739  285.4374825  255.2199763  -5.640940421  423.3708611  219.9197911  141.1695444  189.8682794  
162.4581773  587.3887785  15.77419709  206.2638091  182.0338081  201.8064812  232.4865052  556.8217315  233.5452551  110.1824723  685.2303314  188.3168938  -42.27495571  566.1112837  -121.588251  -111.7815624  552.3191697  63.41237138  213.7378895  -186.3776388  390.5214862  5.488425929  25.3110254  288.816368  262.1235606  -8.42214944  425.2230965  209.9726294  158.1001573  188.458092  
164.9090549  580.6904042  14.5074292  210.7698808  170.2147256  189.5911847  269.0194198  567.4585547  255.3793932  118.6793767  698.7356361  171.4354605  -53.91931473  562.2950625  -132.7522498  -91.95140355  556.1910004  78.89342873  196.4773213  -182.193558  396.965057  45.22785669  39.8435283  297.0710558  278.5106577  5.767084725  434.8205005  189.5304986  153.7069548  178.1143468  
158.5234998  549.3937069  11.11406329  212.0631713  166.8033869  207.9770918  262.5929342  564.557527  241.2630754  117.9606943  684.7780662  153.5647444  -23.82069261  573.4332888  -124.0838647  -95.47769765  545.6726596  59.00826607  175.8195176  -172.718364  362.6676538  42.28063346  7.83291022  327.487508  248.8199397  -10.22243843  420.457159  211.9225826  175.7268591  184.4453878  
157.2963963  548.5361164  8.970834102  216.653381  170.3185824  211.2455687  267.9871652  565.8768901  229.0707848  105.7488372  685.366317  150.683786  -24.41244019  576.0185036  -128.7610779  -111.6387173  545.0864474  61.21796792  160.3582245  -180.0481865  382.9183143  43.18218133  30.6042871  305.719198  243.8876433  -6.001608854  423.2808092  207.6245963  158.804927  188.7798555  
151.701403  567.7211719  7.415722633  222.2778254  176.5728614  201.8001786  274.2472459  570.1457957  246.7028302  118.5032763  701.165335  157.5973909  -45.33859216  570.564769  -133.120157  -101.1295689  560.9619341  84.07339356  171.9125446  -176.67831  405.5100867  56.23917219  65.55100272  293.195859  271.7877494  14.12700214  442.3436408  193.4667035  138.8778661  182.1174281  
147.3703846  563.5743521  1.481980278  216.2439624  173.3077242  215.6544137  258.8839044  579.2908313  247.4949014  118.0816326  701.7053856  164.0807333  -27.05537119  572.1886484  -119.9359129  -107.4010196  554.8095777  71.72244099  188.8373596  -177.1975771  388.5967779  33.4336327  44.37260996  313.6467861  253.4209559  9.976630444  435.4792458  207.008036  152.0597653  186.5606972  
148.8917598  565.4820573  2.613637304  213.2750492  175.4552323  212.2183821  251.8574763  585.4890453  249.632136  119.3785085  701.1273218  166.4352013  -39.46080539  571.7044124  -123.7540455  -105.8200069  562.6736543  70.06344466  184.8276893  -179.3816218  388.4864228  34.48631878  36.27739889  308.7055723  257.2954519  8.901406139  427.2234803  212.6514358  150.7992847  184.9495188  
146.9772606  562.8170637  0.4313278604  202.9210527  185.5647679  205.9303714  254.1548279  596.5122748  247.4408122  124.6357799  701.8110598  171.9657976  -39.45979984  573.344358  -129.2687024  -101.005275  558.2868884  65.62393703  188.6653757  -178.7646204  379.9041512  37.15956035  18.81793719  323.5138801  253.3187794  -21.82850878  416.5279221  217.0949926  152.8883906  187.7640399  
154.3312329  551.4136099  10.58828175  204.3165202  196.6855113  205.4139745  223.4418608  586.377617  223.3246786  119.4818147  689.4228528  169.7022621  -35.49786094  571.1956989  -120.8633412  -111.9139951  542.175555  57.00344051  222.4336833  -169.2690325  363.6069551  6.847572287  3.66590555  316.351868  234.7225256  -6.874615266  408.2216645  219.9329169  150.5495982  186.3687204  
159.1639708  561.3743049  14.85314619  210.5859588  195.1895932  202.0641196  212.9314677  557.9402349  220.7004811  107.8211581  683.4421086  172.7423349  -38.57369867  568.777077  -109.1674302  -126.3496332  537.5496309  42.62912627  217.167098  -172.1261676  373.3534755  -4.96428076  0.3735328903  287.9312233  238.1084961  -6.18336991  405.4908295  223.0994404  148.4160469  195.9002438  
158.6678233  576.8955848  8.87525968  210.9681801  169.3493582  204.8853917  245.4551827  547.3112299  226.4459211  105.2906752  684.9899694  163.7459831  -34.57242852  563.9975326  -117.9788237  -119.0465229  543.4588943  70.08419093  186.9300168  -180.902529  400.5955927  21.19364349  45.84635095  286.4068699  257.9783609  1.976752356  430.5715917  195.9819606  145.0239704  190.8150123  
156.5804247  566.8387602  6.676859075  208.7479512  161.1647304  198.2958323  267.2424635  558.2941416  241.5186149  107.6964763  692.9741709  149.0230922  -42.08893189  562.6525169  -125.737023  -101.4149419  548.956571  80.64816362  176.3721383  -177.7578574  401.1303096  43.66090161  60.26668619  294.9519647  273.1013601  12.7459373  436.1059888  188.2531153  144.3880136  182.3906904  
155.6802495  566.2078398  10.03953758  208.6425086  161.4405374  189.73956  269.7925577  562.4791894  245.2358419  120.5859304  701.4394822  151.38217  -58.01784624  566.2748433  -125.4613442  -117.897165  545.743845  78.33098657  187.8803204  -169.4977048  396.2735091  37.5912924  47.16914544  295.9859753  273.5566924  10.34689705  435.4252987  204.888404  136.0974305  180.7040766  
154.5291725  564.6987519  10.32812436  207.9450843  179.4165314  195.5717015  256.3995169  573.1971161  232.0013349  107.5660371  690.0568763  170.0628083  -44.52915855  579.4374186  -116.3305945  -109.1775275  553.1392626  63.87531735  191.9453669  -173.4233968  389.9521066  25.73355824  29.3176428  298.8815448  267.1736919  -7.314723879  420.9640918  205.4810941  140.3483787  186.8825605  
157.3952211  558.6299992  7.035849647  205.6579141  172.528045  212.0355224  254.1589201  576.1338963  244.4700128  120.6918388  694.7350563  161.7176266  -25.86607393  575.5013352  -123.0663604  -98.83211418  555.7771601  69.08175376  187.3067375  -183.3907399  386.2291538  40.39396107  33.29693088  311.5718566  250.8990245  3.530299425  422.58204  201.7777032  154.2786544  184.8368901  
152.2198222  560.1401644  4.944616063  201.2911686  174.7964276  211.5804542  253.4676559  589.1178571  244.1788733  119.2183291  694.0591573  164.3199885  -22.82489093  576.7642021  -121.6714712  -105.5305346  549.5765867  65.06982173  185.7642838  -184.6688636  381.9369714  34.38686063  16.4716183  321.3747844  242.4611307  -7.07353839  415.4352654  215.2484631  155.5281257  186.5435176  
155.0119272  568.9767829  4.924063452  205.1370746  186.5831066  205.3036763  248.3762361  581.550618  240.1392179  115.5184672  690.2695573  174.3099802  -42.20193794  569.6326824  -118.3068195  -108.8138924  556.6893594  61.31884743  197.5233793  -175.2098456  383.8414541  17.80302677  23.93051637  305.2041352  262.3438311  -13.18909818  421.5756768  212.6490187  160.3101263  190.5691821  
158.7006677  570.8563352  12.45011296  212.8083768  183.29109  191.1323027  275.6565995  580.7151788  250.756707  117.1741406  697.7349397  175.6954096  -62.6013348  567.5189923  -126.4179659  -94.88078694  560.0614695  70.24492751  190.2834455  -177.0919632  388.7252486  35.85020098  37.02802244  302.7780881  288.6419037  -7.779912182  422.6767699  203.0829496  160.7290006  185.6540906  
156.298494  557.5985565  15.3381367  204.3990323  174.0675911  208.4537153  265.081294  581.5792573  245.5948997  114.2300324  694.7245746  173.1716464  -36.65170645  569.3968406  -117.3572417  -95.03198344  544.83698  55.87389353  199.0561091  -177.1304786  370.3224213  28.72836047  2.359147255  331.5848509  262.3472407  -18.42086  413.7993218  213.7264352  168.7320916  187.4842613  
158.0026189  555.9797008  18.34693176  207.8236689  159.1666235  208.1781693  249.2308354  580.224993  236.7207506  110.8247736  699.6263267  166.6136686  -11.50412744  572.7681743  -116.056945  -100.3158149  538.7348603  57.47269743  193.047279  -177.3186057  371.424009  22.93449019  1.233889715  332.652344  231.5116233  -4.426736607  421.1203613  222.6696362  153.8603386  185.5378575  
159.3169265  560.6049172  16.08838749  210.6131934  161.4051213  205.6640407  248.2154172  579.0469721  244.1073103  121.0326959  698.8942818  159.6679123  -18.09254451  570.2541926  -116.2971795  -104.2051217  539.7688743  70.07006444  187.7183365  -175.2300583  370.450209  28.97378926  5.372631248  328.3543579  238.7158726  -3.927713635  425.3391594  221.1945339  153.1557855  182.3224309  
159.0807087  572.9635879  10.89579914  221.31733  169.4393606  197.6699869  256.7130338  568.8769175  255.1794123  109.6366657  690.1079819  175.9786233  -42.89101682  568.9771768  -122.1748271  -104.0729775  553.9604059  77.30581573  181.0185376  -185.3726712  386.3905769  44.89016844  33.68751934  299.8164758  264.8808188  1.988433297  430.6081599  200.390762  150.6461079  181.3974378  
154.9093419  563.1940515  6.610148852  214.2667588  180.9763543  206.9118271  263.499507  577.7493484  255.2758725  113.9651733  693.8551782  184.9550723  -39.72581916  568.0876727  -122.7230418  -98.93044595  556.7302322  60.84659264  186.3480995  -183.0910057  380.4148753  34.58347754  29.19311693  312.466354  265.9811351  -15.86608703  422.0186378  201.9228371  166.8615476  187.0629247  
155.6918999  560.9095456  11.31440984  210.2367398  164.2731079  207.1514236  251.0149632  570.7472223  243.2246899  122.261566  702.0389638  162.8067839  -22.48663492  570.7126527  -119.3157195  -98.41987475  547.334464  67.02728241  191.1245072  -168.9572766  384.3980168  30.9330019  28.21594163  321.3177784  242.5254957  4.596636203  429.2168568  203.8235853  142.2282178  182.7951769  
155.5809634  562.2467769  7.801272057  213.3942209  171.3734352  201.8767074  271.2195476  575.9131289  250.315947  121.3627422  695.3661511  160.769617  -36.23006679  573.9865045  -131.2211711  -95.24978826  558.7212043  73.14071068  170.5746519  -179.9692716  389.2478687  54.61684115  30.14462052  307.6093605  268.2271132  -11.54912476  429.3330746  199.1364607  155.7886114  180.4837524  
150.0365743  554.4073528  5.925973094  208.8031844  171.3988682  207.0029178  269.3288661  585.3105763  250.4221899  124.2801957  696.0115909  162.5140315  -17.00375131  582.6525739  -135.0552113  -88.05319585  559.8228452  61.40319401  168.9951723  -178.3415948  374.6529356  60.28031387  12.88087497  327.4021821  254.3391796  -21.59877333  427.4162652  220.0573774  171.3752478  181.6939028  
155.9807845  555.1636657  12.52379252  213.0531455  163.3456824  211.7508814  247.6700773  570.3536307  244.8608162  119.6085563  697.9691274  160.9889503  -7.230228731  574.0160024  -128.3643266  -104.5426248  549.8379908  54.95593938  178.1458421  -173.1142152  370.1245018  34.80367666  14.58449962  325.867606  230.3836919  -13.75883759  434.7932323  218.5422551  166.1552313  179.1570381  
154.2941645  565.4498917  13.21732326  222.7659324  173.4815788  199.3058895  270.488849  562.2628368  249.9003321  119.6768939  703.1830059  162.5738202  -39.28142384  565.5339738  -125.2247723  -111.1473079  553.4356226  76.91642563  176.2133603  -173.911745  395.2838376  47.40850555  47.83867738  305.3360459  265.295503  2.48100581  442.4845958  196.0197848  143.0429713  180.6443261  
147.5498075  571.5165732  0.2389348703  209.7072361  193.5415383  219.6990487  247.9352101  573.6508037  239.3958029  126.9715391  689.8123803  169.1103039  -40.67037909  568.9066295  -113.4200505  -111.6823062  555.9621929  58.62746699  204.4211661  -174.49305  381.9910337  15.30214619  26.70942908  308.6127133  260.1787879  -16.77162124  416.1732184  212.1052063  165.0019528  193.659114  
152.4582657  560.0689848  1.028224013  202.4446086  175.6933816  227.0557784  239.712567  569.7572391  231.3850941  117.7677067  678.6562139  152.0363023  -14.75841336  574.8146402  -106.3932615  -111.1211481  543.4282456  45.62579941  189.7836128  -167.3110534  364.8266747  1.549638402  1.878751743  330.4026303  235.3003835  -11.67455811  410.7784927  219.0592629  182.904147  195.428939  
153.4034172  556.396439  2.12180311  204.6202473  181.1678981  215.9332606  252.8418412  566.1886434  230.6616947  110.1797052  683.3293646  151.9849136  -27.79039326  574.5698136  -117.27467  -110.1094198  546.7182011  51.48160336  188.6516471  -166.8263272  366.9239542  18.03307039  10.75182704  316.3890755  256.0760561  -6.601835567  415.5962426  215.5619684  172.6668702  190.3735379  
157.9100773  560.1975013  4.852602693  218.2998027  182.6019988  196.141403  281.313809  572.4168965  243.1367457  119.5222736  698.8139156  156.0465533  -50.86864774  571.9293908  -135.6530713  -94.64804082  565.0847444  62.80294481  179.3953306  -173.0964264  394.7389285  45.7540519  45.72824248  292.206673  279.7970775  -0.3020922431  431.9100495  197.9156603  165.7909304  183.8369141  
154.6347584  548.6842091  11.64561033  217.7627526  182.7354263  204.4557714  282.3809092  579.9322524  254.1536725  121.7397591  701.0241887  168.2122835  -42.713519  569.1464107  -135.5548037  -84.70443903  566.5920928  56.29902166  175.5707058  -175.7182275  389.2422095  61.90496901  30.8797221  316.3928978  276.8620252  -16.06192347  430.3220863  193.6132682  183.3108895  182.5421067  
154.4591694  550.5902861  13.4957272  213.0887767  169.5026196  205.6033238  267.1576115  581.4399043  243.9162662  115.8647643  695.4718626  173.3460695  -28.32945306  575.8928676  -125.7972541  -92.72796019  560.3331936  59.13416339  176.1375335  -180.274705  380.4275885  46.92021875  14.62147727  325.748104  258.8994995  -20.14492703  421.7478434  207.5815034  168.8089011  184.0803853  
153.8248038  554.0915579  9.76943683  203.2603108  161.3708623  206.5129779  280.0227379  585.0363433  253.2492614  124.7311072  707.1758235  166.418891  -31.63095186  570.7921551  -139.5299016  -80.51442634  558.4325772  70.68101106  169.4828897  -183.571462  375.7377599  65.50095824  8.825242553  342.8649143  259.2432904  -21.88088249  420.0908604  212.6320317  164.1739045  179.1592053  
154.0655094  552.9660427  12.56404842  206.4356616  151.6578205  210.8466901  256.2413039  571.9139482  260.1381008  131.9170803  710.877263  168.8274204  -12.22141759  563.1946668  -127.4148612  -86.52201449  535.6336861  77.84308301  191.8191862  -182.2936125  363.6352564  42.92695194  -2.994472472  351.5229572  235.9093319  -10.44552472  419.475018  225.2721426  152.215762  180.8358205  
154.2874918  566.2920851  7.848859749  205.9680391  169.2522675  221.8543093  214.5268481  566.6829384  250.2629255  123.6510277  688.0611934  172.2405344  -8.378789472  567.9082524  -96.40656953  -109.0131607  532.2867806  49.85695968  214.6840881  -168.596839  349.5356002  -6.378089432  -3.11850501  323.8811852  229.0215776  -3.628843772  409.614646  226.8676018  153.678871  188.81101  
148.3652179  567.1864184  3.843100584  198.7593299  184.2061322  210.8149161  242.7221953  573.6944622  256.7595442  139.9113877  688.3568518  143.5329334  -42.71378541  568.3121714  -119.3204896  -107.1378512  548.9138357  52.83375794  187.5608105  -159.6765067  365.4140089  34.40810686  12.6965086  306.5833194  272.7823938  -12.58237782  413.0165915  211.1471459  165.4157294  182.789237  
148.9850266  553.0966548  3.208326045  197.205433  186.081081  212.1182042  234.3953407  576.9975667  234.3933672  125.0992379  684.8883022  145.84063  -27.12199416  576.5248696  -117.0944709  -121.3726068  543.4054232  43.75533569  186.3326717  -157.7796811  358.5329734  17.98855014  3.465914691  314.9308051  251.4928795  -31.73169959  414.6821595  224.4133467  170.1064594  192.234397  
161.9292717  570.312673  15.74598512  202.5433104  206.4154199  196.9838569  217.2092973  569.8212659  210.609743  89.95615112  680.0750518  170.5214606  -49.82787586  580.2716449  -94.74637309  -133.3953641  544.2735685  47.5301235  216.7235819  -164.1971737  383.5914366  -4.74414925  11.30787507  288.0824082  261.6760783  -17.75953439  415.3535872  209.0654718  155.9470352  193.981601  
157.2518199  567.5815295  9.129453876  200.5615631  186.5776486  196.9857717  251.5512867  567.1759512  232.6821773  89.76401371  677.1267431  183.8736079  -60.13548731  573.5322395  -123.3478531  -114.4180538  556.8601662  55.66865589  183.0170083  -190.3439506  396.7578899  30.96508865  23.0370416  281.7525864  280.1709908  -20.92889469  416.5359601  205.995399  175.5123701  192.1202865  
156.043251  559.1401736  4.966825698  212.6356259  163.2364182  194.81688  249.7789708  552.2060215  233.9134585  91.72862262  689.1299495  165.7884255  -30.17631639  560.2666845  -133.4095913  -129.4736905  527.9941723  61.11648872  176.8024471  -187.778921  382.6202585  25.58145262  21.71733574  303.5424144  246.8454599  -12.3825322  426.7934442  204.3895584  159.1177866  185.6375744  
154.7627888  575.4828407  11.42662711  226.0520528  178.5964737  185.942109  262.8138016  551.4257367  234.5997552  105.0820933  703.4873584  170.6261295  -55.92868404  554.3908361  -132.8464777  -128.5364069  541.7225607  79.44958649  197.1528656  -179.149556  412.5499686  38.16948689  65.5374899  277.2080229  270.7336916  16.62126465  443.134442  197.0956157  129.2120723  185.6843762  
152.8982254  585.8496339  2.643453087  225.8849558  186.148969  198.1026177  244.3786995  548.3127178  231.5934482  102.3065956  689.820717  175.2229219  -55.23323262  557.1727019  -126.7057372  -118.8090889  559.993923  83.21453985  197.8590543  -183.3895678  414.562193  26.42912601  82.41268489  255.9365678  271.6380666  24.3148681  437.471154  195.6505896  136.3509658  192.5715198  
160.6162106  577.5445179  1.432064745  217.6237616  186.9049156  207.2400158  259.2332649  559.5681251  235.9908744  106.9421746  680.3532872  168.4834205  -65.00835675  560.3011519  -135.1679632  -114.9463931  560.0115788  69.68945638  190.8777005  -188.8918738  399.6865714  24.20432264  50.45029256  268.1641264  272.0935819  5.452628174  416.7776827  196.6869391  156.1231956  194.1938692  
159.3949653  565.8097781  4.390422747  209.8613325  190.7603621  216.1980979  253.5541981  563.9053681  228.4123056  99.14760666  674.6749578  172.9819687  -46.35246967  574.2894049  -119.020774  -101.8954606  562.8693204  55.44566403  193.5583621  -186.7289119  385.7564115  17.75056953  23.32187464  290.489744  262.6058959  -9.180577919  414.4862193  207.1025235  176.6058243  197.0328233  
162.1101924  571.9042945  8.507619323  214.7507932  190.4639633  214.9009357  236.0025465  565.0813498  230.3720152  107.1392363  679.3787832  179.2190882  -33.93671492  573.3280595  -115.328767  -100.398674  560.195532  54.31623671  212.2380763  -183.103527  386.5785974  12.57069505  24.03173761  290.400099  251.2673749  0.5367487297  420.3612004  207.8393815  163.6085768  191.2223862  
160.5545026  573.4167491  14.71544102  215.7166733  186.4155196  195.0478743  255.8163251  579.9285351  236.8564435  111.2743101  690.7113267  176.9375868  -41.16797914  571.8544974  -119.7955901  -87.56525003  557.2827815  73.85052279  209.5352757  -179.060453  384.6395794  29.32052  27.22793121  302.1922179  266.2456061  9.445548156  425.9077208  204.6064945  147.31038  184.4067377  
156.0890521  556.7261353  15.17528258  209.670745  161.2626031  198.4879753  266.0350384  593.503704  260.6385  126.3528726  706.5972826  168.1811349  -31.05120192  574.9605683  -128.0154218  -80.36093701  546.8701824  79.74169161  199.0260433  -187.5691293  371.4697002  45.10586669  15.39686908  333.0076739  254.6462999  16.53506035  429.872572  219.0911156  147.4955567  177.1479462  
153.1983034  561.9914117  17.50955964  203.6438617  171.7845166  207.454323  225.2297901  587.7203741  257.4924928  127.5070568  699.918383  181.9022395  -28.45702387  569.7305489  -105.2732268  -108.4622175  536.0387551  58.17438682  223.089058  -182.4327791  357.3304873  7.421235431  -18.09629674  334.1744493  233.428914  2.205985657  407.091233  243.2543649  152.0750886  184.9384452  
150.6066779  575.2740377  18.16696319  205.6067254  193.1629552  219.9724353  200.4466367  577.7076381  234.3284929  115.8982519  671.9920632  197.8788742  -28.72033673  581.1600026  -92.13266991  -131.1881404  545.4582076  30.73140595  217.400006  -179.9768581  364.2852133  -30.83919767  -17.14007021  299.4961046  233.6470202  -27.6689399  397.5181193  238.6863697  166.5752702  195.7461022  
150.5403416  582.9027903  11.91000312  206.2622803  181.2118462  217.5584651  203.9496466  551.5492639  214.2557873  108.6991763  669.3640735  168.4293989  -28.02678395  567.7984036  -96.56157099  -131.655962  536.4570513  61.8568195  210.7574408  -175.5049597  383.8529785  -23.08524627  28.15930504  290.8928792  240.551031  -1.672622566  418.2797153  202.1339197  149.3669925  194.8445105  
160.5004335  586.6285881  7.061805159  198.2376594  153.8406781  189.047363  245.0002171  544.9002852  225.3794048  113.2041482  688.8526726  143.6523383  -46.5346735  562.6671824  -132.7734986  -125.7396036  537.243775  81.39931143  182.5857067  -179.0161587  400.9101504  18.89614708  40.73156073  295.8726928  257.4989106  1.162575244  428.3828945  200.9705461  149.4600222  185.071073  
168.7237016  569.647178  13.54262164  210.1446179  162.0680516  177.4447179  274.9097831  557.8694535  234.3443096  98.93316906  688.4993848  152.3484628  -56.06075848  566.3238137  -138.8528647  -115.1424802  546.8427142  72.42365066  173.5276398  -172.9945547  398.3772809  35.42724795  49.05871047  281.0762434  281.0801155  -4.829657897  438.3418618  192.5102708  148.2703515  181.1685456  
172.5404205  574.7213009  17.5274728  229.8541945  187.5046817  168.0551088  273.655174  560.9184428  239.8879402  95.87769409  696.2248225  187.3784248  -71.94141761  563.1558739  -131.4457124  -102.3440191  564.3165387  75.37532154  205.3911489  -179.7924426  410.53113  43.2066773  64.68138951  264.0924054  287.7941659  14.87881751  438.8336747  175.0244606  134.1819627  182.5324259  
163.0034904  564.3133131  14.240525  228.2484691  170.8127862  180.2442588  283.7775978  566.0174465  240.3904673  106.4714741  699.5649309  171.8652571  -41.46858363  569.6256239  -133.8712391  -88.36818374  564.3778183  73.70291489  177.6872893  -174.4416789  402.6458384  60.36927319  54.23034935  297.4570198  272.8483303  -0.23736741  441.4438897  185.2844849  142.0727811  182.924425  
163.6636707  567.0821015  11.26854263  228.4527019  166.1409068  195.8935944  291.1490839  580.9685719  254.2582519  109.039322  698.250544  168.1429819  -53.37218396  569.9270035  -125.9693873  -81.2495805  563.0314429  80.90822649  175.57606  -182.8964905  399.3514113  62.14627028  55.08279339  298.9536582  283.9727456  15.61403636  435.4583276  178.0765022  141.5137195  179.4368459  
151.3922554  556.7959386  4.199368  221.6346514  155.3360282  200.1019775  295.9378097  588.6634637  267.5725999  134.0354345  703.3211754  151.0461806  -40.79199486  568.3512041  -137.7035148  -77.71646113  561.6557571  97.40103115  160.1004583  -177.4608772  387.0955919  79.44984389  57.83381737  320.0688012  280.6742192  9.409204849  440.1800887  189.6103782  141.8491634  174.6009486  
145.356194  550.502355  -1.085231784  201.7647768  157.3637457  219.2875175  260.091804  585.6305502  254.0928501  129.8084016  693.535674  149.8286851  -1.90829434  578.951903  -122.1517681  -103.207389  547.0566194  66.08149411  156.6862051  -174.852549  364.1173089  39.09285983  13.91609968  343.3123803  233.2868038  -11.49250873  418.644036  219.1197906  161.6621008  182.0698743  
151.3745623  561.2817406  0.4273501624  210.3614057  183.3711874  214.7561789  257.7258658  584.5311879  243.7878061  124.2380348  690.3314845  147.6796583  -25.14252823  576.0241973  -124.0218278  -100.8111776  557.3376416  70.34282186  164.4156617  -165.8839906  376.4947335  42.54459636  32.61245257  316.4154058  255.0580891  -8.663781649  426.4563334  203.4768098  163.0437088  183.6849823  
147.5739089  554.348865  -5.003907699  203.2753798  176.2433628  209.0552382  269.6079738  577.0886792  259.0503397  133.2718484  693.7899041  131.1054319  -40.79506055  564.7027635  -145.5786046  -95.86235367  561.6215831  78.05349072  139.9101183  -175.9205146  384.1115736  70.61109594  46.05844756  305.6998739  277.9838077  -18.30000612  427.0904562  198.554532  173.9086164  180.6583598  
154.3364319  551.8591804  8.361146636  203.1203536  165.1468311  202.7609223  251.4344632  569.206229  240.9965328  115.2031081  701.2284449  157.6352788  -16.49115178  570.7967171  -129.1076554  -103.492024  536.4070597  51.89637005  184.1633759  -171.6026404  364.2496041  28.59671711  -0.5800211721  325.2498576  241.1576406  -20.12740244  413.3998881  231.7065637  164.6915681  184.8989703  
157.9564954  545.807228  20.31979443  215.5499325  174.1681911  199.3556045  237.8347868  566.5814727  225.9717195  100.5600889  700.9277189  180.8144269  -16.05467953  573.8629572  -111.6222914  -116.7659272  527.4913305  49.09384624  219.3341261  -170.5824168  364.2857129  1.222307255  -8.215462855  328.9024322  220.4611748  -4.811152436  422.6892198  237.6572169  146.7884674  189.400433  
161.495177  582.6669019  17.29946697  207.1602837  182.8301822  203.3907301  212.5523363  563.1221975  229.5288986  99.6304287  692.3086246  191.1626931  -32.19966771  560.966139  -93.79200945  -134.1658292  522.5272639  51.6631568  247.4513833  -173.831917  370.645962  -34.73442965  -1.414266149  301.7536748  235.4588318  -2.505958422  420.5188968  232.1238119  134.307962  193.0920656  
163.3611733  600.3222546  24.23102416  210.3084321  196.3298575  201.1342215  200.3210857  557.2987321  226.3950718  101.9758436  680.6886566  201.4958194  -49.99660071  558.4709431  -96.81976288  -117.7078665  543.4674967  49.38331801  255.7976327  -178.9141308  377.1753795  -35.45983452  10.55619076  279.5094704  263.0706581  1.11925131  420.468453  220.777749  153.8170783  196.6320051  
168.8353029  599.8757735  28.27286094  207.8774063  181.0986913  198.3226648  194.66729  553.1879446  219.8141533  108.3009878  683.9892576  199.2165363  -54.05780632  560.9630711  -93.47724784  -126.173032  540.1550794  50.437935  257.2005351  -174.4280705  383.2162768  -35.22870985  13.23918368  273.7270657  263.2334478  3.491250322  428.8812851  224.1803542  140.5746183  193.6025505  
171.6783904  589.2374382  29.17276346  211.8524869  179.7213887  195.1145007  229.741758  564.2386035  225.7733971  100.0557111  692.1471326  197.9880478  -51.82384654  566.2973834  -95.69253388  -111.9409902  541.4678864  55.9813549  246.4394678  -169.5403554  387.448515  -18.18221032  20.91956418  284.0247718  259.7475826  1.183019213  426.756923  216.0930394  132.756721  190.5364587  
167.6680578  564.2924077  23.92632392  208.9627741  182.8564535  207.0165613  239.6919947  579.7835339  229.0321543  97.81163079  691.4699002  202.8484031  -34.15674372  578.1965385  -89.2407727  -98.31329469  545.6116412  45.59421829  237.1973904  -170.0268975  374.3864914  -4.011875073  3.959238254  316.4549047  246.2765707  -14.68573793  414.4227379  220.5267036  151.8445333  195.1646941  
165.7052885  555.9257374  25.89604836  209.1786248  174.3631015  204.2787293  243.913617  589.1486947  233.0836958  97.33725982  701.5347421  190.7515422  -25.28034786  576.7556907  -98.07712314  -102.1689474  538.0577245  45.31165879  222.0499362  -174.2926478  373.7653629  9.03199531  -4.153063543  334.115664  234.7125056  -0.236640467  418.7306161  221.8007272  155.5773809  188.5489322  
147.8940803  558.1271282  6.057399179  213.6403107  156.205667  200.8829934  265.5395805  570.1156011  258.3259847  111.3927886  703.5257224  172.7198513  -30.53134923  570.4223321  -118.9784409  -106.8580827  545.9778087  69.439083  172.0091761  -185.6145499  382.9371367  43.34925372  13.2642102  328.0449754  253.8631738  2.500235336  427.9849264  217.3989358  154.9113694  180.9641983  
149.8057609  566.3940453  5.09461741  213.7511314  164.5708156  211.1137308  247.9542323  570.1987923  250.8989647  107.6340959  689.3796655  179.5692577  -26.2820097  575.1419917  -119.1578349  -111.0329422  556.5257744  65.67369074  165.9974149  -198.2180223  395.6545927  33.57784676  30.19623417  301.654635  253.8303303  -0.1091761865  425.8575554  212.1502758  171.3625033  186.5857689  
151.5432072  569.7088196  11.10835809  211.0547227  171.9603626  219.870621  226.5030701  577.808289  242.953134  112.9121466  684.9381885  188.8327876  -19.66149825  577.3990425  -122.4944875  -110.6767155  552.4589664  60.55655143  190.4234415  -191.1328687  376.9250957  22.92588511  16.75976195  303.7092818  243.7572348  -8.074865611  417.955639  218.5297785  166.0363066  188.0881647  
152.7152945  565.1609701  12.14774225  207.8149922  182.0022237  226.1299913  198.9856143  562.5506302  217.3478322  112.9641327  678.5269339  169.310929  -4.258947119  584.948942  -105.3989617  -130.3677671  545.6807802  50.12585052  204.0930819  -166.8276607  366.590213  -1.493526878  15.93142553  305.7850166  226.0134638  -12.68470568  420.129637  218.5110746  145.9634941  191.8289614  
158.2184199  563.3371749  11.85745519  211.2164241  181.245846  203.1758608  254.1673637  566.0942601  223.681657  106.2292619  688.6454932  149.7821667  -28.10145303  583.6041433  -120.4450313  -112.7686736  556.2133409  70.15527014  181.4608993  -161.2467347  396.7510004  38.55106588  63.50856915  290.3570689  262.8930527  7.022928561  442.7694103  195.6892694  141.5760962  182.381677  
154.1106088  565.7569425  14.40833626  205.6387475  172.3432932  201.7435246  256.5277521  572.5254015  229.5316431  112.6021873  690.1322549  155.7822673  -31.22945361  581.3408253  -108.2919534  -104.0300907  548.3650647  64.97924945  200.2125626  -167.2491796  385.8024298  22.92775714  31.03789506  314.6255874  252.9783693  13.35803463  424.7334733  206.796189  151.8162304  187.8936461  
148.6578984  569.9282625  1.504918189  202.1103544  165.4749489  216.4113374  253.4220996  558.7297575  244.7075466  132.4077497  676.8218791  141.8063469  -32.41187646  570.238366  -128.1166761  -117.5931814  545.7606668  72.11546162  176.0891971  -178.6133378  375.1622022  25.40356792  25.13219805  303.639287  255.5483076  3.084551438  423.2690642  211.9684307  162.5113805  185.728743  
154.1612417  575.024566  0.744241794  204.6546494  175.6102351  218.4444775  254.8394275  557.3333131  233.852449  119.8537862  673.9928657  145.0176306  -41.60752188  569.7915657  -132.6789064  -115.4827008  554.6601366  76.77476463  170.8753171  -179.9015485  387.3966937  30.70267348  39.05020302  282.7900378  266.106656  -5.903865871  431.8113104  199.7234369  158.6668205  187.7677333  
153.9763055  558.992071  4.892001482  203.910647  186.9843029  213.4074798  269.8081293  576.7483623  227.1885313  109.9107978  684.976982  152.9616126  -54.20432526  571.4488843  -125.9441658  -99.29827296  562.8326914  54.67874296  179.6996815  -174.5371024  388.1132974  33.0935363  28.80303026  300.5016984  280.0503527  -18.66204499  421.9232252  198.2596215  176.0575042  192.7238326  
153.5475921  556.9325795  4.308774417  206.7836762  162.2570185  204.3322728  290.6556447  591.1645736  259.21275  124.4886162  705.1693019  154.5844973  -45.97839477  570.2217663  -142.0048762  -90.34032979  556.5891148  67.20995799  163.9217667  -182.2645308  386.3120752  58.71216635  22.97162377  324.029833  273.932035  -19.11397332  427.0427287  204.7100764  173.4934617  188.4321989  
150.538194  546.4048272  0.7909058614  207.84636  162.0715677  205.630984  296.9744235  590.3691557  267.5224105  137.8887662  710.0373894  158.6124249  -38.96356883  569.5018468  -145.7087683  -81.88428543  556.441837  71.36129432  166.5181337  -178.7364667  376.3692465  69.73607574  10.51622186  347.0719283  257.7678409  -20.0116959  416.9021308  213.1133457  170.6841861  180.9986808  
151.5309407  555.4239792  3.021518127  207.8039201  155.6332892  208.4723201  266.3801508  571.8029348  254.8242695  128.2607042  698.8218534  158.0352377  -25.68859611  565.8481394  -134.2994385  -99.74515127  544.1959898  72.62092283  168.8834307  -182.6610541  368.2137321  45.37010652  5.727229063  337.8370686  245.1361896  -17.05547619  416.087736  216.9358673  157.3958315  178.9247213  
154.558108  557.0579028  1.705704297  214.7386632  169.9564346  201.8585028  279.3199481  582.0148994  257.4459776  121.413725  702.2848771  166.1508075  -30.25851673  572.2566648  -132.4666984  -86.20281325  556.4560539  71.95291715  167.87657  -183.8959252  377.2770134  54.7916639  19.28434684  331.0224975  260.8035005  -9.038140537  419.0437334  200.4101575  163.4165448  180.0332639  
146.4330298  544.2471416  -7.451293844  215.8630447  169.4028522  204.4705627  282.6287349  559.7028358  278.2368307  146.0269738  711.5547461  147.5596651  -33.9598824  555.0027286  -156.1145842  -94.51657643  554.0393428  82.93106325  164.3944433  -184.307192  374.060723  76.86078124  21.69469358  334.7619903  262.3072683  -2.705954502  418.6111011  196.4447522  161.8916367  177.4823134  
152.5490762  563.9369058  5.749659367  208.3235865  160.2787765  206.5209225  245.2117894  563.3342862  244.5718451  135.027683  694.2771581  141.2164572  -8.791608148  570.9242882  -136.3052547  -105.9249052  545.599149  78.43707025  163.9147967  -176.7932469  382.9680901  51.70039093  34.87585414  316.7634231  241.5908234  1.657693592  425.0389975  208.9122617  143.4350832  179.6151716  
151.7255701  554.0578764  6.815353499  198.0508419  171.9898045  212.964898  258.9281577  581.585297  237.1389706  111.4500298  688.2014101  159.0126122  -15.81742926  580.5285977  -127.195515  -95.23272163  547.9875548  54.20927051  172.3705978  -172.9641543  369.5562803  38.10680445  7.107054798  331.6122953  246.2796839  -30.31619536  417.7096909  220.4381678  180.1435081  191.3500235  
158.1475567  557.9220337  10.28635258  203.5513185  179.6389853  202.1079624  252.2882947  578.0862202  236.3703403  99.47231845  688.6640816  177.5903061  -13.84957687  579.4308284  -123.7583822  -97.67424309  554.6164552  41.47104765  175.5287891  -179.3309443  381.6585501  32.92719402  8.915294362  318.2707664  243.570589  -29.0591691  418.1565967  219.60955  183.2880219  191.328927  
162.2845008  568.8311237  15.5421325  211.1902201  174.768405  198.3830907  239.9257401  565.9823408  242.4039107  107.0503007  697.6983795  182.7002737  -16.59148438  568.6344283  -115.4729815  -104.035452  541.8739127  63.35544961  204.8193222  -176.7798101  372.8346878  13.26292694  8.456604352  319.9535498  236.9612967  -9.584476282  420.0550863  231.3012423  155.5964552  190.6831225  
162.843998  566.5786821  12.42412582  216.5836918  180.165662  199.1158221  261.2225075  557.5411196  251.8606275  119.0560987  698.0170122  159.0044458  -49.5581946  561.3929168  -115.9331718  -106.8389722  541.5270017  69.88880449  201.5286247  -167.1346299  378.0592792  32.53478479  37.43289233  298.6818761  270.8417376  8.773556781  421.5643585  198.6422633  136.7589596  183.3097913  
155.4711845  562.113522  -2.286561934  204.1995317  183.6810956  196.0687624  265.950228  567.7401683  259.9174592  120.3776169  688.5012253  153.9424712  -55.34066471  567.7870413  -125.289816  -100.5826118  555.0649978  74.20068703  180.495052  -177.8979435  386.4306144  49.93901695  40.73504175  291.3613649  290.3900123  -7.741197436  415.7835067  184.3467997  142.9027191  181.554587  
157.2050818  567.8353718  3.13307232  206.151816  172.1907556  202.8375396  261.2046116  576.0216633  254.635839  128.4782707  691.0066032  154.1763035  -49.41367899  566.9854287  -127.0567257  -102.7380866  557.8475472  66.71926886  172.178198  -180.9949686  391.6847462  45.49947357  35.88057293  302.0302629  279.1843851  -7.924779216  423.4831436  184.6010979  159.3521444  179.3255649  
148.8864887  563.9622638  2.867686456  210.8482048  170.0721053  203.7807319  270.6089984  575.7006069  250.4041696  126.3189004  695.6389467  162.8626181  -36.40556505  571.008223  -131.6396686  -93.69282504  561.2638642  78.42366969  170.0561372  -180.6724706  393.5521153  54.64878888  34.43727048  310.9380146  275.6447011  -8.646630893  439.6992521  190.0850096  165.333536  180.0127165  
149.9788213  555.5559441  5.438826225  212.2857151  161.8819634  209.3901251  271.4926796  587.848234  254.5696448  115.1144421  707.4694006  172.1191362  -20.91583288  569.0777991  -127.4939654  -93.79789224  546.6350851  68.98898212  175.196876  -190.0636511  384.9724219  40.62489517  16.20907272  338.9453177  241.4751757  -10.43055616  423.1539559  212.286332  172.3856313  188.2377227  
141.8330574  555.4046436  -0.6277741379  212.0448488  162.9000693  208.2112184  253.235134  575.1659042  251.9532249  122.6301537  706.7453275  170.3666809  -23.85779209  559.6432946  -136.0368124  -101.0338748  540.0205508  72.00121131  195.416202  -178.0731729  371.1875806  39.92257546  5.988914824  326.1346812  244.3358323  -15.71199516  424.2501982  232.7022975  150.8309591  189.4568758  
157.7559307  565.4034977  4.373670379  208.2219558  168.7396492  207.7132683  204.5930712  563.4290008  237.2351047  107.8968456  694.9531036  180.1686029  0.8016145788  563.9497457  -125.2390625  -113.8353851  529.1412893  57.39039276  207.8713591  -177.4604634  352.8116651  -3.112486092  -0.770919103  306.1616269  219.7954152  -10.83613686  411.3818893  237.6080574  142.2470515  189.0175116  
165.0020951  564.1792607  16.10997766  207.6837032  186.2593146  204.5657318  236.3545336  558.2909582  234.066798  109.0049609  697.5122719  173.5873127  -21.74598441  565.492255  -118.5585229  -109.9143504  545.4841778  54.66748027  202.461024  -170.4008241  375.7207074  13.13570709  31.80476847  293.85359  247.6739634  -2.687934881  422.9806617  215.0088782  155.1839664  185.7235039  
160.1655127  562.1559703  11.86001638  209.2300476  173.231843  205.0831673  260.937241  569.3761017  237.5490045  106.6716511  703.4045341  163.2325839  -31.4283743  575.6227954  -123.5842449  -95.83414337  550.1262244  71.59741233  188.3490109  -178.9639575  390.3743269  46.73715976  47.34938199  297.8460942  261.3935127  10.320877  432.3141121  201.4848261  150.1772498  182.4321026  
147.6971729  542.6899374  7.185719958  202.1155545  164.0304905  206.8316667  263.0076501  580.2633267  245.3862239  118.6610443  704.466788  162.3203302  -16.42158682  577.9412747  -126.3253017  -94.52993345  547.0623425  61.4032808  180.6655088  -177.260963  372.9452152  46.35480766  14.47885553  337.1555224  245.652198  -12.77104835  421.838291  218.0603556  167.711608  184.3581043  
151.7379184  562.615507  10.35336145  207.1604344  153.9778348  198.7061189  228.6284118  571.5671159  229.7786819  107.8370563  693.5867218  171.8400718  4.966294174  584.7295812  -107.1191339  -113.8764692  537.0855491  60.18129358  196.1141438  -173.5426969  376.1671166  12.29937211  2.728264276  326.7047876  225.6300355  -6.144064184  423.8791337  228.4675384  144.2952633  186.3936137  
157.5456477  556.4088028  7.340724339  209.8422258  155.1852166  199.3850664  261.1233844  586.8475581  244.6801193  100.8439652  697.2848936  187.8341659  -0.09376663848  586.9714666  -106.0474168  -96.42866674  544.7177655  52.92045756  187.613076  -182.6432197  383.7644311  22.12847183  0.9315174257  336.5668396  230.6036626  -12.6103269  415.8848807  217.2884275  161.9333722  190.8760396  
159.2032542  545.4624256  14.64394463  200.146742  167.321409  214.3799955  225.154865  576.2202044  224.2166355  90.14017618  683.8103613  191.4761802  18.24277044  588.1389721  -93.35373706  -107.53811  532.2590361  25.25300363  217.2241274  -173.9994678  355.3723572  -15.87116232  -36.23171339  353.5168221  206.6598422  -34.83233391  400.7852104  247.2363649  184.5808432  201.5410807  
167.5630103  564.0548582  23.76548078  201.1706366  169.7161577  199.8295529  227.4841657  569.4217536  221.4566057  89.97584357  679.1179523  180.1169187  -8.941177772  584.1097315  -90.06552203  -112.7139972  530.290809  41.21494081  223.4960059  -168.1224366  362.4753644  -21.46701711  -12.89139211  327.4751495  238.4683041  -11.09056013  414.6345135  229.3264828  170.2590605  193.9531178  
158.0142857  562.1933123  13.39644025  207.2903804  168.7744227  196.3858294  248.290944  567.2430506  243.3733863  109.82232  690.1225488  171.8110561  -39.36179027  572.1062838  -107.6253581  -104.7825985  544.13783  52.82523097  209.2378922  -171.6970495  378.4176639  14.70800799  8.758286391  312.1315976  266.0887503  3.322375006  418.928373  216.0184933  171.3816496  191.4860369  
153.1504415  568.772426  0.606187165  213.9909473  186.0568312  211.3428858  224.5470246  558.6668917  244.2007227  126.8375502  695.4201523  182.2072367  -28.25116237  558.7541971  -131.6037545  -121.1247997  544.8950112  46.32574031  215.1340828  -177.6805105  373.663418  5.414900009  6.42209635  314.0523073  234.499622  -11.16114837  406.7078478  227.4590789  165.7895142  196.8844564  
166.4238853  578.5826957  8.819684108  215.4059741  188.9784232  200.7311328  240.8616621  556.884684  235.693262  115.7311682  683.4601064  177.1285284  -55.04258337  556.8546146  -140.0901865  -114.4286916  559.8084299  64.56892946  199.7329993  -185.5291431  391.9241597  22.77530218  37.22410237  277.6301808  272.9488016  -14.47286252  426.8254062  200.2343511  156.5506961  187.1144942  
162.8518973  568.3487634  6.289344855  216.5282926  190.7843513  192.3267321  295.9106876  571.2471375  259.0820526  118.2043246  698.0176372  169.632205  -76.34039199  561.0532437  -155.653376  -92.62641509  575.1032236  75.85058647  177.1684134  -187.3437868  403.3738651  73.20563847  47.58120554  292.0955452  303.4379876  -15.03316194  438.4476457  182.0141125  170.8611351  181.261341  
158.0709474  551.5438377  7.144617488  214.6506295  180.7314112  201.4737505  280.8950866  581.2009975  258.7236955  115.9063385  691.5407604  175.618492  -43.22260212  566.0965147  -149.5991733  -77.17341641  568.185825  64.78315455  174.778302  -191.4500937  382.7699694  70.04293045  19.76207808  315.4272969  275.6088882  -33.53757577  421.7793869  197.9239822  184.8878119  184.8344824  
151.7662724  564.6325571  12.6376116  208.5029996  175.6106408  205.0527936  247.6466079  575.4996321  247.0075651  121.2921035  687.65274  171.2452091  -30.70616902  570.0794341  -125.0215603  -89.77579417  552.7963654  59.36405327  202.1088091  -183.0443598  366.9212716  41.38030771  -0.9893755722  325.2652701  249.5290999  -19.82259846  412.2823122  216.9392838  166.9673541  184.8675885  
149.6541934  554.969924  8.202716029  212.3600311  158.5044869  208.3968351  266.3810917  584.9488017  250.169667  126.5059069  713.4111031  161.640697  -32.09677541  566.1346956  -123.5228477  -101.1555401  539.9146464  64.11398701  192.5656742  -178.5392131  366.539783  37.75602723  -2.786628824  352.8289603  235.6989873  -8.899855028  414.8804935  222.9353384  148.3188648  182.2838432  
144.9404429  561.4171406  6.890392437  217.7201499  170.6677943  222.9724436  265.892651  567.012541  255.8865425  133.7363842  699.1712597  151.6583928  -29.26750839  566.6681612  -116.4520869  -107.3746829  555.7882712  81.90467385  166.3680565  -183.6479273  384.5914002  51.69809354  44.29380714  313.7304625  252.9870537  19.49235729  435.4523919  212.3837251  154.294281  181.5374974  
139.5888499  585.3775281  -0.5338300685  223.6430247  179.4535589  217.570844  254.9531296  548.1970209  257.4355839  139.5480015  685.952309  158.2362628  -61.62374516  551.1745899  -128.2192632  -128.819696  555.6622594  88.46823658  176.3914292  -183.4463577  397.4232542  24.68633822  69.8695999  274.1648345  268.6483596  19.21015205  445.3932851  198.6640217  150.1342158  186.3417021  
151.1545884  593.4946925  9.855080481  210.8771627  200.6791044  215.4119924  211.95666  559.5365092  208.7529069  114.2175341  668.2374917  171.7837812  -50.5545061  567.1747185  -98.1191421  -141.5278013  547.9982233  53.81870021  210.7356769  -174.4641757  392.624728  -30.46359422  40.70912616  267.8673732  249.6446904  -3.075040361  420.9954169  211.4448022  151.3652447  198.6053958  
149.6125754  591.808689  11.6556285  203.2947379  182.194232  213.1090957  224.5737876  548.1195047  206.8036277  106.075571  669.7970856  143.2024294  -66.43016819  565.7820513  -100.0853529  -139.4990875  539.9586728  76.3310866  197.482469  -170.7324545  401.0984175  -11.60338041  58.97988192  265.939727  273.6554547  29.19728964  441.8244222  200.5394381  142.0453304  190.3296724  
151.5135702  591.7546775  11.78653036  207.3993421  179.7468132  217.2541905  209.3781867  550.9853179  202.8584246  102.9694782  665.4546864  155.4017818  -44.21556986  571.4643488  -99.77081068  -135.7974939  551.3198729  64.13602026  197.3463117  -177.0757646  402.2300259  -19.40835518  52.21895769  261.5612795  252.2629349  19.37743998  432.0220472  205.6510656  147.0825708  195.2933421  
153.4392048  588.3626614  10.78281875  222.7975003  198.813462  206.4893265  233.7891105  556.6733132  204.5861596  108.5646388  669.9881721  155.6566571  -63.53134897  572.7952773  -114.735457  -132.5101058  561.083754  78.34343414  196.8541192  -167.3917217  406.6269991  5.036997217  75.74903615  248.7760724  272.9481068  21.74665866  442.5563605  195.3484267  129.1304494  186.913725  
154.696587  588.8436276  10.74838561  209.991566  206.4687555  204.7213887  232.8248131  566.3132433  211.676518  99.15470504  670.8367776  160.1368476  -71.94749039  576.1629411  -103.6206403  -125.2520114  563.9381907  77.14137781  197.680045  -168.3840932  407.9103664  3.086028797  64.41925453  259.0967147  276.568652  12.42851111  428.0375172  192.48566  133.3762312  191.7894877  
156.8794433  575.4374117  12.19147487  202.6514221  192.5327978  216.3575318  225.9830512  566.6114095  213.7918945  98.44098131  672.2888285  154.471791  -50.54063493  574.6003708  -92.90453588  -121.1744636  550.2580162  61.91512899  208.2746722  -167.2636238  388.660302  -11.20142846  37.88759653  280.7675785  263.2456898  17.28263465  425.8946544  202.5284824  148.6317133  191.6471249  
154.1582689  565.4202557  3.966192176  213.9046258  173.1849147  200.3797291  273.0639456  563.1691612  249.2079357  124.0627056  691.1057068  132.9094039  -64.99943431  563.8777362  -135.6523143  -107.399673  560.9236009  86.02870464  164.3313683  -169.5079462  398.6326339  52.28393455  71.33845083  276.4543791  293.9093558  33.19704654  450.7188614  182.7674837  142.6009231  172.3849486  
158.7026789  576.3161519  12.7111391  213.8240841  184.5936284  200.2356889  257.5898632  572.5233887  239.5308568  122.0711278  689.9025937  153.4503159  -62.23936277  566.0708806  -131.479985  -109.2869416  557.1645449  77.3002879  192.0308889  -170.3085207  391.7368639  38.13129421  52.37376116  284.4473086  279.7407953  12.7135217  439.9771588  194.3579193  137.6604567  177.5576715  
157.3516977  565.955172  15.25009497  214.8693084  186.8576576  196.2916358  267.116338  590.1145426  239.2666239  115.0767734  694.9618471  177.4540149  -49.70889744  581.7858935  -121.2521008  -90.2340207  561.8376991  61.03483835  200.7604337  -172.5981945  386.2796525  37.85051844  29.258027  307.8648286  267.5040491  -3.969410994  425.279457  206.8729476  150.4234506  181.7597967  
158.1307601  536.3348784  14.45961082  212.1053487  181.4278735  218.6175123  255.1593425  580.3686284  241.5683795  114.6628414  697.7278861  167.2472581  -18.67052533  574.1289264  -117.040468  -95.54700312  546.4953145  45.97943004  199.8227058  -170.685708  358.1138223  29.36517251  0.8305224361  336.1127614  237.3244809  -7.441030779  413.5322532  218.4349421  163.7302064  185.5796007  
163.3241175  550.4274823  14.54793874  201.7230968  173.9987413  204.9405881  232.3204793  574.2132442  228.7109282  102.9786461  686.1193336  159.4203243  -26.35097649  575.7744257  -104.4300144  -109.9139296  541.3900576  59.21475601  195.8320467  -171.7843573  368.7167751  17.67495593  0.3754617978  319.8550485  237.7449864  -3.113307543  411.2602622  212.5865397  137.3961768  185.7883177  
162.1147328  554.0453933  7.95020878  203.3890114  184.4894459  202.8900327  258.4370607  587.2597227  244.0274408  103.7602793  691.4644387  177.099735  -40.29127776  577.6040616  -122.1348669  -92.50637008  557.2381234  56.13576194  184.0316464  -182.2552673  373.4368534  42.98436083  5.361596229  311.6721679  260.5483592  -23.07775668  405.2995599  209.771835  155.3978803  183.4679857  
159.2754039  547.9347759  14.42644784  206.3560287  165.1342424  203.8985739  259.9485441  585.7368756  243.0875518  114.8700786  702.4624891  167.9514237  -11.28174669  573.5632618  -121.6829083  -87.73435042  542.9967598  41.49703463  181.1361488  -167.6270819  362.9681111  43.55405682  -7.859488018  336.3662518  240.0527035  -29.18868935  419.9434111  221.1451322  163.6852407  182.0478442  
159.1617796  547.6224318  14.97983223  213.0236556  151.8075651  201.5532955  246.7757894  571.0895584  231.9360105  100.1399309  701.3955546  165.8869783  6.227145882  578.6448541  -110.2394584  -101.5895304  538.0029213  45.74915106  183.6400116  -173.5999173  373.84274  29.73821821  -2.52447548  334.7739786  217.2229286  -7.507688713  424.2061882  227.6214154  152.6353483  187.2667452  
159.8924117  555.787958  13.33658492  213.9045874  154.4969581  197.9714434  273.9666065  575.1199521  249.2799144  105.3677097  707.8764406  176.3137144  -26.08155307  575.2594233  -121.0197449  -97.5720526  544.8535406  65.85052  185.6695148  -182.8880401  386.1848508  39.74458077  9.214676437  332.0730861  243.38603  -9.161965873  421.9591558  217.6740928  154.4201358  186.2889041  
160.7554938  555.9633217  8.807752366  215.2715008  165.8719923  208.9124228  251.9907572  570.8006482  253.5455802  106.259352  702.2772463  189.8571736  -23.49531559  560.2048242  -120.6962901  -108.5223914  536.3388204  55.83655136  203.5152101  -189.5622827  376.0692951  15.57311349  -4.502415782  331.6909925  235.2163204  -16.86801355  407.3364807  215.4670544  170.5823135  191.1276348  
161.8381032  564.4244319  7.148730248  203.7713614  166.530528  202.0943514  253.9780134  576.142032  251.1918532  113.4649691  703.7791428  179.1351716  -23.94154238  562.7420246  -119.8547212  -106.6081872  538.2176399  57.15214836  195.5240074  -182.6380435  376.4150607  19.17505061  -0.9544306059  334.786662  242.6280391  -13.45136054  409.5118513  211.1161426  164.2330989  190.13822  
149.0433374  559.6638929  6.368614277  213.0779408  177.8615902  201.6921268  254.2045725  565.6171082  251.6291754  117.3391424  696.6188134  175.880624  -20.34520731  574.3250336  -114.7878024  -103.5076444  547.1972005  60.38112042  195.9724646  -172.6447689  376.4049085  31.11855762  25.01158471  313.3704007  255.4724659  -3.475903287  428.810483  210.6879009  166.3279488  187.8855514  
146.6826526  575.9861046  0.2873423245  218.9431024  180.9708261  201.8853443  228.5289169  543.1859948  243.5631601  124.1946198  683.154826  176.7797  -26.35036354  567.5740064  -120.3252052  -128.8601247  543.2321407  77.51800167  200.4511188  -179.5315455  385.0034511  13.46098416  44.76492737  281.4760529  253.6892174  10.25340359  428.4953902  204.1918187  143.2165292  185.6398782  
158.9345365  585.0205311  7.680589089  206.0024779  179.7742538  200.2651296  239.2284889  554.316381  232.1467143  119.8738975  683.3511929  151.1834251  -45.12961452  570.1823705  -127.8770211  -118.9261451  557.3743342  80.058711  185.8250964  -177.3366295  404.9291249  26.80068859  63.27554006  273.7242506  279.1279609  17.66071906  438.4970503  185.232233  143.3741138  182.1486071  
156.4029734  573.1851244  5.284531869  206.6943426  160.260668  204.2891526  277.0375892  578.1658896  252.4269538  128.7279771  698.669261  153.4124984  -40.5123096  576.2031233  -136.9767513  -91.35301295  563.3784258  81.95776181  171.1376066  -180.1951842  399.5499203  56.35479167  54.28457734  303.8047756  275.2317163  0.9050221965  437.3526283  198.5331564  156.5793763  182.5177399  
156.181607  557.6846312  5.930694894  203.422671  162.6450589  211.4872194  274.6834751  580.030887  255.2219791  122.5843868  701.2001635  155.6962034  -17.3670835  571.4888477  -134.9544454  -84.72064811  549.7194738  67.09036584  174.0361343  -178.5357895  379.4863006  51.72941021  27.75671296  328.9143033  253.8499067  -16.14556423  429.2705134  207.9272151  172.7778329  186.7792618  
156.2774389  552.5244648  7.403887395  208.3805198  168.0637732  200.3987517  284.9811052  582.7894269  257.564168  123.1709909  701.3245115  153.4637362  -26.45199851  566.927942  -143.7080165  -75.19847517  554.3864196  72.75601804  162.2239417  -181.2360886  377.8010597  66.44681313  29.76155854  324.9842675  266.0062908  -16.28060756  424.1163138  206.0084914  174.9682185  182.2901619  
155.5435682  562.4752019  17.42224764  210.4362714  178.3303134  207.4524843  232.7862964  571.6536202  230.502878  112.4275134  681.716277  174.6510594  -35.86979729  570.1309372  -114.3132399  -104.0424065  546.5030714  56.06564259  208.8561101  -171.6745815  361.8746059  15.97312522  -3.213312195  306.5085516  252.7750742  -23.93046402  412.1754564  235.536322  161.4627973  189.512568  
147.3981497  569.2116682  9.096083332  206.7133744  181.5748618  210.8120325  217.2632403  569.2623162  226.4039758  108.9689031  684.8959475  182.3722823  -43.19409722  569.4815902  -106.1373158  -132.9107549  541.2460551  43.22779033  216.4848635  -179.2605477  365.9375275  -17.33200234  -14.03840389  320.1483579  240.5698998  -18.73902633  405.9079194  233.4091427  159.2680236  195.7848471  
