47.38742475  592.7112249  -79.25932761  91.02021565  182.8628577  388.6950671  51.96601513  505.6661602  274.3701098  281.0599574  673.4095134  290.8869091  59.45166937  357.4323112  -135.0795244  -95.68959756  504.8202963  118.1354555  249.3938981  -239.1000871  405.7788869  -11.01982851  66.70720878  270.3326518  166.0000156  -62.72520775  441.6394223  276.7335602  228.236121  86.46437204  
51.83349517  587.0696607  -77.24931517  84.09909981  176.2916689  388.8094179  41.49296189  529.986807  273.9789876  271.35157  667.5176371  291.6413507  65.8194704  374.5096924  -135.7397197  -96.09441034  503.6140723  113.6409668  237.3452368  -230.2510256  402.0752145  -17.8806229  55.2394204  266.640918  176.775006  -66.44399358  448.0534937  279.4250992  229.6526647  94.3730654  
55.74735459  594.2809409  -71.73720166  83.32335469  171.3512864  390.1720889  50.30340502  512.358857  284.2175864  277.1483294  668.6339268  286.6921626  62.93025352  361.6023758  -144.4402643  -98.66254057  498.4127664  107.8631068  243.4498447  -232.176897  398.7248166  -12.41051772  60.37129261  260.1491798  168.1609476  -66.08155768  439.414551  280.195741  235.6847456  87.05284987  
56.1381503  581.3167339  -71.59382356  89.76757769  177.1201375  392.2718692  51.505898  511.5954793  281.7532291  264.8771684  670.8053154  279.9620483  62.14895691  363.6133701  -144.4021635  -91.09156943  507.0440744  100.6703785  235.6477802  -222.9646241  399.0428833  -10.38550935  60.95049537  265.7426943  169.5267326  -65.19661846  444.1184391  282.0659132  234.4639245  89.1705685  
55.94220522  585.0604683  -76.05706899  87.70327315  173.9822505  384.4907889  45.4204328  518.6165831  263.6609628  254.519464  662.5116292  279.6220156  64.84449224  366.625564  -133.4799462  -93.07455465  491.608601  108.4309679  236.4676377  -213.4810883  401.8812254  -27.69680004  54.88701845  263.483347  169.458638  -65.37735218  446.3326958  280.7078598  222.4165718  94.11486985  
52.74855392  581.9917955  -89.73334196  96.20545416  169.3069943  402.8669422  36.28702333  518.8256897  261.3908259  261.7676167  662.8428386  264.0999031  68.97709298  362.6821908  -131.8168176  -91.57951124  490.0337231  106.2628232  237.8606074  -206.6802518  415.8423899  -9.302808362  48.8512046  269.2396672  163.8223191  -60.48014347  451.1264714  281.3393991  215.2470161  93.41581741  
57.26200212  585.837433  -82.14408124  97.048991  178.9035182  412.7259175  49.24161616  505.5148956  270.7101723  270.0913396  665.0527082  267.0784214  73.92131713  357.0242386  -134.8038183  -92.2087366  498.4486823  109.1573636  253.3521634  -215.044438  410.4755986  -6.556139872  56.44302316  267.0844389  148.4937715  -55.73357737  446.3755257  284.2904814  222.5420551  94.68404515  
63.90046989  597.1316989  -73.56683031  91.27177919  179.2352887  409.2891717  59.43193673  515.5581352  277.9860865  274.3056618  678.4534897  269.6948543  60.08852809  344.6616172  -132.7562737  -99.25942789  487.3204808  105.5232355  246.642567  -217.6909174  401.0231198  -15.72590966  49.24926072  259.36146  159.3316859  -66.36258254  436.6389721  284.4521508  226.683233  92.21944007  
52.81968431  592.2081393  -78.14783635  92.29645701  186.3586426  383.5272136  63.21073162  504.4066215  273.90768  276.7784452  674.9345977  296.6609335  49.44270169  360.3188289  -138.5786084  -87.87091235  492.9430365  130.4619445  237.337889  -234.2718025  413.944692  -1.46248807  64.22117283  278.1046603  178.8457526  -59.79096096  441.2836579  274.0653568  233.2966903  85.7296608  
50.34938974  588.2379477  -78.19291491  84.78029574  191.0165701  392.8623358  69.6188017  499.7623851  274.7046886  291.5571687  677.398481  293.7777782  36.6065526  347.8553557  -131.5862519  -98.08821732  481.7392022  126.0279603  249.1755414  -240.0712724  409.5705727  -4.883508195  69.09034487  273.971376  181.615072  -65.95486633  423.2967728  276.4977802  217.1044261  84.1988659  
50.82338872  589.1751696  -82.28218831  93.06589763  177.9995453  400.3932324  61.07168419  518.8010798  273.115583  277.2196431  676.2181033  281.9446955  56.30630712  359.1408339  -134.1611732  -101.0810174  493.032875  111.81256  243.9806709  -220.6879566  411.9961676  -5.999722307  49.28809246  270.2985248  173.215522  -59.44409898  441.9644227  286.0702445  215.9299062  90.53142634  
48.10840515  582.6149869  -80.18670657  93.35808782  181.4249226  394.6360392  57.42346575  509.6818309  277.5175682  275.7666837  677.0105779  298.4656135  53.451425  358.753566  -137.1909706  -84.92263918  496.6529473  114.9980591  231.7903039  -238.2530136  411.3974707  -6.76729324  60.87030653  279.9192527  168.9861442  -59.71296764  438.7515687  279.8793837  229.666178  84.30185538  
54.07131164  588.2754985  -73.78887585  88.19816832  180.6547822  370.7608498  52.61566936  522.4238032  261.1959278  272.0032944  670.1598992  303.5353809  46.83722847  372.0634932  -134.0772702  -88.27675482  496.1274929  118.1386206  228.0829506  -235.4995449  399.1443317  -15.66077942  56.16631681  270.3554177  192.1853589  -63.98134793  436.8061368  278.2412207  223.3076363  86.27878174  
50.42482016  590.0517224  -72.49021283  93.88331302  177.4574054  384.8625821  54.96387833  497.6437415  268.3426505  273.6355189  663.8880863  295.0766301  61.29243209  357.371786  -137.945608  -79.95648908  493.6219385  122.0580513  241.033536  -227.9653841  411.3091753  -5.573333019  72.45165944  273.9159936  162.7339706  -61.36615117  435.5559593  277.0512242  229.6370389  86.89524169  
53.74999797  584.4117352  -77.55420281  99.43341935  180.176767  384.5288942  54.8111364  512.1513426  264.8978789  263.4211758  670.1205084  289.7299981  54.06854116  356.6665234  -137.0414215  -87.94889753  490.6378927  110.9927624  227.1898131  -223.3416029  412.7651083  -12.40089489  60.60896284  266.9228088  176.9476137  -57.59635008  436.274762  281.8303572  223.3253714  94.18955012  
53.11410903  594.644618  -70.4394007  93.80250113  170.237718  384.2926479  52.40151494  511.2520497  263.6898562  267.4775989  665.4021383  285.7810482  52.92525897  358.9764077  -134.4169727  -84.0024683  493.8453428  126.9127661  240.4137418  -222.8528455  409.4480723  -18.36443182  63.67689957  275.0646303  169.6224007  -58.96728367  443.9551309  283.1270164  226.2736898  90.40136672  
52.27096806  590.2716701  -74.87672691  91.0043746  180.2614673  395.3979043  53.75818261  515.831011  280.4882537  281.1682079  671.7762276  286.3818326  47.81155392  356.1050863  -139.0915664  -87.93628826  491.804194  113.234409  233.0628039  -232.8672801  404.2459782  -5.412687474  66.87105073  269.2710477  178.2926269  -59.27520378  433.7812623  281.4470511  224.5640487  93.41331858  
51.8542114  586.0053367  -78.122754  86.95591153  173.2042231  390.6997714  52.65254047  520.8070803  272.7483734  271.6545571  669.0525457  289.4170505  49.83521715  361.110784  -130.6915417  -91.79795396  487.3025336  113.4655544  235.9724857  -226.1478263  410.0550737  -14.02877583  60.3529819  267.2390441  184.1686125  -62.40001489  442.3226864  273.7077083  222.430613  91.48054083  
55.49047987  582.491041  -76.65669602  90.6359652  172.5703654  392.3688232  51.73524042  517.3369108  274.7290353  265.0221135  666.9268281  282.7580687  53.52443338  366.7443178  -135.3312105  -93.6340905  500.4997102  111.4742549  242.1458439  -226.2317589  400.8732859  -9.232941708  59.91229802  263.473197  173.8360104  -62.71194467  439.9521909  276.5519952  222.034752  88.98502868  
56.83396338  589.4426772  -70.10571296  88.29762096  171.4012388  388.0856071  53.45722695  526.8575569  277.7128294  268.1337524  673.8042181  292.2474753  38.45547421  356.9519166  -131.7296844  -91.94196063  493.9891639  113.7770303  238.92441  -230.2701437  398.052876  -23.07848417  65.29223589  268.2607347  188.1121538  -66.9160677  438.9513362  272.4691346  226.1503376  90.68090919  
51.75825857  588.2495302  -85.58258851  94.09926446  167.3138398  397.2393573  39.13747233  522.8359092  275.0215196  270.8368731  661.9475511  286.7641916  66.32584128  371.1966174  -139.5729813  -88.41243334  504.5930713  113.2518179  233.2317175  -225.3089819  416.3261358  -1.121413519  59.91960137  272.9900127  168.5701797  -60.66665681  454.8812709  281.1149198  224.6061789  91.50672831  
55.11775377  591.0167332  -74.25739857  91.47500389  173.4754225  400.0552527  55.97128803  506.2629311  278.2237159  271.9015223  674.5126396  276.780451  49.12110727  351.7560916  -136.060682  -94.22161333  500.4799313  110.1596493  245.2836215  -226.7569903  404.8004136  -11.09337014  67.8579846  270.1797531  166.232156  -67.83967195  438.5243932  273.9507864  230.2901532  90.49558371  
53.20209658  581.3496069  -81.14821658  92.01449392  168.2800938  408.9264065  52.08555658  514.6390586  271.970282  263.848483  672.3236517  266.0647067  59.04204573  363.9674754  -135.8294582  -93.81709881  497.6600322  107.1540983  233.8845069  -206.2573714  408.8920716  -3.904511746  48.41522139  267.4070172  172.0934796  -58.44607331  450.2777336  288.585154  221.2353585  94.2158997  
55.83471211  577.9243208  -75.98956819  86.81238604  181.3871655  393.2959953  46.25785465  514.6587097  272.5410693  266.5960318  667.95637  290.3950951  57.42999069  360.5514714  -133.0517727  -77.0210332  500.5754949  107.9597525  227.7339672  -237.7760273  398.6227912  -17.21201882  62.97136432  271.0616184  173.2585426  -62.33143219  441.4540489  267.1463491  231.0595621  88.91403578  
59.96458892  585.8604991  -75.72062129  92.66255142  176.980359  399.2986288  55.8770513  510.6218114  276.4524421  272.4922185  672.7173725  288.4943384  48.2048992  358.5663118  -136.2851288  -90.01758906  499.8374324  119.7623977  245.7742834  -226.4985177  403.5350806  -11.3604303  72.58056639  276.6996363  172.5900808  -57.81258646  447.1709085  279.0629917  229.6797125  89.22853589  
59.20638701  580.0978749  -76.55951133  95.63698446  184.9964966  391.7873139  62.51577489  514.5939241  275.969249  272.9642826  674.4731392  283.6558439  56.28388228  361.9071072  -137.1763031  -95.70578204  490.6399039  111.9381845  237.4186272  -228.5847957  401.8263006  -11.2072386  60.90641143  265.0363736  177.412931  -59.89189121  440.7320292  290.6963213  226.2059541  94.59702946  
51.39564444  583.5730217  -76.90178076  86.32615438  179.173167  396.7112038  54.13767386  520.3360765  278.8401444  271.912522  668.5623761  288.5796838  53.53714879  358.6111146  -132.5667179  -90.9127774  497.090572  113.2495717  242.4558821  -224.6923776  403.2612248  -21.10584123  65.37802163  272.658016  179.2341179  -63.80873297  441.0803889  280.7109705  220.5864787  93.641083  
50.16174425  583.038718  -85.7162408  95.35951833  171.0843934  406.7183929  44.98801949  526.6077006  272.2889431  261.9261987  661.9718853  276.3210357  61.8046055  365.7350539  -132.4118109  -90.05456718  496.174507  104.3081991  238.5070652  -212.1101297  416.8379566  -17.34512355  58.49432231  265.31668  167.7314904  -62.64954246  456.7281304  284.8031743  212.4440015  95.27203201  
52.26078071  579.8522027  -77.17100831  98.98433625  170.4729296  403.0788677  46.61359751  527.0912308  277.2552306  260.7089632  676.7603706  275.8788506  65.69257687  361.6918048  -132.2001629  -86.14841086  503.5022244  101.5552035  234.3157061  -215.4523653  403.9173626  -21.04572453  46.25380155  272.9797628  166.1324753  -62.02384866  452.2796438  290.2386344  228.1135243  95.49023431  
52.02749645  583.7299475  -80.08756255  93.18648477  170.5061326  394.6564356  41.15358846  522.7153969  270.5381303  261.5934012  662.5685649  285.1414499  64.97776817  370.1106215  -135.6829127  -81.70363501  497.3528366  112.5503643  229.0794192  -223.6583402  405.9521209  -11.80243719  53.05482071  272.1092015  167.9472117  -62.72989212  444.198435  280.4918203  223.5381659  92.36052166  
55.49541159  593.0306483  -72.19015975  81.63030097  185.8319672  382.8938208  61.12898838  501.7934259  268.0139403  271.3165426  667.2365059  285.6752991  52.95188635  355.406247  -135.2796549  -91.46007187  484.8028963  119.8583843  243.1730448  -236.4117613  408.6389908  -17.11629828  64.82643338  258.0269121  172.1405944  -69.14600543  431.2725439  268.2629519  222.9164907  87.76601196  
55.90644733  591.1698026  -76.3227333  91.1181307  182.2655205  397.3158344  60.52413301  503.8047534  270.5050824  271.1305726  667.9354388  276.8580778  55.91406381  353.6822502  -139.6749774  -88.7228306  487.0134324  114.4751817  239.7536692  -221.3144838  414.0853845  -6.002857508  61.50806732  262.0136394  169.0623881  -60.76373133  437.1273881  277.8976867  219.2768401  91.60771859  
54.06890133  586.6832524  -72.21438947  81.36471631  180.7148088  389.7742089  53.93963952  521.1001836  272.0246372  268.1427546  667.434011  293.7140864  52.71545541  361.3199216  -128.6159335  -87.074164  492.6373262  116.9082706  238.7910202  -234.3895728  405.3427391  -24.52542109  60.0904105  269.1107634  178.1572332  -62.14897686  442.9123144  269.2871693  224.5516992  91.32464792  
55.28206254  593.0517396  -76.40145448  88.55035212  173.2813208  390.9010691  54.73338862  524.9057102  277.9150772  267.764626  673.4542586  294.3834826  51.44509842  364.327585  -132.7892413  -87.61363242  501.9542578  116.1017236  236.4897932  -231.2699611  412.6708149  -18.34894914  59.67934289  271.6410594  181.1684467  -63.19170137  444.8771787  280.3922526  223.8163484  90.70524769  
51.48835776  588.7582429  -79.88148592  91.35790679  171.7489246  395.9883209  45.67366884  521.2288874  272.9824255  271.3434733  668.5675274  282.9725761  61.24211097  363.1636254  -133.0364438  -89.8928598  496.6683181  114.2728892  233.3763365  -224.7401587  408.6675015  -13.91702158  52.09194806  272.0307188  173.1370299  -68.47581191  448.9232163  285.6255342  228.3482276  93.96491619  
51.88444217  585.0794174  -80.37519435  89.67467212  173.6785416  397.3385497  46.57963573  520.2910111  265.2284552  269.196218  669.3989481  284.7707958  57.7958489  367.0707409  -131.1084084  -85.51901376  502.5491202  106.2880119  226.1391843  -225.2688812  406.1237012  -14.76135966  48.13822906  268.0364681  174.4055963  -71.27287826  447.1202661  285.1815378  222.725184  89.66802108  
50.82021719  591.7342189  -75.74644092  91.59209293  177.998962  391.138217  51.06426971  504.7613187  277.0571892  273.7075642  673.5081964  283.5113392  57.63899304  360.3043993  -137.8433218  -95.39390987  509.7740132  117.5184214  246.5012728  -231.4496526  401.1663315  -14.8299167  67.28232798  271.4249855  163.9610619  -63.85259437  439.2808415  281.3442207  235.28391  89.39124397  
50.81854125  593.731149  -76.04554605  85.68928385  177.1348219  389.2082267  54.41111597  515.9300212  275.7876428  276.2019813  676.2176951  295.8358442  51.22167283  357.8646363  -131.4916044  -94.73838795  498.3974905  116.0307452  244.0683526  -236.926327  404.2834556  -19.96044649  60.96994169  267.6766115  178.3865232  -67.29909813  439.8762373  276.3437503  228.5691203  88.80109156  
55.16273171  588.5101399  -75.77587801  102.176541  169.0902695  397.0398705  48.40368742  507.2546471  268.5404474  262.6402863  667.3645864  268.8489129  85.61681322  368.6495866  -145.6230303  -94.98570622  510.5581801  107.491342  246.9841527  -211.9325674  403.4875681  -0.4052196857  59.80662984  265.3584997  141.7410603  -56.05705568  448.2849022  286.8151477  238.6742412  91.17376355  
60.07099679  595.407241  -76.4935715  104.9727972  176.4732361  403.3542934  53.44727281  494.6504051  279.044522  278.2399888  673.1105835  269.2201538  82.1425918  355.1070067  -150.5619852  -104.2155688  505.0648546  106.464167  256.5326231  -221.6712995  399.1288031  5.199170099  67.70556321  268.0454895  137.8261868  -57.34038984  437.5212018  286.8233351  239.7859692  88.23214757  
63.31247477  588.0826757  -73.39543893  91.85388475  175.269434  397.0857608  48.37769945  516.6246498  284.8743702  274.2716412  675.1779975  284.3588853  62.93717709  364.4433623  -143.6282881  -97.6944155  506.0356368  101.3455643  238.7920772  -224.1289528  397.6117108  -5.141491632  56.59681307  267.6880321  168.3478364  -69.42717279  437.7639696  286.4892382  233.4919025  87.20125502  
47.30909578  580.0241302  -84.61076487  94.77158721  170.2252998  398.3009653  38.91924692  514.9319886  271.06953  275.902788  667.0229658  290.7333232  83.06800033  375.9214376  -137.6454338  -84.31966432  513.8918206  112.068754  231.011895  -225.5071571  411.592517  -0.8896243424  47.99566462  282.8111791  155.9193192  -61.49327179  459.8811355  285.5439612  240.9815589  87.28839487  
47.85529225  578.835858  -78.59560263  99.31350881  182.9010587  380.8817027  52.33317969  502.6159435  266.3933129  268.0436066  672.936857  290.9637422  72.07067142  364.6736338  -137.4436682  -83.70505893  511.1192459  116.4144381  238.2833233  -228.605081  398.6146579  -9.199921182  66.36420748  273.3865614  158.0290662  -55.8058789  445.9290379  280.2802033  239.3422544  84.82924953  
48.16937739  590.6103858  -78.77552746  96.63633278  178.6169558  393.6563309  52.52195408  487.9340438  264.4141168  278.3178202  674.0644188  278.630634  64.44301531  349.853636  -139.7847  -91.68738185  496.8509296  129.3860234  252.1901514  -228.9255985  409.5114731  0.3818517274  71.90425453  276.747152  153.2793904  -47.82325259  439.2367244  278.84564  236.560789  84.81336635  
59.37813555  581.88717  -67.63221289  91.00289995  187.2093642  394.7184955  65.75465853  491.7925266  272.057631  276.9122994  680.5294032  267.8777135  62.71126416  349.3996512  -141.2211934  -105.6528762  496.7050506  112.240887  253.9905515  -229.7489444  390.6207934  -11.40931371  66.90476225  269.9157333  154.8268959  -52.99899518  438.6832992  289.7324042  244.9623018  89.71005801  
59.89071381  578.2429319  -76.30120444  93.61612301  181.2044589  393.6508062  53.10509052  507.9608045  270.2930406  268.717831  677.6198867  283.3104878  61.34341649  361.821405  -137.9742828  -95.4955023  506.6720571  113.1017312  249.1655777  -228.6879506  395.4641415  -9.208614216  66.53608535  277.3629401  163.7829569  -55.63132392  440.4381501  290.6478402  233.6486006  90.78803904  
58.18839352  587.9071192  -83.3890353  84.66426752  176.9656311  395.1620212  47.48446979  516.7709511  261.5498868  266.3655826  663.3383368  280.1783083  54.7310475  364.7837398  -135.4630847  -89.98366858  489.9276345  118.4370216  235.2055354  -218.3429291  404.6844393  -12.0668828  53.62527537  270.3491459  177.4693812  -66.74326195  441.6809573  281.7640016  212.9256657  90.7196719  
52.14041697  602.708176  -82.78552632  94.83897144  170.9580867  400.9273288  51.56411177  506.8468985  267.4850395  263.4864748  662.7249151  264.0305845  68.59655882  360.2454686  -144.1516466  -94.86530676  498.2562077  118.4973724  246.6216725  -206.1493841  411.4130699  -5.692977723  59.07771032  263.2038143  153.1198623  -65.91540698  443.4155825  285.7909466  218.8679083  94.11937099  
45.26141074  589.2514019  -74.66099836  96.05962971  186.5037873  391.2440669  53.00276213  515.4692719  276.0187628  271.7454718  669.0422719  289.1517629  69.55408523  366.1284018  -138.2994807  -84.31088644  503.3596042  114.3535254  237.4466241  -224.2792739  411.3951416  -13.49502631  56.01195918  268.5365142  163.2272335  -57.27255598  444.4920493  284.1973842  230.5250767  96.13537375  
47.65174067  586.0848208  -71.42869316  81.28454204  183.3075676  373.4757557  54.72927031  519.049527  272.3544689  283.3412139  673.6536762  311.5049259  63.65811584  366.3468623  -132.7677357  -88.26279628  500.6641812  130.1335539  239.8026912  -245.4034259  394.4976186  -11.03737437  55.59609005  284.3289546  178.2533151  -56.45832167  440.1025478  280.3147443  236.2560377  82.15090516  
54.28690535  597.4313747  -71.89641374  79.24146165  184.9318082  375.888341  63.41298376  499.2133597  265.8938998  279.341681  664.1662138  290.6136269  36.84584109  350.6536799  -132.8917364  -101.4779602  477.8227617  121.0512963  245.5424099  -233.3563773  405.198254  -14.54619591  69.91233297  257.0567101  189.3710496  -69.45436553  421.1904246  271.4528508  207.6613505  83.22396348  
54.04610515  583.5518604  -73.98039309  93.38792909  177.7393432  391.8441732  56.81952605  507.9149753  273.1558388  271.985171  670.3290224  280.3603798  52.63407766  362.183563  -139.6072985  -89.17211424  493.7475098  115.2660406  240.5856914  -221.8010959  413.1725698  -8.997772404  65.06045498  264.4630039  175.295541  -57.69403103  446.004403  277.3693946  222.9185712  90.81158675  
49.17520968  582.5553089  -74.61563283  86.95043461  177.6086749  390.8094347  50.97611314  523.3439082  273.0360654  270.392194  666.3169311  288.1446516  56.35421736  359.1260967  -128.00041  -86.33034169  480.5765146  108.3732176  231.3439923  -226.5204147  408.7099572  -18.18724942  54.10284823  261.7444231  186.0978174  -57.45358004  443.758936  271.8376741  222.9881206  93.1822844  
55.08898998  576.4898442  -78.28103119  91.41636359  180.8781313  394.3024455  51.40402957  522.9435185  273.1127309  260.8824666  666.0191425  284.7566205  64.60680353  367.5297078  -135.60153  -90.36077575  495.2932105  105.1246877  234.8883819  -224.3858616  409.6447761  -10.62484471  55.90473616  262.1317495  173.3218002  -60.4352539  442.3698462  278.5742612  225.0059954  92.29174537  
53.31613894  586.311695  -74.20950944  88.45616703  172.6196775  398.870903  51.38696016  520.3022075  285.2751773  270.3370603  668.0976745  279.756119  52.72658299  355.0380353  -133.5369781  -92.47513751  485.6272543  107.9462902  235.0828746  -226.1848778  408.3396527  -11.90635667  61.28990344  262.9910543  175.743712  -66.04063631  435.1247881  276.5308478  221.1761282  92.8998602  
55.54282312  586.4888599  -74.07030361  84.23859039  171.077222  398.5038016  60.47518943  524.4894487  279.8278053  273.8026376  673.9212542  288.4706872  46.71357801  351.6204727  -129.4409738  -92.62254551  482.9221879  105.7497367  231.1049138  -229.7480955  411.2595413  -17.23458566  56.67541182  265.2207478  182.9032529  -69.81331835  438.4794708  271.9040348  219.8484538  89.54955842  
52.13034589  579.4244376  -84.05147131  88.74246421  175.0182869  403.1059205  46.66497778  529.5755629  269.7275642  273.9292129  668.3266826  292.2867442  54.53882431  361.9886119  -124.4502277  -90.74991659  486.716897  107.6137169  231.7404808  -229.2429902  413.6789554  -22.0332555  51.63405492  274.7977978  183.1651011  -67.00431106  449.3340254  279.4807591  219.6833733  89.85443821  
50.57733  579.3670962  -90.3057038  88.59429056  173.8848853  401.3766577  35.52671947  526.9482576  268.9166649  266.0087767  665.4400859  281.0678418  68.64555009  371.374014  -128.5084848  -94.05799006  497.7419409  103.1648787  230.4842498  -219.8584063  413.1692934  -18.93895188  44.7748143  268.8078812  167.9911966  -64.93591686  454.0712237  282.6139202  220.1110443  91.73855703  
52.41780315  586.7252841  -82.93104165  89.7747521  176.7432796  395.4170091  40.78467874  515.53392  274.157398  267.0497465  667.3787635  280.7713839  55.57455209  365.8602078  -136.3244368  -88.61098029  499.1401572  107.7436239  231.0950347  -218.5020149  409.4380939  -12.0549316  50.65440053  267.7380948  179.4677067  -65.02510871  443.651467  278.5500811  214.3308266  89.47473107  
53.44721778  583.7089978  -79.94466226  94.2733431  173.7892205  391.5690392  54.12910915  518.6886307  273.9278231  263.5331921  672.3458794  281.8734752  54.85577926  363.7187102  -134.2638004  -92.12801545  492.2414766  108.3786283  229.0448956  -220.7443486  411.423062  -11.26352984  53.25596897  265.194341  179.4698294  -59.24477691  441.3276999  281.2558782  219.8874999  91.43475766  
53.50002991  585.8030212  -75.2511917  85.90590268  178.1029715  393.9735373  54.52253139  511.9555246  276.166032  271.2816127  671.6646595  286.703822  57.19971502  356.4240829  -135.2592941  -88.58459823  492.6923685  107.7983334  236.5802726  -230.6147035  410.7908843  -10.47459489  61.47819955  266.7402988  171.6627855  -64.02353233  438.9782116  276.3485674  230.5551633  89.83748827  
55.50212326  589.1975711  -71.17073459  86.17824697  174.4745071  391.3124148  53.92979236  522.0437916  285.0834999  274.5736373  673.6193901  297.8574898  58.8074197  358.8205704  -134.190582  -93.9684031  496.5444955  110.7430955  236.2740427  -237.2057297  406.6098302  -16.81242486  62.26428285  269.4970661  175.7231003  -60.91665249  443.0113689  275.9814427  232.1577647  88.78880559  
51.95704013  585.5637707  -80.04161281  88.07317246  169.5488128  404.3186623  50.88363855  520.8996348  286.0790684  275.5241304  675.1011037  285.4690997  55.39371131  362.7018093  -138.1189303  -99.37045181  492.7593642  109.1448696  232.7513851  -223.8798613  413.0022049  -9.953277576  53.93915652  270.8120399  173.9033546  -61.10468829  450.1769777  280.214295  225.7975749  88.68064713  
52.98712825  589.4571607  -82.99280901  84.88441638  179.0526612  396.9303261  45.45049169  518.5122261  277.9619731  273.8116366  671.5852517  285.6795484  66.69569387  369.6895061  -140.8531183  -96.61667237  507.8336545  104.3993721  239.2434084  -226.4456288  405.9021668  -8.342498643  50.76104964  264.7682517  165.9604643  -68.83068326  447.1068476  280.32669  230.3785419  92.22813351  
52.59620039  583.8841888  -74.52868021  87.97566992  181.4466642  385.17297  49.10795902  515.124138  281.843894  269.4590208  670.4132642  296.1243782  57.12340718  368.7640804  -141.9856892  -88.54611104  509.888782  106.6764534  234.9220604  -234.0646925  396.4840616  -8.817317817  60.933862  265.9776894  173.9505432  -63.14426644  440.7145712  275.430969  234.3488364  87.42109259  
53.51030459  584.8828139  -73.28114707  90.40032573  178.523936  384.5006698  54.51203751  525.6390974  281.0004092  270.2474462  673.3231867  300.6269468  50.45709398  367.8110523  -139.4965217  -95.93436884  508.3682502  110.9334636  245.5564172  -235.4485805  396.1793589  -17.77591717  64.86826237  270.8764695  178.0720333  -68.54716311  445.151444  278.7721522  233.8051085  89.19115506  
58.41626445  585.6382478  -70.46622749  93.73664276  173.4271606  394.2551612  52.85416384  519.8904843  271.7265098  272.0618374  673.4609442  290.2265063  48.95456574  357.716606  -137.8778576  -89.31645779  502.9637532  116.1045474  238.2472186  -228.7856383  400.1709718  -8.756276445  68.6404012  279.5765698  174.060796  -63.30123385  442.739786  276.6874029  233.8600058  87.10301265  
50.82011032  589.5223413  -71.93165209  87.06977303  174.5989994  400.137835  52.63940522  514.8120285  276.9875657  279.6819263  677.4959271  283.198026  57.03632695  357.8695996  -137.4377757  -93.11080026  499.2457339  109.0183951  232.7024415  -222.4295578  403.9086702  -9.880793152  51.68196727  275.3452496  171.8451304  -64.3086543  444.8739999  281.9689051  227.277816  87.36595137  
52.2778238  591.6786855  -74.28878958  90.25351695  172.9608298  403.4634724  44.16043834  507.8671605  267.4558542  268.715216  666.9698764  263.8451789  75.20621037  365.554255  -145.0908294  -83.77481654  510.0253528  106.5758305  244.8234854  -211.9209633  402.7650059  -2.741742967  58.30838345  262.2257251  148.8116331  -57.57771074  452.0413558  286.1402643  232.5681  95.61511475  
51.92185398  588.4027443  -80.10557965  95.87677586  179.9807809  386.2846286  45.82150952  516.1350072  270.0115728  269.6672475  663.7640081  290.7902472  76.55762037  366.110476  -130.2975168  -88.02921578  497.7133302  111.4560333  231.778159  -229.4916502  398.2301823  -20.3022069  51.86351038  266.7036451  163.6295955  -67.60176806  438.3963251  278.3754553  225.4812819  87.52965229  
60.02447228  584.3666911  -80.11610829  92.63895587  179.2251106  396.5195014  49.47058782  515.3980051  278.3673025  272.6432523  667.2173153  284.6736028  68.06601761  368.8191648  -143.1973966  -93.2861038  498.0486086  103.3937346  226.3855894  -227.7685802  404.9464259  -3.136860228  54.35919022  259.866644  165.2837829  -67.64271999  442.246169  286.1353463  226.9781107  88.56092637  
57.46886175  579.6850327  -73.47148751  95.27018231  190.8123287  380.0381567  56.19966219  500.8220767  273.2959774  275.8870774  675.8333562  294.2702201  59.06428057  362.9527034  -143.0140318  -86.61798599  507.8870928  118.039889  249.3811248  -235.0271435  397.7178634  -1.771725793  69.3705895  271.7472676  165.2502361  -57.40074389  436.9285984  282.6598169  237.3227265  89.51023384  
49.59657813  592.0747537  -84.34479514  92.19528158  175.4381433  401.526299  46.24930352  514.8090868  271.7892032  282.4349482  668.0984172  286.8133332  63.9089681  358.0628158  -133.4711731  -99.70069634  496.3446488  116.2476693  244.502723  -228.9610636  405.616833  -5.212158976  57.74348734  275.0771064  165.5468012  -66.83663372  437.2107059  277.3446736  223.5434398  86.40446101  
49.97693347  603.3231397  -81.91150978  103.7914602  168.2032979  414.4527851  46.98965131  500.0009309  278.5134738  284.0892757  668.6661308  264.5379238  73.64044363  356.2620393  -150.0824078  -98.77645867  512.6401497  114.2046089  256.3168572  -211.0415801  413.4152805  11.73288901  65.20232495  271.4631018  137.1544472  -61.17277223  448.0515043  290.1117913  226.698457  86.84548076  
49.354925  589.5417917  -76.02992874  101.0986988  178.4078075  388.8106769  48.68096413  504.8636612  274.0339134  273.9311816  671.0819372  284.1430272  57.8198997  359.3307067  -143.4866078  -87.34790212  505.0554275  116.9130463  244.3210301  -225.5605856  401.8869034  0.3047055595  68.92314504  269.5966299  160.7762396  -60.3074073  438.1965033  283.5060197  228.7766072  88.37578615  
53.82343387  584.5019772  -78.20063584  95.16018344  175.4839696  382.0017517  49.27968381  507.4679649  259.3644171  260.7303818  666.7434845  283.5660328  56.18851428  369.2618228  -136.3950344  -87.02474282  502.8781554  119.8112469  237.4840159  -222.4538314  407.2473648  -13.66505383  62.41003047  268.8605721  172.8432363  -58.3085644  444.8905737  280.5088254  223.9838926  87.95620481  
50.44107252  595.278597  -82.09466431  98.92373368  172.5177526  402.0085082  46.06373732  498.726316  272.4949246  275.3868019  665.1432213  276.3866718  76.26778045  353.9826885  -143.2996797  -79.46576186  499.6553121  114.5066748  236.1288728  -222.7881306  416.1097489  10.27072205  64.7153714  273.7565197  143.3135939  -62.3220095  439.4626241  277.2616384  233.6652851  87.53586859  
53.78825412  588.7909849  -79.72898765  97.47290304  179.850643  381.4265345  54.01980154  498.1290097  264.7315198  262.9839622  668.60276  285.9050267  62.17993045  360.285484  -138.2194693  -87.72175552  498.6071928  120.2769391  241.4115269  -224.1460956  408.2965365  -6.113245702  64.11991614  270.9619669  158.0332205  -57.06286515  436.194736  282.2268966  222.9781642  86.96389553  
50.18278315  586.1326592  -81.9985357  88.50658758  182.7445824  387.7230778  51.70965316  507.3844098  268.8009973  270.7574368  667.9070512  287.2466725  53.51905613  361.7195678  -135.4032713  -89.23321247  500.5805624  125.2218522  248.2631169  -227.6139312  407.6963695  -6.595932424  64.82492352  276.2082447  173.3900056  -57.23518155  439.3098823  274.7103267  222.1486196  86.94949722  
53.13646648  595.3291606  -81.30947595  91.68350232  178.0500597  391.7355675  51.56384254  505.9534181  263.9862428  262.7522981  660.1696827  268.932211  59.27687557  355.7096352  -135.9331483  -89.78723123  488.5557351  122.3388305  243.9259392  -215.5913848  411.9147596  -9.636392095  66.54155816  264.8028002  164.4440033  -61.95036643  437.7966456  276.1243937  221.840434  93.89536945  
55.33532618  595.9729681  -76.42644767  93.42894642  181.2139335  392.5485064  51.30898  502.9980797  266.6506132  269.103589  664.0249777  279.0489009  55.86048943  357.8492774  -139.6717675  -78.08681813  495.6410903  120.3366552  237.7161187  -226.9763469  415.3324437  -10.6271113  72.01896713  269.7107271  159.9356348  -57.25941882  444.646694  272.0548  229.8899481  91.63433041  
54.39458996  590.3631498  -81.82694199  91.32422898  174.1319195  384.91671  50.73376584  514.0172319  268.4693723  272.1693443  670.5150496  290.6111447  47.83869948  361.8724617  -138.2430065  -87.33840965  499.138313  121.7955775  239.8848816  -231.5746308  413.0985329  -5.579092752  60.52718077  270.9308662  172.7527267  -60.5696567  447.3758141  277.1487698  227.3754541  84.95098995  
52.98954381  598.6911868  -77.00771336  89.31338933  182.6176201  395.3141001  64.83712302  494.2361995  265.6199749  275.3926305  674.228439  280.9024749  42.51502647  342.8313932  -134.0952144  -87.6185543  490.1357157  126.0342025  250.4795632  -231.4354588  413.8510803  -8.033731223  72.96633478  274.4037777  164.3019474  -62.58232066  435.062133  272.4293817  226.3579364  88.75838811  
50.23247163  589.0337301  -76.76603439  88.11378173  186.6902472  385.7965539  55.39039925  497.6442214  259.3278667  271.1240228  661.4623977  281.3091507  49.76925997  361.0806391  -137.0540324  -81.49893658  494.3223391  125.9716099  242.9942166  -224.8021993  405.565095  -10.07052248  69.00408997  270.1848556  169.4044674  -61.06879268  436.8072193  274.4132936  221.7613138  87.70885157  
52.03922543  580.6569107  -72.5794718  87.5845379  190.6686268  370.327042  61.72993829  505.015649  256.4286083  264.1963376  661.2427073  294.109857  46.30964285  367.0493055  -135.666659  -82.6125865  495.8429323  125.1795361  241.2151346  -233.109029  399.3966369  -16.7272093  68.67858164  264.5673006  182.5211099  -57.83587609  440.0717791  272.7348945  228.0675706  86.28585979  
52.86856936  587.1127034  -69.76731062  89.62920495  183.1143924  382.3623976  55.89321965  512.7179008  265.7886687  269.0298877  670.1081826  288.9263917  54.04266103  364.405633  -134.2868688  -91.64345925  497.8065802  116.6127056  249.5300567  -230.6927542  398.5682159  -16.20247432  66.07683766  265.0572734  178.7916741  -57.70939708  434.5057859  276.9019827  230.8118252  94.738939  
52.76407319  593.7155354  -74.61361756  82.76875347  173.6794621  394.9745567  53.79495414  519.2839513  274.7787278  278.6948564  666.3451082  282.2948352  52.77762984  355.0484844  -134.2511893  -94.86634963  479.2167682  108.8505226  237.1005111  -222.5091125  408.5857756  -12.4490197  54.6261972  262.7135858  185.2377106  -69.35604695  435.657867  278.6189823  218.2280493  91.76861956  
51.67903968  587.5340106  -77.20416571  93.08783341  164.9081301  408.3780585  45.47725979  510.0690962  275.1495668  268.7590171  661.9663157  265.2347356  76.79237007  357.5909958  -135.9143856  -93.84603678  492.7348456  105.0448802  242.9368503  -216.0017617  406.0470988  -6.614620439  51.17125995  262.7006437  152.9365142  -58.25397484  438.4310557  286.6018635  224.3954615  92.42003945  
55.52959829  600.5930565  -74.78929199  85.23251596  178.879563  393.5638288  51.97450522  515.8288307  285.9544086  283.182933  671.2503663  292.3463532  51.67915263  352.5967173  -137.9504027  -95.06807737  486.1441541  109.4734333  237.3044364  -233.5360732  404.8264846  -11.55003803  54.9796868  264.6686714  179.9306533  -75.00122311  428.2790618  279.1812035  220.4862606  87.24790032  
63.7726416  586.3456073  -75.13784395  86.58422293  176.1436975  383.7430815  58.82208846  523.9501808  286.6233274  277.978478  674.069628  304.9186508  59.70437459  364.8160809  -134.9554227  -98.47386335  481.4486367  107.719298  221.7559916  -240.16944  408.0744436  -14.94583681  53.93807096  266.3082258  187.2949686  -58.66844818  436.0558503  280.8394244  224.5212507  82.6506184  
55.55942176  582.7437714  -72.18274169  81.6685736  179.4018134  382.6761531  49.32750993  518.631964  282.0016692  275.5354503  666.0320572  308.0075481  52.93513489  366.1248334  -133.3820768  -90.996295  496.5662308  117.1013937  245.4677261  -240.1976842  408.1328204  -17.2914158  58.40805514  273.1472095  177.5644331  -66.96261279  439.3819992  273.7234042  228.8868376  86.60013986  
53.53439951  583.9236493  -79.68959375  91.66828847  179.9927614  390.4333824  54.42010957  514.4651287  275.6179646  271.9183057  679.2354156  290.3977887  43.89097385  352.3325636  -127.1737263  -100.2814344  491.2902178  111.5479264  241.3751145  -228.3049254  408.3839664  -23.70128829  59.55113573  276.6865941  189.5019617  -66.11216348  438.5758163  280.8855135  217.4668611  93.27156427  
51.65503865  591.6711349  -74.77295914  92.23362383  165.8291058  402.5166487  51.85481012  528.3978137  284.2921945  269.4466535  675.441622  278.4331567  64.18834808  367.9510831  -136.8756477  -96.3076019  499.9211117  108.6187557  232.949175  -213.0206673  410.1786548  -13.37273481  46.29859823  270.6710223  179.038855  -62.9444416  448.0554019  290.4967266  225.1866469  97.65113706  
50.51996006  580.089376  -78.54512596  89.20889569  177.5628507  381.1419285  48.333534  518.0836171  274.3731591  270.3208495  669.1621718  301.8491607  65.74497056  364.2782747  -132.1662642  -93.8122166  493.1477461  108.6179546  233.7454239  -233.5279383  401.2366817  -22.05746143  53.39606071  272.4916655  175.4934108  -66.99120807  436.1029105  283.7407626  230.2126435  88.32053115  
54.82858341  590.4263628  -72.64889971  94.06918975  175.1496027  392.4093663  48.843707  517.8250616  283.0024798  267.8365127  676.1030588  292.0692468  65.37926478  364.4024142  -140.0236725  -89.82853753  507.8554654  108.4448943  239.9841967  -228.5588949  413.680289  -13.25136829  60.706009  273.5163653  168.172791  -57.98264742  442.909576  283.9982735  228.8998028  92.22008293  
50.05579318  584.2546998  -71.53841622  84.4085471  171.2266636  378.2383134  46.5275387  540.6448835  285.7879633  264.7148892  660.486382  310.9844144  49.69324334  370.0131653  -135.9780713  -90.89534809  491.0864541  107.7872463  222.7513935  -233.5452649  403.2807089  -18.52137435  59.8729388  267.9076822  195.8962855  -66.97916507  443.9128586  277.5949903  224.3805328  91.81347543  
54.44459045  587.3559377  -76.27118653  85.08467386  172.5745301  404.6348811  53.34653832  524.3680643  276.4652191  272.1027907  674.4197902  281.0659869  66.9003277  362.0537287  -137.8786307  -98.11469456  496.4376646  101.4077499  236.6100239  -221.9493117  408.6180425  -19.30450482  51.00168014  265.7063105  171.1446108  -62.32133291  456.1903767  281.5225057  234.2325059  90.50354002  
52.87611911  582.1532057  -70.16403809  87.72754888  185.5356221  379.1669221  49.80644105  520.3011734  274.7106254  264.9550881  659.0079253  301.2217087  68.74654284  372.6515447  -142.9462248  -84.80334038  504.0745105  107.2137534  236.3669458  -235.4757219  395.6082977  -10.57998244  55.93376045  260.2713381  167.4927036  -68.37999003  444.9884047  281.3133016  241.686996  88.57902826  
53.94327163  601.5502945  -89.43543952  100.4995552  159.9981541  411.6224375  39.99426917  502.5670976  259.8197998  272.2704907  669.4151229  264.1304934  68.0386541  356.3689268  -137.6635154  -103.4786826  507.1307432  121.9855257  255.6287408  -211.5029556  413.1413695  -0.9044057515  62.5971616  275.5374693  147.9641808  -59.54538899  448.1590984  284.3476269  224.8781147  86.61327675  
48.5281595  597.7397322  -71.87019278  103.5656701  176.26707  396.223229  66.56237678  478.0162763  281.7166169  284.210682  678.3240338  271.7432656  63.0119192  350.2834533  -156.6235319  -91.80662081  517.6851835  130.3054781  260.4422349  -222.3594034  400.6799131  25.63294481  74.59594343  281.8418854  137.3566362  -51.79247963  436.2307011  284.3744663  246.8834694  82.85406095  
52.77846545  577.6828851  -81.08235037  86.16918363  190.1339832  370.2600786  54.12363441  509.1571921  267.0740912  270.3248975  665.5412491  310.3596871  37.58903137  365.9425256  -128.6803072  -92.14840347  485.8994868  118.518357  235.8160754  -242.9627242  403.8721847  -23.09793277  61.79848489  263.7184803  191.3234976  -68.07371143  427.0846866  278.241732  210.5465947  82.44891274  
59.932792  590.9359867  -76.22517032  97.63184339  181.7642798  401.422142  58.0321551  498.237132  262.2896693  267.4147613  670.5553474  265.2150725  60.13569768  347.4483178  -136.7568657  -98.35358786  486.1902453  116.4083576  255.7070482  -217.1552944  402.2243132  -11.06366448  71.0529794  264.811711  153.2363735  -55.637066  444.257783  285.9260003  228.7723491  95.35866507  
60.17999215  571.1837575  -83.09631679  86.48960477  185.5692456  382.2894671  53.13294747  529.1095492  262.3892194  263.2343031  668.0876672  289.835797  34.05318183  368.0089353  -125.1718844  -97.00767799  476.5569034  116.9964978  232.5569421  -231.7193591  404.0829052  -23.66275801  56.99812968  265.1278087  203.4708307  -60.67600702  433.6765513  282.9407296  204.4908642  97.68371193  
55.44304111  584.5012602  -86.44101957  84.29542264  178.4815232  410.7233569  49.76187011  526.5865988  270.1797073  271.0788195  663.6720418  276.1931308  40.166273  354.6703331  -124.1883927  -91.955821  476.6440287  112.094986  235.9857092  -215.9267583  421.2922104  -23.79058694  59.28658483  263.1360893  186.3584123  -68.91420539  448.9346789  274.9555365  203.9202458  99.69011194  
50.19398391  583.6872241  -84.28500024  98.5892575  171.0742052  405.3377318  47.58204397  532.814785  265.8502153  265.1736946  668.8538983  274.1926164  55.2354705  356.6237816  -121.3529871  -95.48540571  482.8500507  108.925658  236.2575791  -215.1557534  409.7239083  -22.80200661  55.13900172  267.8120517  177.4702055  -55.71329443  449.848752  284.1198027  209.154965  99.19641987  
59.61261087  577.1919623  -83.24420601  93.8290987  172.1996541  413.3664058  48.40897642  530.2145999  277.9550727  266.113941  678.5585891  270.5444469  53.20818348  361.4987253  -133.6445867  -95.74096884  492.6482907  97.08866989  231.5811898  -214.8818049  411.6153314  -14.51215507  53.92036166  266.8790424  176.5816097  -62.3107694  451.108925  289.7095765  217.1192678  98.9160396  
56.56168949  565.7776388  -75.34571048  83.91856327  171.5348539  394.2474671  50.23044489  543.9847413  277.9972938  260.5377696  673.7859513  289.0491665  44.07435283  366.8843106  -124.0937291  -82.51675386  484.5001485  104.0238298  220.790509  -220.4433515  409.5766185  -23.83206506  45.0928844  272.8148171  203.1737778  -64.64669834  451.0357309  275.8819305  222.4849507  98.02676621  
52.37589138  586.0014897  -81.62881918  89.30536652  172.4328833  395.7176124  49.7029338  521.0236991  267.1545842  268.1042707  673.5305383  284.0853035  49.80308255  357.9693107  -124.6144394  -93.26705215  489.5929616  113.5396624  228.8883145  -228.0923684  409.5994524  -24.60135656  57.57783312  272.2896974  181.5846048  -62.07512348  443.7398068  270.3882559  216.8771888  89.08316176  
53.6417179  585.6963094  -75.14221782  91.81403657  175.985049  393.8438613  53.67004439  515.8525323  277.6242705  264.6243644  673.2259918  285.0110239  50.8885109  359.9798208  -133.6637876  -87.94131684  500.1084204  107.172111  236.8463104  -226.6610177  407.2075219  -13.24793718  62.75284911  266.3941569  172.304869  -65.7653257  438.3692764  272.8686315  224.62668  90.0974704  
52.109461  581.543831  -81.44136414  93.33276102  170.2493384  390.9661272  47.97167604  518.350404  262.9856612  264.679666  670.7428118  281.1095263  58.96456157  363.2164929  -127.5092759  -88.1552246  497.9909673  114.3339658  236.3528759  -221.7389971  407.7053926  -15.19938895  53.92480756  275.2744928  173.1221496  -62.03368642  446.6750618  279.2260032  223.7007288  91.16780063  
52.00983534  590.5945126  -75.81277032  91.86041708  174.6098152  404.1445298  48.15071835  516.2257238  269.4312417  271.3683539  667.5345827  271.1566514  67.22985043  363.4949357  -136.0814429  -94.69695749  496.080527  109.9566158  239.1179936  -220.3479241  411.9852466  -16.76606312  53.28175891  265.0448327  164.1043461  -57.95898555  445.2072302  286.9869798  224.1790432  95.23105636  
49.58522048  591.1250651  -79.90643334  89.09246093  171.4303815  390.5662877  44.3848409  524.3284116  272.1009605  270.1796043  667.9271472  290.5644451  63.12900973  370.3889614  -139.9290338  -88.38361307  506.2181717  112.8474003  233.7421852  -228.27639  401.9499655  -11.77406968  57.07034329  267.4782056  168.4760154  -64.35884608  449.8297505  275.9578141  230.8875747  89.44876374  
55.11260263  584.5409082  -79.38212476  88.60888775  181.5004793  399.2078905  54.42247317  509.5537092  276.9360356  276.0282237  680.8668845  284.5297853  44.27984979  357.5117153  -135.1654391  -93.4421268  502.5193683  109.9555578  236.1193739  -236.967633  404.0305222  -9.533277824  64.72584084  270.3559153  175.5906221  -65.31890582  436.0087515  271.0227046  227.457052  85.61437717  
53.90104457  585.5629132  -73.2225542  90.92949884  179.0305635  390.5936537  56.70926165  516.5815548  280.7933499  267.261559  677.3858223  291.710285  45.95429518  362.0036021  -138.6702833  -86.67600516  506.7043505  119.3385335  238.1110328  -229.8605639  403.9519726  -8.02537709  67.56718518  276.8711296  176.5660928  -60.18446634  440.5894192  277.0438056  236.2578029  92.63853902  
57.25635112  585.0765917  -78.16044579  89.57286613  175.9797636  390.0366543  46.16414138  522.7854926  267.8273793  270.685647  673.4027489  300.214522  49.9520937  369.6665837  -128.2852581  -82.26786402  508.7566317  116.7043589  238.1072962  -234.1717337  399.2694504  -17.56232798  66.02286356  281.7744954  178.6763033  -57.8975231  443.6550977  271.5440025  226.2887728  92.34479503  
55.30227203  581.4917557  -75.74788496  93.26980184  182.2834057  410.7273786  56.50392362  514.8862601  281.2107545  279.7252653  681.880543  277.5027373  53.78829677  359.6417788  -138.9456018  -88.73171728  506.401806  108.3336207  236.3766129  -224.4361111  402.9210375  -1.065896928  60.60842446  278.3226745  175.914777  -58.61989116  448.9500323  286.6312794  231.3069344  93.57114154  
50.2456527  590.6467753  -73.83054866  90.83745353  182.1410625  390.8071295  52.23941232  511.6208023  271.6039095  273.8564046  668.5166382  295.9769311  52.52817174  355.5864991  -131.1714933  -89.06832412  497.7607868  116.5686845  241.6430463  -238.5165212  404.7270769  -15.90008053  66.45155841  271.1766341  169.4982991  -68.93461801  437.7132126  279.5157529  233.0444996  90.50916869  
53.36210203  586.6101163  -85.06762954  96.13128744  173.8365935  399.9932793  36.84529955  513.4921138  264.8353394  269.3611011  664.8768304  281.4504028  60.64863391  366.1726852  -137.2220301  -88.24943357  511.6812609  114.0551163  244.5697252  -225.6403002  412.8198013  -1.777894785  69.60186886  278.1235775  165.1501583  -57.54659989  451.1732199  274.6786747  227.7956242  91.30372833  
55.78190147  583.3013674  -75.76945723  95.40959927  174.0662119  410.9679215  46.00039283  523.5657219  279.0086554  270.099836  667.9920813  277.6536988  58.33585007  361.2695262  -132.8883149  -86.64078401  499.2371075  101.2060424  229.1034725  -221.8903499  407.980663  -14.67313258  52.78834501  266.4016912  172.5681293  -70.86661886  447.4477954  281.9074579  224.7131352  95.29697107  
64.59488436  604.4102601  -68.54743727  92.15260039  179.9732611  388.5354167  50.6569883  509.1619332  271.7991545  278.0514468  676.9630242  296.694213  48.23225291  350.3326735  -133.5636414  -101.8211731  493.5681305  120.907768  245.8659428  -241.2089737  397.0291617  -25.6825708  70.8936214  272.3017835  173.6878492  -68.84467816  432.9313373  279.1493098  234.5544739  86.08453659  
61.70074565  587.0174762  -69.08756185  95.74052953  187.6355669  386.7816711  69.34262829  508.3806808  279.1134389  283.6018356  676.9404097  294.7768213  68.73314227  366.5092972  -149.0947415  -100.6987138  503.9372149  116.6742091  248.9214982  -236.2063581  402.4870464  4.617276107  68.09573339  266.5110727  161.7593335  -51.2702444  437.2212601  282.6314124  236.5829681  87.67723761  
48.87192039  580.6039962  -75.87705962  78.18009705  182.4441868  374.1684231  51.50282069  524.8010021  272.7226021  271.9295903  665.2659679  308.9107682  64.7990721  372.5486753  -130.0419539  -92.44080587  502.2829562  110.4491182  242.0727678  -238.890812  397.9670633  -28.01799759  53.30343273  270.7102397  178.3438372  -70.31691136  446.509629  279.9464169  231.4339455  88.81150064  
51.66093357  597.0619731  -84.71494445  103.0265863  168.8325983  414.7648951  47.75040206  505.9601801  274.5451692  273.1769622  675.3201271  264.1228011  80.76981656  358.9750812  -141.7891371  -100.1093635  518.6139423  112.8663842  260.3862058  -208.3769101  412.1200704  -1.130696282  57.06355703  275.0184997  135.9868254  -56.65840151  452.1720945  289.5030387  225.4282589  88.36180025  
46.28506722  587.4123674  -75.7952933  92.73319823  183.4588531  391.5814883  48.74082599  503.7335143  280.1712242  272.6412092  668.8781116  284.6915793  72.19413322  361.2996634  -144.0041293  -82.84522212  504.5009939  107.0386209  233.6200547  -226.0082662  401.7567033  -1.373504082  56.90488689  274.2535878  160.5102164  -67.91965947  439.2797538  282.0936876  236.3783473  85.71135848  
52.81066855  591.0424782  -81.6158461  90.2172765  180.799733  403.3497845  49.6373435  504.368436  272.5117697  275.6425997  679.2638835  275.5413055  52.60049401  354.3936237  -134.4417339  -96.94425543  507.1088824  105.6416544  241.2702597  -226.2960379  399.647416  -16.45348706  61.74784992  271.7233552  169.3825195  -67.33323244  443.6401758  286.5054326  223.2468184  87.64720392  
51.34581105  589.6856955  -72.20057061  85.34281022  174.2891219  394.0884113  52.85767033  521.0025575  283.0946865  274.6373161  668.1883675  295.7258239  66.55342047  362.8066597  -139.022297  -83.61806825  503.7772076  114.6420599  242.8651636  -228.1575545  399.9164265  -19.0502214  59.38362834  276.1935835  165.9465046  -67.63622488  456.7746888  279.0013123  247.6445935  91.07084566  
51.57640646  563.6889166  -81.9884349  80.9582138  182.4962671  371.3173618  47.32529349  519.5194343  263.379569  257.1717438  657.6065166  298.5938692  65.3293476  376.9020852  -129.647555  -84.8108952  495.9175397  119.8269178  239.8497108  -235.3709368  396.3142876  -23.52848163  59.82139068  273.4900335  172.0146528  -55.06785687  447.0419011  274.215612  231.2353172  87.15126512  
51.88945056  584.872343  -68.68291007  81.26789407  187.7323568  388.8508913  60.95918472  524.1258082  283.6947279  269.9612707  671.3915101  287.3151258  61.80859022  368.7000744  -141.317817  -82.77961173  500.019847  103.255071  230.7975014  -223.4811049  400.8468241  -12.69766016  51.35578554  261.9798771  183.3031478  -66.04933007  442.0209357  283.8200007  229.1196902  95.54783319  
54.74604836  585.4238665  -71.65536934  87.28732982  174.8905336  384.9119402  44.30024525  515.3004818  266.3917387  266.6140526  661.2017942  284.4768129  64.66989095  358.4778104  -135.5380854  -92.29115157  491.1011234  105.3797256  241.9333633  -227.2368088  404.8300989  -16.62324405  58.05306115  259.7674397  166.9345669  -56.45666322  438.2335255  276.8302822  223.1838468  91.76467434  
55.86046293  598.7845023  -78.9283172  100.5784661  165.2635303  414.1790734  50.04317181  518.7418741  282.0339355  277.0190542  670.3683968  267.9259473  63.18593964  362.4262958  -148.3224994  -89.97666649  506.9493389  109.5820139  245.0192441  -213.8656522  415.6463527  -0.3725409581  59.22205507  267.4934772  154.9225582  -66.94812917  456.0378263  295.5441351  228.3052535  94.86664664  
50.6810933  589.5254469  -78.29454133  100.2911458  171.8883964  397.4858462  38.4809697  511.7285944  279.8961188  275.6357069  661.5953995  285.9512178  82.93848883  363.8828356  -143.5898132  -85.93600976  504.1603279  108.7598639  235.5206099  -223.9302701  409.982177  4.22232738  63.42288922  273.4195345  147.1508472  -56.880328  450.7184817  286.8631331  242.2297429  89.62697592  
55.80210141  594.6049386  -79.21160587  96.74525946  175.5002172  393.1772478  54.92481654  505.0462423  268.6215455  268.013778  666.0555608  271.6088078  59.52081543  362.6217469  -142.583773  -93.60146848  494.532584  111.0094475  237.0836066  -215.8048987  410.7286042  1.101774794  60.22881278  259.2421366  164.7678591  -64.93494028  434.3406359  276.9949569  219.7297792  89.89519186  
50.73344219  593.0327498  -80.93246447  95.2945306  172.2575216  392.9150886  55.45172691  498.3062636  265.9909601  270.9290037  668.4565425  276.6111  55.02506353  349.6090764  -134.7801939  -95.07513018  485.9230625  120.644768  245.38325  -221.8870197  411.6014042  -6.93641096  62.59602765  266.9000711  163.7978401  -66.07989362  431.2944224  275.6012618  219.6910266  84.29661356  
53.36884248  578.2281125  -81.77174864  94.90704439  174.2673597  404.3674382  54.99709121  506.5122888  267.5478691  263.1732838  678.5557029  266.2435025  56.39057615  360.1370123  -135.6606254  -94.55395012  495.3134123  103.701615  235.8784133  -213.1861421  408.0589578  -12.48049733  51.0602283  263.2232373  170.0277788  -65.40591842  441.9571186  284.3078154  219.104851  92.02117343  
53.4161137  584.3522318  -80.56442195  89.56408475  172.436557  392.8912088  54.99393228  508.4852863  273.4464635  262.0693269  667.9350476  276.5955957  64.7175546  362.4789593  -139.5427308  -89.17204157  498.5489096  112.5346317  238.1472156  -214.0735095  406.2055355  -4.164144682  49.72082101  270.9485823  168.4492249  -65.3157393  442.4881927  282.4164294  225.778166  87.40226296  
53.28099153  584.3353779  -83.06654027  96.25121292  165.6211253  401.4464889  46.64099704  512.9089268  264.8249714  256.5473011  664.4614328  260.655809  58.10622954  359.8136429  -135.6805808  -93.35696412  489.7191194  105.5675543  236.5436959  -207.4481831  407.4763265  -11.52414923  57.96789063  259.3086177  164.8461379  -59.18342231  439.7502093  281.4414201  213.0778903  92.82929841  
53.0096991  595.3563385  -71.18681593  91.92419589  178.8315165  391.3211005  58.23133614  508.3551202  272.1112697  265.1334422  670.5267951  281.1140567  65.78818701  359.5232996  -138.217548  -85.86836577  499.7756727  115.531321  241.1747644  -222.1160758  406.5995564  -16.679473  57.91237154  266.0365054  157.3639347  -66.33747269  441.4131  279.8291035  236.199407  92.71290172  
52.31156959  587.2863881  -80.04824691  91.10296883  190.0646315  368.8842195  56.84124023  491.1259222  263.9693989  269.6574275  663.9567315  285.5698914  51.70365839  350.3771729  -135.0767723  -99.78134855  475.5641869  129.9112558  251.459725  -235.6401756  412.3583288  -9.368029302  75.68307643  267.351626  166.5894377  -56.47994414  428.2867901  271.875896  222.311372  82.86806541  
53.90733445  597.5798628  -77.11073649  92.86413217  179.9931271  405.1299388  55.11468287  502.9849138  268.0779509  273.1437303  675.8455118  267.0649968  56.62673176  349.0921446  -134.0747672  -95.90997955  489.0439179  114.5880492  240.4230876  -217.3368373  418.6081132  -18.15865988  65.79328545  261.7760673  161.9536578  -58.30038309  442.6541845  278.4707508  221.3450233  94.27044763  
62.91635969  586.8302572  -71.4386656  97.25524017  174.8679122  399.6683233  57.88611441  498.6743607  282.8484487  279.1168105  676.3839627  281.0007156  70.80710298  354.6465961  -146.4550264  -88.39725147  497.3411765  113.7391013  242.1039106  -226.9503117  401.455422  4.775048612  64.5662959  272.8055766  147.2736168  -52.17488212  440.1763268  291.239017  244.1262525  90.1125362  
60.33009844  576.7522788  -71.90929483  86.39821668  190.7704069  384.4175196  64.75394504  523.8924849  274.8648576  276.6810708  678.8736049  306.0622649  47.85757406  365.1550415  -128.7690683  -91.8570481  488.9054586  111.4449687  234.873848  -243.6241695  399.8181714  -19.6442399  60.00897607  268.2210227  192.0117909  -56.79588852  437.0877095  281.3257792  224.239047  92.53366899  
45.74684804  593.196603  -85.70846849  80.55645912  178.2303085  395.2616533  49.49072532  524.8699654  272.8003218  286.5888324  668.7234503  297.7763683  49.87847086  354.9446228  -125.2566101  -97.60865193  478.0789277  123.8694817  241.8740422  -235.8647555  409.6096136  -19.84248435  56.22093081  276.9256858  184.2280809  -69.78517556  443.8776982  273.6383514  219.7525233  89.61912489  
49.21047994  591.9601226  -83.68556757  87.11703876  171.4073716  396.2906585  48.893147  522.7836277  268.2353131  275.2714984  673.4876054  285.6254216  50.82251345  359.7679517  -129.8426846  -85.38259264  498.2347433  119.9466069  238.0997915  -221.9024985  408.6871535  -17.65720706  57.49669696  272.2977424  175.6452971  -65.77790654  452.4486354  277.89209  222.5682694  90.69747512  
47.95567061  593.0545204  -85.03719875  89.9261612  172.523928  390.1008891  43.44595111  526.5447515  278.722215  273.9530082  668.2847057  295.531767  72.00380161  368.5174661  -137.1550747  -83.38858343  505.1078343  117.2913334  234.3636567  -224.2144528  409.9865598  -11.84857922  48.93605429  280.2280119  165.346053  -65.33814587  452.8816947  281.865749  230.8391684  88.2869268  
52.80284976  593.175513  -74.5892752  86.37498242  178.8316111  386.4831351  46.16646706  516.1359189  271.4797274  272.1588628  663.1404294  289.4498647  69.21486818  371.2262643  -141.7453294  -84.07642841  503.3970839  116.5214235  232.2625483  -229.7197024  401.4278977  -12.34083835  52.93711949  267.982096  162.1111802  -60.63918144  447.4096748  276.2808487  232.704508  87.39353464  
52.53856604  592.0085596  -76.2597119  87.36872959  180.26361  379.0979441  62.15197145  498.8840335  274.4281279  276.9232113  671.4422391  297.4433547  61.78197249  360.2660584  -144.8617911  -97.07453052  500.4840491  121.1921247  248.1539827  -235.9433367  405.7783274  4.546959557  62.40386017  267.2136049  159.6202159  -60.00034819  431.6677167  277.9618026  231.571942  81.1149576  
54.47315366  593.2189859  -79.05077238  93.22791454  186.1868601  383.8990586  62.55142475  505.8986147  271.5024353  268.1944559  672.2742118  280.8464447  53.37862986  359.5140509  -141.1415329  -104.7703413  489.3957338  115.8398896  247.7935269  -220.1165181  410.25006  -8.133261182  59.89596326  259.9232872  171.0767388  -57.41938116  428.5089308  283.4098902  211.0431312  90.13316324  
51.50853303  595.0873573  -72.38528454  95.49483221  185.1376443  382.6922743  56.37712021  500.7729574  280.117916  276.5018766  669.915414  289.3998216  66.90725906  356.2654177  -142.5800157  -92.10871725  495.1006501  116.9427721  238.5106888  -232.4494924  405.0299529  1.77681039  57.58661463  268.2898499  162.0013525  -65.54526883  427.0268602  279.5168924  228.170056  84.43252672  
53.49161757  588.0131149  -79.07118257  82.75358356  178.2302224  377.3632261  50.76713371  508.9271338  257.590995  270.6399105  671.8376167  290.4976434  40.07112649  357.3912536  -137.8421294  -96.8068938  485.0191811  121.8307198  234.5427786  -230.9524623  408.173575  -11.01565905  65.11186511  267.9419735  183.2273791  -53.97861215  436.7412039  271.8181435  216.7516048  80.78330099  
52.10979778  594.9582299  -72.76403754  90.59736456  179.8971478  391.3628113  55.9086544  513.6493826  276.7051388  268.659557  673.029625  281.9499792  58.65675524  364.5901541  -146.8562218  -87.55810181  503.1682726  117.3008023  239.5583188  -221.2884217  413.9242165  -7.421689123  62.81015786  269.8793834  173.9684064  -58.06800484  453.4822448  279.7205054  232.6829036  94.02082479  
51.9252991  578.0095592  -80.40041115  90.72390067  182.3660927  379.1659052  49.71519604  510.4765011  263.354859  264.6597383  665.8363946  293.2005983  55.68863946  366.1500996  -132.5109427  -90.86993188  490.8691098  116.1669452  228.8387568  -232.299421  404.5382353  -18.03990499  58.48585538  271.2193568  178.4892429  -57.27154906  437.0900268  278.0751301  221.2834534  88.40377132  
48.81819516  589.0690692  -80.66579876  83.69923494  185.1426367  398.282979  51.56464617  521.4591796  273.7091686  281.8599209  675.2084651  291.0391158  59.07085254  367.3155878  -131.1588319  -94.49178824  499.4454956  115.6748081  238.2765134  -230.9259004  406.7505683  -15.98302681  48.11626328  275.2198449  182.5100768  -68.21932596  445.1104236  284.1120708  224.3344225  90.57496292  
50.77815926  599.7305886  -75.2141388  90.36071053  170.4833963  388.4434572  43.22483325  505.2062776  278.7023029  280.8096118  672.95193  294.0421533  61.88407701  358.2974785  -143.0985026  -96.84626109  500.06554  120.2379636  244.6455618  -236.6087793  400.8793814  -8.200909521  66.89548505  274.9076716  160.2727984  -58.67483125  442.2222715  285.0452594  238.8067997  86.41812542  
55.07238731  594.6307227  -74.60620468  98.953835  184.4918358  384.4224054  49.71784064  501.8519729  274.2753423  267.2113004  666.0562461  285.5501113  62.77438872  364.5337965  -146.3223  -94.35264519  508.3980766  118.1268671  249.5152714  -221.658242  408.6605036  -5.5149342  72.95506192  266.255094  159.6435424  -55.51962891  437.1396641  274.1308905  231.027246  91.69492852  
49.46534606  591.6851279  -67.21077527  85.85129668  179.9101262  386.2908295  59.63702211  517.9748936  282.2439307  277.0298791  672.6428287  295.2952863  61.01370979  359.7034294  -134.7847926  -96.6215607  491.6107905  111.7832113  242.0254167  -230.2164163  403.4178279  -18.17864232  60.07567828  263.3654551  182.0729928  -55.91218421  437.5278563  275.6661958  233.6028533  95.18861181  
53.69489767  591.4860584  -69.1608392  83.75726237  167.2989559  393.7484691  55.44011943  523.3149946  276.9042008  274.0587154  670.226233  284.9136212  48.53997053  362.3716477  -140.0069905  -99.60721946  492.1621833  110.7908516  233.8913085  -223.0154922  406.301679  -7.991072792  58.80180641  260.3120671  189.3649018  -56.16098452  442.8319911  275.113086  225.5972369  90.90475507  
57.67677869  587.7794051  -64.74579665  96.34981716  170.3928639  389.4589972  54.86325871  526.4746373  275.7831948  269.1709559  664.7737759  295.8432478  60.62245332  360.0954238  -137.4260693  -93.9515655  494.5494342  111.2562208  237.8469759  -220.6946805  402.0286639  -16.1940258  59.82693935  263.8339862  178.0990549  -58.87429222  435.5623641  284.7880497  226.03694  92.89000302  
59.81068833  591.9540656  -61.12645457  93.98663717  169.2721673  387.9879559  60.66099694  524.4807168  269.6746143  267.7191624  664.7777446  287.9644949  64.19991489  364.5974226  -139.0204082  -97.59349059  487.9023587  112.4328344  238.3353197  -217.8714652  405.793649  -15.82911346  56.83870669  260.545924  176.7622667  -56.18844328  442.1299455  279.6559916  228.8141247  92.05154799  
53.04548555  592.547947  -75.85437994  91.83474826  167.0546689  383.1444108  39.67662617  519.9570393  266.1397621  262.4699223  658.9968608  277.0141432  76.37305815  376.5346245  -140.5861916  -95.5045234  501.8146553  107.7778398  240.7073983  -213.3097675  403.1779831  -20.29794413  50.3195291  259.8231628  165.6479377  -65.44888165  448.2711827  289.9170449  227.2560567  95.21647209  
49.73845578  583.1331798  -86.59192106  97.90016417  173.3250271  395.7211917  40.37881431  512.4794969  265.6263986  266.1182373  672.0394212  280.2085418  60.13472864  367.8565401  -132.644631  -87.83071564  510.9136056  112.8503223  235.0012847  -221.6679981  403.1744864  -6.596515698  57.91395665  277.0321716  168.1778628  -62.67157337  441.1148017  281.3821741  228.0009282  89.40530393  
60.33077932  590.2529665  -68.37597132  91.07726286  173.9240043  403.8569524  61.60476294  520.613095  283.1114838  273.3147863  683.6912942  278.6103057  48.10369954  347.3233649  -136.4076538  -95.7622525  486.7122478  105.4923775  234.7170996  -226.4413666  406.9863759  -9.882295674  60.41730634  266.1724665  175.3893479  -63.45272737  437.3327408  283.4062849  232.9748969  94.7236032  
58.0205847  596.9422196  -71.79043206  87.17498852  182.9428434  388.2276178  52.90473052  507.503596  279.5397636  277.8064333  672.2081259  293.1318418  65.33603716  362.9028232  -148.6284492  -89.51941479  507.9352314  115.4755412  246.4301106  -238.3857737  403.0875749  -3.88621275  62.47017707  271.9230111  158.3688352  -58.81640267  443.7529742  280.2274562  240.8036989  89.19433721  
51.02205421  591.5372493  -77.16533108  84.73932651  183.008235  397.0161582  53.31382033  520.8845209  290.6339184  288.9764139  676.4763576  297.7610791  44.72606596  355.4390294  -133.8484351  -93.8575055  490.9923267  113.8750741  235.9072095  -240.8602447  406.6396845  -8.101454573  66.42653343  274.0376788  186.2962115  -69.94780711  431.4657036  276.2577017  226.8881874  92.84327014  
48.80414347  582.5505484  -76.66309946  88.06378305  178.616821  400.7111762  50.07215737  533.9833668  291.8719722  285.1947242  686.7033305  303.1864978  55.26074048  361.6072261  -133.533657  -91.2660736  504.6466924  115.2099805  237.4211632  -241.5410245  406.0900879  -16.88752658  62.75994245  282.674704  179.0183041  -54.82056673  454.2126475  281.8850381  236.8547187  93.68829924  
54.14588701  595.5164521  -72.30193093  91.13559178  175.6099562  393.323567  56.78843729  513.6276009  286.2491823  281.1087559  674.6057154  292.4975062  39.03415681  344.6012735  -135.9749102  -90.92288929  489.7260732  116.0143257  244.2679022  -237.5084715  399.1212842  -9.914647389  71.99545451  274.3513663  176.6174441  -66.55220615  431.98671  269.2980526  229.7552625  88.23213699  
54.38139125  598.7871742  -66.66228909  86.83256019  179.6985088  381.943752  62.02879428  504.2663199  266.6134891  279.413619  664.284713  289.6779812  46.84828495  356.1183308  -138.7732357  -91.35862261  491.868574  128.6074177  255.1433985  -230.0794921  405.7537061  -14.98612854  71.16472221  263.4962547  168.4684914  -62.73548095  434.6114361  274.0811092  223.9995048  83.50647965  
51.51582099  600.1058771  -77.44330398  87.38360374  176.5612985  382.6977213  54.60618972  509.7428917  268.6695547  284.8830975  670.3881599  294.7466142  32.62938054  352.4823011  -134.8875269  -98.97761587  483.5766085  128.6832987  244.940828  -239.1874174  410.0542715  -5.509831133  65.4960122  272.3703004  185.8123609  -71.58931018  430.5169869  273.3784292  215.0898037  82.29319405  
52.26520323  573.8752633  -75.71938188  89.37495502  171.6006329  388.1988708  55.11309343  511.0951303  254.9661322  265.5848098  665.4211954  285.0518632  56.5461594  370.2984681  -134.9891813  -73.22972545  505.6803002  121.1533952  231.769633  -219.707615  392.6012576  -2.425046868  48.39584926  282.6172799  174.1304458  -65.19292863  449.2448887  287.6988335  232.1147882  81.06585593  
50.45492718  578.5600626  -92.17992819  77.86059421  180.7732608  378.3827218  53.43875482  514.8543942  263.3226709  272.6320461  661.8053351  297.45469  36.82470279  365.8918574  -132.5895304  -87.93138523  479.9826898  120.6143656  234.7567703  -235.1508845  408.8416478  2.152946735  51.87675321  271.9598691  189.9408532  -71.95328246  430.9351668  268.7662953  208.2149461  78.63438729  
53.40451233  579.1126838  -78.80330582  86.10885236  182.4476242  396.8619411  60.90944893  516.2837944  262.101366  268.752605  666.7195884  284.0341095  38.17869987  361.8842654  -131.3087191  -83.92780391  496.1662911  117.4618723  234.9764794  -227.1138302  400.1476985  -7.420715015  58.64970114  273.0069946  189.4219664  -69.68002947  440.0141055  271.9227212  221.6300557  88.95028455  
54.85614734  577.1402171  -89.38681342  87.95359175  184.2296212  386.5729718  60.31688296  516.8966611  262.6564532  271.3193879  666.8551295  296.2103678  32.05873259  352.6293918  -122.912598  -93.37823654  469.903169  113.0779793  237.717297  -237.4337538  407.8469423  -17.67485435  61.34311082  265.9243056  187.7322519  -69.06527174  428.2054308  273.1008116  204.833266  83.53449711  
61.8114601  581.1655284  -79.89317902  97.59865688  179.810884  411.1734058  60.0719685  524.018005  266.099218  263.5629943  678.181741  265.5523487  62.87879487  364.0159691  -126.9812683  -93.38399033  492.3172448  97.68102626  239.6944389  -213.1600375  405.7083298  -20.93138775  48.87104232  257.7030333  170.5651136  -60.67374543  449.5414022  288.2046821  215.3187244  96.59655321  
61.24958067  575.4009165  -74.43584116  99.58281555  179.3433198  391.2073708  51.47874716  495.0118566  281.6898109  273.2196119  667.3932529  286.9762241  77.55693225  363.7723302  -152.2290642  -91.99065512  512.6503283  110.6321461  251.3076483  -231.6262129  387.838295  20.17752627  66.14100482  279.054544  143.457003  -60.53255974  438.7764587  295.1558689  250.3108598  85.30780735  
62.35383936  595.430253  -81.37015799  93.52320553  180.536974  410.7090819  69.53933451  499.5073084  266.6006338  275.4613094  679.0423624  272.7092477  36.59797403  344.0605927  -130.0036296  -98.39434058  484.6436738  114.1257699  256.4746304  -218.2869369  414.887007  -10.34118223  70.56992509  264.8734381  177.687559  -61.63305462  431.9181816  275.7703611  202.3476709  91.34746404  
50.11120748  590.4729525  -79.55373013  90.31384261  181.1230329  390.0584794  56.53301642  515.4918746  269.7180332  267.0186465  662.3944738  278.6164252  59.98665291  359.4895202  -134.472315  -91.26421731  490.7905776  123.6454736  245.6570588  -219.0247283  403.4321787  -8.763701583  52.49689218  268.9496024  170.2477778  -63.38617622  442.6692901  276.6320818  217.7007368  88.58932496  
54.76804415  592.2016034  -90.75725809  92.67721649  174.5733905  393.76126  51.04422374  503.0374961  259.7430752  262.484743  663.8028508  274.5885112  50.85180022  357.0883997  -129.3451833  -95.67226905  491.4662455  117.9279789  249.5029738  -220.3647896  408.8560082  -21.08286792  63.09900849  263.9856774  165.1577757  -68.02197983  438.7646164  278.9303952  207.0175025  88.92374353  
48.43811485  584.0056677  -77.2325597  93.90394491  180.4987713  392.4408933  60.43757518  508.454355  270.4901503  275.2452533  668.6678362  285.6875692  61.88440723  356.0498004  -128.6182631  -85.1331902  492.9696858  115.6270273  244.8797045  -223.5787368  402.0065256  -8.689268089  55.99541579  274.2352899  171.3532196  -61.92196547  440.8991239  279.7008781  228.9698589  87.78751412  
55.18561391  581.0086232  -88.85134852  85.22552972  177.5728852  390.2839267  49.61596888  516.9630108  257.9271358  263.9463859  665.0890512  279.7868423  38.35171315  357.7876347  -126.8733912  -88.45308432  485.4680077  115.1269741  237.4247564  -225.2261447  409.8637321  -16.15570875  54.70741907  267.4322413  180.7569501  -71.3864738  434.304179  276.6592087  202.8202622  84.20154602  
51.80525376  585.8126602  -73.73752797  89.83120432  183.7674429  391.596402  56.2311298  519.7940746  267.9645407  268.1764416  664.4223175  285.0045123  58.68309144  363.5968674  -131.8598376  -82.43906711  495.0021628  117.6665635  239.4697826  -224.6061698  404.6627206  -11.95241565  56.61917597  270.7943982  181.1794587  -73.58021176  442.2598057  273.6185172  230.5720013  93.26175254  
53.20903273  574.5326337  -82.38208641  77.83467472  180.1730629  379.5282551  50.59900143  522.4486282  263.5337171  261.3418648  659.4166092  291.1136629  39.12499627  367.3414874  -129.2770353  -88.06837381  480.0994631  112.2041339  221.213323  -229.360536  404.6623228  -17.28677681  56.63623915  260.3585919  201.4347521  -69.13524104  433.3418801  267.6820357  207.0623861  84.59860603  
51.26625442  599.4351478  -72.39896051  83.83032729  176.1298825  408.9021442  54.45928665  515.552409  280.8982618  278.5201879  675.2121562  274.1694475  68.50914839  358.3668721  -133.3663876  -95.65080284  499.3969372  111.877179  249.416081  -220.8275269  408.1070897  -20.45962457  49.36182469  266.2704356  165.2490431  -72.47215925  450.6079664  279.1325986  234.2605297  95.98173844  
51.95275125  587.9764828  -80.50202479  87.15622854  179.2286789  389.6112595  38.86624522  511.7995148  273.4207326  271.7973199  664.3378971  292.6471648  70.86097288  359.2129055  -130.825408  -96.1933762  485.3715789  114.5572164  233.5869044  -235.4531719  416.3681624  -21.09309069  60.06020568  268.1397007  165.3703275  -51.46684637  447.1029315  276.6975565  227.5498269  92.39307691  
55.96104027  589.656323  -75.08523776  91.90597094  181.6460867  403.4865895  49.41398889  520.7979641  268.1043567  267.5724682  671.4501711  275.0785845  65.98937893  365.0874522  -131.8077538  -98.36336253  496.8356132  102.748999  240.928099  -218.3929059  406.4408488  -25.39721291  51.98764041  258.8034262  172.7500725  -61.15041783  445.1128008  280.4496505  224.6399982  98.72905956  
51.93597602  592.814905  -77.94927113  89.21485603  181.7323732  391.9944832  47.5967068  504.0287933  284.8611322  279.759796  676.8379345  298.5623583  62.4543036  353.6691311  -142.2107837  -92.27795654  500.4156464  113.1396939  236.5811087  -242.9973209  403.3105237  -9.103314803  60.01176491  277.0244101  158.9847555  -60.86175615  436.7419897  279.7821615  236.1669762  84.03362848  
54.88908938  597.5300033  -76.75370836  83.81168282  178.6837982  401.080794  58.46274049  500.763416  268.6859758  281.6473523  679.4341311  272.9836353  49.73228126  350.6643691  -135.5061377  -101.8387738  488.1640558  115.1829986  237.7561962  -225.6213426  414.6080544  -13.45561074  67.17678978  264.5211751  173.1944522  -54.49021057  441.9537447  273.6351223  221.3753034  91.9950496  
58.80877433  585.0287099  -63.98189884  95.89933304  179.9932648  391.936329  52.5088101  505.8215409  287.2679982  268.672331  670.6452459  290.137859  80.54635157  365.9397724  -150.9565444  -88.15149253  517.791123  99.14530234  237.2790563  -232.7386354  398.4378743  -2.931808322  63.0512563  264.2875738  147.8347815  -53.26533738  450.8480417  288.3321985  250.1022808  90.33797549  
62.63823257  589.0873412  -72.74457004  90.04102983  174.3965457  388.9687825  55.83859685  504.3937404  283.0706806  270.2233781  677.1738421  286.8427237  57.04987847  359.4902832  -143.8438104  -96.11674993  493.0694842  105.7321704  233.9978448  -232.2728329  405.4143106  -6.456363977  64.07727093  257.7735086  170.9524844  -59.0991129  432.7903015  285.4957105  231.6591116  84.8155434  
56.18810671  584.1631106  -72.42436958  89.86854933  174.8278416  404.716934  56.58104044  513.1798113  286.6013784  274.7649609  678.2814874  276.2354355  67.37384383  353.9254735  -138.373663  -98.20281057  489.5684051  103.0175612  236.0690442  -221.8239288  407.0589061  -6.810830485  56.91594815  268.6574806  168.323835  -60.9026822  438.3152717  281.879058  233.6783297  95.98466194  
49.53093162  581.682012  -75.5898242  84.06172255  181.1339672  391.4336034  50.34241821  519.0661561  285.7367103  276.6959612  675.0180698  300.7009525  57.23083902  357.6335903  -131.7258862  -91.16099582  494.656347  111.0404783  233.0028018  -237.0689363  403.947647  -18.63463149  56.10680157  277.1641834  176.7529543  -65.41191351  444.5193346  277.8286942  229.0736695  87.4327921  
54.17539135  587.8555559  -80.7857668  85.25774586  178.6137415  397.2737706  48.71005133  529.6715398  276.4392449  270.816251  669.2953037  291.1907287  64.24592357  362.5734446  -125.4728051  -95.76261997  491.9165728  108.4669773  238.4094012  -224.3107134  420.5414324  -25.86782165  57.52567955  265.642874  183.7084186  -55.55067166  452.7113068  270.5326258  218.8064424  98.63449655  
51.09440604  601.282426  -79.69577148  98.12006402  163.9966276  404.1022456  54.22235906  507.9757133  280.3798574  267.3100826  677.680245  263.5458491  74.18715189  360.1180318  -149.6697644  -97.80650065  505.4624332  111.7274244  242.5892674  -204.7057559  417.2717497  3.950704297  51.63673938  268.7721745  152.2916284  -54.46901435  452.9105035  294.5009299  227.6241551  91.40021094  
53.16741249  578.5260679  -66.27249053  85.99171709  185.9156492  374.3109296  59.62755996  497.7030096  277.1247027  283.6836311  680.457769  296.0516458  56.0922001  360.8264653  -142.3410607  -93.00729651  498.7170358  126.0008158  244.7854993  -246.6040019  389.7324446  -3.774430235  57.54198005  281.8375037  165.5550844  -50.98921008  431.9470454  285.5402342  245.5286496  80.88566202  
51.45705028  579.3737866  -72.55458592  77.2510419  190.9828086  379.5569711  64.92889177  515.5205818  283.3560568  285.0861296  682.1832872  307.3813385  39.36840651  361.2119308  -136.8635956  -96.44222535  493.9958886  114.7716488  238.36953  -246.3135857  401.7481586  -6.330323726  63.27288302  275.5387073  193.2235565  -69.16768717  431.0003069  268.5996347  232.3642418  85.13547215  
49.53403538  582.5734601  -83.41013206  93.20245282  176.1776427  392.2858284  44.29423967  513.6893122  268.2509801  270.7273513  666.3429323  286.6449412  50.48580399  356.4168627  -130.9670617  -94.13019879  490.5209555  114.2554817  238.2264038  -224.7889138  404.2149844  -11.14792899  59.3420366  274.9298695  174.953809  -69.92637563  436.6404105  282.5445  213.0419974  89.22826042  
52.661175  578.7546287  -88.02033298  87.53958164  179.3093545  401.8464902  50.09002208  528.6298242  257.569023  263.972102  666.2734276  273.1324119  40.32230097  361.1185526  -120.8433001  -94.11863307  480.5137008  113.0618065  234.0057607  -215.041183  413.0942079  -26.97721453  52.18470147  264.0607732  192.0493885  -69.34628819  448.5978067  281.5029882  205.8729202  97.32223249  
49.97221542  579.3645907  -83.47447528  93.44341984  172.6496894  392.2695397  43.40650223  523.3935005  262.0942207  257.0358016  660.6676448  281.7155214  61.42313379  366.3152789  -128.4942897  -80.24398484  493.1520863  114.2869834  230.9075831  -219.1045513  407.0637327  -21.661089  52.9935086  270.6991172  170.1669516  -68.75893143  449.3593545  282.9384046  224.598741  93.16059739  
55.62230046  588.0083966  -83.90749103  105.0037906  169.3455863  400.5643719  42.65030571  506.5302026  259.3664338  262.7389727  657.0775416  268.3604852  63.59682753  363.4910434  -136.4801689  -85.94796369  502.9964913  113.634324  250.4348224  -213.1583982  410.1881964  -4.227434553  68.11398765  265.5165511  151.8342208  -61.25633524  439.8770715  277.5207354  216.6600218  91.82259119  
52.26989905  596.5067277  -72.9541791  100.4117155  169.9127607  402.4578018  52.11708483  523.9057252  274.2662381  269.524622  669.5770774  277.5884911  64.72276388  362.853902  -143.0700959  -89.58443894  509.9195116  110.8817929  242.7120931  -213.0839805  396.1354207  -8.675609269  58.87752478  267.6801764  164.8230907  -57.51017913  451.1069196  290.3553348  234.4715906  95.3863441  
56.61896577  603.0654277  -74.89414607  89.32639643  179.3252908  375.0845326  56.98147935  500.5213804  271.2179199  275.6826293  665.9549655  292.7693602  50.95523028  358.3688446  -143.930519  -95.10677984  496.1573939  123.9205982  245.4933541  -235.6889552  404.9781423  -5.022982514  72.40649985  265.6456888  170.8392152  -63.82058522  427.0613513  273.1620202  224.9667646  81.28850504  
55.04828381  592.7136216  -72.30690414  93.17990501  176.6442853  389.7441977  53.98178077  520.7532502  274.8678397  277.0859052  667.1510064  295.2068373  57.96474836  364.6232983  -137.3070417  -86.45645217  499.4721174  114.2873642  243.905852  -228.2820263  410.0821951  -12.8008054  62.22457516  267.4841627  169.7793406  -66.27913126  442.0188457  276.0711674  228.1663324  90.46105641  
