168.279902  487.9619453  261.7771525  -1.600743239  79.57943568  199.486446  153.8538157  728.1092605  26.5608897  27.31856115  690.5255331  79.33584308  -96.34236963  399.6576395  10.90587507  101.0344862  401.5018071  62.08022215  239.4528589  -154.6110759  427.707238  -104.3131943  -12.23658276  221.753189  273.2371418  59.03298726  321.8669332  209.6174618  134.8226996  174.4452297  
166.3716399  478.9574538  266.6295072  1.418778431  78.46373862  213.6660252  154.0972398  723.8720697  41.06346117  21.10146363  693.161881  88.87110328  -89.03429228  405.3135914  10.99220891  98.02258789  397.8866331  57.04181028  235.9313772  -166.2404904  430.6774193  -107.6045504  -18.6580083  238.8005209  267.7205673  49.61406413  331.2399641  212.4068259  139.5697438  173.2619696  
164.7728446  471.8967849  261.9214001  2.886088447  91.48288696  218.2403941  147.6194564  718.9520413  34.58609546  17.16650767  687.0818016  84.58978446  -86.75875097  401.7122027  7.869396995  99.99322585  395.5615271  67.0006878  238.8123647  -159.9524687  424.8040235  -101.3662176  -20.64717258  243.9457677  264.6635007  44.43021791  339.2273667  207.5251965  143.0716214  171.8117596  
167.8286462  466.5287022  265.9402326  9.297801933  101.4324254  213.3187447  145.7704063  704.5388822  29.44714003  14.37378582  689.8662723  78.10055802  -110.364349  401.3915923  15.68427222  108.5058557  384.9468799  59.83594501  221.1762082  -155.0942184  427.1837754  -98.13339611  -20.71688457  244.5091875  268.9809372  33.27558656  342.7682441  205.3515593  130.0166166  181.325577  
166.3796174  464.6964616  261.7665388  5.609470789  94.29907415  210.5529802  151.5321154  716.8835436  32.61867951  8.364091936  683.9490353  83.00288897  -106.7413375  410.8040195  11.83398819  107.6962647  391.9648028  64.53790637  229.2718272  -156.0763909  421.4565138  -104.4126654  -19.8476152  238.9783111  270.3738816  37.96921434  343.3447262  207.7005511  139.3438732  172.6821753  
166.7425713  466.2582804  261.791297  8.959612144  80.47977786  212.2320189  157.1839514  715.7996509  31.30613895  13.79846431  684.670686  76.1527787  -98.98772613  403.0229327  7.645992645  107.0164027  396.9652197  58.88015369  228.2017563  -159.1005026  432.2932288  -92.81584593  -20.51398144  235.1296035  270.1207777  42.5469247  338.5709177  205.8129346  137.7549844  166.7534391  
168.8881243  473.5250216  266.7340697  2.235394414  94.04729263  207.9349615  150.7549391  712.6566515  30.01031062  11.03241712  682.8982692  73.92558386  -108.5041785  406.8905892  15.07469214  115.257159  385.3988822  60.79291318  224.5916408  -148.5915895  433.6220864  -107.3898316  -22.62804487  235.8728672  272.2781274  38.02441448  332.0723866  208.4025633  141.5764346  174.7834581  
172.4390017  477.4747017  268.3268964  3.822672037  81.99704936  209.5483972  152.8585794  714.9811731  35.69725126  15.96387223  682.3166206  72.57529938  -96.58843961  405.373764  15.83927015  109.9325075  387.6757799  62.54372562  224.7680249  -149.3338894  428.5417323  -109.6973433  -21.25704606  239.2874403  267.9803975  32.92333641  329.1152503  213.4963414  145.4841459  174.6072898  
168.0657491  478.3855187  261.4735122  5.542547038  79.72763936  207.64369  158.52792  717.1708051  32.37123403  13.5568314  686.5073277  82.76546998  -97.45517845  403.0048661  19.44412296  106.6002999  393.2140644  60.09229691  232.9938188  -159.2258986  430.692326  -108.4935622  -25.62477311  235.4718683  273.9137334  44.91609005  330.8511174  207.3331683  140.6778263  172.9858903  
170.789785  471.8545649  268.6425521  6.023049754  74.46206421  210.5280512  150.7263731  719.1729688  38.02273554  11.19604002  686.8136648  88.61210227  -84.70249135  417.3152141  13.64822011  104.1491994  393.8849152  60.66846086  230.5839113  -168.6205365  428.7103714  -109.2539302  -21.72574531  235.7216444  269.1540947  34.77997445  331.8455502  216.6503347  145.8895615  174.2724808  
170.7370964  476.3476289  267.0612884  4.690769518  82.24657939  207.9281315  148.2781259  721.4862913  38.17511593  18.15065937  687.9794334  93.91157969  -84.36927345  415.4404783  10.21325736  100.5907838  395.6775716  69.23906977  233.5457293  -165.498303  419.2773825  -110.8379204  -18.09381573  239.2708376  266.1881165  37.93971449  339.2305136  215.0090985  154.0407033  173.1860545  
169.8559716  483.3369342  262.8911031  10.28544462  79.84009533  201.2993187  159.2951325  727.5440899  35.58320468  19.7590563  688.0403672  85.70872701  -101.1836921  405.5574934  9.60719832  98.33427435  393.5023904  58.94638186  226.8704463  -153.2410896  423.4625703  -107.1631886  -25.26123924  233.8470329  272.6677659  44.58958072  328.6875904  204.2384937  145.4510795  170.4037445  
168.8048887  483.3305147  263.4720877  10.20655922  73.95642098  208.2804557  154.3859917  715.6626267  37.70689686  16.73895821  688.1524431  82.78555551  -95.80280006  410.9413425  10.71556084  101.3012676  392.2965951  63.81512253  221.6809347  -157.685047  428.877523  -108.3082205  -17.48128393  241.0897379  273.996774  35.08017091  330.6968549  208.0563083  143.6828634  175.0031202  
167.7896829  485.8694855  259.6880176  4.274792979  79.67744249  206.9145216  154.6739771  719.7482638  35.63818625  19.31765008  686.0012303  85.18888972  -87.83130616  407.4830859  6.586651152  99.73944889  395.8406862  61.91391936  232.686344  -163.4154244  428.6109122  -107.6549592  -16.9687295  238.2902448  269.8368949  49.62273623  326.0008616  211.8927768  151.3069297  171.1878167  
169.6447197  475.476425  276.7795023  4.794025765  78.90368257  207.219995  144.5592604  704.7534059  41.51770425  20.35698441  687.6547745  90.87841409  -101.2951554  415.1873148  20.82418414  104.3689946  394.8905445  56.20744355  238.4266558  -168.1234302  433.4543618  -109.4019846  -20.02285289  238.8405969  273.8588129  40.82983919  325.0226684  221.1888592  148.5161991  185.5872499  
168.8355702  473.7018506  270.9927875  6.432899751  80.44009595  202.7687189  153.4723157  717.0625143  40.31262534  15.04215484  688.019956  88.70804904  -97.67667038  417.3288218  10.39892185  105.4568833  404.8504506  54.93617873  237.30888  -161.0648576  425.2385035  -107.4937842  -16.63666596  241.3298872  268.7969115  43.06345311  330.9432441  213.0460281  152.579054  176.7969627  
170.6757977  476.0577975  268.51584  5.123596639  84.4656129  206.3273071  156.3061846  716.6378712  35.2954844  23.97520528  686.9676108  85.61892936  -103.6846321  403.7536178  16.08583219  102.6670984  393.8160295  54.64721823  234.5727281  -156.8048693  428.5695674  -111.1668684  -20.20962508  233.9394101  279.3999173  46.81852836  323.2576382  209.3603727  143.0073392  174.4271777  
168.3379044  477.5209829  269.0185753  3.44357727  87.41836795  205.2112223  145.9263568  712.7125337  36.33044121  18.33196344  689.5354793  96.35371778  -113.2201973  417.1199954  15.13698113  105.2868845  397.4969734  63.54357433  231.5185627  -164.5959188  428.8510292  -108.313939  -21.94916835  240.4695592  272.4929499  46.68415448  339.2707186  213.1471987  145.4616851  179.3055953  
171.3991391  479.9551921  267.9086761  3.016660614  72.8356182  210.9263834  154.5661137  711.1921287  39.77339874  18.34671713  686.7140521  79.06024569  -91.97730507  409.7935448  18.69134477  102.0330788  388.2110906  48.00034257  233.60593  -161.9211371  432.4378273  -107.7536966  -22.38742124  244.2601432  267.1986731  42.57054299  318.6603977  217.0023044  147.4254968  180.4046636  
169.9224268  477.1545266  271.712166  3.016485345  85.8964249  211.3629247  154.0149266  710.4372959  36.05701212  21.69814293  686.9186577  72.6789916  -94.0693263  405.9250242  10.300196  113.251329  392.2142746  59.87319829  226.7329648  -148.0877102  437.6791713  -108.0047672  -20.32660479  241.2656221  264.0525235  41.93451656  329.6955697  212.5253909  145.9502158  174.6811184  
169.2331659  468.336732  266.1406275  2.171316424  98.42730379  216.72502  151.1369306  709.4378316  32.88623424  17.83974427  687.378461  90.4812638  -104.9959113  402.8451852  10.10938862  120.709478  388.1093982  55.70115053  232.2008068  -153.7815331  435.7519972  -98.96421326  -18.16883838  244.6589964  269.2453411  38.00311684  339.2563819  211.0348246  145.5756536  175.4558017  
167.9818021  468.9819178  260.1012262  1.417443389  124.2130467  215.9095042  150.0483842  716.258828  17.65153773  20.71495526  691.9622382  86.63719064  -112.1160735  391.4236958  3.592122122  113.8700031  378.9118088  78.44540473  212.2673492  -151.884512  426.4430277  -90.83079334  -21.8542641  237.058751  267.5619313  41.95483126  354.5258219  205.1853747  143.9767981  172.4767686  
164.0573554  471.5474785  264.0492448  6.780334135  107.6083305  214.9883163  146.8426441  714.8573894  23.36673668  16.36588227  690.2904112  75.69372819  -104.0180194  395.9845987  5.841420944  108.015244  388.4482623  68.24871793  216.055874  -154.9594615  429.8012544  -92.40521862  -22.41126586  244.9646572  263.8132222  38.54864251  350.2572839  198.1956642  137.4686618  168.4853422  
167.5439784  476.3761903  262.2351661  9.453203784  87.5457469  216.5896929  148.1246292  713.7092847  24.29162339  18.92559671  688.2780941  67.02794282  -103.2311674  397.4770343  9.421174901  108.1171847  391.8581287  65.70524826  212.1989749  -153.8152328  438.3912374  -94.84597843  -16.74038753  237.2468238  270.3729781  33.18601296  333.4869948  200.6340433  128.4070083  171.7091522  
170.704795  489.5482417  250.9277302  1.898645118  94.16731269  209.6788444  166.0794303  729.4300169  17.0330933  18.41008267  680.7907675  60.69072757  -120.693109  391.0046757  8.766520577  106.0159487  381.2047169  72.82736796  209.759109  -135.9522095  428.6869395  -100.1727378  -12.20821123  228.3987313  282.8887468  46.60613651  332.9141276  182.2224371  121.2376863  162.2923908  
169.6802612  475.0274697  263.5648431  -9.370678234  105.4392512  220.7805917  148.270151  726.1094063  23.59090357  13.95443372  675.4504184  71.83323675  -94.10036569  406.1808797  8.818500083  99.89080651  388.8633023  78.46097614  227.1038039  -156.0538216  422.4300815  -103.2972748  -18.20931072  232.7828401  274.3792631  46.57214097  343.6173128  207.367227  141.9969432  169.3643257  
168.7740342  462.1272646  276.8867533  8.674893535  82.26532106  210.119503  140.2283397  708.6101852  36.71789154  15.14483787  684.0641686  84.28730853  -98.5762086  416.7203138  15.82826034  102.08198  398.6233065  59.43328684  230.8978376  -164.0685368  429.7847933  -105.0989547  -20.2639283  238.2848014  269.7538027  35.02980597  335.5721163  216.8534435  133.1815594  178.7736938  
166.135627  468.7892806  269.3763325  7.863531505  78.07843516  210.8295727  144.7951772  709.9655121  37.51290029  10.73895473  688.918632  82.66291415  -91.66857631  417.1404701  12.00348247  99.18651158  394.4363682  68.76630228  224.4510234  -167.4446562  430.2658332  -108.0216786  -18.65031515  244.2166732  263.2389683  46.23406338  336.2115526  216.8932818  141.0726309  176.6178437  
168.2401456  471.0370599  259.5142835  5.031248669  84.33815231  210.9533886  138.1954832  719.030074  31.53708256  10.1412892  691.8310539  86.62163464  -77.85515685  415.8515684  2.771108603  98.87602476  395.2366816  73.03290808  218.6094775  -168.6565496  426.0936838  -105.7095778  -22.18441622  248.3485821  252.6015086  36.26203249  338.8233677  224.5899313  155.6458305  173.534961  
165.9410819  477.7181051  261.6520561  11.51617555  88.39072211  206.7470277  143.8172333  721.5709318  32.79977169  17.98637025  692.2371787  83.68417086  -83.70746744  404.2308189  -3.419733079  96.85368695  391.8425259  69.70700335  218.2777923  -161.7589453  430.5933857  -102.0627861  -29.98222001  240.1062861  258.2094256  42.61174656  329.3475559  217.4824765  152.9939607  169.0216269  
175.3548515  472.1968712  273.7942693  4.759837131  75.22304044  206.1779604  149.5278819  709.6160301  41.0859905  12.57433949  691.0717712  84.71309244  -86.56037974  418.2750688  11.17613757  120.954137  393.3095251  63.70751451  228.9001525  -161.9652938  436.5700839  -101.4570958  -23.11932701  248.6798256  267.7987773  40.32954729  334.93931  228.2882096  147.9362986  181.5790959  
173.0110299  471.40946  266.9975409  -3.37684433  88.75057226  207.7949234  163.011353  719.8094983  43.53398626  13.94197278  688.0158187  80.70502476  -85.51252814  412.8061668  15.0355562  119.0624689  391.9495394  59.58583038  236.5640241  -151.9117751  417.2572235  -111.3149692  -21.73508309  243.308229  263.7195103  44.73966402  324.8790146  212.9171766  152.9219458  176.1678307  
162.3564406  447.5748041  268.0092467  2.487925876  81.01178829  205.4990899  145.0168343  713.8414853  48.63627106  5.576237451  695.7557309  107.9188765  -94.02574753  424.9616116  18.34740449  109.128246  397.4107323  54.62229953  233.7888692  -182.9160138  427.2260531  -109.2263164  -24.61763957  248.7494578  269.8169837  40.07899819  338.3393704  225.7705856  149.8022301  177.7757629  
162.4924267  464.4126987  265.5278511  9.208653598  74.38558471  207.5026669  151.3580614  725.7910285  47.22514032  18.10078678  694.139965  106.7512346  -90.22157994  413.1132917  5.486262523  100.8401834  408.1600528  56.20562335  233.0227679  -174.8082412  426.9046489  -103.1609499  -15.51431382  241.7278743  277.8221994  38.86315703  336.6855769  218.0863738  139.1589996  173.7707341  
161.9130898  474.5963849  261.5145498  8.721879908  76.33808151  207.6170947  156.1890427  726.8525943  47.01308438  16.00290152  689.3719243  91.73955151  -86.21215287  400.6547546  7.395497026  95.69764074  399.5782584  53.30112106  239.481289  -165.3359015  426.7642865  -105.3049276  -19.97742379  235.8665749  271.9402357  45.61872923  326.4578359  204.8744587  142.9873874  168.6168919  
165.9342159  485.3691719  260.1735626  -1.134061329  72.71185236  200.5754769  164.150423  732.7324938  42.08565093  11.85343604  685.1742965  80.7353631  -89.24799034  406.6751874  16.22956034  94.43232237  393.9022001  60.39458703  227.6735401  -158.8608768  418.8212881  -118.4740413  -19.78232593  236.2520411  277.5235878  49.30197503  317.2496425  201.0357671  137.7495418  167.4753327  
164.1596168  471.4914706  265.5213423  6.171613659  80.51745679  209.4996635  151.4969152  714.551775  42.84376719  13.08844023  684.8529814  85.67277734  -92.40230223  412.1146838  16.22814314  100.8306479  404.4691989  56.00662449  244.528471  -161.6157884  425.8077412  -115.5545877  -19.62377093  243.5518612  276.440529  45.74425357  332.8744512  211.5100694  145.2460357  174.1344653  
171.8145762  481.5597605  272.8917555  -6.165366705  70.32143763  203.729644  160.9398294  720.166846  39.87236743  15.86525894  681.8941746  77.42484523  -98.71497552  409.1809601  22.63874012  104.8268261  388.3865428  47.73953263  230.4054878  -157.0032931  431.2074992  -111.9232529  -20.48600749  237.5109144  279.6830652  42.92716338  315.1170126  206.2254954  133.9425566  176.606116  
168.3821864  476.4464139  278.5500086  -2.818086106  80.10139427  210.3162861  154.641755  714.2858764  53.09459292  17.85353986  689.1492127  82.02189041  -87.17620484  412.5977713  15.79742784  119.1544048  391.9943667  57.11738454  234.3587274  -159.0463396  432.2144274  -104.8812933  -26.79218392  244.4372272  264.7397569  44.95497601  329.2110008  214.0519545  158.8134609  177.62899  
173.8367294  482.3690283  270.4505051  0.5597117888  67.02955762  207.284853  172.5915893  717.4561458  48.59978984  16.69538602  685.0558207  79.28815091  -97.04822852  405.9650487  21.92174205  115.0773735  386.2059113  45.98030177  232.3898306  -157.598384  431.4319855  -107.8369426  -23.59936302  241.3974947  274.0264403  44.84350155  312.7789956  209.122582  153.9249186  179.5038944  
164.5362841  488.934608  260.2844065  5.039815426  95.80287194  216.6309763  167.626222  724.2322588  41.4087806  20.02374573  683.2357241  78.13013752  -93.0606643  389.0421845  3.120147372  114.7024909  389.8453562  72.19241749  231.1301341  -141.8237191  428.5435073  -104.9303211  -14.79724173  237.1927899  269.073588  52.50672542  326.863098  193.0125491  157.8802292  164.6864345  
164.0923741  483.7673513  263.2756469  8.195429853  75.1614131  199.1068966  148.50897  713.8857567  29.77285004  10.9761785  680.0229791  81.02258149  -110.3400662  409.5465087  11.88947123  95.6085702  395.0731517  50.78973253  221.0098222  -153.3236288  431.8887118  -107.1799652  -15.32487117  246.2212945  276.5402358  32.19137816  318.4640123  201.6441645  130.1822004  178.7156943  
162.960569  479.4199694  273.5690122  10.17428307  100.9352165  218.1574508  136.2496719  716.0159555  38.15328057  25.17630692  687.7967879  92.71418503  -80.33578341  409.9754694  -2.417757285  100.3448155  413.4528178  73.90650448  238.2670584  -157.8717269  431.8504037  -94.05263264  -14.81035473  249.5355076  267.7449894  46.23961232  349.394118  212.7403413  151.0121897  171.9961571  
178.0937948  476.0831587  275.7757317  10.73849487  62.13266908  204.2016996  155.7245514  708.8581817  34.98720851  15.23026616  688.4763423  83.11515554  -97.86149403  405.0876585  29.33189552  108.1924079  382.013888  32.1013392  230.7573286  -162.3143767  435.8829421  -109.247242  -22.51563145  248.6349274  269.4684653  32.13858269  319.6609739  210.0592138  131.9074557  186.425084  
177.0195427  494.5036693  271.3312064  5.988606267  82.911326  214.3182562  178.7282837  726.2544202  45.16794092  28.55523266  691.010364  77.42353144  -99.78687264  386.0885036  10.50607513  115.9040613  382.2094269  53.24172669  224.8059053  -136.4145048  435.3197203  -100.5572744  -13.99118745  244.7478499  281.858336  48.79062462  328.5522376  191.9274088  136.7438433  171.8067072  
173.4001145  478.0365402  283.4404723  -1.763452573  80.1502245  208.4283049  165.9089372  714.5549921  48.36692815  17.07888149  686.5374606  84.7363691  -81.82256147  402.1638043  27.17510723  119.4085076  381.2831868  42.95813062  232.3657325  -151.3886504  426.222246  -109.6007481  -22.20009122  246.6916927  259.7137008  40.79467402  327.5458042  202.3872244  146.1134367  179.7260618  
166.198233  485.399611  266.5115996  1.728175696  85.24706733  218.9691883  165.2148788  714.0062247  48.82813331  24.99979838  685.684485  80.77512099  -93.66735733  401.5503181  16.94065678  114.0096061  391.146182  63.94991934  233.9132798  -151.4592249  435.1197789  -119.7076324  -10.36891274  254.1451683  275.5104723  47.64307196  325.0271858  202.6649919  151.5619816  174.3913317  
156.772824  474.9242904  249.404658  4.291263913  87.67749674  205.971733  161.3079178  716.9951241  40.36795691  19.19101381  688.8012472  94.69553477  -127.9276823  404.5403867  16.05781628  110.357867  401.5169239  65.22386821  238.9961591  -156.0337777  424.2459855  -114.3313183  -8.954756217  233.7339996  287.1058832  49.40715809  330.1865488  197.2845107  141.5172267  171.3083732  
158.5026108  459.8171429  254.1213065  8.634236563  94.46111333  206.4078529  154.221871  740.521037  35.84647837  19.83884692  693.4098478  118.7796923  -114.5895273  417.4614187  -2.587745178  102.5785097  409.8060491  92.41428996  234.1088559  -177.3857225  422.3398561  -101.3397004  -16.96969365  213.9845303  296.5897813  62.04306389  347.0730608  214.5231686  160.9149296  161.5127851  
164.314398  457.0308437  256.5928444  10.53513098  91.52231099  212.8430107  135.120513  713.4921162  36.13307389  21.35645204  696.4665122  108.9377224  -98.57331361  425.3998336  5.350711392  110.8268282  423.3026398  77.52803147  243.7503381  -176.6697832  421.1023483  -92.40084003  -11.69905688  240.2406532  289.5822482  44.35389349  356.3604599  224.8494217  143.2093097  172.6504166  
173.7796618  462.175052  255.4569217  5.402189933  85.86893722  204.0690262  140.0460604  706.0198017  25.97747938  14.82071792  690.0326902  103.1281776  -124.0784137  428.6883354  13.42781409  107.3003911  410.0513309  63.33297338  248.7944425  -169.2511668  421.8965777  -94.31816207  -13.25306577  215.3945847  297.7935669  39.39982263  342.381379  221.2054013  139.7166867  181.6033506  
170.4864095  471.7081794  256.683955  8.581689418  103.3782837  204.7350201  159.6992506  725.2941484  21.6115731  14.47635755  683.8081918  100.5472733  -108.8818338  413.7851738  0.9725279916  100.4586358  401.0272878  81.36206459  230.5281994  -159.5759737  410.2956296  -88.56378852  -13.82697626  203.2180152  276.043154  49.37813957  349.6018079  204.053941  157.0879304  166.7747257  
164.8091361  458.1810961  256.1956327  10.08754022  94.53006391  210.6193286  121.9487513  723.0696693  26.22887423  11.55762203  686.6329575  102.644301  -68.6099398  429.661765  -8.930592544  91.43277798  412.1373397  93.24799007  229.6208283  -180.6462281  414.8612643  -91.37418379  -19.44766708  229.0900832  262.1485982  32.75578824  364.6297607  235.4487503  157.9114279  163.7591089  
166.661509  457.4351565  264.3821185  10.74213619  86.01839987  198.4284565  117.9269766  707.6339921  31.47878639  7.251630915  687.6774497  101.2552104  -104.3377798  441.9819311  3.752921601  100.0577339  410.1629144  73.58468333  223.6645555  -178.1447328  425.0207319  -92.40577034  -25.41262399  241.9045615  273.9710414  24.36939823  348.5850396  237.1367456  145.9015342  182.4914454  
166.0842547  453.4848721  275.8699864  12.63466379  62.11404517  196.892315  118.6723138  697.4576202  37.52935586  8.984591368  681.9344288  85.48578562  -88.5278866  440.4359745  6.27841574  96.42068663  414.6980388  65.15814513  223.4554527  -170.6325217  421.7525923  -97.78846517  -10.31521038  243.1801721  259.5284496  21.46399908  344.1163635  235.4302723  139.6514993  185.6773816  
164.1439098  471.1336448  265.5726765  5.273252014  82.73502371  196.3522398  134.4096942  717.2573175  29.26286881  9.101707939  676.3990875  87.71691617  -88.29579661  423.8331094  -2.777228029  89.39554965  409.7645493  60.36024315  225.7739011  -167.0127606  418.6529741  -94.65016111  -19.38951626  234.3841589  273.1947675  33.45033804  331.6116365  212.0165235  144.3983542  170.4441969  
164.6847486  472.1304795  273.3805211  6.806337969  85.61340611  203.4922828  124.2010244  707.0173489  34.45497111  6.856730477  678.9617392  84.35740052  -80.3911586  427.7024423  1.172775087  94.26809755  408.2891727  68.41105996  228.3846888  -172.1016291  424.0183037  -103.7036283  -25.0182642  244.9000898  256.8516177  30.31437763  334.0757575  223.8296669  150.1384378  177.9178491  
167.473242  477.3455408  268.9304457  1.464465157  81.74644018  214.0308345  130.2535946  714.2500286  33.24772569  10.82973523  676.7079094  72.86829765  -85.04597006  421.1627937  7.410560104  91.87520877  398.8909009  66.25167359  230.4009407  -166.5069611  424.4086134  -110.2757486  -27.50400906  242.6239103  258.3222024  28.59567718  328.0019373  219.3924592  151.5070515  176.404824  
164.0743044  476.3916173  265.765471  4.19042378  90.83317262  208.8293959  134.2379517  712.0843786  35.32602132  14.84643304  679.7051462  74.64466664  -94.03989581  419.5669962  -3.954396597  98.3144694  400.3520541  68.7763534  224.2875097  -154.6901051  429.2947281  -104.2784257  -25.16325334  244.0122613  259.6960216  34.0892893  327.2832756  215.8612445  156.0254422  169.9982621  
173.780768  464.5836269  272.2555583  12.07554387  61.30317583  210.6517992  132.815977  694.3356873  45.0790554  12.39390185  684.885671  95.56550312  -100.4417971  426.0709763  18.6558869  106.5369829  392.1741203  47.51819218  226.7945493  -177.3326123  438.6709917  -100.0304074  -26.36208114  254.6387442  272.4199301  14.45722179  325.4531866  235.196311  150.048082  188.0851438  
173.0337662  485.4092367  269.3064238  9.016642782  86.83395264  199.8391183  161.2787637  723.8862423  40.6322931  25.3794109  684.6534994  81.05581082  -92.928461  408.4810015  -4.076124802  105.0457451  397.6996253  56.73293204  218.8687613  -137.5941808  423.7670444  -96.16081556  -13.20216899  234.636238  271.577405  32.76022869  328.2883051  206.8042553  150.6434524  168.9106381  
170.6414111  474.2068307  275.4865007  11.51852133  81.01279002  200.4939507  152.5853949  705.7861581  39.81242446  16.92273452  690.1598848  97.22431107  -103.1255384  417.0587072  15.27549213  118.7316337  403.0946669  47.12807103  237.945284  -159.0380951  429.0663476  -91.79876305  -18.76440003  239.0072066  273.0433549  35.59767584  335.153642  213.7408717  150.5128208  181.6391236  
177.0870748  493.1708986  268.7273141  -6.743724956  83.93991367  203.6299385  168.5798403  729.2839036  32.87339401  23.76548467  681.1474373  81.70894925  -97.0466463  401.2449709  16.43300238  105.8923705  383.8855408  52.34655167  231.8584654  -142.3813554  421.582516  -105.2302915  -17.33227973  228.2033733  282.9859332  44.34562386  321.4323779  200.6345989  143.5051036  171.8009333  
169.125275  480.4623794  279.0963962  5.836775212  96.94409935  216.911853  154.1847785  722.0080365  46.8915668  24.06347331  691.9734925  79.36205578  -90.87009444  401.5495718  9.691281681  114.268981  395.4151075  61.1215382  233.1258369  -143.5762318  430.9648614  -98.58020251  -23.58753204  239.5044575  266.1210323  45.85214909  339.8436261  205.2687585  150.8609876  172.9551901  
174.7008739  492.1588038  270.2493032  0.5393391397  73.31005362  209.2334442  176.6360717  719.5481931  42.98351668  19.36524795  688.0332844  89.58563945  -101.4647888  401.4483631  23.75460375  105.4329844  385.2677163  31.70034328  235.9668321  -154.4346962  431.7206986  -111.5409175  -22.67044786  237.0989784  284.588361  38.93014244  308.8516381  201.4576934  144.8009015  177.4023965  
164.9959227  494.1022168  262.3795214  5.410296953  77.7199747  217.9639697  163.7947963  717.1208984  40.8221801  30.90444796  683.8793929  80.86252442  -94.30934502  384.9793591  10.89905232  94.92119582  385.7081682  51.08502288  231.2933089  -147.9178638  427.7743218  -111.6898076  -9.399845246  232.5543933  269.6726603  42.83239154  319.0585909  191.7672642  136.2927883  167.7932739  
170.9048258  496.9069855  262.4871606  1.69070507  79.3800064  217.2889403  166.6497961  731.2159097  34.00077886  27.48353629  682.3691941  67.16334843  -81.02030322  388.3298797  9.388665917  94.6283754  384.8219759  58.32581683  231.871135  -144.3657531  428.2258111  -112.4992284  -13.74659947  232.6269807  270.5279884  49.44765376  319.8437742  198.5226939  140.3848434  168.4823995  
167.8606458  490.5785081  263.2302136  10.6869388  102.9254671  217.4186997  161.4759424  719.3428887  34.98711199  27.30149594  688.3641771  81.13893744  -100.8077628  392.8308567  8.802302429  108.5256452  389.5895091  60.12490526  234.2192141  -140.0860571  431.2398664  -106.0882576  -24.69649052  238.2660998  278.994826  47.59585636  334.2047315  204.2757113  146.5450087  173.0809953  
167.2663449  492.0094936  258.6265378  14.47724693  82.35255652  202.1439996  167.2527536  704.3649061  21.36732255  21.52820914  684.5311906  67.69285756  -109.5723279  384.3160494  24.04622019  95.69503785  377.3610417  38.62502886  224.0989986  -141.2746694  429.2017585  -107.7775555  -17.42789796  238.1997214  274.9635018  42.62089557  321.5795711  197.200347  122.1276017  179.5462974  
168.6504226  482.8943089  262.2017677  13.49479054  105.2234746  216.8157491  155.7731209  714.9447034  19.24619874  25.66515427  688.9290108  63.43734553  -100.2624214  377.2818024  9.397243012  101.4381776  385.8233581  64.37612475  230.2310061  -132.8414653  426.6938451  -97.57577852  -17.57550198  232.6178109  261.9529726  47.65508026  347.9691302  196.1191221  132.9219464  168.6255796  
166.0470816  478.6535924  258.4919469  -2.42331361  95.51398821  212.6807702  151.1112862  706.5129176  20.0153628  17.86603596  687.6064473  79.91329303  -95.70070791  389.3891548  22.96585283  95.48736314  375.4697131  56.85447853  233.3582939  -160.5565415  426.0809244  -110.6476509  -26.09176355  235.5052827  256.4752317  48.81947634  339.5093724  206.3177553  145.4690942  175.7983267  
167.3372793  479.4017733  264.7488631  2.971719054  96.64073896  224.1579004  146.2963608  718.6837062  32.62922386  26.36596347  696.8197163  70.35757255  -100.4427346  393.3604276  10.076855  95.47688571  386.4560584  70.81511674  216.8427036  -159.2776129  434.6684247  -102.7701916  -26.29306285  248.5635063  258.9392297  44.28603158  345.8898699  206.3081129  136.5642171  171.8805777  
173.1037885  475.3887648  270.9365166  -3.18085331  77.47806165  219.5883739  158.0840654  716.8154698  31.5745661  19.52672679  685.6635623  62.54024486  -86.97707046  391.7378174  26.7693145  105.0983218  379.1173936  53.17355784  233.0635515  -152.4969148  425.2623994  -109.7649172  -26.16912452  229.5009101  256.2690365  38.20149158  329.5631281  200.9461564  130.638233  175.1274569  
171.2103779  479.4249529  263.3173619  -6.105111509  101.709904  222.0224471  160.7883498  709.7248842  26.90413695  21.3553102  692.5271307  73.95253019  -110.7696306  393.6517854  16.43796034  115.8605805  375.9334589  66.04028147  218.2813305  -156.7378218  436.8806415  -104.6220329  -22.76991515  243.2683941  278.2056553  46.70961857  346.390042  206.0006597  128.6254407  175.0581739  
167.4329114  483.8042069  260.5780218  -5.164918595  96.83216426  213.6471877  167.7954335  711.6069826  23.0611165  17.98963529  681.6231053  69.70616476  -109.0131477  390.2509808  19.83630391  114.2695896  382.7059807  63.47385298  234.8834182  -144.6310452  431.362639  -105.0250226  -18.49462318  227.7172603  266.0161278  61.80657507  335.6660119  196.6393551  141.3011531  171.7750537  
167.0445212  483.7128225  265.9892572  -1.522192676  100.3885989  202.0473406  160.6503843  720.8233799  22.39295801  14.42823891  686.2158181  74.28181603  -112.3408833  395.3662951  14.40753762  109.016521  375.1924647  63.40820617  215.7110179  -151.033988  433.0364964  -100.6725753  -26.67850361  229.7738757  262.3901906  53.08007957  330.9161942  194.7500052  139.5608383  170.9222427  
173.9769651  485.0972317  265.4760037  -4.840938026  77.191407  210.1794077  161.6899483  716.6199923  27.1376089  17.03112052  684.7422311  71.26264112  -99.11299188  397.7156018  32.57756266  111.4805492  375.3063098  52.29155078  232.3843794  -157.9607661  437.1594652  -115.3283831  -28.70675627  236.0018988  276.8303931  49.39633912  312.4361058  212.0191457  137.2286607  181.9517527  
171.968219  500.271113  252.7933184  -3.17418904  101.8544433  209.2293039  177.6024708  731.1515095  23.63622937  17.12228555  682.6666395  65.16825113  -100.4536341  387.1834759  14.57096164  109.826968  374.9374681  61.83307964  231.3264455  -135.0903738  430.9926741  -114.9645738  -18.37373567  230.6000628  272.8876826  67.76032668  318.5924557  194.1798513  145.9387105  169.8619777  
170.9334438  497.9184961  260.0556687  -1.399262137  89.13580249  203.9541455  170.1037079  715.8873967  23.02940019  11.00703211  674.2388635  67.51641384  -107.8545195  410.4301233  32.44754602  111.4261352  379.5331389  57.03796181  234.0628934  -140.9428902  434.5878883  -120.2753513  -26.71971914  222.8435436  272.5584676  53.13192362  307.3604304  205.2187529  145.7861301  180.098362  
165.1436104  476.5556482  260.7588123  0.2724471927  88.00711025  207.2568011  158.9778959  711.8245574  32.44235598  12.37944138  672.9072518  79.35591419  -91.07165216  413.1055492  20.06607817  99.14381989  387.3746439  72.6839866  241.7224854  -154.769659  424.1131406  -122.4126149  -11.68930909  228.1719255  264.2092175  55.0368383  326.3201304  215.6092455  154.6639646  175.5055246  
168.3308615  462.6029928  266.202052  1.261839385  87.67169775  210.6624933  144.1837393  716.9131676  32.68249175  13.65551306  689.9702616  88.91850455  -93.39637409  414.6052888  9.083788253  101.3077089  396.2106483  68.56860451  245.184892  -171.2561227  425.3994689  -108.4715749  -19.36269165  236.648342  260.7786457  50.78996856  340.7462505  217.9493763  153.5151929  175.0475638  
171.9742635  476.6890375  265.9954862  1.456158025  91.19209628  210.1757105  154.2355462  727.6793683  27.5144785  15.2325544  688.4365017  74.48808663  -92.47501922  399.2474072  17.69332782  101.1997139  383.9531238  64.56300637  242.5531067  -157.4733211  419.8774439  -120.3347123  -30.27185989  231.8645729  259.5875787  52.66859257  330.6016395  206.2051519  147.2306461  172.1296111  
176.3924759  477.3323243  268.3429244  1.908010106  89.59179973  214.344461  153.5336254  721.0474371  31.83941601  12.6600151  691.412988  84.36289679  -98.43719422  403.2523826  28.15748422  105.9738372  379.5588539  57.5487793  231.9761462  -163.5819038  429.1035288  -121.7547287  -31.89933564  245.0200391  280.2970469  38.2565327  328.6121528  217.7214736  135.3432681  177.5608697  
173.2459395  484.8030919  264.6087324  8.947911958  89.29920546  204.6181321  163.9358493  731.4446437  34.48748523  20.19782673  695.1589904  83.36426561  -100.2820228  395.3109135  12.94974656  108.8059667  384.2864107  56.05019159  225.9277017  -147.5879677  424.5069971  -113.7490927  -27.08571224  233.1094054  275.4150929  35.1663522  329.5373021  200.9003916  140.3213898  170.3694944  
178.2621415  471.6237874  266.7006958  13.78253588  55.32627341  193.3625921  168.1785617  711.545037  38.88245946  11.42976323  690.827431  78.83777554  -116.8630457  402.5519037  29.40127222  116.7702344  379.4819746  26.53507819  228.1501566  -155.5005667  434.8240392  -115.9789502  -18.72454045  232.7843787  281.771917  20.31169396  312.387986  206.1841332  122.0063788  180.9768765  
169.7470914  492.0821068  260.3976047  7.544758883  81.03075038  198.0162515  171.1332924  722.4215829  26.55893601  20.1825398  689.7286247  61.57380917  -96.30072871  387.1358039  13.40823305  103.9869488  387.5232194  45.3010134  218.9783281  -132.8114796  427.1100062  -113.6366056  -13.59031361  236.0366412  276.79668  40.20767613  328.1850566  193.665801  124.2928017  168.8412479  
166.8133413  491.5906073  264.938249  2.153529379  67.14505503  198.1555452  156.2388471  711.1796957  28.41010794  4.439589508  679.9804  55.70457328  -85.99560271  400.5060569  23.14880649  97.26136114  390.1842849  51.28838674  225.3439248  -152.0296988  427.3128979  -114.6698772  -23.05129704  242.9091643  262.3235522  41.67108714  324.2010989  193.4391667  126.2211552  175.2482865  
166.6937962  499.5661893  251.7025687  -6.139127106  89.91424496  205.3415664  170.811852  722.4975599  16.38610524  12.21836692  669.4146531  41.65253135  -97.99365017  384.3742584  13.62001216  98.55418977  377.4952208  69.6796916  219.443283  -131.6182121  422.1811305  -115.1809766  -12.9975231  220.8819462  275.0765752  57.69637521  322.6568301  185.4204381  128.8441253  166.1697458  
168.7826324  485.5700478  261.6467657  -2.851413039  84.2392974  211.1744905  163.8309645  713.4946477  24.30162231  14.72493862  682.9093868  49.7085768  -107.0839713  390.8968633  23.65360234  108.3197468  376.1183616  58.82772619  226.9083286  -149.7392254  430.8782012  -109.362502  -20.24213349  230.8824771  267.7871067  58.27372584  332.6320271  194.5578979  130.1250365  171.8767038  
172.0484224  489.0599538  258.8431995  -11.89060384  88.13108485  206.2150024  166.9016945  733.4208326  20.06574353  15.52332927  682.573061  69.52674466  -100.7625046  395.0790263  22.2492186  109.4033812  373.1781331  67.34142659  223.505951  -149.0084251  426.9867982  -118.0958677  -23.72847131  220.9683613  274.272468  60.97416812  320.8895263  202.2051684  140.0454918  170.022668  
163.590461  472.3871498  259.9318993  9.70831082  92.20651041  215.5023243  159.6190051  712.4952997  39.5823265  19.55636229  690.2143231  87.53719645  -109.7552539  402.8351709  13.41341472  122.4296163  393.8006273  76.60020549  230.8092246  -155.4558993  433.0869463  -107.661037  -16.00977272  233.463513  278.8463311  53.47655191  339.6034964  212.5917279  146.0318464  173.7967809  
165.4268294  476.763895  259.7046503  8.732621513  70.41038564  198.7141129  168.4048073  719.9674564  34.84652999  18.3996028  683.2214721  87.48059131  -120.8566149  410.2094225  17.15772941  106.5364574  391.5757546  58.74566446  229.5442917  -155.1494517  432.7964086  -107.5023585  -9.116009967  221.8890727  279.0794442  53.0748699  319.2117928  199.2975326  142.1885298  174.2136639  
161.9243381  468.7959009  259.2033145  7.911871587  98.40533143  218.1624475  137.3447201  726.380408  37.71429282  24.60541252  691.8290428  103.680532  -89.65036805  413.0752805  -5.29781572  93.82227695  410.4389427  78.64545384  237.3645302  -170.3644699  427.7417172  -93.73313231  -11.35131879  237.7675962  270.036704  51.13647328  352.092463  213.5711017  152.1283001  166.9396839  
162.4125108  452.219464  263.790838  12.74031202  90.31895802  215.8021594  119.1491327  722.0411501  36.90141923  16.39836324  696.1504346  115.0141065  -82.69719435  425.9512279  -6.429518775  85.42546058  417.908827  75.7626572  231.8406273  -187.0975107  422.6607054  -88.34372322  -18.16168363  242.449064  261.589507  35.98583039  352.3839353  226.7261082  152.7294055  170.6315254  
164.0445347  443.8566279  266.5059512  11.20711173  89.01052402  219.1188398  107.8985231  714.4598945  40.38522475  13.03941677  699.2537861  117.752955  -67.65689736  435.2257355  -11.65838649  79.49515056  421.4724439  75.90220824  229.1093182  -199.2064783  422.2645426  -84.91332572  -22.14919923  258.0430056  254.1731798  29.75066877  360.0824644  239.3172082  154.7358783  172.6091559  
168.9285952  447.7523192  274.1833233  10.01773376  90.70957834  211.7226648  108.187437  712.5705227  32.2940174  6.262651938  696.1771088  92.55522557  -75.32425261  438.2651103  -3.89075322  81.12146252  412.9143134  74.694315  225.4012965  -185.4252933  417.8626871  -98.23611659  -34.7949842  255.4493929  249.8237062  25.32522655  347.76744  237.4928352  150.0292685  181.8474052  
181.0362805  450.1378568  282.3818676  2.986821632  78.49903643  216.3443524  123.3860114  720.0930027  37.41792976  15.49269048  695.9110677  93.0238506  -69.15375452  428.6729866  12.77537721  104.4469473  401.0905886  63.70051786  231.9049005  -181.6010048  427.5275375  -104.5618568  -32.22657613  251.340901  254.0697713  23.71580678  344.8806739  236.8771186  145.9404574  181.0934046  
173.6341249  463.9287096  276.3937875  11.48155852  79.34166769  208.371889  145.810133  719.1196178  34.50134163  23.26784233  698.4606286  103.2239408  -91.93309925  418.8006905  6.131683738  118.0548007  400.2368138  69.93263971  214.1966086  -169.3730029  434.4514185  -93.01881332  -25.29159692  242.8651109  275.5871326  33.13440773  343.1615756  225.7000393  143.9775805  174.9205889  
163.0256136  468.810861  263.7015179  12.12335246  94.46517354  218.7413695  144.3018807  712.0028239  35.20501977  22.87975416  691.8485248  92.40864451  -103.6591913  403.3026451  1.585839652  110.3731613  404.6145606  70.8593847  232.7632347  -162.7275596  434.321877  -91.87589563  -13.60403865  243.7644449  276.4020845  43.71096486  344.8631888  211.4274797  146.2230365  171.802873  
164.9221155  468.4414837  263.0288891  10.8045236  77.2382811  206.6167104  136.8196257  711.0246927  34.50526239  20.15913217  683.337582  91.92883078  -88.99617714  410.6394778  5.807213065  96.66727428  411.1341074  60.96757946  234.404195  -165.1281375  423.2304212  -93.74974112  -9.880229244  234.2097672  269.6418122  37.60812204  337.4261606  214.5695792  136.1014239  173.2030387  
167.9956436  463.8229894  277.0590263  11.65197685  80.60582825  209.6259475  132.9854525  714.2248513  34.80295817  16.08690205  692.0877348  95.25304181  -94.61129801  421.3684865  3.128970253  99.22576747  409.9376272  66.33167512  223.5949664  -177.4750223  432.2595274  -89.43176373  -20.85550811  240.8661151  270.9175945  33.4569613  345.430908  221.6262186  137.124129  177.3546876  
176.4141036  460.9192265  280.6527429  1.927799562  92.0281648  211.3339529  137.0157911  720.7030527  39.81585561  20.01407825  694.1562993  103.7031603  -95.28735157  416.2777851  5.075495372  113.1379156  396.7495948  69.25344615  224.3178919  -169.0244614  428.6308336  -94.29380804  -21.77838412  237.923521  272.9142451  24.71998297  347.1549077  226.1303722  143.5806663  176.3395674  
175.6830785  466.8765194  279.278833  7.378013488  72.99996077  212.2523043  157.993914  711.3414498  50.55718201  21.2851363  697.4247001  91.52706117  -98.49798072  407.2957886  17.71149714  118.7931696  393.2241992  50.43368377  229.7431313  -163.8622503  432.4135339  -100.1199721  -17.81191203  244.2277054  274.7716344  37.05628217  337.8981275  212.8041403  133.0951986  179.2651105  
175.2800928  480.0673851  271.2942902  0.4814201921  74.97502133  206.4177962  165.8406137  715.7425801  40.84099565  20.24557762  687.6390593  71.26517148  -108.7769042  397.1691218  17.94491981  115.6592359  389.9767827  43.61177427  225.3767928  -144.8505421  433.8070263  -99.67673636  -16.05034602  236.7353749  283.4103995  33.82951885  329.2976893  201.0416764  120.7853397  178.7912633  
166.7707495  496.181762  263.518318  -6.565499498  88.4639674  206.234539  165.4224797  716.3177228  35.55885357  15.58191682  676.1577556  60.45161699  -101.8251158  403.1702843  15.04759989  108.6330306  389.277664  52.86722826  235.6784516  -135.1851039  430.6671403  -111.2929184  -21.84114571  233.7081377  267.4743769  44.89021853  313.7906762  196.4456178  140.3610186  176.2160354  
169.2896369  509.360875  261.0339984  -1.633076219  84.53034588  203.6825744  181.0422402  727.3310001  29.15829888  21.62957077  673.0990023  47.48836085  -105.9613506  393.1850775  20.26712494  94.03333479  375.3141743  38.13909005  230.1425181  -125.9504389  429.8787815  -122.3551159  -20.6785929  227.1553928  276.1510802  56.36036895  301.1400031  184.1454846  134.6669192  171.9081509  
164.9097239  488.218511  267.9788385  5.493341654  88.51162719  199.8373025  158.9691731  709.8207158  28.02298826  7.336496546  676.7356901  63.84956311  -111.0226316  411.6964641  16.35334319  108.3103221  383.0522634  53.78018887  225.9779064  -140.4897653  433.338494  -108.2318306  -22.17205547  233.2759243  269.3389092  43.48001781  328.303539  204.0260223  136.4819669  180.4413965  
163.9775623  494.8447497  256.0847204  -7.058433306  98.390135  208.4653804  173.6939539  728.4899908  35.76082976  16.92140852  681.3433729  74.05375254  -106.4254045  399.3342673  16.44621542  105.2880464  374.4444441  63.91225223  241.8286468  -148.7194254  430.7865405  -119.5244265  -25.04911592  235.0191457  271.5981636  72.34648744  322.6384495  200.986498  159.2336978  172.7768911  
166.9045673  490.0111922  254.8509597  -0.5615411103  96.84769027  205.3533314  177.0417938  725.6552325  31.71525287  19.16260821  685.2254369  73.57079077  -125.2012914  394.8515097  19.80454404  115.6647537  376.5313678  60.95008222  239.8834226  -143.0907035  431.2623417  -110.1371442  -25.18795605  224.1611037  281.0451555  67.18169299  324.2493419  192.8738432  149.7266597  170.1094704  
170.03352  486.179405  263.8248856  -0.8592132078  86.32795907  208.4129227  172.8097353  729.4267385  34.91415909  16.18736653  687.1743149  82.76309679  -109.9488193  396.4662759  22.96598872  113.0183115  375.4649134  51.38161059  231.7299239  -151.7965766  430.1500383  -117.5705153  -22.95556804  229.0995764  280.9296643  48.30168375  316.9882688  201.2551853  148.7654041  173.5952584  
166.2550436  479.9952721  259.3034434  14.18592377  77.13204018  210.8060305  172.8978972  702.2222382  38.51420771  16.32142009  687.4613415  70.10410172  -97.42616048  391.7127934  29.18352871  113.4734549  380.9047903  51.12770959  230.4311303  -147.4767974  432.1098414  -117.9952859  -18.90301168  243.1780999  277.1524797  41.23267848  319.2338581  209.9500728  129.3129893  177.2705943  
165.950164  485.3308589  257.1840906  2.453835054  78.68135186  202.8313091  174.3721254  712.8339504  31.19346528  10.6191602  672.8290404  72.92935434  -106.892318  397.3431193  18.60811926  103.5521195  389.9609077  60.456839  237.5985591  -141.3636102  415.9272256  -119.9689559  -5.615544193  226.7086056  270.4505911  47.76281543  325.7452305  192.3797559  145.8776678  172.5844926  
164.4631159  466.2962495  267.1979518  5.915452146  100.2182894  208.4670088  142.3606485  729.8211454  20.60692269  16.17640554  687.344556  82.47897602  -105.3754342  401.1031438  2.787015685  94.2894481  392.414997  71.42261101  211.5330447  -161.3033689  422.7049567  -95.57749133  -25.70462131  234.4481894  263.2537617  36.42470683  352.515999  196.7789497  135.373453  160.9127771  
172.5432193  462.2067585  268.7378608  4.491556219  83.69552754  224.4078197  130.5008906  715.6695524  32.30596859  23.41382294  697.0052763  88.85285732  -91.86821904  409.6546285  12.23063109  101.9629148  396.2030097  66.3933702  225.014638  -179.6677174  439.1042533  -100.870947  -27.08189646  249.9903811  277.5853656  33.29652221  345.2907352  226.7414697  132.6931482  178.0016437  
165.380217  479.4816755  255.4721854  1.602363131  109.6354023  220.3274872  160.184596  733.1248903  36.61104356  25.64471421  687.2931579  78.61358285  -96.86224874  388.8484126  0.03996264315  108.0371518  392.1210888  82.13644774  231.248277  -144.1368419  420.334921  -105.4487422  -16.76179335  228.7302721  261.4721247  62.19543913  338.1438163  195.6288704  158.0987202  162.0912188  
167.5947452  462.5971214  261.2048504  3.478743903  94.01468119  212.2448697  136.1069432  720.0771824  29.47590297  14.74710632  689.0335999  85.47519781  -100.9952481  403.3771507  8.418662999  106.2692201  393.4200505  60.79589544  219.4690118  -165.0942004  430.8389288  -87.09874399  -24.9537616  233.5974283  268.6314559  33.26334058  341.6222878  210.3099485  131.9677762  169.1836508  
170.2901467  455.1265227  271.7368236  1.259047025  97.49579159  212.0576447  128.0858591  712.0541716  31.16424847  14.78911074  690.2892364  92.1411875  -91.68684639  420.1357876  7.152455473  107.269034  394.4076482  80.45191717  219.703553  -172.1209676  430.0553363  -94.19966967  -26.04222848  246.8645867  271.4708869  29.73374895  351.8115494  233.3460817  141.3604719  176.6748123  
165.2194597  460.1621903  270.1847525  6.405839968  87.41740308  208.2870127  156.4964113  716.1877807  43.55907129  16.24691962  689.9133191  84.13552461  -105.014725  409.173596  13.94325208  122.1712689  393.9648913  61.8478093  234.1519252  -159.9607013  432.0841776  -97.34568219  -23.01441176  235.5859768  275.9959896  50.49378147  337.9560445  214.1772757  142.5584425  174.6008215  
164.78675  460.3814053  267.6602503  10.00792606  71.96413202  209.5258931  165.8671987  696.8250776  44.65764775  19.48199393  683.0925108  84.79474197  -106.6065628  408.5132517  29.56788056  122.1404094  397.5384645  53.16620293  247.1053531  -166.9320958  436.2590633  -109.5512839  -7.900594396  240.6652979  282.9487846  50.82561901  328.3023959  218.3882075  132.148561  182.1643878  
163.0978633  481.8873159  258.4033768  -4.332248035  90.96265778  211.0925005  166.8543873  720.6930862  39.70259738  22.83228684  679.0185022  105.6298786  -98.15284259  407.4777781  13.75511564  106.5861767  392.3285046  80.81052064  246.162818  -166.8505707  424.5532712  -115.4032263  -4.460287968  224.5239504  276.7306668  62.75930198  330.3880904  207.4199128  164.6003488  170.8106079  
165.7239419  465.305854  262.3213106  13.23283817  83.25455314  212.9439426  134.2180041  712.9569716  37.36828239  18.3450292  689.0870696  96.28973187  -94.0913262  417.2395794  3.109431183  96.24483162  411.2526635  72.97876065  230.2451243  -169.3253301  431.3532196  -99.74736743  -11.28599004  240.7757532  265.2749383  30.22232729  335.6328874  221.3357028  148.8466816  174.087065  
166.0131684  465.9311111  258.2231982  9.049704375  88.41381772  212.5551469  134.5097107  719.9888336  35.42820719  13.66428803  686.0797158  92.40143108  -76.03997183  417.3938512  -5.308513701  84.35469577  411.3574359  66.39190181  236.6276834  -166.9623787  417.8914453  -97.22396082  -18.99895004  246.4499829  259.251347  39.1951839  341.3586142  218.4153468  159.1951505  169.5582631  
166.3688617  454.4848471  265.8901376  19.08289279  89.15546596  215.9048129  114.7569085  709.5490743  29.64212691  9.798478805  695.3896224  93.22611515  -72.47287446  426.3736499  -6.77736951  83.01230329  415.2467718  78.80538553  214.5602214  -181.8618188  419.8662979  -94.85639522  -31.85513108  258.3769681  243.189562  21.0657718  347.2861272  228.8999407  152.918892  171.4559649  
177.8016739  457.109025  277.0461225  9.505122914  83.52057751  219.4464252  132.7687269  718.5982977  28.25432561  14.8495543  695.8787761  82.99781945  -72.38379723  414.7256275  7.238116769  100.137377  400.1676999  73.16008595  226.126235  -174.6103988  423.9683565  -105.6394609  -32.21390471  254.9459257  248.5357837  28.39170529  344.934229  225.6717424  155.4937754  175.6332448  
172.8016856  463.1968959  277.6263885  8.448033506  72.08012606  211.5975702  133.6571002  715.2934359  38.713313  20.20434889  697.4210985  100.7809964  -79.50881987  413.4579818  6.851227556  109.3835639  405.8848351  69.35623088  220.2206589  -179.3328212  435.6654151  -96.41832798  -22.03201863  254.5282663  262.4660797  28.58027737  341.988476  226.7976349  139.5037858  175.0368517  
172.000608  464.2537476  272.7409893  9.489777067  68.84563915  206.0044751  130.1497353  709.9344913  30.77932922  14.87746805  699.2017512  89.45148736  -85.89273466  414.6250494  0.721615152  104.595369  405.7041948  58.43238683  222.8161013  -173.3720656  435.6060115  -91.37641632  -20.01359662  248.4410931  256.9189063  31.80384491  334.6992631  221.4170583  138.4597317  178.4022339  
172.6801014  471.007144  274.0610088  2.39787662  73.41853057  209.6526643  132.9755647  722.9772957  29.81743693  22.86276048  693.2603601  93.18877825  -75.76823869  405.6133004  8.289201437  105.3605625  404.1217892  52.7356566  240.9189497  -171.2586279  433.4365391  -95.48111884  -19.69415037  240.2977758  266.5629249  39.34014065  338.7964022  220.4281696  130.6749388  175.5965437  
169.8817731  481.9831152  273.6235997  3.269874514  82.94320708  199.8962578  140.2256518  721.4102402  26.40892591  19.73506544  694.1457553  87.9059723  -103.4090781  405.3608606  10.76528794  108.5487506  395.1450371  51.58605245  211.6252908  -153.3780976  433.5542831  -95.49064063  -25.11542793  242.3875842  275.8270214  32.82069165  335.7600182  214.261947  122.2374998  179.1605454  
164.5633658  484.4832385  266.7698356  5.676404398  90.06472535  210.0955875  149.2631484  712.1638178  35.47280517  19.90395282  691.076916  72.26794116  -95.13966011  394.5922275  11.184703  106.7203266  394.8725415  52.63740711  228.2843879  -148.95615  435.4439554  -102.3931963  -25.1074855  245.4691577  272.9459729  38.41676413  331.0841342  211.0121671  133.6004422  182.54932  
164.8719526  492.1070909  263.7208038  2.607890885  82.41540674  206.6542366  151.4717676  708.7431797  27.53734976  12.04799444  681.378531  50.85102182  -92.23778365  394.8597151  16.33062982  99.5104183  383.1221614  42.49719492  213.6568499  -138.2614825  433.7416107  -108.8177878  -22.11343656  244.1679096  267.8875565  29.40891192  320.1706235  201.282542  117.1343738  178.3817742  
167.4081967  507.5688672  258.9802283  -6.913630193  94.99276056  207.2763429  171.3300777  720.4227837  32.76774338  14.30856839  678.6640378  51.41158282  -102.0348251  392.3374945  15.88646457  104.6923294  370.4777924  48.80924494  218.5196986  -132.737294  433.1524663  -117.7131987  -22.65965551  238.5208684  274.9054818  42.47940603  310.0434708  188.928829  138.4406747  175.1120758  
169.4561428  504.2914429  261.3209346  -5.618655122  95.90160375  200.9778539  176.0884126  721.5170405  30.00297048  12.12055159  674.0691932  59.34829819  -117.8006281  405.0530918  19.79782559  104.8973939  372.933964  42.01589732  229.4008897  -131.6100728  427.4692942  -120.6530044  -24.55252156  227.4290452  283.4835217  48.59218672  306.4372014  188.9026623  142.0922455  176.0116726  
168.8275515  494.0026368  268.0766578  0.7855846376  87.03620282  203.5586023  173.4776055  713.83327  38.10321316  16.10898346  674.4230852  81.16708169  -116.6109701  407.9605674  26.17702015  113.9658615  387.3756824  49.30484537  244.0064942  -145.5876256  435.1565707  -118.3201557  -11.33986215  235.6371216  290.4641216  51.05998047  320.2899926  200.3448288  140.7048505  179.5717021  
171.3661629  498.2986906  266.8079565  2.653821188  72.71213904  196.0852624  188.4625197  727.570831  39.19522697  17.18238302  685.6391108  80.09289824  -114.9123183  402.351488  24.60588541  112.0159509  377.9037404  39.13268685  239.5750694  -146.3501737  428.3873011  -119.4931341  -24.33218391  222.4011277  286.4622632  58.74869428  304.2368463  191.6421193  149.5371412  176.9178901  
167.4071301  487.2482598  264.3739841  0.6982326402  86.11520533  206.978252  166.1934251  723.0262514  44.36967931  21.82129803  692.3581228  88.27379199  -110.5093386  404.9772582  17.56127476  121.6315096  390.6588007  56.46513362  245.0876242  -149.8319608  433.6612653  -118.1920367  -15.71521929  238.3256965  287.8669115  52.918561  326.8475771  208.295976  147.7772536  177.7443039  
167.5910316  497.4916343  253.8070252  5.08452962  77.41603414  201.2762439  183.5958286  729.4445583  35.69142185  22.43153977  691.0304941  72.86810368  -115.8866644  384.5606226  24.90228516  116.6801671  385.5972929  43.05672931  243.356187  -135.268319  429.264491  -127.5025012  -18.11571076  225.9111759  279.358357  62.8380303  304.0048093  191.0649201  140.913061  171.4396826  
164.7991305  482.3933572  255.9558022  9.416466751  70.75958626  200.9436187  172.0981895  717.9262851  27.08774987  13.08818331  679.1740435  65.74970857  -92.81795295  392.4769721  24.41626459  106.1674791  390.953764  55.25126817  223.3978449  -141.7792432  419.7615886  -122.8220152  -5.511617771  221.7717037  264.2131418  44.44881468  319.1940941  199.3786827  120.3750419  171.3518459  
167.0147486  458.5730014  268.987774  0.834157742  67.15197044  219.3853812  156.2014653  710.0601323  45.08449141  15.98484368  694.8146273  89.41403835  -92.04943121  389.5234337  22.27071481  110.1663663  385.7493968  55.6040629  235.5217494  -174.345707  431.7485898  -112.8388081  -8.407516529  246.2870601  260.2537228  45.26425993  339.3768921  204.7435028  136.8460298  172.8000386  
164.2020688  462.8521571  272.9274453  4.769862262  79.14199427  216.3269733  149.0367006  716.67887  39.82398362  20.17055537  695.6617178  87.8932633  -82.42321674  393.993758  9.851047404  89.04966687  394.9128151  56.688046  230.1344644  -173.8794481  427.8726396  -105.3113455  -22.9175186  245.4933526  250.8061625  51.3894969  340.5373652  204.7649516  146.4299736  172.3707577  
169.4435378  473.1141978  263.1647082  5.593960614  75.88682503  216.359951  151.196231  713.9645282  31.35752734  14.41121105  689.2640241  78.92236571  -95.19542576  398.8592986  11.68354367  97.82067737  384.9471802  76.01528769  216.7576959  -166.5458052  429.8017101  -103.7671547  -14.70533148  241.1065741  259.2571717  42.79244579  347.499965  202.3903463  136.1698763  173.3403165  
172.7746246  478.1902391  270.1993931  -1.686005824  86.88224695  212.2249842  157.0299282  736.6069146  33.76458489  21.55211109  693.6495149  81.44904932  -91.37164375  394.0508349  9.595039572  94.39569399  379.074794  67.4036692  217.6253452  -161.5579755  426.9917128  -109.7630791  -25.82091828  242.4793238  256.9566804  46.57701214  340.6405776  198.7871658  145.4200822  170.2839216  
169.6704048  472.8780123  270.7318188  0.355337911  83.29638119  212.3903584  152.8449068  721.0734787  38.05158803  17.61651785  694.9374831  82.08997659  -90.1619372  397.1560373  20.74395421  106.7749016  381.2836406  55.95926066  224.2490174  -165.9202242  430.9172652  -112.2333268  -26.0494895  244.0123954  257.7286119  42.614291  333.4865521  204.2122232  131.9786323  176.2855039  
167.5883482  474.2578091  266.2617467  -5.368056815  95.40332144  222.5525647  158.3017116  726.2828747  38.03351455  17.33504992  693.459617  89.21719885  -95.98451783  396.4336886  13.5711352  109.6012976  378.564821  63.42665076  223.8116949  -166.9994846  436.5188127  -112.3695398  -19.76323419  247.7851665  262.034907  48.93750878  335.6944399  202.5255196  148.676506  172.5816597  
168.110225  472.7226358  265.6239817  2.528030371  94.4938228  221.3331387  165.793016  712.4671946  40.22044403  17.76043544  692.1421662  72.43261453  -94.92920907  393.9661848  20.37986843  117.7734549  374.0814738  57.70523288  226.5460154  -155.0597328  438.6169728  -117.2522715  -22.09300025  249.891059  264.6378351  50.5585021  326.0556725  207.9847203  140.8172996  175.1935273  
166.2303888  471.2084853  269.4852397  -6.504723115  85.01014193  212.5722731  162.4818394  709.6637274  40.04874028  9.486763481  686.662935  80.1381145  -105.2705831  399.8653401  27.00570838  121.3961355  377.7459302  44.51147669  234.2850767  -158.8556699  437.0487978  -117.9631543  -17.00307637  246.4339935  265.4810242  48.08496476  323.873536  199.5417201  142.9719974  177.8065547  
170.7907686  481.3316764  270.1298801  -8.685471539  94.87089104  213.3290544  178.176423  725.0286842  39.09070569  13.96277084  685.3603409  71.03603034  -112.6745389  399.483899  21.6654686  113.4578356  378.4293515  54.81258069  228.4301732  -149.4679185  439.8365089  -121.9898203  -21.06580396  242.5271569  278.5166194  57.6941847  313.7807073  198.7597234  145.9722879  176.9131962  
167.8165246  474.1446022  267.1031005  0.8374386578  109.0112132  215.0352585  160.6330864  720.2639573  26.53120168  13.89882479  683.9815011  71.48412236  -104.0324638  398.3043028  2.510232568  127.0938927  387.9673832  79.29865008  224.5242719  -139.5766816  444.1260997  -100.4645433  -14.73113712  240.3316029  271.1000573  53.74166027  341.1878356  206.0632238  147.8866065  173.0894924  
163.993032  470.1795352  266.6803121  7.843448014  88.3587764  209.1143144  150.8647076  708.0753624  36.06291346  14.42411248  681.7442398  92.66752838  -110.2774469  414.6341862  10.2941557  113.5538174  398.3619543  75.26656908  219.7683391  -159.5399376  437.9570926  -93.78044276  -9.877730257  242.8122057  285.4476582  32.9126994  344.918596  216.2486338  139.441915  179.1105906  
158.0461444  463.5467662  257.8205807  15.1071558  101.5911389  214.8639478  142.178415  724.1284814  42.15214422  25.68530963  687.2343447  108.4518853  -106.0571445  414.6448881  -4.930162538  104.5900353  416.887937  84.20427144  243.0061907  -161.7513376  427.1923221  -87.14792853  -9.705169722  224.5001699  281.8790634  49.72785541  356.5480547  216.8248669  156.7534327  165.8811833  
163.054701  451.0366666  262.0283164  14.39217673  82.71328417  201.5700307  132.0352981  718.6379799  37.66796887  13.98953601  695.7832492  114.7801457  -108.8552878  432.3708632  5.086647385  101.0926929  419.3021822  84.07685881  230.2188124  -181.6969742  423.6121279  -83.84465155  -19.69041459  227.440678  282.9986194  45.52819765  353.3624995  228.0403324  144.8893427  172.3981077  
160.7976869  448.2492655  254.4505232  13.97200326  104.9330037  212.9122587  129.8173352  733.3258861  37.15349301  18.19712908  706.3775484  127.6423983  -102.0792527  431.794191  -9.961829905  96.36224149  416.7227216  112.972425  232.5668122  -193.1740486  418.3951506  -82.30652639  -26.82604699  226.7827329  281.9734466  58.0403868  369.6098064  236.8166944  160.6160532  163.6785567  
168.3099049  432.8740199  260.3418765  14.95682392  68.90839817  205.3319296  116.252903  708.5327889  34.89032548  12.59498818  695.817799  107.9751733  -105.2560443  439.6800398  2.792336104  98.30469837  420.5417513  82.614233  237.3091233  -189.6084745  419.2344138  -82.95841398  -17.7572071  227.1356968  276.814676  27.50967834  365.7244677  238.363433  136.3526083  169.8731779  
168.6210266  448.7967842  264.2996226  15.83556749  76.19355941  212.8468327  120.0094879  710.8621784  30.73983665  16.55359732  689.7291123  101.3681139  -94.93499991  429.4640511  -4.252267656  90.267974  413.1915571  79.83750563  226.5233827  -178.6668704  419.7747748  -86.84951205  -14.6039944  234.0071433  274.3027313  26.82725899  359.4522192  228.7267697  142.6075817  168.3738547  
169.8664589  462.818514  258.3675219  14.78993522  87.25728708  213.3965312  123.9191202  704.9901594  20.70676819  13.9652228  689.245123  71.43354484  -87.58534216  418.6950515  -3.055924874  91.1969389  408.5558024  78.42288186  222.8983162  -165.0099719  421.112383  -88.81523307  -23.15642425  241.2165123  262.2427475  32.22961005  345.9620405  222.6229345  137.2957643  170.4351971  
169.1269509  463.0882864  264.2527056  16.36855024  83.67480872  204.1295794  123.4623779  708.2012289  21.63538901  10.57652328  683.0519138  79.9641615  -92.52503462  425.0719668  1.176481805  88.2456572  405.1275742  80.11794901  218.8458213  -165.0109118  417.7254041  -98.44384338  -23.80171352  239.2545986  265.2981956  25.16513153  340.8449449  223.6838267  141.1153517  171.8513908  
170.9298764  458.9671227  265.7701664  13.09115457  88.10893746  208.9223905  116.4916913  703.2607642  25.08988524  16.38515474  688.2096814  94.34973459  -99.03563099  426.0550395  3.469346442  93.75803555  408.3280248  72.23395607  227.1114249  -176.8471115  422.090552  -96.53996261  -20.95838903  248.9696612  267.0656986  20.30361531  343.2663289  231.0237785  139.4935385  180.2668515  
169.6381537  460.5948682  271.697725  17.52399957  77.85527483  210.5522381  120.3594732  703.7448453  31.12268496  15.90136914  684.5963363  87.85411427  -80.06215854  427.6106966  8.087750623  91.70926525  413.3344407  73.03173331  232.1989281  -176.5335159  419.7306391  -100.7487918  -25.84540899  244.8085694  253.2038914  28.7209764  341.4570498  233.0826181  154.0825519  179.0606584  
168.4953825  473.2954665  263.88896  12.55975454  73.21706123  203.6364958  136.8856095  710.9796142  31.81083694  7.414166025  680.4614406  74.50310574  -79.91095569  423.5038383  5.091916299  87.20222043  400.9908373  70.11890923  221.4020782  -163.9745476  419.499502  -105.5753549  -26.55460216  242.7835062  253.4306068  31.6614565  330.450156  224.418471  151.492253  174.6393178  
171.3803942  471.231244  269.4210487  16.61787293  72.45925749  206.2979143  123.722968  699.9278295  34.23779285  9.021470093  678.1423965  72.57618943  -87.84444456  428.3653975  9.085983166  92.99128634  403.8185483  62.86483223  221.8172344  -164.2818411  424.1047287  -108.2593865  -30.73021226  251.8102754  249.0222658  16.55679537  335.240191  231.0666046  147.3777703  181.4678331  
178.2493531  483.0220734  272.7587964  4.190095203  81.57006615  214.543257  156.8352177  715.3060032  36.49206366  19.22257832  686.9091885  62.21399259  -87.63539075  409.0769023  13.09030407  104.45415  383.5901066  48.92504506  224.1424865  -145.810526  429.4772798  -104.8740103  -28.95570532  242.496321  260.5676503  34.38805255  321.4101163  220.4658052  148.7163948  181.7963447  
175.6541849  496.1379551  272.6024848  6.642355114  97.23813116  203.3549995  164.0207244  722.3327645  38.20946834  26.68696206  688.7182436  82.48836542  -109.8606565  406.6914117  8.548219449  123.6240728  392.2711102  58.55840724  223.6142822  -144.7037754  432.1632518  -88.23865271  -24.68170627  231.0072282  273.6733386  35.62467323  332.2774147  204.9154541  143.6798862  178.7736563  
178.6010177  490.5389411  275.0578162  1.203203902  67.34656759  208.1060519  163.9641525  703.6756216  38.95554694  21.30459762  678.2471028  73.71180189  -95.35891501  402.5203842  33.43253188  106.1009553  377.7151955  26.74746723  234.3902351  -148.5324074  429.0660628  -113.9024249  -21.97836087  242.344026  271.1614632  25.36346411  311.7084406  207.1245374  136.6635749  185.885699  
170.2867486  494.0336079  269.3207637  -2.336909267  81.77785338  211.5614308  163.6056451  714.4425997  37.73648807  27.50161956  679.9747224  69.10595047  -93.2725561  392.4706578  10.20148502  105.803106  388.7509849  40.93027436  234.5484048  -145.7293807  432.0578933  -104.58735  -6.846007823  238.5053868  274.7623332  41.76132795  329.1040358  193.2118439  131.8224828  172.9706936  
170.6891617  491.777492  268.3991816  -5.517420303  75.84543734  206.8989045  171.7590667  716.9695683  33.87236195  17.21508048  681.9061465  69.19572148  -101.8434389  393.388659  28.73950632  107.176205  379.8570117  27.30388051  242.6377552  -149.1209392  433.2545488  -113.7144866  -15.93925744  231.9776561  277.8510522  48.18930782  314.0592028  193.2619089  130.3018575  176.165706  
168.0096983  491.3037922  263.5304748  -8.779448397  93.04388737  205.2210966  182.1980093  724.768548  35.95030325  15.63683515  679.699202  71.12570006  -97.09740037  397.2476032  15.27572245  115.6047853  382.8826314  49.90865777  244.0073561  -135.6471981  427.2973064  -116.3874983  -14.92124829  229.0458752  268.3496325  63.2217192  320.921586  193.2282578  152.0969946  172.6966913  
168.3221582  484.5744946  270.0601295  -0.6618795257  72.8936385  195.451561  174.2113692  706.8246941  40.36314919  7.957955852  683.900252  82.9063687  -114.5991631  408.6662501  31.78199664  122.2878123  381.851689  34.57876164  238.4698585  -154.7313007  440.9790263  -114.1899748  -21.12591012  238.7205368  277.0531532  46.98951151  312.328441  199.584559  141.2604657  184.1116169  
170.4953453  500.9629541  258.3947616  -9.839869816  78.04045149  205.4442804  177.5156725  710.1738577  33.40480951  10.38868194  678.9642808  67.81376131  -98.26196099  397.2771562  24.66621595  110.0892519  374.2089205  45.35818392  233.8546868  -142.3544233  431.9829754  -122.8584963  -11.32321632  239.0579377  279.8420074  50.9900181  312.0044616  198.9331317  135.3018054  178.3570402  
169.7804421  496.0601234  264.6212113  -0.8810877076  89.64883547  209.776911  173.7696413  718.5913479  29.96021129  18.34693051  675.6142242  58.93975085  -99.31452664  389.243355  22.41441154  110.2071383  383.9259439  45.13607566  246.8868803  -126.9030768  427.0365233  -112.3211584  -15.25381592  222.1512819  271.9032966  55.41244723  321.7283722  187.0636038  135.8957133  173.2023242  
166.8346389  501.4739  249.3029033  -8.595694249  93.22240966  209.0809467  179.7925813  721.0967573  13.71737123  6.130783995  670.3791883  56.58538403  -89.3439967  388.0549805  20.25766502  110.4614295  373.0063379  57.5270308  225.3319297  -128.7952319  425.1557154  -116.9323771  -14.51839437  224.7598209  267.2437176  55.46140913  312.7798648  178.8556569  135.6030313  163.1030902  
168.5368688  481.821172  249.56873  -2.056525531  92.02807269  235.5798413  143.040857  711.4965658  23.31195696  15.7815758  687.1459046  60.31808424  -76.55440437  391.1151562  7.958519225  105.6309143  383.0357941  68.97307144  227.9971066  -155.3127655  436.2505146  -107.6292728  -19.76280726  248.4153294  257.4967294  42.5679443  336.5628467  206.9456923  138.3558063  167.2791377  
175.4943482  482.5729752  264.2364882  0.9470656623  83.91772556  215.7331101  147.2672089  715.7004764  21.91153148  16.3723142  691.772061  64.98614851  -89.75881825  400.3228167  14.41424147  108.2381147  381.8832696  50.23450875  217.7436921  -150.4196607  436.8081105  -105.2807793  -25.43228519  244.1634931  263.0892787  38.07858214  329.6219782  207.0978455  131.243077  174.7950119  
172.5029687  488.4798404  266.0537838  -0.7231059975  86.47923895  218.8786877  155.2224686  713.6715566  31.06400793  19.28345363  687.9874895  68.17752676  -91.14140098  398.7210205  18.46863887  113.1276251  383.702132  53.40840161  230.6135793  -152.19734  437.8758842  -113.607507  -19.79442477  246.2717745  271.7515167  42.63583988  327.1169932  213.9365532  133.1064957  179.076821  
173.6989058  482.0388293  272.4861818  2.566812624  87.13097904  208.5503096  153.8699549  713.9354566  26.65119788  18.66336026  688.4671766  66.45709645  -88.87977254  395.7769864  19.62250379  116.5805232  384.3585917  46.53874838  228.4504362  -144.8092917  433.041117  -110.4757394  -22.0886492  231.6999762  256.1985681  38.13546475  328.2689855  212.1467118  133.7786959  180.0147814  
168.1437492  483.1901553  272.2044849  3.945473832  78.14695246  207.1845565  159.8545473  706.6396979  33.39002981  20.62376026  691.6526745  68.59068397  -99.09358801  396.9101978  19.63409756  113.4016977  385.5207094  39.4259147  219.5848165  -147.1809651  443.6976772  -107.1900272  -16.61279392  245.7047479  266.8530223  38.25342289  329.8051496  211.2259199  128.9225077  184.1782568  
166.3451604  494.2548757  268.3568629  -6.042931173  81.01459877  210.3965518  171.5964604  732.3593938  35.16461938  21.71131938  687.787898  70.71890288  -82.82416715  389.4854344  13.43579367  111.8438131  380.4890654  46.99183404  236.739473  -140.7109682  440.7495995  -111.125865  -19.0365692  228.1091469  258.0486941  61.0254105  327.1505754  197.379256  154.768522  172.5708441  
169.5966664  498.5039132  272.067493  -7.000582699  81.47516779  216.058953  166.1577487  729.6438992  34.67318954  23.73802038  687.1600543  72.37447403  -79.3986663  392.1624908  8.551841404  109.6714241  383.1229719  53.32863468  235.2549445  -142.5325889  442.9607605  -112.6491765  -13.74933208  234.5829861  264.3434658  53.8388338  326.7892367  202.3859906  155.2274788  173.1327695  
170.639284  496.6784905  272.7915581  -3.922349772  91.82840672  211.1396141  171.4849781  726.9183533  32.41872599  26.21778252  687.7402524  62.65063588  -95.34405505  384.17005  14.85451762  114.1978274  377.2783026  45.31361015  230.9460258  -130.544876  442.5314291  -106.9258965  -21.76141991  230.7465496  272.7710657  55.67966408  330.6066186  194.2627818  133.3284218  172.2565417  
169.6665188  491.1912642  271.6275594  5.687089728  80.69867022  203.9199992  169.3238698  705.0838043  34.59854594  26.44892759  682.9745496  58.06653899  -112.6195499  389.0714141  20.23470585  112.0026395  381.5804454  35.32154814  224.4667625  -132.9058666  443.0618891  -108.8455818  -10.39990454  232.8910484  290.1504638  42.80821737  327.2849856  203.8190016  104.1277405  180.1243863  
163.2577657  491.3987365  260.9200704  3.722386883  91.75130627  208.1418709  177.0585701  710.5279631  34.75819565  25.1494749  680.8956823  62.11860968  -103.0483318  386.6480234  8.053056532  115.1592099  397.3787646  64.34279057  237.3906423  -129.8229597  429.6500726  -102.0823371  1.068266338  223.4801562  273.1630814  66.0921124  337.2591619  188.6856525  138.5973359  169.8541356  
163.0947248  472.2508045  255.7344067  4.749435879  84.08183073  198.9571315  163.3447356  718.9029267  21.53644321  14.68439416  684.7818274  74.1789398  -104.3985528  396.9300289  9.925003772  100.070457  387.4280218  61.86181378  220.1685914  -150.9292678  425.0068416  -92.25872104  -10.65387318  217.3395716  264.9188091  56.57675663  334.6544648  191.9085004  136.4291895  165.1889814  
160.6819567  458.065627  254.6298637  1.143498639  102.8339061  214.6858437  145.6473017  734.5886272  27.74414734  18.68713228  700.4884773  96.52176777  -82.34958584  402.6014017  -4.878081533  94.42140303  394.2984344  94.32553037  226.8606958  -179.0015948  420.365514  -93.98076192  -23.23251636  228.5683056  271.6374305  66.6863659  356.1351212  215.1017071  150.5577917  159.1311116  
164.5823678  449.3044546  262.7727517  1.68419799  92.97264963  214.2144775  133.4507671  726.8622681  26.69947922  13.41253564  703.2292739  103.1343579  -89.02827345  413.7776197  9.68498264  98.98702051  393.4641891  88.92498162  219.8491147  -194.854787  425.9501628  -95.26513207  -31.28215889  239.7266952  272.7291288  55.42935322  352.4020368  223.6800222  139.5580692  166.2608224  
166.8103187  460.4717449  265.5772654  -4.012968522  99.22197588  216.5959052  133.8638269  739.3376729  33.68290528  14.77188927  695.8185643  106.3626075  -79.93065969  417.6005954  2.863218628  96.75787939  395.3673768  91.15003214  220.5732704  -189.8645301  421.3443733  -104.130113  -28.63184834  239.4158844  273.6921685  49.36393153  345.7378449  224.6147913  148.648792  164.8570027  
167.23644  457.6698514  264.5138996  -3.989244343  95.45252941  209.8090504  134.7955971  734.7542334  33.15716276  13.30954968  699.8553064  108.7311056  -96.0216427  417.5076902  5.741208729  104.106987  387.6406883  87.89643159  221.7133008  -190.1232033  427.7318409  -103.051964  -29.89896547  240.2806518  275.7055951  50.0850468  342.2286697  220.4243178  150.5325418  167.1568941  
173.0270872  463.3372212  265.4591607  1.086838137  82.96374117  206.6038951  130.1212971  720.2619429  30.86589377  18.75402501  695.1241306  90.47729188  -98.65226307  416.9981724  10.5369365  100.1070263  391.8291883  69.87462348  223.4681547  -178.0829142  431.3941328  -106.878301  -29.64037266  244.75592  269.0997547  37.51805138  330.2788543  224.8871032  141.212235  176.2899786  
171.8508581  469.7761108  266.4555467  11.34486732  83.21681591  210.3520302  133.3945932  716.9614556  29.59222924  16.98623623  694.7284825  67.03581248  -88.80918557  408.9374546  5.032088945  95.00742239  399.1656066  65.5855066  219.1943206  -162.2738162  430.4341239  -100.4188119  -31.23092371  247.1514912  250.0666695  38.50771518  331.4559968  216.2524536  140.7548752  175.4677851  
168.0304287  481.0186568  255.548546  2.631857206  93.72701738  213.6720556  141.7421162  726.8505519  27.37171317  17.68384918  691.133328  72.95072314  -89.06343035  404.3132256  5.065071983  95.25780546  391.8503628  77.85003584  222.7453701  -163.918546  426.7516784  -104.5334512  -30.14827237  241.0587784  261.3828189  53.52864392  334.029409  216.1229751  152.1571288  171.4689817  
170.5444844  464.45846  261.8722859  -0.6996204114  89.26232919  209.1605172  144.1247293  720.2139717  35.34914448  19.37822343  693.6344721  90.41166532  -110.9232397  411.9461132  15.36160577  103.9282169  390.5918092  67.59710352  234.7567383  -172.7431423  425.1655419  -107.6073578  -26.5872766  237.5011123  271.1685004  43.00538631  334.260335  225.2113636  141.2877908  179.4790034  
170.8041923  459.5334703  272.3619101  8.597655487  83.44387413  212.6389181  138.6798226  708.9420978  38.03440811  19.95847244  692.4974738  94.26020554  -98.85602005  422.2940457  16.38608957  109.3989928  405.030902  63.40939568  237.1634432  -172.9741229  427.4144439  -99.65460982  -27.4262682  237.626609  268.8398062  39.74115293  342.1146947  227.7338985  145.9786278  181.7458776  
169.863881  478.7898608  261.8478247  4.911127734  85.56569549  211.6712024  156.0331766  724.1159642  32.79729861  16.06017335  686.862008  83.88886491  -84.93223253  406.2003513  7.542226404  111.841193  397.1929192  67.53417341  234.5865207  -157.0887033  428.3792298  -104.7903568  -16.46992826  237.2991876  268.7437416  45.92793592  334.2326537  211.7858721  147.4402398  170.1027235  
168.7580152  474.6882073  263.7369547  7.36343934  95.43805107  206.3179004  143.6858653  714.0477734  32.17132466  14.380656  686.6360523  84.50179207  -99.16901441  414.0776606  5.385400057  109.9460654  397.2292772  66.48727638  224.6787112  -156.234235  429.4917316  -100.0516663  -21.72199161  241.3967644  272.1096732  31.2698559  338.3220357  217.0446065  139.2154023  173.7725807  
169.2736589  466.7464336  272.5401427  14.37362958  75.7132416  206.1271458  147.2130762  707.6385755  44.55228178  16.80505708  686.5544011  90.8572233  -105.5256019  417.7867983  17.30749073  104.9009771  400.3799466  52.73321936  226.9748595  -162.0142338  425.8238815  -102.1177176  -21.59177464  243.9009906  276.5970545  23.6758548  335.7562889  218.938316  134.673503  180.9771307  
170.0359711  468.4004264  269.4502737  8.825170934  87.09762882  210.1153135  142.3657783  708.0173547  38.03830174  17.28433366  687.6235674  92.8602632  -105.4873944  415.2788864  13.42523016  106.7073364  405.1263293  60.876928  236.5795696  -159.5095309  426.6797121  -105.792154  -13.98321638  246.2570507  273.7089085  30.63870587  344.9896813  215.7374183  140.1774837  180.4249493  
167.2694548  471.3665638  267.3756423  8.889983622  76.1613099  201.8984626  157.8780627  710.9885984  38.18714303  12.90455869  684.8314581  78.50004268  -110.524485  407.5093629  18.39103649  105.8246474  395.0262917  49.70505267  234.1824908  -154.5775401  424.9756029  -103.5775708  -18.62078289  233.9033021  271.0644435  35.09294705  329.8217187  202.9895521  139.5109781  178.5887631  
165.4395207  480.6289764  263.4154935  1.300290068  72.21431027  208.6518467  162.896447  722.0509481  38.55652355  19.31215175  678.7470986  82.57123994  -104.0595124  400.4187668  12.97570545  103.522116  391.7355398  58.05578003  234.6676357  -151.9008396  429.2259951  -109.3708834  -10.96428297  226.9655776  279.5632518  44.2659564  324.3893791  199.256546  144.9037912  170.5510399  
166.4531927  490.6712836  260.786913  4.610138005  87.54862977  209.7371272  167.6792978  721.5464302  35.21885054  20.43296213  682.9054364  69.70167948  -100.7065762  394.2812986  12.08831226  100.5657396  390.1428844  58.70061834  234.4537518  -143.8477986  425.9225087  -110.6980505  -13.40414906  233.2628914  266.4575913  49.66265727  324.2450113  195.907165  147.689831  171.372499  
165.8457616  480.1119257  264.9437846  3.484156869  83.09141647  211.3875808  159.6284189  712.2260056  34.58798883  11.53627381  682.5763906  85.5614473  -96.64350927  399.2703453  19.36580416  100.8439945  390.266453  53.58745056  240.5754313  -160.9876565  419.1677074  -111.1456306  -21.04985345  234.2735987  265.4883184  43.6254845  328.6489021  198.7998868  150.7737995  173.4774343  
167.7617049  485.0740844  264.5233688  2.814993823  86.56973861  208.2788407  164.4951215  718.2073917  33.77125764  12.54759534  685.4786384  84.3424026  -93.43985579  405.9433364  17.68600535  106.9695373  385.9409794  59.94429147  231.7080183  -153.6902321  424.1953633  -110.8716862  -20.76903189  238.375488  270.1150439  46.93682404  327.1747267  207.5251182  142.7581327  174.0732547  
171.6024046  473.9208608  266.6454791  13.74258257  84.66276324  212.9264501  152.3716514  705.2254735  32.87511016  19.92851207  684.786597  81.40426216  -92.66390011  406.2132803  10.85927681  111.2489556  398.3414297  51.76139635  234.4508077  -149.0505423  431.3208671  -102.3260203  -16.43879477  245.5808086  267.5783967  32.68353087  334.6320607  210.3206173  139.358052  175.9946977  
170.3259237  482.5711063  269.0469174  5.18244946  81.4167335  206.9783964  151.3109465  709.9001308  31.87460612  13.06532832  677.936237  74.40694311  -101.6448169  412.5370145  8.933617478  103.7803774  391.3099935  53.75842423  217.1330291  -145.5754007  438.3997434  -101.9355455  -16.15305494  242.2935564  272.3627562  30.71020042  328.1347195  204.3422807  138.8522243  175.319456  
