74.32629857  533.808389  -26.12205483  57.2889621  158.8809501  357.2131787  116.2355385  549.869002  131.1276052  221.5581864  565.2948364  131.6516328  32.77153741  454.5865656  -31.76615977  -113.1187063  522.1290337  89.32287995  274.3339319  -260.9545885  349.6939415  -51.47148535  108.4943064  244.4314093  167.6448969  14.63808244  444.3870786  252.9817717  125.4499091  90.97298911  
75.03566071  543.857582  -8.984539868  73.97420413  156.8587396  350.5703334  121.7474784  547.4010707  128.8768556  217.4741907  576.4922906  134.6372312  23.71109181  447.841741  -40.95701267  -113.8808621  507.1389125  88.33124025  265.0494038  -260.1266041  339.4203734  -73.94531254  107.3020731  292.2496299  130.9855334  58.24205899  422.2243349  238.2803385  109.7900852  87.43057147  
68.35817814  543.3194166  -9.261509428  87.04041355  161.6846995  351.7339124  120.5155666  521.915735  141.3389924  222.8011411  563.0285931  135.499052  14.43490392  434.3358329  -59.31972798  -120.5102294  501.04062  81.15667684  280.780239  -260.6450235  336.9673258  -66.84004818  109.8429697  279.4369061  136.2987799  42.49290263  402.1494697  237.8343699  87.34855424  87.17239101  
68.96160238  543.6847198  -16.8733372  74.37749364  150.2491085  351.9933578  117.2340243  537.8769536  132.1496782  219.9243295  561.9276214  116.1227001  22.72029816  453.0013052  -39.77315161  -119.958395  508.459444  90.14012521  274.41144  -252.6240804  341.2369002  -67.04301384  107.4998003  258.5394495  143.4699719  26.73493461  414.9434128  247.8905423  95.78772112  88.68740836  
68.8475167  560.3943761  8.602318812  85.45325754  146.9581352  342.235133  131.7066142  520.7855339  123.476915  213.1552206  567.5242182  109.2319907  29.17160681  436.2062648  -51.67457149  -129.2412625  478.4414847  82.9747598  282.3965092  -238.4472518  329.9288542  -66.95097216  127.7526702  261.1846562  117.1244615  73.81784712  399.7385125  228.7881765  87.1791045  89.90831575  
67.14566368  525.6993138  -12.33452391  83.6840633  166.3003202  334.8702239  120.5418794  522.0214013  141.7269696  224.6720599  571.3765535  138.0227305  1.111775992  435.6908222  -63.81365283  -124.9883518  503.1699883  86.75905295  301.9080114  -264.2173812  337.7373444  -27.76482111  103.9287781  241.2210752  165.0346643  -1.820567134  434.191275  242.9699813  94.66757815  88.63268878  
71.84091056  505.9173355  -44.57006601  79.77839389  144.8940609  352.3915111  112.0222301  531.0881303  148.8533986  223.1128543  561.4582566  153.9877688  24.9949227  450.4970956  -61.99310607  -131.6671554  529.8253357  96.09221837  290.5556466  -278.9492306  354.2475423  -23.74195226  100.5063206  215.5642547  169.5771787  -32.67841998  436.8952539  250.4388791  101.9340695  86.91327908  
70.22582392  526.0375465  -21.44448656  79.18884988  156.4373595  346.3885859  121.7852318  531.3439389  140.7991664  219.6216926  562.2126963  139.0421324  24.44833387  443.5747405  -56.02060052  -123.9197475  511.2763763  84.77106118  284.7455686  -261.3056005  341.0842733  -53.5433036  110.986942  255.0854065  147.7529783  21.48054119  422.4992152  235.2645677  103.0893002  84.9516429  
70.65672009  533.0973893  -2.784221451  85.07088288  157.4502793  340.9725928  130.569097  528.9731267  141.6701615  216.4759276  567.3147845  138.2011992  25.23770449  436.9738296  -61.27091978  -120.9525291  500.0189354  74.13896303  298.0965871  -256.8436265  343.019946  -51.02759135  106.82045  266.4865681  134.9767694  30.16145779  410.1958568  237.7661803  95.00317233  84.59827134  
69.74278823  518.5928039  -19.29657249  75.05589901  158.4503395  347.8870777  124.2282972  526.7497868  141.2575142  219.1809728  556.8032862  133.786847  31.19660201  443.5979251  -55.49276314  -123.8559751  509.6409607  77.68721377  306.8246036  -260.8074916  341.2255981  -39.4768519  106.9173524  239.271942  148.4900435  -1.304523726  427.4331833  244.7670705  93.23030522  90.01769197  
69.2180421  518.1928005  -20.67594289  75.98868176  141.0883805  343.7250566  120.247487  535.5878309  142.4812034  213.2241565  572.8362713  131.6934255  32.16534839  453.6890113  -56.75431442  -128.7851316  513.4860558  79.68387002  294.6411333  -259.1031777  348.6335539  -24.74349052  111.3152141  215.9151722  158.678329  -4.441436133  430.6722975  251.8342244  101.4570205  88.01871874  
70.28841105  517.7387596  -26.25867129  78.61856528  150.6585396  346.1206403  117.2280881  530.9681416  156.4849723  219.8085264  574.032518  155.2470318  34.25864012  445.4444332  -70.25242582  -135.060023  528.6632309  88.2462369  292.8593907  -275.33176  347.1082613  -31.96517393  105.9812961  237.9307216  155.2148546  -1.819513795  422.9433468  244.1133207  102.745675  90.37890102  
72.630555  525.9682033  -19.24209461  75.92971584  158.341619  343.0556583  118.5671046  528.9044719  142.7973141  219.2748283  568.8979785  142.8225684  18.78717946  441.2346079  -56.41404345  -126.0789696  503.7010629  91.11361348  301.5987629  -272.5615266  342.7459177  -40.09534219  90.20012331  240.964811  153.3105786  -9.375111458  430.5302341  243.2834767  89.80155758  88.19161256  
70.51868112  537.5918613  -12.13797805  84.7767651  163.0839447  343.524403  122.1492598  538.7634964  141.9027496  228.5557511  552.0942638  138.7308887  29.21819613  441.205992  -50.40440313  -115.7080783  499.6854557  84.05300367  283.9654125  -267.2893169  346.4931976  -73.69012365  104.7781522  293.7368462  130.1041568  43.95860239  408.7642918  241.5682394  98.91258512  90.78751753  
67.41848378  546.4303954  -14.0351518  86.90438034  153.8933951  347.7347724  123.9921877  520.1038949  144.9058873  227.5251928  561.1512283  135.4085239  28.16132898  440.3068572  -53.97104518  -119.8972845  495.3404014  94.83972396  284.5978518  -264.4408471  344.0554776  -62.92606974  110.045088  257.402454  131.7267014  34.72370428  417.4970116  239.0962655  90.97946885  85.76487243  
72.37058097  539.2850531  -13.01577027  78.24499338  153.3656586  345.5792706  121.3292765  529.9161703  130.1342648  220.4209017  557.0076545  133.6950131  35.19601619  449.0107281  -42.95662548  -123.8050939  492.2542902  91.39888228  286.7128172  -264.2923331  348.5653777  -67.24683686  98.39483116  272.1534857  134.8396031  39.44539122  415.8200867  247.4764399  91.78232632  88.07054659  
68.15460759  558.5969123  -8.269837127  83.98582016  150.663613  356.2209779  116.2920678  534.2913864  125.9701093  227.4452883  572.6243155  132.7768123  23.00343481  443.4798328  -39.55313068  -126.8729742  501.4307201  89.47312128  277.7618021  -261.740506  343.7155044  -68.70833052  111.6101459  281.2302599  135.1388561  63.24640286  408.8507969  243.1304892  89.91418752  86.78917528  
69.06953705  565.6437058  8.213380601  94.37621698  159.0901831  345.1403818  136.9548049  524.6554516  124.7324889  224.4707634  557.5863536  131.3785739  28.6010068  425.9927088  -41.28640935  -115.2342143  465.817039  84.43144059  267.9067105  -253.2144344  336.4180813  -94.79820398  104.226366  328.064751  87.40581949  97.25386113  388.5580557  231.5624937  73.87860413  86.19303355  
68.88117213  527.3704002  -25.49456007  78.45075799  160.6226691  359.1051655  117.3760122  532.9665425  136.1890094  234.8073715  558.0728934  134.0369534  34.77062217  443.9680165  -48.02034194  -115.2414405  501.4442  90.46001633  287.3900181  -266.0928601  337.420801  -50.56475476  102.1733296  252.709273  145.3777216  8.743845589  442.3535114  248.3792829  95.41456866  84.12957406  
71.98559588  532.8101198  -22.11981699  79.68161479  153.371648  355.7938126  131.4889007  527.5290615  125.0228925  229.2886572  552.5408567  144.0302483  54.38703477  442.3069966  -45.07922741  -123.6619173  492.6048444  90.69810956  278.2728482  -269.1637366  340.8656469  -68.36697906  103.5796476  276.2399484  114.6994791  46.07422331  425.0820789  239.7787081  98.19396937  87.19970016  
71.17567079  526.1609307  -36.47975825  84.06734274  143.6060696  348.9500794  113.8224449  537.6081449  137.9172714  220.2605179  563.630377  145.192252  25.4697562  452.1820651  -52.01433987  -124.4440827  526.2430284  86.06646215  271.8272229  -270.8665787  365.9122919  -40.80388002  115.864103  242.7546172  156.2870366  20.12041662  417.9884884  249.1929582  105.0958706  83.85944352  
71.8529509  509.6011327  -52.04042235  72.40560542  135.390693  350.5830097  104.3528704  542.1939573  154.177854  229.8425227  562.885386  154.9426367  33.69160828  461.1515109  -62.24851438  -124.5588014  553.1328227  91.27474059  267.6451734  -285.0541065  361.8137838  -36.68269414  123.1742759  222.2830175  178.1680577  -3.297763325  426.5771106  250.6361223  120.4846501  90.92616338  
70.48732756  530.3592005  -23.03294081  73.5448376  154.5959779  350.6807468  119.4191665  541.5888074  149.2316109  240.2301769  558.5763777  142.820622  38.11494993  449.4268252  -53.87221779  -116.4602031  515.4959537  92.79959441  264.4834553  -271.8995778  330.4412419  -71.03938185  109.0510709  277.4643775  130.9026268  28.23630634  422.1208621  242.4214486  108.2584053  90.43591822  
69.30848514  543.697313  0.9756343483  75.82366005  160.684337  350.7300685  132.9587634  534.1008683  132.0654632  217.8877347  564.4750962  125.1135419  29.50083194  438.6358732  -39.79747688  -116.6214503  482.3500322  83.77088425  278.948445  -250.0243766  333.8742321  -68.44529169  106.6243206  282.2326108  126.1286671  57.45381601  416.7800246  242.0096528  97.13079728  88.57535863  
70.99541565  534.7647589  -17.11296734  73.91233367  149.6463869  346.0345309  131.4909669  527.5769787  135.0199538  213.4325542  565.6691143  137.9827215  39.45544696  443.0057218  -51.82526917  -131.4695238  504.5915112  81.72656727  286.2769021  -254.3677899  338.8200581  -51.10736939  112.4443548  252.1520116  131.2814556  35.03952573  403.396453  237.7697211  99.84813071  87.55006023  
68.66782414  528.4121717  -29.48348495  79.0465231  160.9006528  352.7453574  117.4212663  520.4804175  136.4037951  225.4177353  572.9921356  143.0083151  11.50435937  440.2160433  -54.91863965  -127.98215  517.5696585  87.72277389  288.8777871  -264.8608922  339.7157084  -38.58358832  102.1236607  247.9992116  165.8803409  5.823162234  433.6221044  241.2572095  102.3911073  87.12837764  
68.16057532  549.3092295  5.028564282  93.11609334  167.9727558  340.2593881  140.6370164  523.7762565  135.8062656  216.7314911  553.9213236  132.9331758  22.16523841  427.139268  -53.38701297  -110.8435493  483.4692864  76.05906214  290.4294096  -251.680376  338.7529401  -75.22262054  108.4680344  312.446425  107.146372  74.99942158  398.9749923  230.1616029  76.2305788  90.77404454  
69.65284636  522.9786472  -16.56010269  84.37469218  152.7876357  343.4516777  127.7030272  528.6502509  133.760078  213.1038842  565.2583998  131.6444398  28.27072627  446.4683569  -55.76662786  -126.4568785  505.1598813  81.41975237  301.6740977  -253.077862  343.8490481  -35.18702369  109.0673311  229.4971055  152.517981  3.80427847  429.6049262  241.3482893  96.15336661  86.96985815  
68.46477455  525.7180346  -19.79375747  82.17810625  151.1051365  346.5804118  120.6001347  533.6585682  137.7017485  209.0837392  564.6405517  134.6192807  32.56109517  447.4150627  -52.88843208  -131.050889  510.9167724  75.37875308  293.3719098  -253.193081  352.0156149  -45.83650202  114.2710951  247.5488117  144.891708  19.82310845  409.0853459  240.6358889  97.20957116  87.57360345  
68.36294963  533.5299303  -12.38541688  79.33583745  151.2718205  351.6284616  132.0070666  525.0019918  132.8227765  220.9582391  565.9539252  136.2630502  37.76065821  439.4294062  -49.84022984  -121.3288823  502.2054724  81.07869125  285.5306009  -259.5684486  335.9468596  -58.13767723  106.6568007  263.9611713  131.4745594  39.5546177  401.9433902  239.1359433  99.03221389  91.27791564  
70.46626954  523.9498549  -26.57002218  76.5858089  151.0006657  347.4504683  115.5481394  539.4899284  142.4331026  224.2319377  571.07811  139.0220116  24.6449235  448.4455439  -56.08290235  -126.724911  517.8693605  90.67796048  279.8577341  -269.0659444  339.5819061  -39.6233461  107.6340011  235.9369727  165.8979487  3.174267953  433.7401952  249.9164334  104.1335763  91.76633937  
68.78140488  533.2013688  -20.65539722  78.1227782  158.7144808  352.4482583  112.434012  531.2814663  142.0356143  217.8045766  564.7569621  137.2459818  26.76107718  439.0570316  -50.66364321  -127.6810035  505.547226  93.47456307  301.7277674  -262.1729957  344.7258622  -43.24411059  104.2306012  240.7752991  157.6487972  9.707691238  420.5585402  242.7035453  98.81855822  85.16779722  
70.72744312  554.6414179  -1.791827355  82.36599404  173.6468575  350.3039953  113.1788258  536.7459201  128.6082936  223.2478718  570.0926665  127.9931607  6.635191538  433.290794  -45.57614475  -114.4752657  496.6231275  86.69552057  283.7265165  -260.8643857  336.4922246  -66.19194504  99.39754486  297.7276959  138.6996303  50.80615947  413.2931765  240.7612671  88.2673358  90.87359709  
71.54723768  532.836416  -17.44343213  68.10397972  158.0632747  347.0058411  117.065906  532.9745487  137.2118486  226.7447276  555.9433212  126.6597515  30.53273881  447.6905288  -50.26712427  -111.9986728  509.5592772  84.61797789  294.272587  -263.44086  338.8618065  -44.72767753  104.9789493  246.8689287  149.8123195  8.847637954  432.3466785  247.6824398  93.97121466  92.59023047  
72.83216889  540.9580609  -5.673792986  80.44572037  157.8114175  345.6032204  117.6438607  539.9020926  131.4437306  211.7542967  570.8713218  135.3999666  20.38013703  444.7891829  -43.43531508  -126.5644359  507.7319526  88.55262889  287.303642  -259.5450874  345.0973377  -49.58979554  102.6207537  272.5069209  142.3242893  35.11531211  417.2224809  242.5869727  100.3938013  86.85855813  
72.12045027  538.0205384  -11.07314234  78.08132949  164.6752985  351.1288935  123.1436781  526.363856  144.1365469  215.8653657  550.4455413  132.0841988  27.25237409  434.9037246  -46.43348562  -115.9352631  494.2580831  84.42169202  288.4875414  -254.7892178  339.2446318  -71.13715369  107.3825215  277.8278617  132.480855  33.85603392  404.842943  236.1792652  91.848233  86.67181606  
75.68462412  539.934248  3.069855367  70.16455127  153.1855676  341.5186659  122.334166  540.7981292  128.5290068  201.9260999  572.4159395  115.483223  22.27014603  454.7803781  -40.41215319  -123.8675016  496.0931009  80.4904343  295.8209528  -241.3876504  336.9649718  -46.45250668  110.8454012  238.3818864  147.6816685  25.21249405  422.5623891  242.8846847  101.9848966  85.15271064  
83.51677984  532.4007912  -15.78402387  75.84653514  158.5141571  345.0635034  124.4446808  536.7802271  139.4675422  218.8641155  566.533488  149.4790514  23.86436531  447.5606782  -51.07097486  -125.2905445  514.4198708  86.69439559  275.6788339  -263.3763021  337.3741415  -63.21328378  106.3526348  275.3462635  140.0625861  34.01712973  415.4069551  238.7469555  103.0641537  86.62528609  
72.5579706  559.4925946  -2.161290953  81.18631861  162.3507897  351.7412395  120.560929  531.2601258  128.2601627  207.3295164  571.6886778  119.0172169  20.69258081  439.6665786  -45.55988728  -119.1842072  487.1679935  91.55858765  292.1411909  -250.9763126  348.0321109  -56.26578955  105.6060661  262.6235701  141.2343678  39.40827135  415.0730731  242.0039032  83.52190751  90.59737329  
67.31440172  542.15812  -12.82779441  76.94534498  161.945186  350.030306  117.9445126  533.4326839  135.2658356  224.168494  562.2480989  134.329881  32.81925742  443.2930686  -45.72555086  -117.8683299  508.6114439  91.20286335  283.1319678  -261.5295236  340.9350857  -67.34933429  103.9736124  278.9997701  131.0633146  37.3751476  411.7118838  242.0429691  100.326141  90.43020305  
66.38495702  536.4084564  -10.69722073  77.55588761  151.3297336  338.9841581  125.0194929  522.2214964  146.0284452  219.540958  554.491189  131.9377564  37.49861424  439.1525979  -56.2083929  -122.4442695  490.5306212  83.98763405  281.4378255  -260.7904144  338.2215168  -58.94761599  108.5136017  267.4177448  131.0310933  36.2359911  405.6130121  244.7762825  96.14116455  89.4885576  
68.85707473  521.5397261  -29.99334346  67.50813016  152.2560535  348.5641725  121.6234868  528.6636963  142.5774247  213.6531857  558.4177802  144.1012812  42.11086007  453.4512571  -56.32594186  -128.9998493  515.5841775  90.91739725  282.947377  -265.4352351  345.3230174  -41.59873783  105.3205825  235.7799672  158.2967575  1.808166556  433.4429245  247.7808147  122.9080439  89.97446176  
69.41899467  516.2734105  -32.41031341  79.09380099  144.7669827  345.6609632  123.192379  538.9117617  148.0703296  215.9703472  575.4233121  145.7934754  24.74182357  449.8543364  -60.14197178  -128.8914273  528.5016228  81.4349695  281.9667701  -266.137727  358.9327305  -32.74929183  114.5684321  217.0732078  171.5460309  -4.663764502  413.4530935  245.049036  119.3448977  89.96698922  
70.89128613  519.3347514  -25.63024352  70.35346618  157.870275  337.0857649  114.2535861  541.5755579  147.1930719  221.1767982  567.2319274  137.1776409  11.38321288  451.0180548  -57.33616476  -120.0196252  521.6879193  85.37083608  283.4079561  -267.4767118  347.9616034  -29.50619987  115.054218  227.7294368  184.8063871  -3.497980584  439.8758424  249.3936992  117.2483396  91.7689217  
68.82780711  543.0235238  -3.657324315  78.62667716  158.8542489  352.422875  131.0739076  538.5915857  137.2242597  221.8589372  571.4880612  136.710078  28.0190164  442.5190231  -43.45818743  -120.7838033  494.8709727  92.94143222  279.084225  -260.8751655  338.0251036  -66.16686595  101.2004698  276.9334502  128.6139628  39.6789395  415.807767  239.2514198  102.0464348  87.79993287  
70.38761834  524.7213167  -17.28660206  77.00069895  153.7786567  340.2925038  131.2039834  531.7274363  149.1682721  224.170548  561.9522763  144.1800683  30.13452648  443.9403328  -54.44331001  -119.7016675  505.4785219  82.58760727  282.6836523  -266.7181331  343.1184028  -57.47147188  107.3998569  259.668051  138.3623246  26.79971799  411.7979208  242.1809744  104.0672332  89.52995444  
69.86794688  533.1620615  -11.9495847  75.22206021  144.7845377  343.7666478  123.6123347  524.7715782  131.4865154  219.1786538  569.5226475  140.5110712  49.30947335  444.3980133  -57.96830037  -129.2668007  509.8687696  86.24847729  295.5393005  -264.1365144  337.6673839  -47.33723274  105.7595271  253.553009  127.3327779  42.82039601  413.7134594  238.5580981  97.60025195  89.713536  
72.68970084  523.434938  -19.66852775  72.98899832  139.2450313  346.3015914  122.746155  526.8222729  131.9825247  212.3882782  565.0068605  144.0009347  44.73793008  446.0356833  -50.60842044  -138.6011503  506.4426618  84.1438735  291.8361856  -264.1685004  351.1096732  -43.3822016  110.07601  234.1313108  135.9002696  22.4051426  415.1017256  238.4546794  97.30759991  87.13133556  
69.57108786  525.4380823  -23.43398853  71.13889457  153.3679798  358.1844684  114.4116074  527.7953674  138.3974456  225.0393436  569.0627109  136.8493092  33.70070922  446.6869897  -50.74065164  -126.9397985  514.69306  86.77448537  298.1334032  -265.0173574  344.8667036  -41.51297987  106.2582108  236.6004482  155.5135814  6.030516103  429.5152445  243.2807412  103.2845688  87.49505254  
67.71160539  548.1955673  -3.808674077  86.98311915  152.4304611  346.6033374  126.5438978  519.3756182  133.4825077  225.5662584  566.8113525  133.5764401  13.55809886  435.353437  -51.09098493  -123.1835416  493.0027651  82.38447996  268.2560278  -259.6284589  342.9652017  -60.88603821  110.972243  285.3243664  124.5738991  47.55496114  410.1894018  239.9346455  93.50260997  87.63182444  
71.84654847  522.3829889  -25.09374868  81.2016766  155.0280192  341.6483318  123.8175776  536.340965  137.8450476  238.2955308  562.749993  142.5356615  23.94946389  453.0558665  -54.82424929  -119.9290628  514.8555805  86.93993345  284.0252158  -269.9744969  346.1575499  -53.19196595  106.0193734  255.2976828  157.488372  8.943686935  436.8172523  254.9451667  102.9707014  87.84652111  
68.29685402  545.2976917  -7.346545803  83.26281138  151.6522092  357.8644217  119.8429706  534.1778332  131.8374851  232.5227982  576.1748889  129.9462822  38.49026952  442.5213484  -49.33154234  -122.4964813  500.7703972  90.59376381  295.7307463  -259.4123875  336.6242514  -52.64291204  114.0913167  256.9025789  135.8005566  45.74052756  431.8109116  242.8682782  95.12180425  86.70415958  
70.05465689  524.8794926  -29.03260465  79.17958393  150.1904437  350.1196791  119.6989984  522.0417936  134.3765933  226.6056586  563.7658968  138.603153  31.39109662  449.9418722  -56.76104058  -128.4869309  508.4969995  91.41275165  290.7084126  -266.2491602  346.0171045  -42.12054574  104.9675657  227.4598689  146.8229788  -5.023593981  442.5942435  244.8597049  95.39588966  83.09860174  
69.55579589  526.3513662  -28.98612656  84.96497057  157.3541682  358.0862271  117.0125217  542.3524016  142.4894296  234.5311394  561.8042988  142.8470454  30.9093314  451.8089846  -55.783045  -112.6121587  521.267785  91.33684264  286.6121386  -273.6155053  359.4632046  -55.52860139  110.3157304  254.7731828  149.3732959  14.94755274  433.7985994  250.1863966  96.66298244  86.38737419  
67.64935932  552.5148149  -3.048061785  88.05866719  145.4277533  349.5578874  130.0108697  531.2034769  130.5072015  228.7491142  562.6152093  133.7303256  49.78573856  442.7161739  -44.5047487  -119.9505532  491.9102809  91.60797045  276.0098113  -260.0106867  346.9209408  -83.85364048  114.0897672  289.964924  93.80422016  78.09554202  397.0158088  239.0821753  80.54744509  85.09681875  
69.5572372  542.2238511  -7.713866757  82.69381462  151.7719826  350.3154852  124.2672372  528.318011  127.5210894  228.2682533  560.8337148  129.9753949  47.51876835  438.770486  -47.37243652  -121.3036415  483.6257161  89.56784382  292.8460546  -261.2684306  342.1951307  -67.28083349  108.7132403  270.9041354  118.3522771  57.00575562  425.6412244  242.4871067  88.56197705  84.93933387  
69.36056037  535.5694283  -21.77145457  92.97830466  151.9710241  353.5404764  120.5288221  537.0841113  133.3293703  227.0988003  561.7138338  147.6331794  41.08223712  439.0965764  -48.15642977  -121.8865774  498.1935072  91.86697405  278.8226584  -270.4904803  353.7677959  -68.62295575  102.1745261  284.1375022  117.3761543  47.89848798  410.4937372  247.4222101  84.77063187  84.52672508  
65.47271837  538.9350117  -24.60404555  82.28201605  148.1836135  360.4987627  107.6156038  539.2917457  134.8253401  228.3478163  562.7032462  118.1894953  28.91175863  445.7339934  -44.39175045  -116.7357129  510.1510209  92.97188152  278.1103415  -258.6378659  344.1568234  -50.46010629  122.4909887  236.4468891  149.6992343  28.4454845  437.8384354  244.8867265  90.79784304  86.6313282  
69.79624128  536.064027  -20.16711161  83.00225759  156.2270166  343.2861803  118.8816414  524.1970651  146.3031063  231.8381665  547.9755253  143.4551298  24.4511451  435.114281  -58.94140798  -115.2117419  499.0449897  84.54001159  277.5822415  -272.6547483  341.5840016  -71.83391607  116.7918543  284.6283054  134.6617076  50.99492079  413.6833177  237.0457539  96.01698714  86.68683179  
67.53855636  537.5851924  -13.49968721  79.23026854  164.5431752  350.1274206  120.1825775  533.0767108  141.9226886  232.0997887  564.5922732  135.9490006  10.79691607  439.513168  -50.73243666  -114.4779401  507.7514064  91.16743482  284.7847399  -265.9793965  340.2416484  -53.14558264  100.8645296  262.6554817  153.2438041  17.67518864  431.7046149  243.9779517  102.313073  88.42976504  
69.5572296  530.4031221  -24.930053  77.1898452  150.6645816  351.8855323  115.0359158  531.118416  144.2046353  224.7874602  564.5148649  132.7894316  29.55830907  449.6576297  -55.02875257  -127.0416594  509.826353  91.07735979  279.0733911  -265.0741198  342.761946  -42.98029165  107.6797131  235.2312355  162.0789955  6.16886442  434.1043836  247.0739398  104.8875272  88.71698936  
68.54775234  519.8875442  -38.37179549  71.74033343  146.1626587  354.98644  104.2307261  529.9968732  143.5119951  223.548042  572.5189506  144.1194239  25.02417228  454.8570902  -51.56512889  -134.6440628  530.0741572  97.32166283  282.896435  -273.640871  348.5294949  -29.64481894  103.5522532  219.8726915  171.3498105  -19.34623619  434.6238008  250.3767426  116.8544604  86.55732194  
69.08889929  528.5516078  -37.32629907  77.45240041  153.0729048  346.6789261  118.4404012  531.7509293  142.5651726  227.5504724  555.9341848  144.2824632  30.70392564  445.1011176  -58.03347726  -122.5000145  526.8733808  84.80206123  268.0883877  -271.6601315  346.1695657  -57.95341831  112.1262044  264.5748998  153.3213883  22.33622583  410.1244205  244.1387207  109.6424396  93.30536874  
66.61066509  546.4650596  -12.80386668  74.3294882  166.102713  350.8646199  119.7194105  538.537451  142.322477  225.4839792  559.112331  126.9637112  20.91126386  436.9742183  -47.52274482  -110.5998044  499.2141338  84.54682769  280.5949382  -261.7120673  338.1846519  -65.23564608  109.0389667  287.7005734  145.3224538  47.96513383  413.6633142  247.1518425  95.05391242  93.00665837  
68.37398247  537.1367112  -13.68799768  74.48910726  158.0646065  349.5657483  116.3595091  540.6416115  137.2481864  225.2929053  567.5402178  125.7820097  26.6433371  445.508937  -44.14318327  -120.5136615  501.0941627  91.28163436  288.6399422  -258.7908966  341.6198139  -54.56473346  107.2026594  255.1161878  140.4808583  21.78895731  433.3105114  242.6850027  99.99363368  85.40576121  
70.03565807  536.8264752  -17.97067874  78.6187877  151.2001908  343.3330313  127.6498326  533.1363458  135.0902527  224.8958011  557.9824795  134.1344786  31.49863619  444.5157134  -51.75192051  -118.7087515  503.2325554  81.22756639  266.2884284  -263.2684762  339.4165746  -68.03937931  110.8663065  278.7191929  131.3171346  43.64166337  410.7350125  241.6985186  100.5968154  90.11474599  
68.39773302  548.8756233  -4.814340878  91.03010905  163.8688191  349.4411809  122.728361  526.072317  124.594186  216.4376016  566.4595294  133.9346155  16.44640456  434.6238391  -46.10317234  -119.5642192  490.7631797  92.17635299  275.175907  -259.6699169  341.0620483  -65.3251034  106.2541814  293.4670432  127.8819337  64.54804293  414.2964883  237.1026343  95.58428436  90.07633673  
74.77874957  511.9229928  -41.82516183  73.10075679  143.3241406  349.9866231  110.182672  538.3204379  143.3179514  220.5970775  563.2781793  138.0439553  23.12135093  463.2292979  -57.65522674  -126.1199629  537.2983056  85.83811429  288.8722716  -268.1011707  350.4659982  -22.74182744  115.7451655  194.002149  181.2789114  -33.17560877  436.9828762  248.030569  106.5941087  89.47808148  
71.52269305  543.6489883  -12.02515317  84.20048899  164.6261855  345.1585552  118.2891182  531.4592927  140.253248  219.4310974  561.3723213  131.8315261  15.81434175  436.6108755  -55.05219486  -114.3575178  503.2514291  82.32116434  283.5910714  -258.5528927  335.9245306  -64.06466388  105.4172933  288.8685649  143.967616  43.48848155  410.6308384  237.758532  86.85704118  86.83290348  
72.05325233  542.0332042  -4.071257619  75.38498141  147.0142072  347.8646637  122.4812524  530.1701729  126.6466697  209.8603638  568.2758647  121.9339231  22.99833515  450.9715106  -41.16289998  -126.6885965  504.6616249  81.16976925  280.2469661  -252.3925627  345.2181065  -57.84293609  114.1750261  256.0380494  142.119947  37.34077734  406.9759983  240.3058117  98.76774745  86.96124649  
71.43031624  530.0563833  -26.56850941  78.45211215  148.3758316  346.0950492  116.0259448  524.8388095  137.7989903  223.665415  563.2540297  138.7312272  25.91015503  451.8797634  -56.20447165  -130.0582446  523.930858  88.51029739  282.8386657  -265.118262  343.035838  -45.71462539  111.7969922  237.9945567  161.180462  7.743493261  417.267856  245.3995281  108.4563335  88.52181266  
66.9017104  538.1951792  -13.79407214  81.30418835  156.4799917  358.9975515  116.4006588  518.5906363  133.2766575  213.9507678  572.1279207  128.3051474  11.91365992  440.2937755  -45.93023116  -133.8840364  510.0008888  92.69153948  298.6013033  -254.6615475  341.8597265  -45.68290834  103.5481219  243.8978737  151.0413905  13.23036233  424.4636339  236.4505904  96.09000217  80.83946917  
67.80804717  533.9986453  -11.40403064  86.7381915  164.0350382  344.7316802  125.7767649  526.6560045  148.5645038  207.3692575  562.0861005  133.4054587  14.90482188  439.1768169  -65.74830727  -121.2136558  507.573657  78.12774495  305.4232161  -255.9447169  348.8374965  -35.98012364  110.6537505  243.098312  151.7541871  7.225107144  417.0297881  238.558786  92.21573763  89.24438297  
68.25378643  525.1299334  -12.29965849  72.0935912  168.3281255  336.4439284  114.7817732  543.5290764  141.615937  215.7877027  572.0303119  131.8478606  3.817434263  446.1672076  -55.89438715  -117.4918479  508.9138021  82.15215835  295.2061607  -261.6693348  339.6930988  -32.19833781  100.8291815  246.4798437  171.8574146  -5.671696779  441.1766748  242.0295748  106.0323472  93.39077901  
70.69134106  519.7022971  -28.73271162  71.68701225  146.5858989  347.4939443  120.5868909  533.2076234  142.7502005  223.5429074  568.3353002  144.721069  27.08418726  446.5038775  -55.28610915  -127.8441802  511.5060297  82.46607394  281.2588363  -269.650332  338.9622742  -38.49304699  105.3045515  231.3390075  158.5993092  -2.498966646  421.9719251  243.277792  109.2082416  91.09652284  
70.65719756  533.0854399  -18.95014098  72.17651363  153.4491013  349.8049426  119.1256834  533.1800402  134.6310826  214.6314127  568.1519214  128.108896  27.60516077  452.341403  -48.21371756  -128.7185608  511.1176353  88.57981526  287.026498  -253.7126756  331.9993052  -41.24723756  103.8611807  235.3481117  153.3644162  4.696277746  429.2897873  244.8450798  102.6701686  86.93140928  
73.36097478  549.3779341  -13.20206979  79.62641211  146.6127043  352.0944103  120.8829257  518.5264404  130.4376328  218.1796959  563.3247289  135.7100597  23.3555333  436.6899637  -50.0812857  -131.3749898  500.8730303  79.9336292  268.6642618  -260.1601796  347.5909182  -77.89908559  111.3009895  282.6616771  125.8870217  53.93863537  390.6216713  228.9283103  103.7181369  84.94683703  
81.55413751  537.8773619  -10.89605418  73.41424094  156.9468799  353.9562193  134.7559071  545.962191  134.3057276  215.0157769  562.7287578  131.072105  35.28495522  445.0633461  -42.43702281  -114.1349651  499.3180349  91.47603235  285.8296511  -256.8362002  338.6365028  -73.94793675  101.2446512  269.2563952  125.0069226  34.01281414  409.9591138  243.7413831  85.58571966  88.76358224  
77.71503362  541.1480707  0.110989587  78.86547696  162.0611044  337.5942344  132.6278385  540.5040658  133.2107231  219.20896  573.4433457  141.4483483  24.65408452  441.716462  -50.68441966  -121.4669869  494.1478773  80.70723916  274.0310708  -258.8109774  329.631146  -67.10763658  106.4279862  295.5625022  131.2158118  66.55627265  413.8685839  236.129713  105.6934251  89.62080012  
68.78943631  538.5725892  -6.16890274  79.74928895  160.0446389  346.0019642  123.4489529  528.5605289  143.7859626  209.9640401  566.7266002  132.2965042  14.83428135  439.847811  -46.41158328  -126.6140305  493.9748636  78.03674056  289.3046359  -253.6587455  351.9945483  -52.90574116  105.6044495  275.3810398  146.0866311  34.82609773  409.0124204  244.6610769  96.55225946  85.27339336  
64.71416474  546.8698133  -4.068437382  87.34826583  167.2901165  353.2224831  126.4090226  521.4109879  133.6206827  221.5489491  552.0531129  131.8269917  31.46355403  437.3048686  -48.77916792  -119.6696844  499.5686597  82.22273267  296.6678478  -252.8706414  347.9350859  -72.718298  112.7943136  301.631264  117.8562365  59.3747068  412.5462502  237.2091987  93.64366705  85.3602359  
68.50574441  535.1056581  -16.04943105  87.04974294  144.8025547  341.9655064  127.4801446  532.6567111  141.3593636  223.1010853  567.463773  128.4838179  22.06275632  448.7828208  -58.83610736  -122.4737754  506.5342868  83.23389301  271.8766693  -256.7663538  349.67556  -54.22302359  112.0643648  250.9918118  138.1776364  15.76765181  415.3302317  246.591553  91.47554638  90.96213325  
69.51236157  525.7005872  -19.40619704  75.5599882  139.1610222  344.661014  120.6118568  531.5625793  142.006595  227.9836562  568.8986284  144.8009625  43.79428763  450.6753877  -58.84127695  -131.5951502  508.1606937  89.25106086  277.9421463  -272.5354927  339.4812201  -46.04610085  109.4467078  243.484244  135.6058856  18.49929605  426.531458  244.5750278  111.7844571  88.53649287  
68.88349359  525.1448519  -18.09141644  78.90151768  156.248227  346.9320716  117.0072072  534.5347212  137.4796017  228.7330798  560.6662301  140.6341019  33.12201147  441.6910717  -48.51480298  -125.8621253  500.6774586  88.10882537  290.2568652  -266.8481652  346.5669456  -52.50276666  101.6614782  260.1549339  140.7961237  21.80327824  429.4667113  249.6224595  97.52670314  82.64697896  
69.00874937  519.4426217  -35.57241789  77.23931419  144.3967763  358.6204444  105.9876119  539.4506905  145.3193257  218.8455755  559.7463778  133.440689  53.1654193  449.7157655  -52.53138326  -120.4104183  517.1948176  90.7505986  304.0828753  -263.2012986  349.5297686  -34.32491161  105.9427766  210.8081115  156.5849023  -8.20660334  427.0622387  248.9926467  90.36762294  88.97083914  
74.67036712  552.0568009  3.74969673  81.90381879  148.9694957  352.9272748  125.1025467  538.2232078  129.6969201  210.4817085  574.9029832  112.8664648  25.384472  436.1712807  -45.34485363  -112.5027945  484.9166827  75.70209783  284.4323195  -243.8911881  337.587096  -63.17114033  114.1546844  264.2356882  131.3535339  53.84151864  391.1281767  231.9984799  78.96137119  88.74370369  
83.03282389  532.7642497  -7.595488687  71.39731244  149.9357756  343.4132264  125.4377041  541.7056279  129.1591962  211.8712294  572.7422046  145.9101758  37.00782808  444.460253  -55.1087349  -126.8668601  509.6244727  77.45855752  293.5925308  -263.0748048  336.3897512  -56.01741375  105.7175111  269.8332936  132.5802017  42.88462281  400.6403086  230.9358378  95.51370928  90.3003836  
81.22502291  543.6099828  -5.636792514  81.59028416  171.6082827  358.0426288  130.1418937  552.5152896  142.5765888  218.6020018  584.9012608  138.6137136  23.26011636  433.3046732  -57.5690959  -112.3986849  506.0228696  99.28515354  301.6263248  -264.1173437  341.3694106  -55.24267129  102.2585093  261.170803  142.8057385  25.13668024  423.3448122  233.0261229  83.86887229  88.43743062  
76.97108749  533.5033841  4.982152506  74.36193662  171.5263781  338.4552477  131.9128784  546.8659194  142.8145292  220.192873  578.9302857  138.3764939  5.828596041  437.2402702  -49.83181855  -119.9867492  492.771114  86.92803842  289.4992297  -261.0877752  327.8420961  -50.46455936  97.3520355  278.6249101  145.1173023  29.14033273  439.9619018  245.2879294  94.0043363  89.43974673  
73.64160118  533.1083825  -10.97212191  74.96698639  165.7509776  347.610647  132.7334808  530.2895715  147.8802996  217.3109426  563.3588397  146.9760875  14.67698569  445.3192074  -52.159447  -123.3567089  497.0545111  82.31200324  282.9251885  -263.707579  346.0599479  -48.98090991  106.9972728  269.9945034  157.1606618  23.61613833  426.0874553  246.1657885  105.6124339  87.8630767  
67.2524651  533.246151  -5.947016583  80.62941633  166.6701455  356.4029678  118.8367011  542.7944606  139.7016658  214.2272766  569.3889333  136.4810007  17.28219425  436.7983748  -43.75562942  -120.5571186  495.1318933  87.59540228  292.7658616  -263.7035313  343.0851246  -51.39505965  94.56389179  273.9482918  147.0885108  24.36034722  423.3016732  243.44374  95.36368864  88.32589619  
64.28745815  545.850371  -2.437135394  83.70378761  162.9013016  348.2711095  131.0878794  526.2490294  135.9431833  212.7337684  558.6386962  125.8357703  17.80650073  440.1683307  -43.21978103  -118.1272652  489.7380913  83.77785761  276.9816947  -247.1951554  336.8398467  -66.2324955  112.2485572  282.399297  124.3560863  53.77723909  420.1254527  237.0321974  99.62227343  84.76601741  
67.08155938  529.4894581  -27.01700058  86.6379793  155.9366162  342.8412188  128.2427585  524.9770439  150.9781918  240.522637  559.9879101  149.08218  21.86934378  441.1787018  -60.62896714  -121.5623217  508.2838601  86.30418166  277.1053456  -272.0573953  342.4337481  -52.9822506  105.7906353  266.3398051  149.8339166  12.9051265  428.2027452  249.9214358  103.178563  87.6978636  
65.75178627  540.4240989  -7.068542375  82.34887671  163.8464366  346.1214351  119.7680279  524.6475736  128.5934702  217.6078682  562.1378109  127.8382593  19.73879037  437.8217122  -44.21137685  -121.1632864  495.3624353  87.31938819  303.2311794  -254.0138497  346.3085736  -43.67547113  106.0520532  258.0635032  143.9939402  27.6677434  433.5407706  245.8770994  89.41158611  84.72630692  
70.46033928  533.9519038  -19.0098811  88.73303788  153.3574331  332.8698965  121.8393255  522.197323  135.9393847  214.5334953  562.0847416  137.9030773  11.52218786  446.0075633  -55.64507925  -122.7185724  511.6559078  78.94914004  285.30856  -258.9671214  356.1752834  -51.1989139  116.1111825  257.9034015  145.4538568  26.99357362  413.5970443  241.8922585  95.23253585  85.14133295  
67.11602441  534.1031044  -16.14597675  80.28419489  149.2850541  343.6577797  117.0129516  527.8025229  133.4384236  211.4164573  569.175002  126.3195671  16.72751253  444.4765213  -50.9422629  -124.7661844  504.8973  79.45210274  282.1479825  -257.3972586  351.1886587  -51.26198528  108.374511  251.4337303  150.3654797  26.35137666  412.2241909  243.9849252  95.33148087  86.10492147  
69.86818177  506.9568454  -42.17784641  65.54757673  134.4787827  343.3789106  122.0169825  535.3836072  146.0242614  227.0405732  546.8448048  149.1828782  64.21419258  462.4452593  -57.61531225  -124.9639537  525.2337734  80.21539615  269.529376  -275.2479559  343.9009103  -58.74851002  112.003245  239.631622  138.2424209  7.703747427  416.5005938  245.9300105  118.2405915  91.81493906  
70.22055917  525.554059  -31.96826817  68.14751882  137.3988007  349.6098741  121.7495879  534.1758022  135.0075132  222.3493127  567.2967894  144.5757993  57.70136201  455.6227329  -52.31960855  -135.081696  520.1595708  97.4587326  278.9362274  -270.6492237  343.0916939  -52.51506778  106.4180521  229.2005767  136.5545682  13.19582334  417.5269365  244.7431938  113.4734891  88.80960165  
69.54750837  524.4197457  -35.88077838  79.16151054  144.8412273  345.7837824  125.0593689  525.7510906  138.421178  232.0070344  570.022987  161.6108068  46.10692567  445.1506432  -60.87105053  -128.3821036  522.7394087  87.58078262  272.3637745  -280.8399996  342.8324957  -65.20103444  105.6276644  271.0974887  134.30088  42.45466313  396.2641545  235.8219477  116.1109173  88.89581737  
69.32696802  521.7507121  -18.77945482  79.29682561  159.8073803  336.543984  120.8413963  529.0516275  137.7054315  222.7273507  569.1359413  140.2836905  25.6198842  438.7396057  -60.09254772  -119.9422335  496.6271149  89.70243401  282.9949054  -269.9145573  334.4415479  -46.10496588  96.01552937  258.9928702  148.0290802  14.0272147  423.5663323  245.8853111  102.1453027  90.26899041  
70.41965556  519.8544829  -30.79473556  69.23689854  148.3327406  345.811514  116.6024408  527.9710978  142.6817421  225.2708122  560.2912208  139.1413417  33.9000987  454.6287888  -52.30722687  -128.199461  512.218991  88.36305998  293.6691711  -266.6249288  337.1864602  -39.99476396  101.6520623  223.4087024  157.1555742  -6.305437696  431.9842361  248.4145748  104.94285  87.42693069  
66.75521996  544.3920372  -13.42177233  88.68697969  149.5514357  356.1023704  116.6086075  522.225482  134.0557567  219.0472432  568.283661  128.2551412  24.27300071  436.7299666  -54.30466003  -125.515253  494.5556647  91.99494875  285.4118417  -258.8566592  340.5725255  -52.54449833  105.0744001  255.8645297  136.3063331  33.5588069  416.6248402  239.7725634  88.11187119  86.91909958  
68.85978254  525.6536606  -26.58174018  77.48717701  156.9633966  359.5393399  110.171048  531.5083877  142.1802514  223.2131061  559.3291988  133.4407523  31.83169701  447.5428282  -52.74986332  -122.868657  515.7670901  94.71348173  290.9308609  -265.8737117  350.1978612  -42.84118928  107.8518583  239.3866478  154.0156712  -2.397525599  436.7184028  251.5927444  99.60243623  86.62767319  
69.29577955  546.6798997  -4.714041838  81.99330137  149.8715626  346.7759383  123.4107197  519.482678  129.1310818  217.8993792  561.0590085  122.0713447  15.62866404  439.0380946  -42.24390388  -121.997324  490.8947597  79.0340534  277.6454185  -248.6003157  334.5233493  -60.21294992  114.9320651  268.0498545  140.5803687  50.72440343  403.8579933  238.7207039  92.55132734  88.51522572  
71.37919822  541.3897326  -20.1487027  84.11812247  157.5688703  357.1676749  121.82907  523.5029318  134.7150601  226.4324553  559.1962008  139.875408  36.40362686  439.9962549  -61.49053397  -122.4592101  507.6188931  96.41129871  292.8153051  -264.3012886  338.1888908  -60.508922  112.4977325  261.7389187  128.7936148  30.83667162  426.338746  236.7696087  93.5760482  91.21140357  
70.08029411  534.9577224  -14.80180278  86.24630874  152.1992702  347.9155586  126.0157397  533.2371536  126.9523953  221.7896714  563.1424256  130.2843074  26.82976803  443.8932325  -43.67908881  -120.4907676  490.5378072  88.19252046  276.6405082  -260.2873679  346.7299205  -57.80308134  102.6095257  260.0438928  131.9577944  25.95502425  422.4482241  246.3839385  91.67847866  86.67637265  
71.25029931  516.4342737  -40.44757051  79.18439536  150.38799  353.7093382  118.3974923  537.012183  147.5293583  240.1438115  551.9439237  147.5551348  37.52738931  449.7262736  -54.85883841  -116.985799  522.5424457  89.62384184  280.3072205  -277.2194887  348.7516382  -56.14207264  106.4698746  247.186114  148.5786885  3.567872326  434.1317965  248.6522284  103.0502378  86.88720904  
70.56048588  533.2175273  -18.18161074  76.47716073  152.1403655  349.4764054  119.6080304  529.6388236  132.2228538  224.0954272  562.9599194  121.5613874  27.67830196  445.1515554  -47.55656349  -121.8957137  500.857745  86.52028813  290.2351441  -253.530635  335.9993442  -52.59842  113.9770327  235.7701916  147.2382285  20.25898468  439.2496436  238.8694591  91.32898225  85.28992113  
71.915166  543.7537766  -1.771395725  81.13095892  158.1151848  335.6148784  127.8400724  524.8995699  126.4764611  210.3431651  557.6075836  128.7273947  37.84034445  440.595354  -54.44709182  -125.5756238  490.4972682  82.08386222  291.7240691  -249.4444687  341.2457354  -59.72248124  112.9227349  270.2649832  126.0567506  53.39263444  411.7892005  236.0970233  91.14491411  92.55439047  
68.60090955  542.9118023  -17.30157274  88.90275942  158.7698048  343.6807019  110.1516167  533.4920264  137.1729973  216.6159709  566.2629821  130.2628473  10.25981502  447.9578857  -56.46770515  -117.7258377  516.1907807  82.11215592  289.0561919  -255.7671104  356.8758264  -39.06641198  114.9148797  249.3389861  160.0623623  12.02275695  416.0528304  246.8870367  94.03545426  89.48011212  
68.22826753  537.146637  -14.64935944  84.35124253  154.9776516  344.1896574  120.0487144  530.4953687  140.1122998  220.692101  552.178881  139.4922916  38.38671098  445.844565  -59.68253634  -118.252386  512.4531421  83.05094189  273.4943024  -263.9748008  347.4536234  -66.10881888  114.6797961  283.3711841  128.9143534  44.2531552  400.5156225  240.0477245  102.2687458  93.69162895  
71.44173417  523.9924829  -20.92969598  83.52472558  150.8259937  337.4305245  117.0774493  529.6149708  139.7601368  223.77512  565.9976812  129.7232665  12.19883236  449.0819514  -60.52603954  -121.2860007  513.1519066  79.73552566  285.8086996  -260.1916741  343.7980069  -29.38712645  117.8444422  223.3250916  168.5662638  -4.542372337  425.1683222  244.5820874  99.24142566  92.1802225  
71.58321195  523.5182339  -24.62210337  73.82908811  150.0757138  345.2235071  118.8824007  538.3492482  145.2764377  221.2625407  558.8381751  143.9937896  36.51396914  451.9140302  -54.91047582  -121.491689  522.6415821  87.38738953  290.4556332  -270.9908361  356.2770178  -39.40438402  113.5499443  241.1570112  159.6539988  16.46875516  430.1410539  250.8470888  115.1841927  90.02821801  
68.81269036  536.8418029  -12.81058412  83.87398513  162.4929206  345.746564  124.2380779  537.7010271  142.5651372  229.5232975  568.3197639  141.7629844  17.97564857  441.7592813  -52.89168424  -117.6748645  508.1504893  89.05434158  284.8967306  -265.6022283  338.0233538  -54.72648599  101.4660789  272.2719417  142.0414566  28.17144335  428.8828453  239.8779251  103.4125864  88.27222234  
67.48202756  538.2521402  -16.70040925  78.19753132  159.5958694  353.9791837  113.9915212  539.3262677  136.935911  227.8573423  572.724633  130.8743496  17.70286988  442.9282902  -50.63980894  -126.4479401  507.3454132  89.22274909  289.3563138  -265.8327531  344.1524887  -42.40816781  106.7105996  250.4773497  159.7405559  15.58492967  440.5456716  250.1179933  94.07273554  88.10734595  
66.55658552  549.7714533  -0.3825993331  85.65161548  156.5093385  353.5795753  128.8896033  533.2718212  134.0070582  228.7441932  575.2608064  133.4033063  11.99177999  432.7223442  -44.62277228  -118.5322757  496.285107  84.42254141  275.9715551  -262.9297  337.1431966  -69.37786537  104.6228407  291.9058531  124.7491077  58.95597839  403.3929153  239.0194023  88.05629215  85.88030247  
71.50224942  521.9134432  -32.56132417  76.41873619  145.7368264  349.509118  116.154838  535.1614973  144.1664229  233.8995307  564.9153706  150.2221343  39.81879944  452.6456388  -61.65460492  -128.106828  529.7596101  90.80298131  276.9614904  -276.8165243  342.2289781  -46.91811463  109.5948789  244.0521217  156.7946398  11.48484598  426.5493696  247.600018  106.4165832  92.017954  
69.12659987  543.3991111  -16.67155572  80.89402546  149.7706695  352.5055157  118.3659045  529.169736  133.5157979  223.6599515  568.2375535  141.9054462  23.07756264  442.5496982  -45.92134249  -126.3181016  514.058596  95.97822444  265.7187537  -271.6119783  345.0261967  -66.2486204  105.648463  280.8621443  137.3575686  49.04774443  403.4120906  242.7275421  98.18635632  89.80719951  
70.58919218  522.3800066  -24.38088146  84.0022831  155.797627  343.5766406  119.274338  535.0381998  140.5279487  224.1366516  564.8117541  138.3174695  29.01974501  448.392131  -54.99733468  -126.7670909  512.8196895  84.35188669  281.904789  -264.615432  347.7691094  -45.29629342  111.9448591  255.5120334  145.7056506  14.54928912  430.2599533  248.7461463  104.4311913  90.86644986  
67.73723445  529.9945151  -25.80669335  79.21523634  159.6041281  352.8583782  119.2143043  534.3299165  134.3496936  221.5352182  563.2312165  129.2562061  24.8487128  438.7105881  -47.28414563  -118.5659779  502.6325988  89.03734632  281.0446588  -261.6930689  344.504146  -48.00729444  106.3703946  252.4074499  144.6880231  16.70071154  431.9684382  247.9531314  90.51926486  90.22820032  
70.00415935  513.7427806  -31.27245627  67.71395723  145.4222958  340.7405157  121.7451562  535.303686  136.0667632  213.6938646  555.5984721  128.5520234  34.82198647  455.149239  -53.74239268  -126.1378629  518.9714369  68.56829762  287.970889  -253.4140764  351.8727769  -31.73030855  126.4167246  222.5581745  158.8489627  5.551426182  429.095491  246.9238012  112.8996227  90.52878911  
70.00757451  526.9464333  -22.15832435  76.26978563  155.5956169  355.6560621  116.0883132  548.1064784  148.7679645  220.2738498  574.6466689  142.7464988  24.3138054  450.2228946  -51.87899151  -123.3577207  531.6193246  96.66710579  284.9397172  -269.4850342  344.0660329  -45.19702276  108.65606  251.0146966  152.8703145  9.669588842  428.2415117  248.266849  100.7144414  90.20189872  
71.52117419  552.1098837  16.29998949  83.58088154  179.4488059  346.6900254  138.779548  547.0743587  136.3906997  218.1906025  569.0546451  129.5185092  11.4450376  428.6763749  -43.10701024  -106.8483764  483.8656971  74.85376488  281.6365974  -248.1843531  330.2027837  -80.9794717  105.9687404  323.7247345  121.4825979  81.88354213  411.9199625  227.0645966  102.0245775  86.88747973  
75.12910481  544.1743386  7.806107449  85.22966443  170.3542096  346.6743137  128.975125  542.7218955  139.4960644  209.3671534  581.9784277  121.1756247  -4.966619755  430.9845544  -53.75450492  -114.2345454  496.3810298  74.26209238  295.4215722  -247.4396996  337.7459175  -44.70355069  106.5599352  265.8489484  151.760222  28.97782466  413.5287196  238.5785478  80.70624267  85.65083758  
70.04102091  534.7282063  3.139339071  69.91252937  163.1405334  340.3313887  124.2326743  529.2618308  132.7540442  211.1459154  568.1819109  120.1686605  4.267591261  442.2578559  -43.11742775  -120.8763162  489.0284644  75.91558507  296.3493523  -247.7540305  334.9481622  -47.07073415  108.215057  255.4197207  159.8841971  27.21115751  433.2350285  243.7635789  99.11155316  87.80376842  
72.38431673  510.7905369  -34.3916137  71.26999549  142.0680636  351.1750535  114.6744545  534.8216511  144.1391189  217.785998  581.7408211  147.8832001  24.31003514  455.8424041  -57.27036766  -140.0713748  525.1635493  92.77987219  291.7500355  -273.3358161  346.9997529  -20.94066544  104.540098  201.2031662  175.6874546  -23.3316397  440.3641842  246.3547223  112.7671508  89.31780568  
65.73110622  556.7689344  -1.292985257  86.81388905  165.4043205  344.5510798  130.2226935  528.0913158  138.1347947  229.6679557  562.0621321  126.7141097  4.143623617  425.1373188  -45.94141238  -109.8971228  481.5867308  87.91045917  274.7405566  -260.7954482  340.8189133  -78.17122427  101.9161336  300.9661788  127.3750638  58.4973747  415.6883015  236.4345886  81.30372591  91.41204829  
66.84355854  540.6823065  -19.87135757  82.26176882  172.6336645  350.136919  111.1461975  522.8236313  142.5351599  234.3153386  554.0897749  128.5323855  4.916835524  437.9962232  -51.33154515  -113.5187773  499.6744514  101.8914664  298.6916695  -266.5975554  349.1630951  -54.52345247  96.61230333  252.0996218  160.3098175  -6.164782927  453.0624847  245.5445825  89.57984817  85.3497649  
69.76385182  535.4949599  -21.93903402  75.88588642  149.6487858  347.8945556  114.7777728  526.582292  140.8639464  220.2691618  550.8640223  128.9856443  24.0900447  447.8420467  -46.40822983  -119.2208431  506.6214447  86.73055938  296.1546874  -263.2560335  355.6121402  -51.327186  108.1617716  243.8158897  150.2394847  6.420796335  420.9850681  246.8643042  93.01078498  84.74397132  
68.59002105  541.7363288  -17.74986067  76.19857387  151.4697779  345.0582132  121.5447047  524.4451419  138.2319986  218.3590407  556.6558014  139.5278599  31.35654963  445.0887852  -50.48725157  -128.5851107  511.7948122  87.00353082  284.2940193  -263.6771435  348.6175282  -63.2824545  108.7950573  271.5027499  133.1830907  34.80137821  407.2092095  241.4453531  100.3039033  86.92305948  
68.36298579  551.3000041  0.5698200969  81.51855054  155.6329986  348.3830364  118.2176787  523.4334183  128.2188631  208.3441795  569.1956597  125.0939972  11.57104106  432.3174883  -38.7745905  -129.1683683  487.8108012  88.0290454  290.0195426  -252.4981433  344.6868841  -57.49239238  105.0609082  270.1133914  134.8070439  46.17687198  405.2651499  235.7570748  92.5473093  81.30228624  
69.32851122  534.4820067  -25.30626362  74.38602015  156.3276607  355.4140992  111.9356166  529.2066143  135.8603791  222.8604988  554.2899774  127.6176464  21.10501784  446.1233848  -43.56985761  -119.8877284  507.7268316  92.03502301  282.9706699  -261.4890553  343.0993848  -54.56694896  109.5283756  247.1731377  155.594323  9.082455377  435.9662988  241.691803  103.6545798  86.46184116  
67.03136582  543.357549  -12.40675746  78.13538869  143.5646836  348.8655199  122.3024463  532.0903248  126.2063329  210.2111908  576.9014678  114.8139431  13.41525149  444.2081333  -42.54949343  -128.0892069  491.9812805  84.4801844  271.6810197  -246.023484  342.7997789  -50.00003789  113.0279515  241.0553813  147.3234452  20.47462084  414.3525321  235.9763793  99.70289727  84.81524771  
68.13018928  551.8735096  1.540223809  74.50230128  149.7674071  352.0753588  127.2227341  523.4881364  118.4810653  209.962794  565.3855265  119.2977079  24.19802342  439.9180979  -35.40661586  -132.4518119  484.512729  76.64626037  284.7908813  -246.9674385  342.4068003  -66.23730854  111.1636726  274.6635161  129.3783662  57.45895647  404.6011852  232.2509031  96.60573173  81.7738193  
76.09567261  547.44028  -5.151186047  81.6728434  159.5133178  354.3978849  123.9413171  528.3993699  127.9581646  214.9853717  567.8041176  133.1838178  23.90423834  436.5228229  -47.76825864  -125.3987224  492.5848438  90.25635718  295.1308952  -256.7982521  338.9824028  -56.08871171  104.248379  269.4282418  136.2508111  45.07074456  415.6752966  233.7654329  89.92325457  87.81242177  
83.6349531  543.9293082  11.93807355  72.8225459  171.1285858  343.9794804  138.8635644  540.6753752  129.2286892  201.6626073  577.4629777  124.7261663  32.71791469  441.9075068  -53.29480609  -117.5575982  496.2706087  89.61715406  325.0260658  -235.7751381  326.8271728  -54.4078361  99.13667513  245.1348544  129.5071084  27.9557905  413.3928805  229.9424842  83.05958419  83.75482837  
78.86615745  537.0326442  -2.68623795  76.82783986  154.0339819  344.2836208  125.7390066  544.1479096  136.1037843  212.3378993  581.6657861  134.347682  16.70308411  454.4184352  -47.14668577  -116.148897  515.5913497  78.12653893  282.8496804  -252.4574843  338.3481255  -55.57838648  103.4972816  258.8417623  142.204983  34.98454518  405.4707703  238.5995531  100.8928506  86.53496301  
71.70234007  532.2613136  -17.13476498  67.0235642  153.8671298  357.6378219  118.1999018  538.8434766  146.4853038  217.8226756  572.5559007  135.6176473  13.65018288  448.5340851  -46.10144968  -128.1786851  508.5251272  74.95620715  286.3931336  -257.5825548  346.9914324  -43.95875385  110.1572788  247.9221282  166.9532593  10.09529134  423.2706692  248.6332763  105.8004944  86.76394853  
66.87811836  530.579185  -22.5632826  75.90394206  151.8622977  353.4059933  124.624895  536.4500121  137.2918485  227.9564405  558.3381375  137.9079994  39.556637  448.1402  -40.93294552  -118.7315791  507.5620267  85.24836164  271.7899629  -263.1879677  343.9652708  -67.4017395  108.2885207  266.4836532  138.9644541  40.03516348  419.4795596  247.9501883  111.8215229  88.94349255  
69.6002227  533.7969849  -18.04245421  78.07981718  145.6116614  342.1376428  126.7310861  518.5278935  144.8113262  226.0817975  553.1598312  146.3601436  48.6938164  436.9984714  -56.97913819  -121.806343  498.5742388  83.27869899  285.1760836  -267.8460807  336.0064252  -68.1630747  109.3885568  273.2131059  117.9161197  55.44319119  400.9150626  241.4713216  93.93684384  86.96896086  
66.3709978  539.3498301  -16.87136816  83.28952707  149.4053345  349.9848164  121.5717543  529.6009955  130.7795666  212.6705448  563.1389599  129.864498  36.35654118  439.2431926  -45.55075762  -130.6710683  494.2354925  85.30435233  287.9403292  -256.7929966  347.3518318  -54.99528842  105.4470919  257.4808661  129.9611798  31.39364494  402.7166108  241.7711255  91.88064766  86.52236987  
68.02922967  523.4631431  -27.54991826  73.51540567  153.4005067  354.4922417  119.4172008  535.6131642  141.1978499  235.4515373  558.3185746  129.1823695  28.81843093  443.6058995  -49.21671202  -116.4644658  503.3627155  85.77060591  284.8271056  -263.22906  337.7186708  -50.67352186  111.8749189  237.6303061  143.066361  0.1286731582  437.3384811  244.5645572  92.85581445  84.88313143  
70.97511314  520.3551294  -23.65149498  80.41638227  148.382784  345.5603508  117.276851  530.251239  135.1576227  225.8009785  557.3437579  137.5734921  39.73493323  450.2951638  -55.17551112  -128.6978553  506.0229491  83.05652918  287.0016086  -261.0725255  338.7376066  -48.56119558  110.8961199  242.2729925  144.4146805  13.12664621  432.2200125  240.3053848  102.0353706  85.48678829  
67.86241455  528.1391545  -18.58448418  83.75396073  152.9216026  347.0128191  120.8376552  536.2929047  145.8109544  220.4482037  564.950781  140.6265941  25.88252554  446.0166213  -56.47078672  -124.5995451  508.900798  78.91509619  276.802596  -263.522336  345.7853625  -47.21315862  110.9378126  259.795144  153.3860977  25.83090256  411.3380477  249.0725919  100.907712  90.24394221  
68.56381298  513.4659871  -24.89873835  71.49277196  162.3688296  341.5794772  120.3455894  544.8248817  147.2342734  230.3913353  556.4960578  145.2305451  34.31838717  449.1944181  -53.88985168  -116.4243606  518.0636008  83.87262229  277.1125489  -267.8073472  337.1666026  -61.39929832  102.7543363  268.5027675  144.1060295  15.95863483  433.4297734  246.2679126  108.5427288  89.62618236  
69.98155818  523.9852082  -15.53922535  83.1230954  150.9724431  341.8215624  126.5704951  543.6312995  149.8939921  229.9445201  577.9779156  148.7981159  35.30450663  449.8470409  -64.32833867  -123.2418835  513.029166  85.30855511  274.502545  -273.4694459  340.0967886  -53.22671081  106.9476514  263.2049505  141.7230985  31.35106347  426.8907055  248.9287134  112.2582042  91.69038267  
70.68156253  519.0616828  -29.4904585  76.25608616  153.6112891  347.7847686  119.2862046  528.1522971  146.5112465  233.8893872  562.5322607  150.8337952  35.5368659  444.2181011  -62.18892343  -121.7155516  522.2040804  90.72289736  294.8216158  -276.621671  341.7692599  -39.65288509  102.1762257  238.3097221  150.8753542  -1.704670671  424.3475914  246.4408535  100.3413489  90.66676425  
68.3158184  542.6309395  -18.56588439  79.11321279  156.7712598  341.9070385  104.1650709  521.7468648  135.713585  218.85058  560.1557489  126.3548348  23.49199983  441.5830472  -57.93275733  -120.6185465  505.0812914  94.12424198  292.5380876  -263.4946731  338.8047068  -44.59460092  107.4241033  243.2218106  156.5781009  13.6870788  425.0237462  238.7731833  92.74984125  91.00889456  
69.22213656  513.8612483  -31.85498441  70.87045023  148.0952167  345.4098013  105.1192639  525.0895666  143.4040637  208.4526186  568.7799906  136.3710317  29.62938055  451.1947193  -64.64660965  -138.5952054  512.2065025  87.47976247  309.0514029  -265.4468865  351.9290935  -10.94984958  107.7657223  192.6090463  180.8610487  -34.55660471  435.7094596  242.5742877  106.1355388  87.70310246  
69.15620916  530.5242351  -15.04751443  83.3420164  152.4061277  347.1639758  125.6293871  525.8407188  135.4937309  218.5159233  553.2905228  140.4777318  49.89217567  443.3833556  -58.80635537  -120.9385619  506.3890263  85.31034205  294.2211433  -266.0436781  345.2228578  -63.05541679  109.8361002  274.9262432  121.2010628  41.72146902  397.8024467  239.4849966  92.25631393  91.29326458  
68.39820567  536.6363681  -14.16390427  88.18471978  159.4625487  348.0499003  121.0846347  529.3313874  136.3149568  227.441408  565.1353624  132.1542166  23.32241645  440.1696096  -52.74619461  -120.422777  504.0080282  92.27230564  295.6527909  -259.671556  344.6946372  -49.49584015  105.2322855  258.5205494  140.0377762  21.97367381  429.5565908  242.6321152  89.69699076  88.28650366  
73.79672398  547.8032445  -1.390161167  85.83775195  147.4302836  346.6415749  131.1529926  523.4885899  130.3494187  213.6838786  550.9813498  126.5303697  49.69479377  439.8430381  -51.29959782  -120.0854012  488.7058518  88.31182401  290.4033144  -250.5558034  339.2849042  -77.7598997  114.0359728  281.6672241  101.6414576  71.95245587  399.5378148  234.8447367  74.86304012  88.6870095  
71.74627066  529.2273587  -27.1733358  75.89031774  153.6257994  343.928808  112.7552326  522.5087044  139.2602662  226.4806232  561.1182589  145.6162755  33.39502611  450.1128496  -63.99824751  -128.8686886  524.2573317  98.18087349  291.2648777  -272.0335036  335.1084728  -43.61978201  107.4955726  241.6112036  149.2462586  5.164711972  427.3000501  243.4481368  99.95260952  90.99812228  
76.18969333  556.6673991  -9.543047241  84.1178288  145.476008  352.9860413  130.5061033  530.2786628  128.7838716  217.9148058  574.8780295  130.6214926  20.39520844  430.5739513  -46.63379732  -128.6585669  481.9578515  82.6111729  270.0018522  -263.876538  345.9525299  -65.4729215  102.7612907  273.8900274  132.3193759  48.47203803  396.5114831  241.7041573  81.64522759  90.25442359  
78.96284184  565.4322758  28.62542687  80.69147593  183.8922562  348.1817702  144.75442  546.6689468  130.9514162  213.8843562  577.5583451  127.3028392  8.47677517  433.1477916  -31.3753924  -108.4889427  483.9977176  96.96003579  276.0805799  -247.2363429  325.9196148  -91.29613113  92.76685812  337.3439859  107.8902177  84.77120981  404.4669394  239.0522567  89.11292521  88.81107714  
80.47474691  530.716368  -3.155956822  74.10490982  164.7397282  339.3752567  130.0088503  537.1856165  139.301232  212.4748769  571.0087097  146.2979902  4.970822494  447.1958268  -50.91752416  -125.7477696  501.7524375  76.51040978  285.3429995  -258.4316741  332.5748339  -59.30308193  104.9077926  286.9944908  129.3840327  35.172124  425.435388  233.1320214  104.8114271  81.30264496  
77.66147108  515.2437516  -34.95523482  66.42870472  159.6876144  358.145847  122.4158694  530.6503476  144.1971309  206.5266966  563.7201464  145.2159476  25.24255658  452.1376037  -60.22585717  -126.5397897  518.3372337  84.91583564  305.5271186  -265.3047816  344.9596359  -25.30406781  103.2546216  219.9340966  172.1788812  -32.05431147  439.1060388  244.218654  98.05169591  86.02023192  
69.38385103  537.6127647  -10.25631242  79.70960791  161.184408  352.1448035  122.2150756  522.6862154  127.846971  210.2122773  578.8897421  125.5517281  0.4584889482  446.494913  -42.82525008  -126.4605516  506.867228  88.54858975  288.6372805  -252.2567813  337.1801186  -34.41924594  95.99346729  252.9004353  158.4305477  -1.73244511  435.8380201  245.517094  94.51545373  80.10085958  
72.07199492  517.6501771  -37.64353638  69.83922004  139.5257248  347.8185509  117.6014167  512.1957278  142.3286034  214.4215541  557.832084  145.4318109  40.81487353  458.1831202  -61.58780854  -136.8321705  529.856472  84.14158905  287.3731191  -265.3198562  337.7332822  -33.34082517  115.8468216  226.9489739  160.3874051  -4.71472519  410.1984383  241.8451299  113.6424395  86.23663053  
65.33541492  539.5488744  -12.69377745  80.87836349  157.9067024  351.8305514  115.5318199  522.8628303  137.5349064  214.5134268  574.2935513  133.2875053  21.03050716  442.4229945  -56.53989352  -131.5414508  506.3499654  94.9145136  290.9971506  -263.9612494  336.9251347  -46.59076835  101.5172523  254.6883576  142.4746139  18.67038093  425.0387674  244.5636248  95.78159577  85.15190308  
68.90009018  511.5458195  -41.27953762  73.63935455  147.317423  354.0602598  114.503729  528.3771343  144.5660882  225.1431638  552.780405  140.5270236  43.10672164  450.4697993  -60.56252361  -127.6491656  514.8847896  86.01384356  300.5250442  -270.1630871  355.2796181  -34.27143348  109.9436171  204.1142764  158.4086989  -24.31086867  439.7640979  251.6716766  100.9350009  87.0438336  
66.97540756  535.8179338  -15.17721767  82.1022346  152.2689757  352.0502123  116.6806933  529.6827468  135.8752443  226.5808372  562.389444  124.5054418  28.94839944  439.7355958  -46.43772518  -117.1186585  500.1954258  86.77362607  296.8138005  -259.02361  345.8216728  -58.42776222  104.8630386  250.655583  140.1819798  20.99477037  418.4009184  242.6903796  80.29274661  84.43459444  
68.21513217  541.9958141  -11.30092971  82.76585222  146.3230588  346.379159  123.0449869  530.314302  129.2843849  223.8173995  558.0659288  132.8501824  40.55835359  439.0501128  -48.76500606  -122.5858671  488.049635  83.6698478  279.6957364  -263.6704795  352.2875008  -66.97967621  111.4131843  268.0420161  123.6287939  55.16293064  411.310106  240.5687151  92.89569621  87.60137768  
69.26046701  533.0250381  -26.07164139  88.62210284  141.1897055  354.8826095  120.6734779  537.145516  137.095674  229.9594184  563.015364  140.0694392  45.97154983  450.3162736  -52.80869381  -121.3410337  508.9508218  94.28282114  275.4209047  -271.2166722  353.6181946  -58.38369804  111.1516897  246.5923018  132.1508996  30.45239123  426.9016977  247.1800578  96.69591944  87.22751503  
70.06440889  533.5544218  -29.74409084  81.41624487  143.6696915  348.4353881  119.4496745  533.2132017  131.5139078  232.252597  556.0561314  142.6447693  36.21332558  450.3235934  -45.32173874  -126.0174634  515.8273121  87.41959257  262.2782724  -267.8722873  351.3387816  -62.89168716  113.1490086  262.0808144  138.4741519  34.84715849  415.4210345  242.5961029  108.4437429  89.88990179  
68.1488096  542.148894  -21.31991692  87.95498424  135.7078571  351.5564256  111.8550894  527.9554307  134.0956235  220.8069137  564.8948372  128.3578553  30.19492274  446.7483276  -48.7912322  -123.9141595  506.0556175  85.64992357  262.0061196  -262.3110398  350.29109  -57.06209032  118.8820656  252.5264056  139.6415703  45.83791372  407.1867453  242.58215  98.95811053  86.3036829  
71.57989847  522.3720999  -40.90199317  72.71549173  137.9558271  344.8427877  104.809304  533.8832611  144.8398388  228.0205998  565.8347042  140.1230136  19.47698525  457.6356063  -61.29838245  -125.6584028  539.6710772  80.94195015  265.1866899  -274.5777869  360.8770459  -30.12313086  135.2886801  222.1952233  190.5853148  9.769966653  422.7787274  248.7689132  128.7837653  90.97195418  
70.710272  531.709503  -22.01337903  80.71404245  158.6180113  351.2441753  114.9622128  543.7471667  151.1802475  232.0678734  571.1524182  140.15487  14.61285862  447.0958221  -56.00896555  -117.1058201  523.1390365  94.98380805  273.7725927  -272.8444842  349.8603498  -46.56165704  111.3270861  251.3556458  165.0583059  5.1749424  429.1430681  251.6837963  107.0026023  87.19000804  
69.69354572  558.9557398  4.569680476  82.17351596  163.6365437  352.3782882  128.2716983  534.0227094  131.9346986  232.9852473  563.5597276  136.8924987  22.73323908  434.0147868  -40.45509388  -117.3367564  488.6164353  92.32067406  258.4680467  -266.0864481  332.5307396  -92.87716055  102.7232215  326.7245253  110.7653866  84.23904513  405.2470981  235.0218751  99.71623108  88.33107072  
68.99802633  548.1161066  -9.191436149  85.65076609  156.6535997  348.6612699  122.1761512  529.7692206  132.8368889  221.9447074  569.9017866  136.1340598  22.66729607  437.6956823  -50.18126957  -126.7173928  501.9593807  86.89697097  275.859504  -261.8468571  339.7970154  -57.29899471  105.3127744  280.3273542  134.4476376  47.01784168  412.2883559  240.8171233  94.92868387  90.0741321  
70.30743379  533.7889219  -25.24668666  73.20798802  149.6377134  348.336455  119.0839883  525.1890994  126.6002867  220.1354331  564.0645923  130.5384244  18.84289428  452.6933991  -47.06628726  -134.149167  517.8597777  78.19992239  281.6029632  -252.1396595  344.3557806  -39.28120245  117.4908186  240.4243638  159.8171786  10.96564338  432.8057388  244.1692341  102.3267887  88.03571151  
72.24163893  531.7935071  -25.60557938  76.83082402  156.5778035  347.5114075  124.8849226  535.7783347  145.042116  221.8433882  554.5287491  141.1863517  37.28226264  442.5685902  -58.3596095  -117.7315945  519.06986  86.11630012  284.5816009  -266.8279391  345.1363433  -59.61682219  109.4148923  267.4784421  135.4647372  29.18958275  413.701741  246.3294403  86.90706831  94.24427825  
69.37483214  533.5364049  -5.106704275  71.28080266  155.9872259  346.9469192  121.4330433  527.0835836  138.0265837  211.092853  566.4207329  126.2679499  28.36926361  445.0619937  -52.51685959  -123.9014671  505.3484454  78.20012496  295.1498939  -249.9131029  337.5672843  -46.92448653  115.832151  250.6104508  144.9749664  32.03338916  415.7572167  236.3725229  103.7973559  90.15958559  
70.34587826  549.70171  2.571695212  86.65571264  164.9958218  343.8250037  131.6682584  523.9056604  129.5466673  206.3438689  558.4560747  117.0494224  18.23732984  429.2480498  -45.39166892  -121.9116203  478.1598358  78.6365555  298.045573  -242.6098326  339.8239989  -65.13802046  111.2805628  270.8041741  126.5076042  56.73150521  406.7488895  228.8503707  79.91600298  86.82282981  
70.47824452  556.781239  11.96778205  82.32359895  167.9599122  337.5994614  126.9062044  523.4749638  123.331588  202.6631375  571.9017841  112.7556274  -6.009892767  429.7001162  -42.06195944  -120.5833796  470.2358892  80.20010174  296.955939  -239.1180764  332.0747772  -56.2888522  104.5953385  271.7831792  136.31704  42.64653583  416.6327168  223.7904876  78.00467093  85.55336265  
69.49607758  528.5887919  -13.2251296  82.38856489  166.2487965  340.4362328  118.650959  534.2899862  140.119042  209.4170156  561.4422231  130.090385  17.66584596  438.9502783  -60.48788219  -116.390533  490.3856087  80.18566289  310.2241719  -257.4367838  350.3414297  -40.96951999  101.2959909  248.9182956  151.4918041  4.43724548  429.3870871  238.8336663  90.05549231  88.94443604  
66.19609836  529.3860574  -15.52013163  77.77927844  163.9549622  349.3925731  123.2000432  530.1370848  137.9023969  219.5964332  563.9202549  130.2493219  16.79219227  439.9657082  -51.45488743  -115.8352301  500.9131209  84.5435914  299.8321666  -258.168722  345.2304153  -51.62641728  97.83242528  255.7901994  148.664156  4.569820594  430.4547733  236.9756473  97.1579244  83.88551085  
69.54739053  521.4690118  -29.17906006  72.21483104  151.4740722  348.1640964  121.2851293  545.1540646  140.9985873  219.907362  569.3309161  142.6874478  37.50579665  449.5047144  -58.63459837  -125.5953594  521.4779567  85.41922505  295.2700275  -266.2516263  348.8937624  -37.97855191  108.3172377  228.4870776  157.134269  5.646599831  424.1110371  248.3024653  110.8103267  90.59165847  
68.31220591  533.5036483  -18.60092822  76.85695953  151.0002226  345.9879269  120.5919386  534.6442533  133.5082739  227.1057492  574.20382  139.4583813  24.51377111  444.1750472  -51.76060184  -123.0521438  516.5764179  88.80879329  279.1310642  -267.319702  337.7391357  -54.56648773  100.2402471  255.9487009  141.7224635  27.3334432  413.6235627  244.4631577  102.3656326  88.13599512  
68.73053404  527.1582842  -23.31917893  78.14605713  145.5586335  351.772176  120.3610582  535.3639406  140.3492618  222.3068363  570.9200756  146.0978331  37.77426679  445.7152489  -49.63327922  -125.4100176  509.733493  85.39353471  278.4553644  -268.3259079  342.6663819  -54.12268496  105.9419515  259.1084684  141.992546  31.29600879  409.0399742  246.153104  107.4335516  88.78004422  
67.35877576  527.5116453  -20.28501769  71.96684891  151.4375344  351.2210474  116.3781264  539.3477228  137.7654301  228.0248767  572.8901328  140.5873695  33.76027721  448.1027377  -51.22449365  -122.6716122  510.63357  88.2597554  277.8783971  -269.7687057  335.6450341  -56.19004049  98.98038811  259.3186834  143.8029229  19.65858969  428.5638174  246.6073603  111.8376123  87.08036145  
68.11797089  537.2446853  -15.82719524  81.05410764  155.9857006  354.026106  117.0040913  530.7405107  141.4437207  227.4312327  562.0409701  136.9778385  27.63393639  438.1326975  -53.23214433  -119.4729629  499.955868  87.47889147  274.8289822  -264.9036134  337.25313  -62.99533865  104.3550723  274.7009963  138.2205698  34.37717565  412.8776567  246.4674703  96.88646631  87.49479832  
68.06828517  547.827645  -7.308037396  78.40071716  161.369563  348.1517824  122.8131829  534.432926  132.0438182  223.8536058  564.8411586  127.8953924  28.05961104  433.7624611  -45.64851477  -113.8010902  490.2612352  85.89148609  279.5971022  -258.6178068  336.9068658  -70.84085406  101.9595464  285.2422768  134.0585774  53.18042956  410.2341715  240.6572819  92.98539244  90.53785679  
68.6147553  531.800561  -13.15702431  77.04591725  148.2547823  346.5182713  125.9468496  535.802645  137.7607382  218.013501  567.6782445  134.3562112  39.56988322  444.51998  -55.79008084  -126.2057251  505.3890537  85.54409426  281.5962376  -258.8802996  348.313598  -53.10345644  107.205547  255.5684073  138.6385213  34.19551448  417.0296137  247.8397629  107.1802671  90.68552876  
67.90589284  518.879693  -29.73098034  78.82775595  149.3277245  350.6840523  118.9450907  532.5491263  146.9393726  226.8749476  570.7243718  147.2691811  35.77027147  451.5811469  -62.7629356  -127.8924848  529.7475438  91.32476468  288.5774496  -271.7908037  348.3473151  -42.69354798  106.9374496  237.4359888  149.3962246  3.473505895  426.2687273  247.2534883  113.2501381  86.02656699  
69.51023064  520.5821662  -26.3152519  78.25046541  149.3775594  345.0725375  120.7593729  536.9205877  140.6746931  217.9688352  560.4528989  142.6370528  32.47832563  448.3531653  -53.35830855  -119.8831002  517.5157267  85.07733125  279.2734373  -266.6749955  346.669966  -57.85635618  100.8718489  262.1831696  139.8192249  19.62399971  408.0498407  250.2989629  94.78522864  90.98854215  
72.42539706  544.4305251  3.097834849  77.18435762  160.118111  351.3121756  135.3090651  536.8916804  138.033883  215.1977203  561.2693893  121.5274296  33.39761713  433.9596839  -46.95065909  -113.3272967  496.4908846  80.23802472  299.6688409  -250.0245624  337.1505686  -63.9918886  114.0877025  268.0021943  122.2382539  52.18047493  411.5930333  238.6663369  85.39602445  91.68015517  
87.33806695  527.9670727  -18.32948366  78.67414689  147.0394918  344.9283353  130.4396364  532.1954199  138.7890521  211.1970115  563.4872136  145.437429  34.38276156  448.9984295  -59.95556471  -127.6921872  514.2267133  82.56650012  291.6361908  -263.1544199  338.9370972  -56.15260791  114.5458408  244.0999297  137.134913  26.68187161  405.7679927  227.1040932  90.34679835  89.3800734  
73.12201728  548.8069503  -2.313866422  77.19604839  161.174577  351.9956703  121.8112916  527.2967598  130.5720035  209.3191965  567.6790871  117.9772406  18.29217494  442.1796147  -40.46989164  -119.5614161  490.8771902  86.57752414  289.0175662  -250.1242511  334.9721888  -59.90050769  109.3915734  270.7849407  136.2473615  42.42999048  414.0200132  240.4254634  79.84815793  85.18126144  
69.14092051  526.0043317  -24.98587203  77.70544961  158.4484582  343.803569  116.8955802  520.9004979  144.8373858  221.7291954  555.2313879  139.6674084  25.74803517  447.102368  -56.26162578  -124.1825656  508.6787803  82.75324628  295.3486077  -264.0557817  353.1939542  -42.48182565  113.1951981  245.0504035  156.8465115  7.750186886  430.1286959  246.5289309  100.1483266  87.83083108  
70.51480634  524.6047562  -21.92530887  81.94368444  157.9211658  334.9627433  127.6776282  531.7936978  149.2745424  233.6602139  554.5554523  142.3310309  22.20817585  451.2528607  -55.90792829  -117.1421271  510.3630326  80.77847415  293.2341092  -264.984101  352.2229331  -50.1014801  111.3506509  251.9040565  151.0332231  3.301485145  431.9765252  257.1636481  97.96605014  87.29032904  
72.49588589  529.3935709  -31.63464615  79.82511711  134.1746707  347.5393314  114.3309542  530.9010401  133.1586658  226.7792906  557.9297534  140.5267468  55.20184478  451.3366803  -56.81442244  -130.1823791  504.7954157  87.35826391  277.5027818  -270.4759394  344.4740706  -47.41136973  118.3780404  233.9941837  142.273182  27.98033768  428.5470965  241.0320582  108.3934356  87.70933557  
73.96852408  530.6826234  -30.16170503  83.27710419  131.4432812  346.4026613  108.657745  537.3737148  134.6061298  217.4941198  578.3561091  136.1669235  16.88066699  454.61358  -55.71892196  -128.4127245  528.590912  83.25759444  262.1879289  -268.6847031  357.2350568  -36.20259615  118.5530491  231.6155794  164.0518735  14.50960434  408.3253364  246.7595909  103.2040425  86.01930768  
69.6227143  543.6202074  -10.77470816  80.20661711  156.324741  353.7361213  114.2566717  540.8562168  132.1887155  225.6383148  567.733532  130.6203768  19.6775116  449.0707429  -42.76415967  -120.1166648  509.9225545  88.07880188  272.7554728  -264.1159983  347.0813526  -61.66659655  112.4191656  277.6336249  143.0135423  39.37497663  424.387172  245.1022077  98.66681036  89.46501077  
67.83150602  545.9066119  -8.873349511  81.83137269  164.0815738  358.861426  114.4967629  533.2979793  139.6636253  224.9442985  561.426269  132.5657075  17.87782312  438.888655  -44.11249633  -117.8189418  504.7534517  97.24029252  274.6697559  -262.8732194  341.29127  -72.05886121  106.3899915  290.7476638  136.4168266  42.00920929  417.069857  242.3113435  91.95248814  84.30883927  
69.15940226  553.1575644  1.109241231  83.90933031  159.0796983  347.0737787  125.5197785  522.4177203  128.9941761  220.5135974  559.9752461  133.1771406  30.63659385  434.3061998  -45.19505446  -121.7094693  488.8296629  95.13981145  277.9519774  -261.1035999  336.8837638  -78.37307688  101.5237281  300.358939  108.8327287  68.57075822  403.3725032  231.7659754  90.69320333  88.41894838  
68.95410229  535.0579339  -16.89797178  69.31890103  152.1745471  349.1394566  116.2089326  526.6388277  132.6281731  216.8425488  574.7688022  126.7029452  25.09412773  446.7874463  -49.80909431  -135.5599292  509.1283363  94.68077713  307.4491928  -256.4248487  340.8702214  -26.6601111  104.1688572  213.8926878  163.0287336  -7.947546206  441.6891911  244.8344821  100.1098548  85.48820978  
71.21193337  521.1594999  -28.74764452  79.77649962  148.5933623  345.4657131  125.6151585  529.6850314  139.867161  219.7813793  565.1125395  145.0243746  36.63881617  447.216182  -59.61453983  -131.9833555  515.014172  82.5090086  286.7363626  -262.7841861  344.1831715  -51.10121351  108.1609675  244.586863  146.9294083  17.04410254  410.7371678  237.8531411  109.8675831  89.50420466  
65.715258  534.537253  -7.61680625  79.32309397  171.8020656  347.6286206  128.6408672  538.0427482  138.9021521  221.9523928  570.8120499  137.0795829  15.76801106  434.9551854  -51.02249647  -115.5273049  498.4366166  86.35848896  286.2484068  -261.6143271  335.9997441  -56.52007599  94.18932218  279.3854578  138.7786313  27.99682161  427.2994637  242.9164042  99.73422326  89.66988673  
70.33522835  526.4402977  -19.14394559  80.33720161  164.2905737  346.2620222  127.0485709  527.4704157  144.9170378  226.5869658  556.0845586  134.4081059  6.261177673  439.9383279  -53.87884266  -115.0974533  498.2401203  78.68250213  287.2464147  -258.2481082  336.1917355  -44.58527246  109.3680219  247.1613239  158.3189987  2.236548677  439.2400835  241.8661952  94.36285351  87.14953862  
