107.1140109  557.8189213  -72.89639709  116.1134726  184.7556156  332.1704377  124.5194178  563.4546768  226.1850272  241.181096  457.2010838  142.0375927  116.2359034  456.0186292  -107.741865  -76.69673823  595.9175406  155.1376078  292.8827474  -133.1810946  384.7593074  139.7944365  123.0013307  362.2906546  109.6564652  5.44807715  416.9212927  199.1073519  225.724646  145.0523616  
98.61126162  552.1126354  -79.38746706  117.2795447  189.7181573  331.5741125  119.481882  563.4705383  217.2966712  246.4451847  449.5302403  141.9866891  106.1138563  455.4868198  -114.1073096  -74.19110116  593.1698467  162.3282361  271.2525106  -131.5627396  388.4867955  135.9928387  128.6914969  361.4343534  105.5422519  12.43974162  408.4855363  204.2068345  231.7606327  147.375292  
96.03808201  556.5031951  -77.15741601  112.1793995  176.447062  323.7185077  115.0644627  554.5045678  210.8312811  242.2034504  439.6977404  125.6970546  101.8766474  458.6697791  -109.1699338  -67.09100339  595.0004056  173.2389382  258.5486125  -127.78613  381.2372447  135.462898  134.2278924  356.0088801  107.4746622  11.46096822  408.9497177  206.7378894  222.9818239  149.1015233  
100.0300836  541.4898522  -74.0083545  111.9659556  178.3533404  323.5356729  110.6569345  549.6993028  210.8556374  232.4598905  443.8085909  113.5579521  104.5620503  460.9912613  -102.0723288  -77.02403388  593.729033  170.8410982  266.9142737  -117.5240086  367.505658  119.2562547  128.7056568  352.586904  95.61696048  3.649792378  398.1865133  196.9224216  216.7732879  147.6470345  
105.2282212  544.1262572  -73.52717787  108.0201321  193.8686165  326.0223454  114.1259355  542.1131231  221.3523656  239.4819853  450.6776128  113.8842481  100.6418429  459.713638  -94.23564313  -84.36468987  587.4906823  168.6413041  278.8837048  -119.6648903  369.6974779  119.8163487  131.6722143  360.7395983  99.92757913  12.61312937  389.0337183  188.1901073  222.4548771  146.4078012  
104.4311331  553.950702  -63.88921107  98.00787413  191.4321657  319.061289  121.8391071  561.5918043  208.9315384  228.2039438  444.6497432  113.3518054  96.93895749  467.8257598  -106.7642269  -73.96358217  605.3881409  162.2502376  271.4025882  -117.9778258  381.4678127  119.0406251  126.4217565  348.9880667  102.8871188  -0.534235864  397.7235097  182.2287754  200.8051101  144.5613771  
105.9426346  554.6158781  -67.61020294  104.9002538  189.7488277  317.9910966  120.3003065  563.6279412  222.1157219  240.966805  451.3078677  133.0732629  112.3791759  463.52709  -107.0785658  -77.7281361  603.7287876  157.2422668  284.9689334  -126.9014703  380.0403615  135.8085062  132.3644743  362.4735703  111.1666447  -3.832823826  412.0814477  194.8286461  209.9700017  144.5715789  
112.8662511  555.1133765  -70.25642965  111.1822148  182.3783033  327.2857379  127.1850295  563.6740458  229.9530103  254.115541  463.0162138  118.1358386  111.0142649  442.0863141  -101.4286972  -91.72948795  576.9121651  145.2474714  295.0411716  -126.2755273  368.5606953  125.3458719  132.9237386  353.6583192  101.3884991  -2.900210062  405.3357199  203.4280105  218.0467266  142.4046665  
107.1246042  554.9369771  -65.21657331  108.7876115  188.985359  325.3047259  123.2692328  564.7950427  215.6603124  248.7317438  445.2910848  132.1917047  111.438444  455.8421321  -110.6840952  -86.07710428  598.0930732  155.2920698  277.3235471  -127.61448  379.874656  129.6649203  133.7985492  356.6055064  104.9147621  -0.5109725929  403.1851385  205.1200718  210.6839312  145.5090125  
110.2903414  546.0636182  -70.26604365  111.6759627  181.1887787  329.0939766  113.706378  553.8665494  221.5066166  244.4966519  441.492383  125.6542303  111.4750376  459.6980946  -104.3337299  -78.41647295  597.2193492  145.9106742  285.7459475  -124.5257737  371.0981764  133.7666186  133.5306521  360.3365086  98.41075107  -3.597089648  408.8033989  201.0568864  213.3304354  147.1809543  
107.7561233  547.5894428  -75.79372841  115.2554458  177.0270392  324.9576484  112.1303606  558.6392051  220.88578  246.3696331  445.4221891  128.1668588  115.3190804  458.9073251  -109.506686  -82.86671446  588.6726442  157.5449163  283.4373181  -125.0684491  369.4464136  129.6826743  142.7409011  354.8701697  98.52437466  0.4862878799  410.7783631  209.0648036  219.7981532  146.3848153  
103.5461232  566.662488  -74.43393253  112.3734504  187.1276688  331.3566009  120.0448375  572.9516547  219.4788701  263.2740967  447.6749919  131.9423465  118.1554309  453.2043694  -115.9106378  -82.47746325  585.926406  164.7096332  284.1143841  -125.6692201  381.9490384  127.176348  145.3867631  348.7210716  96.43508725  5.92581841  409.8955889  200.5006864  218.2794662  145.7254976  
105.4489355  557.9262667  -73.26088069  115.5481517  176.9638458  329.2687145  115.2549955  553.6810779  214.5268035  246.7439646  446.0254782  121.9739692  116.0891077  448.1777413  -106.7005621  -76.93439377  581.9989403  165.2379381  283.7947538  -127.4028039  371.6180493  135.2717022  138.9291588  361.2919688  92.96211751  3.521813461  420.1066313  203.0602599  230.4557923  142.0685903  
107.8121482  551.2396756  -77.70521951  122.9823893  170.6312639  323.6440779  114.3575296  541.8388141  222.7621388  247.7046082  445.8686984  119.3573473  112.7335243  448.3759706  -105.0046855  -82.75925626  577.4931945  152.4700774  289.0251784  -125.9739267  360.914735  136.9160471  143.880863  362.8242934  97.01563639  3.263939491  417.8050955  208.4589063  240.1828369  145.1446172  
106.9999909  541.3811967  -71.73348207  114.9269008  181.6365431  327.359235  111.2162757  556.0699165  219.4119251  234.9310724  438.8365114  121.0709261  107.9308191  453.4908219  -110.5204943  -81.4288784  588.4382574  153.9332623  290.5439081  -121.9731996  370.3971147  119.5514285  129.0066797  358.0855252  98.06658281  1.830651064  406.2792706  197.669595  218.9039557  145.6424922  
109.8899029  552.9355568  -69.63899543  112.0093357  185.3854847  323.5877636  118.1933725  557.4064428  211.6472072  234.9603711  444.048845  118.213697  118.3698778  452.2449052  -100.6335098  -81.44483955  584.5000178  151.8451804  297.9458541  -119.2926318  377.9056975  124.4254424  129.781895  360.2361284  94.49510091  0.3789474115  409.360157  191.6319399  213.6604875  140.1671757  
105.0609254  548.5118118  -74.10667276  119.4332259  170.6248422  335.2818271  108.6091639  553.7067183  215.8785909  253.337128  439.24277  117.6357423  116.8352522  448.269928  -107.5765661  -86.6400441  581.5907695  148.3759421  292.9041427  -123.692594  372.7340361  125.5248641  138.2658611  361.9782049  92.48604544  4.820735126  415.3210242  207.6582753  224.1632605  146.5085095  
104.8543156  551.110858  -75.15706303  107.9651223  175.9862866  328.5499084  108.7853643  559.350223  208.1433351  248.7753326  433.2997394  121.7420662  114.0499357  458.824036  -105.2543398  -81.61669636  587.9850288  159.0185401  281.261648  -127.3240242  379.6969928  122.0832586  138.3854795  354.1738989  92.56257406  9.699295859  400.2299859  204.0479263  217.470945  147.9563115  
108.0960344  551.8281649  -72.25405792  112.9454698  182.3142401  330.4983855  110.189817  558.5127598  223.7179962  254.3761078  451.9551793  127.3677693  112.2892929  452.0599285  -103.7944697  -86.18104623  586.7496381  152.0324556  280.3994279  -129.8446578  371.5632697  130.8173392  129.9421385  364.3906339  102.2597757  2.169732901  410.1987963  208.0410467  222.5709878  145.0669943  
110.3081376  541.2330278  -68.37202166  109.2926169  185.8709143  313.9651519  136.5333155  560.9906187  223.3765571  240.2243442  460.7937006  125.536972  97.00243016  451.9026559  -100.8049139  -84.40389053  584.5563178  152.241576  277.8586129  -128.311589  373.1359842  124.0194259  121.240485  353.657779  119.498549  0.6759144758  394.7296096  201.2378973  208.5954817  145.403469  
106.5493971  543.877095  -72.56290277  105.895385  187.8862546  327.3084516  120.7711056  556.3174994  210.751299  224.6370136  440.9022461  123.0516029  109.1245907  462.4167982  -106.573377  -76.30151098  603.6471539  155.6504934  281.2474805  -120.0485636  385.356143  122.0756703  124.5158498  359.6024802  109.7143251  8.619331475  396.214482  194.0762013  209.2982501  149.4356633  
106.568419  541.4615723  -73.12140618  110.9371349  180.201813  329.5325222  113.9284366  560.0308888  207.3635314  224.0858527  441.8911737  115.238278  116.8496172  456.4056209  -101.2559565  -71.68492077  584.7921703  159.7269592  282.9213914  -114.3800782  374.9596689  121.7169989  128.0661925  356.0775821  83.72040042  3.874709635  398.1997369  193.7751889  219.8252797  149.0329651  
106.9053665  542.8915779  -68.70457684  110.9679552  175.8940575  316.1981451  111.8199869  550.5259254  209.6376784  222.419323  441.2704576  116.6958972  115.8654915  459.8012029  -102.1843345  -77.34933508  592.3857391  171.2255189  291.6894243  -118.1478215  371.9583076  114.495727  139.2009086  352.6454253  101.9102825  3.133111284  401.696653  198.2400259  210.7967306  147.2595881  
105.4585925  563.6476953  -75.98119919  119.6724626  173.6860282  332.1117289  109.0201651  565.9753654  219.7208466  258.8071312  445.0190104  121.4970399  117.4521624  446.463284  -112.7435303  -81.24549527  578.4823574  160.1433783  283.4687873  -128.2756408  379.518787  133.9834745  145.6429535  352.6037729  92.93379244  1.422759994  420.2282919  210.3339715  231.263237  145.8632448  
104.4002965  569.9129071  -75.97735546  123.8785159  169.2601609  333.9005742  109.2680926  563.5786425  221.8405369  264.8308355  447.0282577  117.9085662  118.1843021  444.0834278  -116.377046  -86.48547562  580.369383  149.2374621  283.2620262  -127.9529307  382.819718  134.2924261  138.3164468  353.4507086  87.83923796  -3.232069413  426.7459098  209.5921251  224.8630656  144.2986326  
102.899113  569.1070898  -83.88744775  119.2636916  181.8867479  344.654533  111.1337073  562.6715251  228.8647535  278.1584838  450.7863775  120.353559  125.136794  440.4091856  -111.5113799  -88.75271604  582.008715  149.3057705  278.987442  -130.5110364  384.0880083  143.6205258  140.7077416  366.471691  89.83467474  3.666140888  417.3416614  206.912266  234.5307876  144.2707826  
104.2159167  562.998181  -71.77097807  112.0652464  174.0684443  328.2772604  111.2575947  559.6314471  222.2245994  249.7669338  449.7892677  117.2058085  111.4207527  449.2530001  -109.6745345  -79.9741394  586.6921866  161.2271192  284.9891839  -126.3406024  374.7754262  128.7939421  138.1711082  358.5533751  95.23345185  -0.9657080295  419.4984266  199.7761935  219.3718815  143.2085838  
107.338118  542.768377  -67.98148983  114.6203605  184.380476  319.4489072  119.0244316  572.8462981  223.4167975  243.676094  451.9227443  136.9036616  114.0160343  461.4697816  -105.4814238  -88.51769535  595.3907156  150.6180564  293.4204652  -129.8123275  377.0181935  126.9328659  125.174297  357.7478665  112.696514  -4.742140265  421.1586784  209.3139099  216.0514701  144.1264269  
110.1218814  544.0424046  -72.1348734  120.0519496  191.5512034  336.4183023  124.0109322  570.4727627  223.6988572  258.7466616  452.5958235  129.0042472  101.0984748  437.9034406  -112.3094859  -90.00519384  584.2394031  141.9391553  267.8618195  -129.4005065  373.9696569  132.7570476  127.6155446  361.5006403  108.920124  6.778302115  398.7911913  214.2606577  223.0705957  146.39283  
108.0784402  553.5459174  -63.98809093  127.6120305  187.3679057  333.5213522  120.7982531  555.7670366  225.6506895  250.9004382  455.835419  126.3878755  110.3828069  442.3286392  -110.168294  -84.85434021  588.7310225  146.528469  269.8554085  -124.1870045  371.8684918  141.6481954  132.683808  363.7699856  94.60965827  -0.2405721278  405.7669952  209.5777402  222.6682405  143.8659416  
112.3567749  546.5260034  -68.34886668  113.8903859  194.5024757  324.4597804  138.2086284  568.2833418  225.1612725  251.5663677  464.7462882  127.6773579  103.3246948  446.6737387  -103.0601279  -94.90854558  581.091602  147.5304672  278.2349799  -125.2392742  373.8154801  118.9247246  119.1180135  353.3901033  112.6964015  -0.2421764277  382.4837024  200.3781614  209.5216653  145.7703123  
104.643492  557.3237186  -72.13187533  112.8912315  191.8256203  334.2434512  128.9699792  561.5443152  209.2240194  247.2217946  444.7018845  124.2741664  110.498466  453.2494266  -102.4100405  -74.93401639  588.2966373  151.9862801  282.2525957  -119.429231  382.9872633  125.9500655  122.0446781  354.7017082  95.19670561  6.539682237  394.3245634  183.5558524  212.2461506  145.0932998  
100.9358479  560.7661852  -74.16263853  116.7506639  165.7201638  341.3117049  110.6566363  550.5235764  217.0742684  257.597049  440.2142457  106.7760115  108.450066  449.8739545  -100.6434765  -75.53224868  584.9526107  153.8294709  280.4910056  -124.2119593  377.8574896  124.4615583  127.484392  362.7735791  87.10992409  0.8431052278  407.4854158  198.6847544  221.0751863  149.4081982  
103.1764679  547.5309632  -72.18435243  121.9155342  174.7444214  337.5251186  114.26485  557.7006054  215.5014906  232.4260793  446.1966872  119.6070601  104.9517632  445.1472632  -106.0425963  -77.46391196  590.8676103  155.2306971  276.2342184  -112.3929349  369.4502189  119.565614  126.9394684  358.3831601  84.54167922  -3.868671371  398.7888872  200.3067283  210.9565849  149.9116644  
106.962083  553.0016482  -65.10528251  129.6273699  178.9387119  334.7919123  117.3451218  551.3549965  225.5453831  233.9105686  448.8487473  116.1962185  118.0745617  440.9300524  -107.9538024  -80.85143665  592.3903212  155.3125955  288.5779821  -111.1028406  365.5933868  127.3595446  139.4351144  358.8823428  87.33213582  -9.182967887  411.2414165  208.7953602  214.2014033  146.6255871  
108.0165272  554.1905415  -66.10230795  110.1913195  189.0895099  327.3522649  113.4390271  560.95237  216.2404227  225.5912859  447.2757873  123.015466  123.8756311  456.2363169  -106.0934998  -84.23897504  592.0686197  161.1310706  304.9345634  -111.9207182  376.2846478  120.5460882  136.4459691  352.3492358  95.27785903  -3.836626173  417.1620284  199.8014602  215.9776361  143.3099243  
109.1750226  540.6380949  -62.90652945  107.6017062  181.8216034  314.3103944  115.3656206  563.117481  214.3842096  217.7005125  445.8447625  123.4099687  108.6287344  464.8384013  -107.5129504  -78.96716765  597.0772137  164.5028332  289.0343328  -111.2678185  371.8099908  111.4336697  129.1108092  351.0179742  105.4200856  -8.504950435  405.3667914  197.9034592  193.0896437  147.8380422  
110.375999  537.8422026  -65.32997945  115.3473217  187.8903834  316.6055097  121.2068228  563.9827002  228.398907  221.1492416  454.524112  126.9326722  103.915792  451.8179053  -105.2521152  -77.63402451  592.7531381  157.2062846  289.4415232  -118.6125938  366.3582182  126.3948325  129.9717098  353.3760796  111.2302446  -3.198767075  404.8516903  202.3299841  211.5461474  145.666954  
106.2467371  536.0797142  -70.52084345  103.7253189  182.2813143  324.4202083  110.0296187  566.3909182  211.7263718  222.4083343  442.0436665  119.7148892  110.0608668  462.0881625  -114.1316228  -81.83439356  598.0063807  156.1039548  280.1153654  -115.3750715  371.1853938  115.1180452  135.6964418  349.1227294  102.7160896  -2.198326853  401.2783459  201.7716248  204.7236919  147.4040485  
107.4019558  538.9869822  -76.68396331  116.143671  188.8419561  330.6906939  115.5465472  566.8040365  219.3605281  244.5797049  455.9679263  123.1320634  113.3224617  449.8515155  -106.4236091  -95.15051065  580.0667752  147.1828953  285.2498812  -121.3224164  369.9272488  119.5579551  129.6329092  358.3211796  95.45417123  2.002457691  395.7836192  202.1458477  223.0280868  145.0770501  
106.8216971  540.6528718  -76.79699353  109.8060598  190.0129263  330.7634558  118.5687983  563.9863247  225.3483236  248.4023324  454.5319389  133.2465872  103.1307217  452.1685632  -116.8990738  -87.06626607  591.7895449  150.5954326  267.4832985  -133.8367946  374.0495338  131.334665  123.3192975  363.4191982  112.4444315  3.579656771  399.1600329  201.8458798  227.8049479  143.8556639  
109.5438762  559.3132359  -69.97013255  104.5025732  192.6298589  319.8204554  127.1918224  562.2724511  215.9123335  254.8244931  456.6512939  124.6445892  101.9519791  453.9685992  -97.72687883  -85.50157672  585.9858472  148.3363544  280.4450416  -132.5747753  381.9931813  129.8100832  121.6036327  361.9720803  116.6633141  -0.6159846485  399.9080737  197.1558513  220.6321807  142.8911745  
106.7003657  555.6165885  -65.08979965  107.8343895  185.7389475  334.6364717  115.6659427  558.7593362  221.380228  244.5913003  456.2479253  121.072541  96.49227343  450.8596035  -108.7782664  -85.92335329  592.1931147  148.7825186  274.9408105  -124.4939863  381.5355258  127.4494646  121.3258221  360.8980658  110.0822162  -6.497879283  408.5319006  194.9784744  214.2873224  146.3071138  
107.1501484  563.2244761  -69.61763449  108.1633014  180.1449544  316.5185881  122.4869612  553.5938938  223.0408014  258.7019319  459.6129288  125.7605452  96.59231027  446.5725087  -105.1362196  -80.26189747  579.8832944  154.2519694  268.3316276  -136.1840908  377.1764607  141.1440664  128.7542657  359.9338563  116.7750339  0.9285266998  409.6309927  202.59154  227.0685804  144.5321101  
109.9275302  556.6001177  -70.44035798  118.1895089  173.8914549  336.1626177  114.1251782  550.0385538  230.147068  258.9064007  449.3440301  115.5978477  104.2939707  446.2238909  -102.4248385  -87.9829784  581.9275708  146.5870182  282.6006161  -130.3849428  376.0823592  133.0292991  129.3525613  366.2763844  106.7343443  4.941211277  414.347089  209.2938189  226.8476091  146.5622359  
103.0795868  560.9436004  -74.43742024  111.8426534  190.4579408  335.404367  116.6916817  561.3177371  224.3129552  255.8127126  450.7317291  137.0342094  110.7250494  449.5101437  -114.1509277  -80.09059113  591.2841287  162.450502  267.0231296  -133.1343059  378.8570892  141.8018964  138.3125575  361.9422504  101.8694767  12.16908218  405.0013586  200.7952356  234.1055603  144.6347818  
109.0761476  558.8731719  -68.23582106  114.3448977  180.1471165  330.621743  113.822256  562.6960039  214.0532668  244.1004853  447.2708731  118.8541441  119.3536497  451.9239408  -110.6711468  -79.60291827  602.6427361  152.0011346  285.1445116  -122.3822534  379.1928277  131.6517545  124.6392683  362.2955684  100.1888151  -8.436133862  419.4358197  198.6224752  211.9669873  144.9988381  
108.6897607  551.8610051  -69.16815653  116.4541811  191.0707185  324.267944  127.8631842  573.2071116  222.0326583  242.3300865  450.8020408  129.8452358  112.8718686  449.8382378  -108.360158  -74.9337339  584.6990789  166.9627539  277.1426821  -121.8734855  372.7008029  130.9865021  134.4984896  359.700218  104.2769321  12.82925068  397.7216413  206.7699287  221.7480643  146.2676192  
102.0417482  538.38758  -73.67728217  118.2390351  179.9141979  329.9194405  135.0268502  550.0495843  210.8005411  232.6053579  438.8766287  128.7798625  100.8863814  460.3553249  -103.7798882  -66.91755262  587.9943563  173.4043822  271.7204707  -121.1700768  372.9930413  126.4556435  139.139498  353.9919324  93.21269197  15.2512643  401.5486411  204.8267778  224.7336388  150.46434  
101.3537503  549.6197248  -81.73193913  114.0849547  202.5549243  345.9056556  128.2968956  559.3653757  208.5061177  251.723673  443.4132828  132.0586731  111.9377162  451.4883534  -109.7634943  -74.13494974  593.1916171  184.3318654  260.359273  -127.4042877  387.2575793  126.4346829  134.5516396  367.2129425  95.43099427  31.74402198  391.7847326  203.6221473  230.4451528  154.0502498  
97.63006396  563.2258637  -75.64428634  119.2593021  186.8724644  343.6487491  120.0171789  547.4402081  210.5111178  240.5360207  442.8388809  114.835769  115.4782983  451.488189  -111.4880308  -61.27847745  598.6526172  175.5350203  263.5724796  -116.0828236  378.8987357  141.7869042  144.4101644  354.7646654  81.27885953  17.30404696  399.9828825  193.625034  228.4787209  151.2182777  
96.34889119  564.5097423  -74.5460163  118.2328085  177.0131218  337.0287906  111.2566553  537.7738208  207.0769029  240.9749233  440.1461188  114.0117905  113.1117743  458.1411521  -109.4712752  -63.1192855  597.6510926  174.6020263  271.4898259  -117.1065494  376.2002988  134.1667434  142.0766454  359.5926432  81.06222532  13.86850117  414.7346261  191.6019201  233.3123866  147.6661211  
97.90500768  550.0588042  -73.42562491  109.405554  178.9737515  327.4531261  114.117494  547.2639838  208.4718987  230.3423603  439.3714147  120.5802153  107.3342419  468.3923782  -107.5883297  -68.59590127  599.7752049  163.2946264  285.2141558  -118.5252813  375.8442749  123.891339  136.1221291  355.3800317  94.11159593  11.72152919  408.2550924  187.9937739  225.4165803  145.773139  
103.7673743  541.9879927  -76.58305758  112.2273597  176.8144688  322.3255794  111.7173421  554.6130874  221.5534356  243.3355137  446.4393797  132.2659736  120.3121065  466.8619203  -101.0592487  -82.42009266  588.3104163  146.9477629  299.219174  -127.7598024  369.3925963  132.1936334  135.3556568  355.5813732  97.10864732  1.065110199  416.549794  201.208461  225.9602971  143.2678056  
110.6861871  543.2116461  -72.31097437  110.0516142  188.477495  323.1432793  124.1777647  566.9999536  225.8304634  246.2333383  459.6647643  131.2523712  107.8732298  456.6993747  -99.67433111  -95.24245733  585.1848982  141.4748303  297.9386088  -125.7712739  377.8814339  116.8193738  119.3084589  358.1367215  107.8636068  -7.648155373  402.2985446  192.7779589  208.0143162  142.5352294  
106.253712  556.3825209  -71.49937273  102.8073055  185.7276149  316.0655606  114.0896163  566.5790512  222.344992  250.1589064  454.0996801  123.421927  110.1381159  456.6171834  -102.659123  -86.22395355  585.9621813  147.5367189  284.8450286  -128.7567781  382.5160549  130.075487  129.9538635  356.5880909  114.1352645  1.214938289  401.3437672  198.1533919  214.7078825  143.6172238  
109.4724742  554.0708393  -69.11514958  111.2783458  179.9258368  319.9423387  119.454349  565.0750848  230.4817402  249.4728965  459.2530729  125.3196654  101.530398  452.8767823  -105.8211792  -85.90473276  583.6012798  144.6307843  286.7932222  -125.6060249  375.2769413  125.823875  122.0482851  354.2676014  116.6777651  -6.841667681  405.4686034  203.155592  208.598705  145.4941379  
106.3855423  550.8765409  -72.46353824  113.0789142  181.1938371  330.3009617  113.892191  560.9488521  223.9192969  244.2950497  449.0798255  130.2614154  105.452774  457.0149447  -108.6835524  -83.20179911  600.5088593  149.758962  273.5200458  -130.6503102  385.0831407  131.2112806  122.632127  362.215778  107.5580302  1.95071292  406.7702478  205.9888368  212.3546676  146.875316  
104.7484964  552.506144  -70.54741146  116.1100043  187.6285462  333.3988062  107.4958867  557.3717846  223.1747067  236.1395878  441.2383876  131.7337879  118.0881856  454.2823966  -114.3234219  -74.19819582  603.9444404  157.67514  285.7504699  -120.0159916  385.1399697  136.6749396  135.8597137  361.635619  89.6986818  7.543250765  408.7565934  198.5660299  212.7969023  148.3911745  
105.3926288  555.5532986  -71.78049738  113.6838439  176.6051292  322.3631857  116.5129824  561.1864025  213.6857628  235.9695254  442.974944  123.9229015  110.007629  457.5735295  -115.7921076  -66.88113783  594.445156  178.8904775  265.3385  -120.4943051  380.2968977  134.0044147  140.2553563  356.0091401  101.774152  3.518575181  418.3396749  201.6663809  210.6077305  149.4707119  
104.1343915  563.1751339  -72.30752801  110.8300519  166.2943849  321.6378527  106.8829341  556.5637171  217.6220706  245.6700938  438.5007586  127.4776755  115.5793715  462.0607918  -112.4965434  -69.36125211  590.9986555  163.8479754  282.9716671  -127.5519957  375.4474656  140.5188448  148.4697609  353.9397316  101.0946107  4.732162811  424.5975402  209.3646419  223.3677721  147.6436856  
104.5133352  553.7814612  -67.02386381  109.5601226  170.6585341  318.7365252  104.4488876  556.3108344  215.0977914  246.9279086  424.4338124  133.3100636  105.8331716  466.4807036  -109.2260122  -71.28016672  592.3881186  162.1802514  282.1225274  -131.0923746  372.3493423  130.7766014  148.0727338  353.3277184  97.61568262  10.29276453  411.9620886  211.7764482  219.1331203  149.7213132  
107.890568  548.3312793  -75.8419032  117.3410539  173.5316449  329.9102028  104.844151  551.2578312  211.8699738  243.277902  440.2405568  113.1685825  105.7957063  451.3235983  -108.957403  -80.22904589  588.7153764  159.6329288  266.4060981  -122.4432443  361.8981392  126.385974  137.5173261  360.5618874  93.68982857  3.734374312  406.0446582  211.2505457  226.7729722  146.8414834  
100.8704731  543.1155089  -81.48207831  123.1303721  179.5766457  329.7296975  97.0001344  544.6930559  227.1003876  240.3490265  450.6578705  122.8648552  113.3980166  449.1204175  -108.3167865  -87.99946017  584.9971224  158.515829  277.1354775  -130.1928551  356.9754101  132.974951  135.0187558  365.2165596  88.90721293  5.882960086  412.0753066  202.7350556  246.3283914  139.6268399  
108.326672  530.6031154  -76.58229777  110.0254012  190.2520166  317.3967319  117.4751017  550.4005731  213.3297716  221.4570705  445.4906874  115.3845944  101.5683788  464.1051111  -102.1480741  -85.33058841  596.619673  147.9567339  279.1343428  -114.9575081  372.5635953  112.9667003  117.9945473  358.0625667  102.0503301  -2.561571287  389.3591367  193.7486742  213.8494089  144.5431753  
104.3470565  540.5476194  -72.19783525  107.6755683  188.9898283  329.4246551  105.9562212  555.7105303  211.1904921  226.8083946  438.6945662  126.1068627  111.9912271  459.1051477  -107.2587051  -79.20449896  596.5867563  159.0699878  278.5114299  -121.1781973  377.7282787  119.7247025  134.8317538  357.5818627  89.91987315  11.24547755  393.9550708  194.3384977  215.9426124  145.8100492  
104.2610109  553.2921867  -70.18704265  104.7102824  184.091234  310.0857017  123.1613235  559.7555404  201.7013725  228.5395127  437.5121667  125.8004228  111.4289047  469.5683902  -103.6858665  -71.18362832  600.1949382  164.1217935  300.1139289  -117.0650257  378.2053816  120.8583766  136.6813908  347.7639918  108.7325054  1.581551851  405.8675545  190.8623868  196.7324084  145.8672143  
105.2330218  552.7413401  -79.39057891  114.3496589  180.7875141  339.323884  115.167902  561.9456773  211.4425681  249.5246846  445.381417  116.8890443  109.563699  452.2862133  -105.4168116  -75.83217813  584.703043  170.9437699  272.0216313  -125.5585609  365.8027323  123.7404125  140.9759541  357.5747496  94.02810927  10.21185043  411.1364972  212.1140443  232.9177498  144.5082346  
101.5409686  560.9289229  -76.30356377  107.9420363  176.1674811  330.7704778  115.9907772  551.9161872  216.4502876  242.3292884  447.8790874  112.6399778  119.2133099  462.6853624  -99.51542851  -77.72944497  592.9181859  163.1307795  288.8552958  -119.8475039  371.0466137  132.8184963  142.1279377  352.260464  88.40636058  3.181572181  417.7641699  198.7881909  221.8584055  142.5075354  
99.34164832  554.4789033  -73.22887819  117.3195154  178.0124072  328.2224919  111.7719329  543.4839625  215.9368222  242.3953622  446.3751206  108.2187883  100.3567965  460.5726662  -105.7513252  -65.3247407  593.5501831  174.720024  273.4286019  -116.659329  367.1780494  129.6308147  138.642273  356.3831613  100.8858372  13.4692468  412.5479809  198.9920879  231.963429  146.9726746  
102.3602939  552.7587711  -75.86991397  105.3376909  189.7046186  317.3772069  114.5930826  544.3700015  204.5190222  218.1949746  446.2800397  107.1617634  115.1803189  467.2349091  -87.29992655  -68.59351218  598.4553036  160.9176437  306.2414625  -109.339298  381.0493773  123.6961076  133.9785521  346.9663138  86.99958751  13.05339532  399.5269349  175.5131621  214.5679629  145.7341014  
99.26880521  548.2786178  -74.42051703  120.6893271  169.7287299  335.3496429  100.3217203  545.2032272  220.2587334  251.7499792  438.5808918  109.0683762  100.4796534  459.5338561  -109.879141  -74.83654274  595.8929961  165.1254377  269.0905323  -121.6249941  366.7216529  128.3122469  147.5589445  358.6710633  97.16438941  8.844845794  417.8872779  211.5233248  227.6488898  147.4823701  
101.3509552  561.8202204  -78.26608733  116.5991782  192.2547041  331.486758  120.6521489  555.5364612  223.1313898  253.7177183  457.9515948  125.2040713  114.2954341  456.1823455  -100.9716724  -80.01952375  590.3013937  167.171543  283.3355625  -128.5720116  377.5335379  139.8817451  140.7456364  356.7258642  100.1148497  20.80288468  410.0226989  207.007052  235.1362798  143.0358531  
108.3102712  557.2698661  -70.20534727  115.561136  178.9317546  330.1766496  112.8685398  557.0394087  223.1211324  261.7579611  455.1102654  122.4873358  103.6111298  449.769054  -113.2836769  -79.47850492  585.4661087  153.8236484  270.1243449  -138.0947251  381.1809143  140.7477906  132.6390905  361.3523003  103.691576  1.129067158  424.966487  206.6706581  240.3783927  144.027248  
108.3028272  553.5994638  -75.45878699  110.5150948  199.9810362  321.809679  130.2474891  565.3918206  217.9427198  246.7059195  459.9028211  133.7519585  102.8020076  448.0941091  -106.7642972  -77.66345592  580.6647067  169.2352442  264.6732265  -134.2189267  383.5168151  133.8714429  123.9123339  355.2314855  104.0091307  10.50035269  401.2603917  195.9181773  231.7868617  142.7743335  
105.6108325  542.2039587  -70.06441137  110.2365024  182.2049022  322.4931174  120.1622342  551.7578461  219.7370304  233.9049848  446.6993867  118.6935353  99.55339841  459.3464028  -105.8895255  -82.7614204  594.8021169  153.1850517  268.7270655  -125.0723642  375.723546  127.0355834  124.9435746  355.1091417  105.5978136  -2.481488155  407.7412832  196.7409315  218.8543535  143.5065394  
107.7183935  560.0506467  -77.01907488  113.7483414  190.5467533  321.1460321  137.7679742  558.8294082  231.5443412  268.6557019  467.7463682  134.8280093  110.9740852  443.7084127  -105.581989  -91.25552807  581.6748684  161.7521419  274.1828365  -142.6040129  375.1449051  147.5611771  135.6755342  364.0538301  121.4518925  7.535016704  415.1933853  211.5532591  230.7286765  142.0036519  
111.2328124  570.4628361  -71.79929023  115.2483427  190.4565326  321.2402743  132.645881  573.5558478  223.9023614  263.896602  465.3539946  122.8097185  109.9371309  440.7402225  -113.6715944  -84.62734594  576.8057989  148.0342149  277.6329513  -132.7406272  383.0495731  140.4893873  127.4367743  353.7626915  111.4992503  2.238706775  408.6720013  203.3247739  228.2331493  141.0273306  
108.4681228  560.3696155  -60.08816072  99.7068605  192.1264605  324.6021576  119.7530507  568.8809765  220.1575907  248.1012977  445.2212953  144.7007896  104.1675384  464.5042348  -114.6705996  -77.34001174  596.2542568  163.6108779  274.7084036  -135.7827645  395.40242  128.2835308  125.939993  362.5305007  112.6394941  4.249486637  407.5844075  188.1788792  208.8504578  146.9020595  
108.0856282  550.4723056  -74.60910689  104.2827821  197.6995746  339.2094085  126.1287988  551.4341563  216.9520165  245.7351365  447.3889918  133.5205318  114.1886362  452.6945137  -106.9856982  -83.50518859  600.4668633  159.8875179  277.2592919  -127.3560585  382.0147526  129.4441272  128.0036719  365.1264088  105.6738081  7.300755672  395.0368212  191.9121062  212.7941094  148.4063211  
105.0611693  548.1628838  -68.89571783  116.9662628  186.5442039  335.9840842  119.3048225  550.3435701  210.0814219  248.0666769  443.6263981  137.8312968  106.6399928  447.1819779  -115.8137735  -74.81233846  589.318488  174.3311962  253.1406638  -125.8063794  362.6965705  134.6930559  147.6738264  363.2502344  90.83081793  7.910436492  398.1311649  207.6364135  226.8683347  149.2536475  
105.2492952  551.8411439  -61.64268536  116.1172769  174.6822238  320.5336258  116.4660881  552.0065489  220.9957741  247.0700295  436.8615824  131.7914824  111.3914053  459.5566895  -110.8972399  -78.01512289  590.7190402  164.4210197  281.9681494  -125.6621033  370.3258913  129.745464  143.848389  354.4499171  102.6657763  4.700623176  407.7125216  208.3127139  215.2872992  147.8987422  
98.92407335  568.4895784  -84.83408184  116.3223364  179.0259158  347.918712  112.8571479  551.3454144  221.1769977  268.4365107  444.6392742  112.1383695  114.7788231  444.9679999  -94.58028255  -86.97211709  577.3195434  155.9776004  285.2362198  -122.8423791  381.6455667  127.8357616  133.6202642  362.8581254  85.97439139  3.519311085  405.8603915  194.0580068  219.6666157  145.9520789  
96.97404898  570.7649179  -78.58085552  103.8494587  168.9533535  330.9954633  104.2544405  555.8797284  217.139268  262.3762768  443.0168799  114.65287  104.6911745  458.9625645  -108.2497643  -75.63456906  584.5999751  162.711844  271.5765538  -131.1759807  382.2319807  134.7155722  138.319589  359.0679403  102.2664636  9.09907863  418.0301375  193.5802173  232.0770117  143.206329  
100.0782648  581.4962308  -79.20170198  121.287555  161.077133  322.3195824  111.3446779  551.6317028  232.0852188  271.5825919  447.4377986  110.3090098  119.1776916  453.4304373  -109.5172102  -77.13992469  582.3300652  160.0435831  282.2512041  -128.231786  377.0799723  153.8802424  156.1907136  355.1437413  94.39531165  8.509804371  432.3106624  208.243035  234.4975103  142.0655959  
107.6690078  564.5128333  -70.71116816  116.4199082  166.7979145  328.7871712  113.6568047  552.4875551  225.0738114  259.3508099  450.3639121  105.2063136  112.205256  441.550569  -97.93544768  -83.7467904  572.7751965  144.6269985  298.4368761  -122.7367695  370.7184719  126.5062472  133.3133428  351.4078301  85.81166075  -3.368407043  414.894376  196.2346071  214.6104949  144.2596766  
105.2404173  532.6112279  -72.7397022  99.82745907  179.7990238  320.1681657  106.8927043  552.6159964  211.288041  215.0714899  438.6296068  128.8413951  110.2160441  471.3465916  -93.42149828  -84.35279761  603.8096621  154.0841479  303.5763365  -122.6572858  381.3376849  106.6170157  114.6317272  363.4168763  110.7825561  -2.040578768  400.9308382  189.6181932  203.388968  147.0683262  
111.6751406  535.4579667  -66.92263054  112.5582936  179.240333  318.8836592  103.9385093  568.8138399  218.2531404  224.3443565  444.4452044  129.0410101  117.3834704  459.0797951  -107.1796647  -88.9847432  595.2777304  140.7724689  294.5686134  -119.907768  366.4007733  117.1183202  123.8792278  354.2442326  94.093974  -18.40784684  397.4968413  196.7710769  200.2988142  142.05835  
107.0233033  529.5816115  -72.62957182  117.2321703  177.3809186  325.0473219  111.642583  563.7898688  226.2844341  241.2193431  448.778569  127.8179781  115.4004696  459.2056557  -101.2367377  -91.56305741  584.3333262  146.8589385  294.5587762  -126.7399507  367.4283948  119.3751839  122.6735043  362.8774874  104.5012068  -5.28380172  410.0150786  207.5679666  221.3660704  144.4374416  
104.3385012  529.2544945  -80.91947242  105.0299331  185.5867389  325.2146917  111.728833  574.707444  200.5877083  225.976407  430.6893165  128.1590703  106.4105757  468.6021473  -112.5571219  -74.54301858  593.4182389  161.5990729  257.9075944  -122.5758207  387.2549013  118.4836496  127.2768114  352.0456045  96.02007455  12.23011288  385.1458624  199.7309438  216.1322916  149.8487721  
102.8079194  534.8976224  -78.43236846  111.5240008  182.2331035  325.9474653  114.160001  563.5128169  206.9419193  230.2340047  436.8575137  135.9287183  112.8577489  466.5468122  -120.1076418  -80.73967483  604.7315107  158.8524929  271.3968497  -118.7015764  377.7090765  127.0286962  144.1706907  353.890467  86.00050695  -2.642615376  400.778079  200.7268559  211.1825831  151.4192871  
105.8491505  539.7931881  -74.23001533  103.3059449  190.9196653  325.3954965  130.5010677  559.3781988  198.6116632  235.7033086  447.8527542  127.2006544  107.3865118  461.7005208  -101.9041437  -82.45296904  591.673583  158.8487778  280.9931524  -123.6872874  381.1481876  114.6909061  118.690878  356.1720916  113.0159141  10.75729684  395.7561879  202.2336773  214.9141694  148.8351989  
105.2936039  554.8522051  -65.0592301  115.3339958  182.2099729  333.221312  110.8090394  561.5861544  217.8435117  241.5635817  455.7863689  136.4493434  111.9581682  453.0944459  -106.9818795  -82.22323906  596.6864424  140.4593392  285.854648  -127.6799303  381.9102214  133.9732948  121.2065641  360.1688221  98.33769701  -11.49905785  411.5056061  195.3687838  212.8005773  142.3451412  
113.2924422  549.3187594  -57.76457886  110.5624374  189.5570446  318.6758752  125.5115972  566.9805602  221.1763506  242.6006555  451.5043943  134.2793391  113.5755323  455.7492232  -103.7935068  -76.66880445  591.6321841  152.6002103  296.6666131  -129.2343505  376.667217  125.6768572  121.8486651  361.8424676  116.2388747  -2.171836835  411.9301576  207.3429206  214.5694159  144.6436899  
115.4756092  561.5127737  -59.2992646  126.2752783  190.586433  327.8944009  127.8817899  575.8505573  226.9182213  259.6234533  455.2481334  132.6333583  125.2733907  442.8159082  -111.6497565  -78.34157568  580.5031235  155.1857637  276.9402534  -127.2757456  377.858637  142.2402381  131.2245338  355.6788126  87.66766449  0.514375829  409.9253678  210.697688  225.2613739  145.5120804  
109.6175334  549.0122332  -58.4058256  118.2630023  199.8551458  316.575172  133.146347  571.1422043  229.1856142  245.130643  457.9185144  152.9846619  112.5698391  455.8459106  -117.4040085  -78.64691363  591.5117306  164.8913042  274.5006009  -130.558245  373.2132977  132.7278101  128.4276979  361.9817487  110.3974066  -2.453122219  400.6521313  203.7257681  219.013286  145.2269046  
101.3568201  553.8254074  -78.02265316  88.83261738  202.1408566  314.6375627  130.1005232  569.4210889  220.5837473  236.3577808  449.9348706  139.4995807  105.0149353  472.8324852  -97.32508508  -85.75249254  601.1867596  161.3687418  295.6149793  -127.9077206  397.5369682  117.3084572  122.9741071  345.6380239  129.0032178  15.96884048  384.7011138  185.8153468  200.9835317  145.4855605  
94.71245812  552.3583819  -85.7495853  104.5401038  177.5459467  335.6076442  109.650283  533.3253767  216.49649  246.0331561  433.2589044  129.4717867  95.66455846  465.0821521  -104.8886945  -70.43881604  613.189573  165.5608635  276.957608  -132.668575  387.0904913  137.4062335  139.6384443  363.5064715  114.7298053  18.90400038  413.783551  202.3527949  221.5275131  149.5283746  
98.04096495  551.4577852  -79.4134721  109.8711352  178.6420392  316.7881967  113.3985162  553.5451251  208.285575  233.90266  442.567427  115.9520108  98.86221572  461.0892228  -105.0006054  -69.1129939  597.9073774  163.8454715  275.9114643  -117.2267261  380.3006264  124.2856744  129.176607  354.018223  112.6960368  8.571054435  398.9834728  197.4849318  207.8155615  150.055838  
104.6244632  551.6424473  -77.32547783  119.8993991  183.1718988  339.4026755  108.4376136  573.0258102  209.6518904  235.2118409  449.4363659  123.4762982  116.5599358  447.6452571  -117.6464073  -73.63859356  594.7293266  155.6559629  268.0765223  -117.3888371  373.7607895  137.1512147  136.1190266  362.9727332  86.52057668  1.005982215  402.9228459  200.8823821  224.5239329  148.6330062  
106.2098502  542.7110667  -68.75032705  113.6012182  192.3425316  329.3780107  117.6076249  567.6167681  211.9556444  234.9867313  439.8603463  137.5253475  111.3576339  463.2294981  -116.3846767  -74.12354443  601.9051616  165.1337388  277.9071193  -120.8348771  377.5917482  124.689023  136.5609033  362.4877815  97.05352454  9.741259023  400.7023937  195.1736176  220.3530924  149.1484724  
109.7458239  545.406801  -71.04789189  98.34174297  190.4988687  316.4624211  122.374164  578.1501046  209.5634056  227.9658627  447.5303902  129.2620858  103.8776767  468.1245214  -110.2588909  -73.22477316  598.8419021  154.4855164  280.3820191  -121.2274992  379.7712829  121.7685384  120.205985  361.9700876  114.1707511  -2.403088743  403.6395209  183.5999213  214.2684295  146.5731279  
115.3116053  550.9542804  -64.43081045  120.1200834  184.7410463  329.2899409  123.1105762  570.9186593  215.3637747  237.916005  454.0107441  117.2910826  116.3723145  440.8550416  -106.3316141  -80.56910427  583.1388145  153.4688984  282.9546551  -118.4112199  374.2173334  124.6986657  128.6961589  354.6185028  90.36564422  -4.727634907  405.5035565  198.5123898  220.4100112  145.9654123  
117.0037634  540.1267461  -52.98534342  121.7123696  204.0866806  322.9697175  136.4893  575.1578987  216.2687524  226.3940735  452.3676204  136.3869624  120.5452045  448.2468061  -114.6314341  -76.20852763  584.5846403  168.5925931  280.3003626  -113.81813  366.4104353  123.7853596  132.4047643  356.0937497  86.7726642  -1.675080327  390.9249394  185.7808885  219.2611354  146.4572926  
123.1835667  539.2421439  -49.12259874  116.8806803  201.6581754  322.8762011  133.8083329  565.3830032  213.5621689  229.5751738  450.4109217  136.1528805  117.0881074  446.8761189  -103.8802601  -83.65310901  575.9905404  163.7073187  283.1881126  -120.5006135  364.0633672  122.8665123  125.9678569  362.1791854  95.56714768  -4.077234404  396.8482174  180.8195613  218.7692203  142.9209531  
110.9838475  544.8229234  -65.37909406  113.85741  197.215384  325.0270122  137.2576452  563.2692732  213.6699368  236.3747698  447.5833687  134.0853233  111.4539934  452.2300746  -103.1168871  -83.14784377  591.5436964  166.625164  280.2946737  -121.133181  365.9177593  125.3948923  133.7281315  358.7448202  104.8965016  -0.9414878425  392.1832148  192.4691347  208.8448641  142.95115  
92.63037453  562.0596925  -81.9028627  110.3347754  165.867979  319.8031959  101.0565727  536.5209209  221.9639459  249.4697629  437.6342369  116.3167973  111.7097955  461.3850741  -105.3932994  -82.41941559  604.3292762  157.4475412  284.5832372  -125.5457116  374.6496289  138.6640411  148.3260344  352.9465734  102.6873789  0.7762922746  423.556271  207.3360265  215.1303175  144.0993995  
98.75621046  558.270076  -83.48726632  99.21954117  168.1787927  300.950329  108.4938301  549.7868631  240.5520118  250.7461547  451.9642913  123.3319177  107.2362182  467.1220568  -105.6085051  -86.18300817  601.5851172  151.6235759  296.4845695  -137.3620525  378.1783445  136.60877  136.5777303  350.6894162  129.2411624  -6.161377368  420.7148135  208.6143277  206.3267339  143.6908751  
101.6748291  563.3643068  -87.49048792  99.27160999  163.0135439  306.0812014  109.0664389  546.7942643  229.5735593  249.7038877  442.7836395  103.9450015  101.0312852  451.8713101  -89.84306122  -91.8545838  584.7435096  140.3292253  301.1016185  -129.399729  387.4129882  125.2422673  127.5194157  349.0018662  129.0905553  1.524942131  407.4476112  210.9923973  196.5332061  146.0808338  
100.4785702  566.7463323  -83.71251815  105.5283566  154.9077069  323.1584756  103.4431745  545.3209023  226.2319316  268.5008623  434.0987103  112.4260104  101.0504722  448.4757572  -100.3110872  -87.11885775  581.1487403  146.6164665  284.1171853  -138.7710304  381.1379741  135.4008543  137.9327183  352.5416556  117.383803  5.250871862  427.4471003  217.9995575  215.4284651  144.9503081  
99.1870553  562.0383592  -84.20922763  105.1235491  162.0582479  331.0052053  102.2721286  552.8495577  214.6326038  251.1475608  437.4850827  105.4934716  107.5537888  452.4011929  -100.9416834  -85.91007515  589.67737  146.5749063  289.7046225  -125.1057519  377.5447197  122.9715756  130.7067741  357.5468329  104.6354052  -7.0777374  418.6828926  204.8369976  205.9881292  146.8628464  
101.4055743  548.5907422  -88.1266239  117.0915027  172.1027811  332.8268868  105.3936076  554.5119073  229.4855082  263.9299096  455.7396101  108.8201195  108.7010915  445.3501869  -100.747675  -85.77255544  578.4386481  147.4071509  276.660505  -132.4270231  365.9867921  133.9071795  130.3941261  364.5654304  98.75352615  5.985743411  410.6601703  216.3307082  234.5498248  143.7166399  
106.6848907  544.3315031  -80.40775682  112.4644289  176.0849632  308.7375227  123.5718184  561.4851767  230.440589  243.8667679  453.523389  118.964223  98.23815727  461.2310227  -102.3914491  -79.83331567  584.4939119  147.6414424  287.3333127  -126.0775987  369.4238104  128.2837977  125.8439566  355.6906277  121.4444875  1.906164726  403.9560126  204.1960494  217.4240104  143.3813837  
108.2907841  544.1912079  -67.86194941  119.0550456  185.4329548  328.9502836  121.9808658  556.0504423  213.0224332  234.8895829  454.0536397  109.5617181  103.4915107  448.981318  -100.6291306  -72.75605823  575.5632985  152.3266599  287.9075966  -114.9777258  360.5211484  117.5614218  117.061678  362.6840195  104.3579958  9.682963161  405.3966663  199.023556  233.6290292  143.5643825  
104.9057568  550.2642691  -65.41592503  104.1742185  196.5800891  325.2431612  134.01672  565.3830299  195.7947453  228.0171492  446.3703617  126.3911986  104.7742493  460.9996097  -106.2242529  -70.28947716  588.6550497  172.1548435  278.8523232  -115.7740955  370.7397464  114.9984726  134.657943  351.075635  95.70738178  7.722241744  401.8443966  185.0831226  214.4105267  144.1910107  
106.12032  537.7913388  -69.29512834  101.7550025  180.5886202  334.1749485  112.9808831  553.8675513  197.3505729  223.1484756  433.5656848  118.4871925  117.50214  471.0883394  -109.0991453  -79.4670469  601.3471045  163.2366564  287.4787465  -115.6329372  376.9964032  112.4264421  140.2227039  354.2951536  82.65860017  1.1300681  410.0696092  191.1267884  212.1250519  148.3319247  
102.2388604  534.6582341  -67.07766399  103.5780255  189.6855848  336.0654987  115.7722276  552.8904814  198.8487502  217.338673  439.2166772  124.5320271  113.5135223  466.8843369  -100.9698868  -79.4234762  598.8445066  164.4964651  290.6264102  -113.6906537  378.0912623  106.3026045  125.804468  352.0542029  86.63938782  7.102227181  398.9890559  190.1264484  211.1968152  148.0175457  
104.9750361  532.9223396  -71.58986881  110.269043  184.1057217  335.9500381  112.7052694  553.3978647  206.0283406  218.7436676  443.4891925  122.5521008  113.3345859  465.4972381  -107.6841409  -83.3820165  601.3642937  157.8197801  284.701851  -113.1094218  368.7454274  112.8450105  132.5546911  356.1034579  80.03346055  -8.386466039  411.7375562  188.5463902  215.1430944  143.087588  
102.3873798  531.8019108  -79.1574264  112.5874511  176.7127687  338.5746029  105.8161945  549.7801009  216.26135  237.7319609  447.3894121  120.235168  113.6982968  458.3256853  -104.0869304  -90.87790616  589.2779445  152.117909  279.2434621  -124.3586346  366.5134244  121.7551729  132.5120785  366.3290908  87.66978777  3.383413206  411.1572563  203.105916  234.9098544  144.3932654  
105.2436378  558.7308025  -77.03076095  111.6421455  184.5270939  332.7498934  118.0094744  560.9433939  217.8450641  256.3837464  453.5721667  123.6637401  110.0801232  454.687484  -104.9441081  -89.73042936  588.5242896  154.4100706  275.1209466  -126.8849602  386.9542604  126.1124872  130.9642323  359.2002323  100.7658501  9.589693574  397.3063138  206.3797492  215.9441293  148.3027751  
107.3541558  566.3988585  -70.66449166  108.8936313  191.3160559  332.5286542  122.0358925  557.1405286  218.5453173  249.8155003  456.6153539  126.9910655  109.9695862  448.2921779  -105.5124699  -78.19379295  591.5643254  151.0926953  282.2554993  -130.126741  387.978912  135.3762469  123.3396275  366.5203265  103.2780086  4.925106705  407.4129506  193.3356467  219.4719461  145.166056  
107.6140986  552.2324459  -69.28291119  111.4413497  173.096811  328.1139711  114.0307942  558.1402237  222.8694689  244.5472436  446.891044  123.683637  112.724612  453.7395492  -106.2808143  -80.18446356  590.2554648  149.7671076  289.0641401  -128.920237  379.7993746  129.7701522  133.4421633  354.4530836  93.60258565  -0.07736682795  411.9504326  203.510737  216.6488603  146.9125909  
106.1906194  544.475538  -69.22814711  116.2081926  181.9125949  336.8286632  105.6805844  550.0342632  218.4965935  244.9299627  433.4539301  125.2147907  109.4935253  454.7194154  -115.4048183  -78.80129802  596.3469019  159.2591918  268.4741317  -128.5032591  378.1948636  133.0892748  139.400122  362.6359547  97.97025741  13.70937106  407.4767981  210.1736865  226.3575174  149.7958538  
115.0813422  556.8695712  -60.32552806  131.0916822  192.5711297  335.7078972  117.0154255  554.6403987  225.7166678  265.7007202  456.4188157  128.5881374  120.7508417  436.3529229  -113.3638189  -87.34042679  578.0468201  165.6405188  268.5763574  -132.6876505  361.3334201  145.2296751  150.753783  370.0117995  89.82165515  9.053803744  409.6322441  221.5624624  248.1329148  143.5303203  
103.2683973  570.4314187  -65.91216634  114.9121083  196.9492593  320.5734128  130.0106358  565.0077333  218.1331174  253.2163903  448.7509628  129.9734812  108.3787834  457.0663842  -113.619417  -77.58741905  599.6215085  165.2729514  274.117718  -124.562426  391.6438192  138.5393153  138.2890215  352.6061286  104.5614258  1.88926864  408.0277448  195.5184609  211.3448286  145.9603193  
100.2231491  569.661942  -79.60079163  126.3959699  172.2245146  335.6168959  104.1557909  547.7641852  222.4270789  255.7777655  448.6609627  113.774947  113.5393409  444.1861983  -112.538393  -77.87281576  592.6093381  155.6304151  267.2653731  -123.4489588  382.7695584  148.1103578  140.0080682  359.0504461  85.35724744  2.032353295  421.7758584  208.426106  226.1079861  145.8949834  
110.5200112  552.2731364  -61.6312147  116.721675  195.2225893  318.8978709  121.135331  565.698653  210.4470302  233.9037068  453.297767  125.701288  109.9018186  455.694503  -111.4417878  -73.85843365  584.8512182  159.1748421  275.7658883  -113.9096616  382.0530393  124.0414881  122.1083361  355.3742251  94.45509083  1.731406297  392.1646588  185.8235653  213.3589429  146.9705982  
114.2020526  542.2103077  -61.22333254  121.6844451  191.9300082  330.703954  126.4078403  568.7410744  216.6380983  239.3383227  452.1223529  127.658665  107.0635253  451.0344071  -105.8848346  -80.14615425  583.816217  156.6385676  274.2412879  -122.7065891  372.8492764  125.9529224  124.5631555  360.7852837  93.81824965  -2.779193885  395.6804876  195.2321479  221.9621522  147.3723545  
116.8145623  558.0819851  -55.75465348  117.6486839  206.5223007  321.8563994  135.4276788  567.5169039  214.187574  247.1386508  454.7713005  145.0529528  111.3579306  452.0760185  -111.6491844  -72.39992713  594.3049163  175.7196737  270.0498616  -128.3114195  376.7099003  139.0693587  132.9339938  360.6851676  107.8251987  0.06312668524  404.590325  194.9523668  226.3769295  146.5243781  
105.9644158  562.5761367  -69.2937742  108.7242998  180.5565923  318.6664298  129.7768878  563.6773084  242.5386099  258.379217  460.9607654  135.4110604  110.8093942  452.6918389  -104.7003517  -86.17381471  585.4274735  159.126622  279.3995193  -137.451601  374.7320474  141.8987473  134.7561528  348.1378833  112.3337929  1.693320535  409.2124775  209.0824298  217.4225142  143.0731407  
105.2882042  563.0975153  -80.68082497  106.5535101  185.7856682  335.0672418  135.5644463  560.0070978  243.152735  270.7787694  460.2691982  136.8000185  111.2826227  451.8672218  -102.16263  -94.86795876  591.9527537  154.4143902  295.0493577  -141.1206952  376.6154266  144.7358483  142.3551842  360.0529359  116.9001962  8.327031242  418.9343793  215.7139321  229.3183666  145.66747  
100.0462026  558.1995031  -80.42998005  108.8395607  169.0890599  323.8399187  104.9659118  539.7376641  240.6811935  266.1482273  452.3459553  133.5744369  101.9406359  457.7826579  -102.2514519  -86.78676796  586.7274844  154.6431005  288.2477724  -140.6949271  369.4642745  144.7413294  139.6332908  355.9146558  121.7747353  4.509298922  421.3847734  205.2856758  232.3058604  142.538144  
106.9456402  557.1202276  -79.24208076  111.9509817  174.8440036  329.0431732  112.3808493  545.1197992  243.6069383  265.097801  471.3485494  118.6013423  99.95620075  444.9653262  -96.62830186  -90.38841404  574.0215114  146.1712155  288.4754425  -137.073953  366.9186446  137.3203736  127.6350741  367.5692384  115.7466434  -1.855607593  412.6702343  197.9476586  236.0963801  141.9111416  
104.0225051  551.5202174  -82.95982038  102.8401067  192.4410168  323.9563566  127.8548104  555.4520786  232.1755433  251.255339  459.4626667  127.3975084  101.327635  453.2871941  -94.01404846  -82.34873403  591.8295934  146.084783  289.6683474  -132.2400046  382.7081075  128.1025147  112.5120359  362.8175609  126.1436576  6.944826668  394.6909198  195.3220643  218.6060214  146.2083817  
106.0873532  561.2752114  -82.63304835  104.0998919  186.5559044  325.0734832  133.2526168  560.7921732  234.78659  255.2472275  462.1735593  123.0993032  95.57532144  443.7348283  -92.42576809  -83.25922962  574.5617165  152.8387497  284.3995937  -135.1934472  379.2585894  127.5547782  121.3228534  361.7419705  124.1218943  15.05545749  393.8412544  198.8019172  218.0279069  144.5243016  
105.3350398  568.5057374  -81.68746189  103.4773954  184.8970004  326.9108354  128.2311784  568.2996539  220.0405932  256.2590292  442.3764953  111.9276063  105.4271196  448.5753305  -101.818127  -82.06562743  589.3062763  152.9114058  283.3514191  -127.0010433  389.0961502  129.1335476  134.5059448  351.9802605  110.3935349  5.273356039  401.6288999  197.5002463  205.2681008  146.8257455  
97.72543649  571.1356471  -78.44595461  120.7908253  176.0483201  346.1014394  109.7387802  551.8313503  215.4818721  262.9404545  437.1596029  107.538072  114.9002575  438.1699145  -109.577025  -79.97923811  581.8483317  167.8223895  274.9618137  -125.5207996  379.5736896  134.4083578  150.4476805  361.5423865  82.64227677  10.22920599  419.9999767  202.9635163  230.3200462  147.4817924  
98.46281267  571.0708955  -78.13608377  125.1231593  175.6611327  327.5826544  107.5444208  545.5071236  224.4432786  259.6956646  446.9953957  98.63250175  119.1983202  446.1985904  -101.3901106  -78.00243968  588.6776665  164.0465146  286.0836183  -119.5833992  369.6097005  135.8430608  139.0290871  361.716551  92.35034733  7.186434413  419.9490956  201.0145424  230.2067635  143.0992419  
107.4233737  562.8822035  -74.99717893  114.8949669  171.1615159  317.2062266  121.9903848  546.5871496  226.4487281  261.4922525  448.7711598  105.27373  104.9657883  444.4364986  -93.54536763  -77.80675351  567.1860402  162.8702377  282.2996219  -129.0856849  367.3604063  127.1930336  132.9188024  359.569941  107.0578841  8.669561502  414.0444103  201.1791811  224.9943614  141.0629801  
108.6131875  560.80652  -61.58571691  113.5322157  178.8478292  319.1740401  125.2993879  559.4150095  217.8374177  243.1823489  449.318397  108.6374483  111.3906512  446.7697946  -101.2573702  -80.97416258  583.4478047  161.9668776  281.6696987  -120.0577651  374.7333466  124.756825  129.0152566  353.5986151  101.2815911  -0.965419961  409.2135306  198.1872033  209.0548883  142.4929194  
109.3496109  544.5270563  -60.99213073  120.0758187  188.9117856  317.4824357  121.8901847  576.0789939  218.7307528  229.7101295  442.4934443  132.6242195  122.5184204  456.8839823  -118.1103858  -78.59855569  598.662449  166.551952  280.7468745  -116.5154676  376.6060093  127.8492543  138.8480055  353.8220583  99.80489958  -1.877415188  409.0023665  202.5838332  209.1904186  147.0927402  
98.02995864  540.397088  -76.75861979  113.857523  183.4873594  318.274221  110.9258715  566.0692972  220.9664831  230.8003563  438.1629534  131.9603731  111.1595894  469.5749607  -118.300619  -74.67143618  604.2483633  165.9363386  273.2404785  -116.9865469  374.8618014  128.5331305  140.5770868  346.6300746  103.9084488  2.625205192  406.9491049  201.9575241  208.6626075  146.3588098  
106.9901816  543.6386623  -59.63143352  122.4375597  190.7071322  312.9996418  127.0192895  558.820127  213.1305741  232.1492593  445.7180808  139.7943334  110.468714  465.0607702  -114.5174143  -75.83211534  600.8117617  163.3629513  278.2504192  -116.129877  369.6993007  133.0127841  136.9536182  353.1097886  98.52584771  -1.311457367  403.2661765  200.9964922  207.2618784  147.2218553  
104.0300893  531.933233  -67.91407959  107.7269891  193.8475115  320.1992192  122.1564474  575.2514628  199.2017648  218.4864984  428.7736578  136.3571439  113.9872995  475.8136506  -116.3705989  -68.22220931  609.8817533  162.5287388  279.7631049  -112.4485042  382.6996858  117.6973686  127.0808013  354.4327448  100.7411313  8.045396274  395.9947794  191.8160566  204.3712252  151.3807717  
107.5148299  545.6858008  -63.60813947  116.6055195  170.0559656  330.6766102  107.6548939  551.8775981  213.5555828  238.4913245  432.6272473  132.3465389  112.608898  461.6036288  -114.7988104  -67.8616261  599.5186278  165.8039338  267.2794468  -126.3879028  369.3421246  139.3828829  149.5272454  355.8416309  90.57438855  7.374667728  409.467608  205.2653922  219.447453  150.4779087  
110.1629612  544.1509224  -58.72828508  123.7636091  188.573364  324.8693365  107.1321723  563.771586  227.3152162  239.8149347  441.0411072  132.1256273  123.3479442  458.5087317  -115.3410183  -78.4143941  589.6422577  161.6997501  283.485185  -118.4424168  366.8799415  136.4254037  140.3772448  360.5770205  86.63336513  2.579322526  403.6784008  199.5389217  219.323753  146.0059538  
110.719694  543.0892458  -62.12617993  113.9369428  201.0676078  321.318883  120.5028434  566.373108  215.9571297  225.3169112  441.3934723  121.076972  116.5257326  459.2061508  -106.0730343  -69.13434499  591.114144  167.6895047  283.8448135  -111.048619  378.1844282  116.8104862  123.7421429  357.7454168  86.96446449  8.508438737  381.231174  185.1854918  213.167579  148.7594443  
104.7811582  543.7246234  -66.25001801  102.8836822  200.5051264  327.8816039  130.5819577  577.0682719  195.6762487  214.2856499  433.9645279  123.66735  116.0934873  467.0277525  -120.4439784  -73.01856239  610.5816429  166.5407249  277.1038758  -106.9383243  387.2924113  110.222712  130.9826584  351.7278355  90.87895663  7.378700365  383.842064  184.4277509  196.289982  151.9737516  
95.64652667  557.5356762  -89.51077427  97.18078379  174.1239715  342.0743575  99.16584564  553.3371995  202.4260785  237.7786579  437.9877808  118.3243918  120.1433748  464.5160465  -110.6123926  -79.92218777  608.293953  151.3466386  287.1881055  -123.2521407  387.5697225  127.4446596  133.7565923  357.660849  89.86418062  1.963884061  411.8278608  198.8366368  219.6417378  148.9110067  
99.63334923  560.9460294  -80.40822408  104.3801432  162.3112933  332.2633566  102.0193653  545.4987783  206.2418365  249.3732691  432.8158604  120.3344344  102.441548  459.0889342  -107.8624365  -70.8783256  584.6390457  160.6576243  277.8432862  -127.3895327  375.8198152  130.2068318  149.8534813  347.2593573  97.43637241  15.23140143  413.8024392  207.7887511  226.2453037  147.6759377  
96.06648705  565.8314471  -85.20879041  112.1782775  168.5359123  350.5219925  94.31622986  547.3756465  204.9301292  255.3459919  439.6772451  112.8991383  110.8850611  453.1886948  -109.9198545  -81.75137832  595.7518854  148.3194036  280.9632293  -124.3743944  372.7626015  129.5969793  142.8872533  362.5749208  80.05150594  2.993285334  421.0115886  205.6109855  230.982483  143.6580341  
103.4226532  542.9748647  -81.58549467  103.1777196  186.4731132  330.4621416  113.5752918  560.4825176  202.9263337  225.3228507  448.8853421  127.8537553  109.7075435  467.2084933  -112.4372541  -81.67881484  605.7666636  153.2669076  284.6312084  -117.5465737  380.7454914  118.2515017  130.1252749  356.0520585  88.31298228  -10.47322363  405.3698146  188.4382461  201.9676248  147.095286  
107.9993112  539.7193124  -82.55962738  101.7468703  194.4808954  342.091843  124.5490827  560.6471744  202.7176725  232.7512956  450.8728798  119.082369  109.9544098  454.0745941  -103.6020877  -92.98080728  597.2558053  140.663195  291.6805218  -112.9808731  380.775477  110.450517  123.339261  360.0689423  91.58026574  -1.962502368  396.8257912  192.0854017  207.7424545  148.1137039  
108.5693232  545.8738373  -73.0624462  113.3682152  184.6444937  326.3185813  114.5550933  568.2159978  211.8310001  228.9088767  453.1236221  130.4347396  112.9502291  455.5760553  -116.690818  -83.84511511  595.3401638  156.356359  289.4812254  -116.7487678  371.835642  120.29726  136.2664235  354.5130923  91.08698153  -11.93122034  415.3989984  196.2651145  209.7968269  145.9447391  
108.9402454  545.8482813  -68.39154493  102.7668777  168.4579733  312.2185609  102.5036198  564.5891296  216.9084793  240.4873599  443.9288385  139.528748  113.5642128  464.1321236  -100.1556172  -88.17911122  586.9039253  155.6027101  297.263968  -137.5458688  378.6421118  120.9840067  130.6836537  354.3109378  116.0471435  -1.553806586  417.2280099  209.160051  219.3321202  144.3534752  
112.5067802  546.7665583  -67.49761811  121.6149582  184.6738849  339.8354901  112.0346371  571.8735329  224.3619476  258.4325252  448.5190784  131.4283888  109.9558792  442.1495842  -112.22584  -87.07377999  580.84909  151.2402505  269.2026406  -131.1340874  378.290104  128.0775988  125.2254762  364.8533365  96.35616599  0.5668621754  399.317743  217.13039  221.886519  150.3208928  
115.7936972  549.8085226  -59.80706981  145.3381768  197.3228344  342.9187195  130.0345734  574.3383843  221.5530876  254.5490408  469.2999261  138.2150049  112.2410301  427.4766268  -115.9685369  -78.83286922  575.6979892  162.4533379  249.2964226  -128.8082709  364.9897823  141.0425826  121.6221324  372.2973945  82.66965677  -8.99785157  396.2484594  203.6868421  243.6023326  144.6009405  
117.9232944  538.5878181  -50.30641669  137.767233  204.1560419  324.8014075  129.0440735  566.1610307  219.3732593  227.3889907  459.9929139  135.4508081  115.2008969  448.7051086  -114.2403088  -69.60761019  581.7272562  170.1848158  262.4258914  -123.3611583  366.4926237  136.4065235  120.2279798  366.291668  86.46167941  4.500153144  394.6237817  185.4929696  244.6567616  142.6878343  
105.5706941  540.5392927  -64.76839476  112.1199374  205.9187782  305.5342092  134.1632644  571.5806179  218.850433  234.1691438  447.4284252  137.2665915  110.2467995  468.9367531  -109.8747761  -83.99241527  592.6768692  167.8258016  272.206132  -126.5950424  381.8673027  123.2112162  120.9884215  348.3515614  110.9748789  8.606219848  391.5824363  191.7039786  219.6095239  141.359039  
97.56399405  552.1174991  -79.57878945  98.88961988  171.7883938  300.3272652  116.3841125  543.3815324  227.072355  248.7671475  440.8370533  131.0160799  96.70322118  476.4223495  -93.0092849  -81.75696363  602.9420832  153.9722537  292.4538074  -134.9750553  381.2214419  135.6172751  127.126627  351.3142966  131.8028935  -2.277585557  415.9962093  195.4588344  205.6877737  143.8591955  
99.70204811  559.1356505  -75.80126917  106.4810632  156.3866339  307.7583576  107.4686502  541.1992017  236.9519847  247.0408569  445.9823763  116.6463379  102.6852972  458.9672114  -87.68238194  -81.13424032  589.293021  147.1544342  290.8682253  -134.9318376  379.1801425  137.3024623  123.3260033  354.0942517  125.7403983  -4.631693306  415.3546421  205.5014127  208.258331  145.1042651  
104.7575048  554.485294  -81.22260881  115.3177214  171.817434  318.0005329  112.9573669  556.5930351  236.2920836  256.9170935  452.4862986  127.5726776  109.7160738  449.3704599  -96.75102963  -89.54938001  586.8159936  137.5189575  298.3789043  -134.4064751  378.5783354  131.8715653  122.632027  357.7004679  117.2079187  -4.178859599  408.6077209  204.9955595  212.5185393  143.323572  
103.227881  557.1812357  -77.35670518  99.2530933  174.1212694  327.519161  96.20921078  553.5173026  210.4936213  243.3412673  435.8154801  103.7564596  103.1638172  453.7996655  -95.44584837  -80.46900213  581.2855014  145.4969832  293.8362368  -122.8054008  390.9230003  113.9766806  120.0145019  359.9833559  102.8330868  8.345848381  402.2232659  184.89571  208.6931669  144.8808373  
103.6727017  541.2579003  -75.2275913  108.3482412  174.329439  324.9969882  114.6823417  555.9420727  216.5682907  242.1646418  443.4905322  128.7405185  109.1237959  459.2469373  -100.7856644  -82.47158609  594.4712252  146.4945988  292.2401863  -130.0243766  382.1330445  126.0825134  120.2765301  362.5192496  103.5114208  -5.710835064  411.9006814  195.8537523  209.3317345  147.6830435  
107.6470298  544.327918  -80.94383073  107.0540646  184.0254548  315.9333111  134.7138068  565.4903081  223.203373  249.8227114  458.4217723  132.465973  101.6198253  453.4129319  -107.2844125  -82.75576558  587.9048729  153.4076399  273.3104012  -135.5940067  370.3326625  133.37047  127.2756921  360.228794  128.8923537  2.42022578  403.5384555  214.2536514  222.6737038  144.3146827  
103.4754695  556.7316829  -81.73625805  104.9794439  178.3353112  328.3742815  116.7795629  552.8718047  230.6269081  258.2580757  451.9732433  140.0620881  107.9723475  450.9188445  -107.3116395  -89.64865804  589.922604  151.9169281  291.1869281  -140.2357436  375.8602695  137.1835313  140.4779956  364.9396322  119.5335231  3.387054589  414.6103673  209.3127062  219.813638  144.4631889  
107.2424804  541.8123143  -69.69291422  107.8433189  176.9006071  321.3350925  109.6271554  550.2664819  227.0121562  251.041767  443.6331578  144.5346097  101.2752609  461.6335872  -105.6628116  -82.02090839  592.9342796  156.3246143  281.4674417  -142.4850626  375.2258388  132.2969373  128.2111174  362.8550172  119.2446604  -2.51554552  416.0592271  205.354378  218.9502507  144.643667  
105.7796927  541.695419  -70.67626947  110.7490522  186.2738158  317.475608  111.058244  540.7519297  224.047238  233.0416688  452.5913731  136.7733512  108.9557177  459.9920887  -101.1526328  -83.30151556  593.2922405  163.6026102  283.7222146  -128.361064  368.6263582  127.4464563  128.2024766  362.4147944  113.8957787  12.34701062  399.5827381  199.6008748  218.2862079  144.9389118  
111.5882276  529.2708271  -66.1845729  112.2815593  205.8371144  317.3214577  123.4452725  558.3832715  217.8614795  225.02869  450.747667  134.5297659  112.635666  463.510364  -104.5225723  -82.80170582  597.9449467  161.860221  289.4895942  -118.5358609  370.7331326  117.8717987  119.6342127  358.8266856  107.1552844  3.942592476  392.6946976  188.4015906  215.0156186  145.861191  
105.7044337  543.0258903  -72.6753844  91.97203996  194.7166889  318.5418839  131.0470619  573.7171757  196.9023944  221.0766884  440.636497  135.8861435  108.0398579  469.5958998  -104.4538372  -70.52980533  595.4290763  175.5232987  280.8010881  -120.7844669  385.7528807  112.530614  130.8138605  346.7556683  103.7616427  3.412976411  391.7632108  182.8610322  205.4874423  149.2990913  
98.08279688  556.1814571  -74.07134478  107.3572537  162.335667  319.1997731  108.5389771  558.6682872  204.0190424  237.1354137  431.4901163  123.1233775  104.555799  461.2834372  -107.672417  -63.00934719  587.1605714  181.650718  270.6267107  -128.56869  373.8965114  130.6849269  153.1968861  346.2156075  103.8463844  9.295913028  414.6132929  211.337726  223.9076505  147.9704257  
105.9364896  550.2215951  -76.73994502  110.920228  188.1933904  329.1462407  112.8714135  570.8866407  207.4434744  235.5804339  436.3228819  126.0873536  117.3450317  461.8798645  -108.9497289  -77.48317093  600.5874775  170.2313863  283.8341661  -119.8613324  377.9939511  121.6905396  144.4598331  353.5998896  93.64219205  9.109772053  402.9699949  210.1717374  220.2755519  146.420127  
99.94894246  559.7109203  -70.10960236  105.9698942  160.1874489  325.6262217  114.6328227  548.8598428  215.8840107  244.1830594  430.4199424  125.5867932  100.3651822  467.6829703  -104.6464729  -66.08328817  597.7063671  171.1030687  281.1080974  -130.6018996  369.6358763  134.8085765  148.804334  347.9603396  113.8081895  9.950810865  427.3956258  220.0194746  221.8791724  146.3067142  
100.7796684  564.1578869  -73.34165241  102.3655669  180.0300897  327.5158877  119.7786418  547.8488735  210.538177  245.3463693  437.7479413  110.8775284  115.1595767  467.5665126  -100.5834884  -70.64523664  598.271095  165.892215  287.8121486  -120.0551161  382.3858021  125.6278896  137.5245362  351.1424091  99.55883644  20.06784342  409.2079696  197.2746032  214.5614073  147.0012575  
98.78042766  579.3723074  -75.05909338  123.3420823  174.1617625  348.2107898  105.5389019  532.8719658  223.0889876  267.2027883  449.9532643  93.61365916  112.5713655  440.2325115  -97.7725444  -78.98456368  580.4540797  168.7065108  284.0745011  -118.9269972  373.2408226  134.490177  152.6251077  357.2950299  78.12120135  13.43642674  426.8676322  205.873074  242.0497419  143.8946409  
100.991276  558.6731154  -74.63756977  122.6003367  168.027885  331.3943149  107.0204242  541.1763722  217.685357  237.0965658  450.9511366  110.1781044  112.5589686  456.8287849  -97.56086904  -75.4758786  585.650798  163.7590742  292.1126352  -121.0165227  364.5995274  136.8445026  144.6297901  353.4078322  83.4630419  2.332608374  420.7271172  200.7105349  233.8182517  143.5451964  
101.3058798  558.9350676  -77.65305044  115.1328491  175.1250107  336.8108923  107.8911747  554.129086  215.9007021  238.0097907  446.7682021  109.4819465  104.923226  454.9628196  -100.3786886  -77.3954318  591.6028736  150.2568826  286.0998829  -115.822949  378.2798613  130.374828  135.5960964  358.1594805  91.04208839  3.950303363  408.3531758  202.9484097  220.4682429  147.5246101  
99.46616103  554.4992435  -74.13425065  119.782144  185.4766668  336.7296688  119.3973328  539.3651626  222.1255504  243.1254165  449.0572878  118.7543996  107.0045508  453.6855278  -104.679678  -65.71753891  589.2555596  177.9043331  275.7377886  -122.4844008  366.689757  135.6432491  140.5445242  363.5783389  101.4000068  25.38016456  414.3829603  202.5119628  237.7365765  146.4967968  
107.4845202  541.7819089  -76.04296532  124.6276891  180.8000955  333.3064239  126.8080616  548.4320951  216.9884263  238.9559305  460.1031628  113.493402  116.5952429  447.9423335  -106.0754085  -84.28819497  583.8109413  157.9982102  273.5209299  -119.9327897  357.0336183  138.2529993  140.9669872  357.905037  87.67628159  -1.463189802  411.3134507  212.3986032  236.6248791  144.4772157  
105.6260226  540.7385894  -76.71485278  121.7791371  180.2688113  339.8257256  117.497876  554.5343928  221.3360977  239.2999605  451.8878081  114.6118741  104.5863269  452.3618313  -109.4846828  -80.73984209  588.9132571  161.8312515  268.99863  -121.6059564  369.5752874  124.4791394  133.6975771  355.3802273  91.65354874  12.1021096  406.3599342  209.0633403  228.4888914  148.9524158  
102.1386787  559.5539227  -71.17941704  114.0149585  199.4521755  329.8109518  132.6993621  564.4166899  217.4462017  245.5486633  458.0161328  126.3794225  109.2019394  457.884124  -109.411721  -69.42375272  591.3338901  182.4208308  271.7578301  -121.3013715  372.0778536  127.7634567  139.476343  355.3728736  97.53111026  19.83739083  396.3558879  193.4016185  229.9057939  146.5000741  
101.810988  569.1111191  -71.26371671  118.6608757  186.2541454  338.0507261  117.7467481  557.9550157  206.4634434  251.5136186  453.18836  109.5549251  106.4240817  446.1820471  -106.8713007  -73.990244  577.4808716  170.3701694  274.3192355  -120.5736504  370.4722498  123.8977926  136.8623139  358.5851377  86.20079476  5.326142089  412.9951164  192.1174088  230.7858743  142.4320521  
103.3396618  580.5084465  -78.71735424  110.0233572  187.3493204  342.1131822  111.4651969  564.6107694  211.7611016  268.8802148  457.079769  112.4728025  124.0430994  448.6916159  -109.6265333  -77.56553021  577.1256951  168.0651532  276.0241402  -126.7990271  378.6080996  138.0246883  149.2586394  358.5885343  83.65564718  6.761132129  423.586829  193.2588672  245.7298654  139.186383  
99.30809684  578.3119199  -73.77679157  118.7139709  180.1094715  324.4220948  112.5406222  568.0790984  215.9896994  264.4089209  446.2199972  117.4816738  106.9803312  448.9290831  -114.4746299  -74.25958087  583.7434324  169.49152  266.4224877  -127.7051055  380.4171813  137.0714942  150.2745577  350.8785565  93.44285056  8.550846528  415.4713405  208.9603811  230.3416802  142.9711195  
110.5809216  537.9022525  -76.09332377  112.8558599  196.4350711  339.3616547  115.9211518  571.5925498  212.4442283  234.7504854  451.4008117  121.2823592  124.5388209  451.9971988  -107.770057  -88.6556208  589.2122692  152.4621171  286.909628  -117.2301448  371.4185713  121.7624453  123.9092285  360.8693642  85.24226072  -4.561324245  403.2527318  191.9744155  224.725229  144.7403845  
106.0878784  538.9676435  -71.34768412  96.12524883  201.1521616  319.9626747  128.5171425  571.6656962  201.2837307  220.5145215  446.1166495  125.8688101  106.1068045  464.0336867  -105.2033424  -77.05389676  594.5806723  165.4788005  285.1196297  -114.8060124  382.2079398  104.7102965  124.4242847  349.5537226  98.76676629  6.298210558  387.2500434  180.5413983  202.8060195  145.6394584  
107.9967372  549.2094975  -80.95781369  109.906013  187.9454281  321.1826373  127.0313274  570.3503437  216.5246542  252.3409834  453.9690492  126.8679802  115.7982332  452.9744977  -101.2422609  -87.21510861  584.2664068  156.556693  283.0120803  -132.0126508  374.5497586  130.2351489  135.5586016  355.5806601  103.6303221  9.301259308  395.5378569  208.2208599  224.4781762  144.3212847  
110.4756446  555.3607429  -68.36969301  108.1245344  190.9287954  324.8012929  128.1965339  565.6653733  225.8151466  255.5794837  457.9657561  137.9584863  106.1507462  454.8997745  -107.4859289  -88.21148295  589.6339758  150.256206  285.0565981  -135.6303744  385.7841633  129.9757747  122.3607019  356.1689413  111.5955214  2.659452307  400.6970739  201.4869304  212.9145705  146.9402479  
106.9559542  549.9519355  -64.520943  102.2967155  188.1016441  321.6163109  113.4096563  569.4474379  214.3245535  244.1091167  444.5586664  129.8422044  102.861034  456.4858007  -108.560334  -80.80426398  592.445324  149.8445655  273.3777393  -130.5225237  387.5331661  128.5718378  123.4673177  362.476597  110.4146016  3.707972027  401.9260235  194.4609668  207.5685478  144.6987844  
109.5955578  550.291501  -69.22024375  110.4267601  190.2924635  325.302512  122.8935914  553.5005386  216.2699098  249.1565042  446.2985316  138.2479542  102.3120325  453.4955962  -102.8668803  -83.48448399  591.1374727  153.564918  280.9608796  -133.6415325  381.1088623  136.9219392  130.3208192  365.5992527  116.8723215  2.450373921  413.4217815  194.8156481  219.4558875  145.0085201  
108.5666156  552.4233379  -66.06305181  109.1995452  185.8499903  329.779514  129.5085396  560.8588259  215.9998529  250.3094735  450.9739714  131.968991  105.2136678  453.0657665  -107.1337997  -79.99482792  595.499778  157.3919017  273.5756432  -130.7355277  374.9043796  132.1081108  127.316653  359.6538024  108.8347834  -10.17527376  402.4732767  199.7174167  209.4950942  148.8278823  
110.6699695  558.2654369  -60.23747859  111.7323262  180.1608572  308.7288964  131.2195829  560.1241828  215.8347982  245.4654988  454.088599  133.1867968  104.9054154  460.6705445  -101.5229754  -74.14366025  584.3797668  165.4497411  284.8385303  -128.4900226  373.2629612  128.6660988  128.6708463  351.6418089  119.345074  0.3747419379  405.454156  200.5107355  213.7038875  143.7261199  
108.6587803  560.1234215  -66.08294632  110.3230059  184.2390719  333.667881  120.1882534  551.8284108  223.8512655  262.4894766  449.3711408  115.6921601  110.8655  448.6268001  -98.08303063  -83.750326  580.8723108  154.4910296  282.5388456  -125.5478382  381.8558317  126.7051204  126.5027644  360.4174141  99.19619894  7.893719312  401.4357489  201.3539053  220.2524216  147.5256208  
106.8729238  558.4075815  -60.35770712  103.0954446  186.1956255  317.3680504  118.004807  556.3931269  225.6854502  231.7377997  448.6708199  130.5894996  103.5197315  462.9080245  -101.2302279  -76.25244345  602.04774  151.4043684  290.5648934  -125.0110403  389.5594479  128.5622175  113.951038  358.7085628  116.6151948  -1.895053458  406.6341023  184.6672481  200.8111879  145.7121746  
108.8252046  549.2583481  -58.73961433  105.5150621  174.4918877  306.4137507  115.1813784  561.0508192  223.7623248  229.7446651  433.6068764  135.0927295  107.0215907  472.6812412  -105.4803435  -73.04540697  604.165792  159.2977574  290.9482178  -127.9375937  386.801703  126.229243  126.1742476  353.3363191  116.8918325  -0.5940792235  407.8251771  197.1838118  190.5044287  148.3211106  
105.7649186  543.7685371  -80.1670403  119.6691433  178.8967667  336.3862534  119.9457524  554.0921985  236.1662548  253.3494185  449.5840125  132.5645716  113.0553574  445.9742479  -109.3051039  -92.46271148  591.1332409  150.5376463  280.5274163  -131.6193245  371.0036587  135.6417627  133.0279135  359.3233338  109.4786654  7.843374897  409.5971012  217.5380751  225.3163653  147.7403017  
101.4765907  552.0978291  -76.35623359  106.8507129  186.1261874  320.43949  111.070841  560.38173  213.6551893  233.0573127  435.6580524  131.9764221  111.9828802  459.1272893  -114.9850803  -75.74852215  601.1408036  157.6301277  284.4301083  -120.0921321  381.1516038  125.1149863  139.1243679  351.8234072  100.6530844  7.574538418  402.0053521  195.8654113  207.814082  147.6685085  
99.84813045  544.4533781  -76.08290054  116.0081588  166.5530819  321.0503499  100.4929878  552.5194078  211.7242262  228.4227256  430.3409315  119.1639024  113.1273712  464.0816895  -110.547556  -70.83082583  600.7324107  163.1550103  282.3408329  -119.0283275  372.5911482  129.0851629  142.118818  349.6632388  92.7545209  -4.94485551  415.714621  206.9761492  210.9562977  147.8131828  
101.3798747  540.7854771  -80.45089483  122.0846825  169.367126  331.7004913  104.5788418  548.41962  218.5400937  240.1903332  440.1600035  110.6765362  110.2020476  454.515033  -106.6813499  -84.14150309  585.3716735  156.5401185  277.3069781  -117.2721192  365.217826  122.4324457  138.7440421  360.0541826  88.83393521  3.194008275  412.3247521  208.3664849  231.3694028  145.1055076  
103.9311631  542.3014238  -88.83158181  121.3327728  185.9722568  337.9660621  111.69915  553.6504333  219.0291563  244.6543022  460.5480683  120.7780337  120.2711315  445.3505179  -110.2255351  -89.4733992  581.2827829  149.9168687  281.0107494  -123.925504  362.219882  132.4593724  135.173238  371.6683166  80.22500567  -0.3030512797  407.3779733  199.145004  247.466438  142.0214213  
