79.71172559  525.3459436  -35.40157162  171.4044016  246.2716072  331.5028435  190.7908871  695.7343412  216.5143146  285.6116722  563.6338006  297.9751242  72.69222008  417.8507524  -38.44669603  -197.4193281  518.8479203  130.2680527  187.6544166  -200.498628  353.2143518  83.36614876  87.08730399  321.8152316  148.225446  -18.73551003  393.1729766  122.6436963  172.3557469  122.7473044  
79.33250186  528.1334973  -37.88737817  169.5845041  246.8115602  329.8254771  178.528064  694.7548962  195.8761067  281.0525367  568.0285184  292.9217243  54.4862919  415.9558386  -38.79954401  -180.2955406  513.8830362  117.5205232  180.7445907  -196.1271032  349.0349346  76.31347218  79.49203703  294.8557357  151.5015416  -21.14454032  392.9731969  131.1664442  172.3346809  136.6981621  
76.01474275  530.8623895  -42.58677249  163.9134727  260.7086045  324.2406823  185.5093123  686.9010634  189.1626775  275.1682924  557.4309004  287.2566044  27.31985905  422.6023162  -47.26517353  -173.5972815  529.956331  126.280098  189.9094288  -186.6324471  349.2011405  88.72350329  83.02290284  319.5082053  162.7313918  -1.328807279  398.0578854  123.3509058  158.7733751  130.8148664  
80.16921134  536.3496393  -49.30097731  165.5414705  269.8491988  329.1367583  182.8474806  690.1003228  195.3946906  285.1417416  561.271033  278.147002  35.07345919  414.6363486  -40.52246207  -171.5111178  513.3170408  126.9813264  187.8558694  -188.9384399  357.4679343  73.64109337  77.92036641  299.7496047  157.2860824  -8.100904572  394.6736983  130.3101888  144.9865185  142.2807811  
77.12846326  538.518234  -39.21438651  169.6336544  262.3833247  323.102538  180.7458903  686.7939512  186.8837239  283.8406163  562.0054888  274.5460569  35.71810412  416.2034043  -39.77277266  -170.7057339  515.4538545  118.1532208  194.7191133  -183.6231396  352.4115295  91.85712393  82.39013603  299.1515979  158.7802046  -13.88448099  396.7808585  134.9451984  147.9895407  141.7831835  
79.75781472  531.7819801  -44.45387855  166.5997473  260.0293489  320.8588887  186.975819  688.4549038  180.7106518  270.3198175  560.519226  285.1910585  19.76873331  422.9118179  -47.65337902  -176.1508772  530.8033468  127.3008903  194.4613708  -184.2879098  348.1315293  97.66324848  79.17396205  312.8825336  162.0811807  4.52450761  400.7017725  121.0039251  150.969934  131.195558  
82.69032303  535.0401301  -48.25911307  174.8763213  269.0729429  328.4741463  174.1164508  690.2732229  183.3120119  277.6302009  556.9682862  282.3004581  38.91648105  423.296955  -47.12928396  -170.7276283  520.4864739  147.4364756  183.0166035  -187.5701779  360.4839428  79.21965428  70.34802533  295.1000177  146.5371906  -4.408823696  400.6442105  129.1890541  152.7356511  139.7541627  
81.97104418  537.199095  -40.13484272  169.9248732  259.90709  331.4153898  182.9202855  688.4453931  181.2730939  280.2045939  554.1791443  276.0566414  31.29537826  416.0772219  -45.31424508  -168.3081417  516.1299594  133.3837126  187.7389405  -188.8057314  354.3820112  77.01816496  84.51785958  300.730115  156.6067905  -11.22842869  396.6899489  128.4408392  150.2107208  139.0854445  
80.39264968  527.1600987  -41.6571319  171.9723852  249.9533419  327.6573182  184.0769374  693.7073902  195.4052925  274.7266417  550.9031264  274.901785  45.7950156  421.9183535  -54.6833336  -179.0170186  518.3209161  118.5006452  196.399777  -185.1112067  356.46259  92.26086945  93.90528442  317.1531021  145.4173675  6.358386764  391.4774549  120.6854843  160.0670628  128.2364966  
82.83551667  534.2604119  -39.82849514  167.23121  251.4097961  331.5700495  179.7507709  693.4773954  190.3769651  275.6176227  562.3670639  285.2281804  40.49584774  418.5054063  -42.26948193  -177.4967194  514.7495346  117.6294873  189.0035508  -191.5842228  349.6381352  82.20567479  86.2106597  299.7237823  157.8222804  -11.04232886  394.1850602  128.1950134  160.5266643  131.6171416  
79.6477864  534.8021634  -36.88873172  166.4181253  258.5769121  327.8739437  186.6367802  689.1944004  200.7922798  277.2834819  559.7862434  279.3174792  49.1951296  419.3585077  -44.31585788  -179.3050455  516.207811  120.6228492  190.8401863  -183.6978858  354.7570583  93.60184217  89.86335371  314.8392312  154.875312  -3.512735602  396.7630558  126.1033141  152.8616305  136.5009872  
84.69730865  535.7585626  -46.96985451  159.4235797  263.413165  333.107336  190.072445  683.3518561  181.3854438  280.4388147  565.5856667  287.8495739  14.984964  409.3964867  -35.84258479  -171.632231  516.6884545  125.7425445  183.3941449  -189.1889868  349.8853067  83.24150065  74.81499323  301.7868979  166.8507418  -3.234061827  392.6136956  123.9938947  143.2697255  140.9635159  
81.40151055  537.8822422  -43.35863954  152.0558706  258.9456161  330.3801292  199.0702105  690.978035  190.1555281  274.4250741  555.1657217  280.5158327  20.93040495  411.7090478  -47.04020033  -175.789076  523.8573794  107.4129287  200.3659229  -186.0571131  342.3761258  94.81748129  102.8489399  331.6045027  170.2953851  12.35567483  392.2039961  114.712939  134.4900795  130.6328543  
83.94382541  537.5957473  -46.03820772  165.4598324  263.5216808  331.9467621  207.481678  684.9717261  193.4884904  283.0833185  564.04738  279.0656572  3.167295801  409.1456901  -45.57052147  -177.1401856  512.7685271  111.8939138  193.0261269  -185.3091853  340.0608936  85.19305263  75.18217301  309.8138534  168.0004132  1.525827316  389.3769093  117.2919413  128.2113235  134.1587606  
89.35638707  523.5666366  -26.99997293  165.6790696  238.8544748  331.1369361  197.4407469  697.8414511  212.5204613  270.3244734  563.5907357  295.1487957  35.63592216  424.4850527  -48.53031567  -182.0150326  518.3919022  105.2203023  201.5937345  -193.7379849  341.2434922  92.94477376  99.09794569  318.0458439  160.6465015  8.839000858  396.9574973  117.2836901  166.7086052  118.6883015  
82.17549531  532.6940564  -40.20936394  168.1194002  252.026902  335.1820162  204.1893503  692.3166062  203.073423  278.1633479  554.5659437  286.3643067  34.90191292  417.9009671  -52.46427154  -188.087716  531.9295961  124.0763726  195.7714495  -182.8359303  353.7403595  96.08258392  97.95777752  330.6568043  150.8316713  10.09662188  392.3249841  116.7023946  149.9880184  124.1905389  
78.12515236  540.8822329  -43.06613636  153.8173774  254.5999858  341.3493495  203.9927288  688.978248  183.3979881  281.8780696  558.6376421  283.9557347  1.379964032  414.6430017  -41.91037615  -177.1961669  536.1896896  113.4027993  195.8237417  -189.7299991  343.1153148  88.30566872  90.11798802  327.728101  174.149264  6.318876595  395.5346301  121.465258  142.2742708  129.4135789  
79.36335714  538.295906  -39.26778892  158.2693181  251.5436705  336.599274  203.747982  689.0234766  188.786583  281.7152646  554.0762209  281.4028561  17.00359602  421.5408367  -45.24449379  -181.3691377  537.9878506  120.7471162  201.3103471  -186.2084875  346.6900663  97.80153409  93.06030542  340.0214944  170.3246089  12.46543342  400.2279936  116.984603  145.3192791  123.7804064  
80.4468368  532.2387867  -43.0127487  163.6240709  259.2554188  340.2587775  193.4245573  688.5777639  196.4482292  290.4854714  558.6256118  278.4821789  27.43762582  410.0173371  -35.30355311  -173.4066171  516.1765018  128.9763081  190.1777899  -186.1884104  357.9355852  88.59701778  87.59502551  314.0893126  164.5846736  -4.405406005  395.9871957  127.3355169  142.205419  137.1098815  
82.07531842  543.3838016  -50.14570479  156.1051919  272.2136927  330.5616038  191.3038339  686.1983339  189.7166414  287.9932426  562.581214  279.8770641  21.59437616  406.7760463  -36.30650483  -167.0409806  519.4654832  113.2421824  198.44019  -186.8830011  353.8588251  88.76163315  84.94113561  314.112428  166.924496  -0.3739959409  392.9821246  129.7232327  135.4341585  140.3669767  
82.91351748  537.1364893  -43.72879366  164.2240538  266.0172774  329.6082818  180.1445229  690.2934935  184.6976658  278.8446219  563.5551245  288.7716512  34.18849537  412.2245669  -46.67482753  -174.6541194  525.8927423  122.8671409  194.6359265  -191.7113993  349.0665867  81.4457108  78.79514991  299.5089317  160.0852685  -6.262183101  399.37509  123.8914421  154.3790537  133.4448265  
81.89069834  535.6825571  -44.37186622  165.8333972  263.8916004  326.7269622  179.1194159  693.325201  187.7732735  274.1075094  560.9272998  290.5230868  33.1406058  419.0849246  -44.24182154  -173.087619  527.9714695  131.633974  191.2941803  -194.5123203  351.4255954  80.90624503  81.92203042  305.0916105  161.1052345  -7.819893779  396.719068  122.0935367  155.3710515  130.2355337  
83.40042761  527.7493409  -40.82370427  176.5015289  250.0256978  325.4934064  180.1632171  692.3284451  182.6408932  278.3161232  563.4413919  292.4589041  36.45823434  419.8870887  -43.87450085  -173.850999  517.8305706  135.9718539  175.8571714  -196.4489995  352.7128726  73.61315354  75.8188939  293.976119  150.9640765  -20.30893302  394.706848  124.6325414  166.2418912  135.5510463  
86.16607494  527.6481482  -31.42641282  169.1759485  260.1307592  332.7436534  163.5238398  699.1155485  191.9568183  279.3352791  566.4345145  296.1046785  62.01676775  412.6611448  -40.16729011  -169.5361521  513.6128335  136.6212306  178.9386183  -197.9247926  354.9872747  72.98587627  75.99500544  278.4448203  151.1432485  -33.30826531  403.8091853  137.969003  171.9030904  143.1483041  
83.46327083  529.9511606  -39.48919153  177.2313009  262.8034479  328.4451758  181.551241  695.1385314  201.0150028  285.5698775  568.0564297  292.7888298  60.54635707  408.0545031  -43.51007251  -179.6074131  506.9784441  126.3624882  195.3556597  -190.7522959  354.8078126  86.38782653  83.20010722  288.6543803  145.8954193  -10.42958425  400.8170909  131.640683  157.9657953  140.0455956  
77.49626806  531.1847773  -46.54405736  169.708521  264.2514468  326.2992227  179.4096706  691.8113595  195.5443512  278.4062888  567.4136117  302.0747091  49.76367464  412.9491688  -40.30192605  -185.9239655  521.6088578  133.2600669  187.9550786  -194.1860396  344.6735346  72.73515871  77.83354259  295.4161312  155.4739834  -20.5678306  397.781744  127.9198626  160.6939604  128.9891723  
78.30190893  526.7311949  -40.96754798  166.3986368  250.1499774  335.5538853  190.7227115  697.3552766  188.2913425  274.5457582  557.8814641  281.7400518  43.23009178  413.7458169  -42.07266866  -181.6407578  523.5824826  119.4221852  182.9301367  -185.0569147  349.9541027  72.65347979  93.83012919  313.5522945  152.4843372  -18.52722123  391.9489282  117.9876895  154.5274459  128.4651923  
75.67096226  529.0221265  -44.34093109  172.94231  258.6654189  321.1339724  189.5704963  687.3321128  191.9524923  276.534442  553.0760583  277.3101991  44.99492521  426.2518614  -43.47624638  -174.4212553  523.2024631  128.9767897  190.1589676  -183.4522368  360.0382915  91.2127345  84.00977189  322.1070005  152.1300466  -2.067231204  391.0735039  126.0024766  155.3688159  134.3703447  
77.33024167  531.3658937  -48.26102277  162.8911712  260.5206681  319.30216  188.3274511  683.3217836  183.269142  276.8954007  557.4036329  288.7546253  8.255611159  421.6569927  -39.02378835  -159.4660255  530.225919  135.3136643  183.0095542  -188.2567335  355.2013431  84.53009643  76.46709991  322.0779669  173.3759427  -5.349105843  395.7178841  130.2673093  152.3631123  136.5518636  
78.30192626  544.6741714  -46.45588532  160.3954338  256.9067926  322.8257043  191.0156075  683.9442742  177.67377  278.9277989  558.3644751  285.9039599  11.46468213  417.3061273  -41.78186739  -162.8849016  523.586434  105.667822  193.7506311  -191.0086404  346.7507377  91.51451062  87.82043172  316.4757394  170.6628654  8.158510884  389.4536252  130.2388539  150.5095193  139.0410918  
82.77420997  534.7738884  -38.88015528  165.476969  258.7931896  325.9277286  175.3935812  690.463887  182.7764698  279.848103  562.1097676  280.1317702  36.03745051  413.6812667  -43.22188965  -166.0449596  513.2417702  115.2119815  192.200373  -189.9758182  355.4245555  79.83390541  86.21812917  306.0159322  159.2078199  -9.598954349  390.3084611  127.4467365  160.0605739  139.2485863  
85.13143783  543.3363838  -38.37915027  181.0788684  271.4671355  327.4406208  169.4815682  692.4884896  190.3313974  287.519865  571.2099784  279.8945942  59.14402261  410.3497129  -46.10545305  -170.3334505  502.9571576  122.4786403  194.9296178  -189.9346553  357.3991242  90.04808156  79.37275911  278.4201332  141.9719634  -14.40736032  395.3879448  135.3716318  156.0484034  153.4365844  
86.66434591  537.785378  -33.67889626  174.0508693  258.9660938  335.3357963  176.9861663  692.3634819  198.6368408  279.1485802  569.9051565  298.3089527  57.40654444  414.263881  -42.95549254  -182.0860925  514.7782627  113.4460239  197.1299911  -194.3842737  348.1263065  97.34616476  79.2290925  292.7941068  150.5827212  -3.717094334  400.5585628  126.1433808  162.4668427  133.7747402  
82.32265053  528.5233603  -35.81583762  179.3316263  248.3985742  340.3235324  184.7125246  694.1092278  214.7137821  290.0313257  565.0346333  289.942846  79.91898421  409.4498041  -44.65914492  -198.3325934  503.4969035  134.564344  189.4264123  -191.5917038  354.0768641  81.91799748  85.1990049  290.878731  139.9927717  -18.28260121  398.7877259  122.1652906  151.3446311  128.5277869  
77.53074046  526.4928318  -40.91444408  169.6168923  254.3260712  335.6935428  184.9238492  700.0597895  220.6000019  279.3563829  552.5042062  284.4458599  68.8207025  422.3666515  -48.44124449  -196.7087424  515.4612953  132.4534945  193.0509834  -189.602463  351.2386009  78.63928034  94.49298549  324.4367297  154.0737967  -8.184140713  394.7041278  118.149189  156.1172356  120.3641738  
76.63692271  536.2200088  -46.45855691  164.8793131  261.4037499  324.1991593  204.3724191  687.0672867  208.6034279  275.4668592  551.1734045  275.6447194  29.10294156  419.0209881  -41.47281244  -172.9937107  510.2728082  121.7393888  179.0331895  -185.8404087  348.2115346  76.80561242  92.96852016  323.8569501  162.1351814  -13.71737213  385.8544813  121.1416975  137.9591528  130.4227946  
77.74278364  535.0630432  -46.30308447  155.0105203  254.0948075  325.2756835  200.8087371  693.6089459  190.2721491  271.7153886  551.6947555  273.559021  23.6216544  426.0508355  -41.64480406  -175.2565566  525.7843406  109.7146848  192.4795539  -185.3859579  349.2895353  88.39065923  93.1850423  342.4093012  164.2930689  6.420173733  385.360476  119.6010718  144.2257314  126.3927519  
77.23997025  544.5317759  -47.70135381  155.2104808  261.7278694  324.0277688  207.7142466  681.8544993  188.6947479  277.8478249  552.7213946  279.4061506  -7.15301542  424.7622361  -45.44170158  -164.065201  532.802124  109.6796441  195.7854994  -186.8753796  343.9878802  97.61970027  95.20487877  338.7428061  179.9193104  7.029170594  390.186282  118.8679989  139.6782233  130.669867  
74.09878139  540.2948305  -46.21652613  166.9349467  264.497351  312.5614401  191.7712525  680.598464  180.3756871  266.6821414  551.2930418  272.1498676  7.793195173  436.2356172  -44.52494855  -158.6614568  519.4403421  122.601748  189.4919217  -186.4751834  351.0847107  92.34845194  80.91609151  329.1808809  170.5037807  5.757869255  390.1258185  124.4415812  149.5165563  138.4870505  
79.59804837  543.2008789  -44.20462996  159.7665897  260.5544384  321.6848517  198.219537  683.1315079  175.3986394  270.4928631  551.0063528  264.5243733  1.496861364  426.7639424  -42.89640778  -157.5273306  523.0677849  103.234244  195.4983538  -176.9453927  354.2828556  102.1730004  94.13976429  328.9189238  168.0030229  9.749059895  388.6820524  121.371305  137.8617842  140.8809127  
80.50297608  538.9320331  -43.94733644  159.4308557  256.191362  328.155377  189.8033011  686.1958541  178.950713  271.4231818  559.9457169  285.9509136  8.135767884  422.7661383  -44.47261489  -166.8618755  529.5263426  111.4311939  203.7656185  -187.2724704  347.066846  102.7384013  87.76157531  322.1873898  172.855643  13.40505876  399.6595085  119.7638576  153.5248942  136.3034581  
78.20439632  533.4299524  -41.9704816  159.7586991  249.7600201  328.6113059  196.432669  684.0949018  186.9901607  268.9186609  556.3817373  294.8801545  5.16048973  421.0940153  -43.66807387  -178.4858118  523.2830271  111.9808871  198.7426499  -193.8546873  335.4634758  94.09976632  91.89319997  327.2419208  177.5270949  21.40389295  392.6207804  114.3630072  155.1979103  121.9808055  
80.58930423  537.5780717  -30.58204309  170.2401614  256.925484  329.9031118  184.1826277  685.8395447  191.248505  281.5053779  553.6383866  268.5918523  49.41754248  417.3206535  -46.27156779  -180.2276513  508.1652395  130.1688788  192.0607671  -182.3071375  351.6813754  82.13719685  88.45912832  312.9947728  153.0136808  -9.886251901  395.3536385  127.3111906  147.1663922  133.1209279  
81.57100872  539.7243744  -45.95374852  173.6370141  266.6156211  323.8965865  182.2731255  688.6540248  189.4393371  279.2948896  554.7748173  270.9417405  45.86252219  418.7315595  -41.57850999  -168.0166297  512.3449729  141.3761283  182.1309275  -187.6601817  362.6463469  76.44451931  79.31581652  300.8607971  148.8494918  -15.86851924  394.5604037  133.5133554  146.9515329  142.9120443  
82.72901507  539.0237235  -46.45403233  169.0635652  270.7490541  327.7000079  179.0154495  693.8598257  188.7801041  281.3800213  556.2633367  273.1225867  42.29586513  418.5676802  -41.16201457  -163.6738332  513.5540118  144.3617471  184.7692343  -191.2347454  365.9030678  76.51252095  78.61243697  310.0381661  155.3184436  -13.49738869  398.5761237  131.6790052  146.7510275  145.2388296  
79.14485567  540.0993237  -44.35460831  169.0230532  261.8457654  327.5475372  193.6011343  686.9388645  193.8554624  286.9181149  560.2081676  279.3969058  29.21945066  414.8950099  -41.80697281  -170.6860836  516.9527843  122.5115242  195.9430578  -186.226571  353.5579612  94.30548978  92.5021724  310.7655583  163.23742  -3.53607915  397.0122058  128.4941051  143.1636316  141.9620931  
82.034019  529.9867222  -35.48238062  167.6855238  265.2228987  329.6939473  168.4722627  695.506506  192.0239959  284.7749907  562.5224439  282.7820446  50.56808789  411.9941918  -37.41883318  -169.2430647  518.5142645  132.699936  190.7085021  -188.3153944  354.0560699  83.64124986  76.50550271  292.9138271  155.9880558  -24.56451629  404.2240104  140.2011087  160.947  141.8752077  
86.58111328  521.8697494  -42.71205965  163.858819  258.6663075  337.6827424  179.7621605  690.7696937  195.4541515  281.1618833  571.0445818  296.9975002  35.65085398  409.1743452  -42.70140694  -183.7634248  519.7994102  136.0409869  176.7557603  -193.8114642  361.8783203  80.42728285  61.46390023  286.4386639  144.1161611  0.5322649495  400.1093805  131.7038762  158.2180896  134.0036018  
87.28939454  535.0153451  -40.53104256  161.346752  261.6063342  346.3266686  197.0212487  703.1636281  203.838939  279.3080545  566.3430953  301.177929  22.79735863  411.5527368  -41.80288283  -182.096311  540.1550297  104.8635388  211.779426  -183.8186457  353.7579731  103.0749441  88.68080239  315.5711056  164.7687621  29.58766355  406.5734475  118.1982651  149.2590384  120.8093658  
86.4312297  534.4167171  -37.94529508  162.5624489  252.2243722  346.3457345  188.4941446  693.9232148  211.7798114  297.1122425  579.4521444  311.9008385  38.23328182  396.8640531  -29.8324191  -189.1080066  521.7510057  110.9394694  198.5429714  -201.6109078  338.8778492  86.91618559  84.55115113  277.8744953  166.0724299  -11.90849793  404.0845194  130.1809677  158.0804662  127.9001639  
80.03540443  519.7948044  -38.09601013  169.0416031  241.5964749  338.8354098  178.0155656  693.063375  206.3860839  297.961927  572.2212894  297.2881463  71.65089628  401.237893  -38.57988546  -199.0938229  514.5343386  130.0268299  182.4017242  -198.1839552  348.8145496  70.01368968  79.06928105  283.1302228  150.1404835  -31.57651202  398.1708725  125.6491668  167.0876456  132.0319665  
79.01013991  542.5514086  -37.2351857  166.9708607  263.0296925  322.5545866  169.0591632  677.3052922  188.8869641  295.8717495  577.3238845  283.2607323  49.89477529  399.2753662  -38.77742744  -165.17283  505.7702116  117.2598345  181.0993155  -193.0025367  350.9178809  81.23198661  78.41322287  273.4541135  161.9383173  -38.52170702  399.8578969  142.5553624  160.4947246  159.1754532  
82.03704098  535.213158  -46.51228867  170.9902179  270.5059063  323.7253396  161.0818159  680.978003  184.2771461  288.221512  581.4960227  294.3642852  44.60254576  402.6473658  -40.18866674  -169.2406198  510.0380323  128.0751389  178.6493262  -196.6972831  355.6306673  79.39656517  62.22789152  269.1663986  156.6322201  -27.21101563  397.6574321  134.3482867  165.5730747  152.0398502  
87.01730593  532.5453329  -43.61498123  165.980945  254.802572  329.7628506  172.8582768  684.6412269  182.7052535  280.4055428  582.1536  311.2879246  31.66985168  413.1846208  -38.51230024  -177.4365298  526.7627913  124.8100177  187.640207  -200.3910472  350.537404  87.95450762  62.18558326  284.8730772  159.7697812  -2.791897004  401.1471759  125.6571494  175.8640298  138.3971233  
84.11201188  538.8117414  -42.37187512  168.3203729  255.886347  342.717728  184.8241887  688.276305  198.4934968  299.7621972  581.695123  304.7367841  56.00213767  396.9777446  -31.55969084  -183.641565  515.2670421  123.6209934  192.9816009  -200.3116469  348.6005382  85.38635176  83.30273667  278.1531534  155.4315231  -23.64963792  403.655783  133.4133157  161.1378332  144.4760621  
77.75718432  527.970199  -41.51114261  168.5894201  244.8263858  339.0942438  191.9830108  691.0394785  204.831153  294.98347  563.9132074  293.7418728  70.84681953  409.0720519  -42.52903072  -197.9531673  521.4879809  125.97831  191.1971015  -196.5607306  355.3051687  84.77452871  89.9409949  304.056068  140.8579207  -8.144820376  394.7593009  125.3739496  162.3789922  130.0112342  
76.75308737  532.5759953  -47.43352986  166.9504634  265.0561663  334.1013391  179.5139846  690.7645382  204.9582049  290.5204253  554.1796228  278.3288194  69.74281916  411.8273764  -39.18841083  -180.3764902  511.9904037  145.9788458  179.4516469  -195.4084492  361.5809028  68.37761539  84.6325882  304.1021247  143.6056411  -31.95649783  393.2412102  136.6693767  149.7879861  139.8879425  
75.27989362  534.1186622  -46.62837975  168.9357657  271.020582  326.9793399  182.3170208  690.3226355  208.102314  295.0960811  556.2171142  272.6893259  63.67824641  414.4896596  -39.5626856  -174.1328018  503.7739314  141.4542121  176.4255422  -194.1220711  363.0702541  71.12127106  75.78283348  304.8849033  146.6056152  -30.53275264  390.8391901  145.1023657  146.4453279  147.2394563  
77.64696047  537.5889466  -47.89432727  162.6383435  271.4591817  325.8166868  186.3324535  685.659402  191.4872424  281.9566604  555.6363313  272.6320987  25.53927141  416.7130748  -40.14803134  -167.849155  515.9468193  126.7403997  182.2992605  -183.3718368  356.3806226  87.08400537  76.86668961  316.3912883  161.7879816  -10.82997208  395.8959089  135.2708746  137.8563469  145.0951409  
79.31828765  531.8753551  -51.16792822  169.6531941  276.619608  322.1564968  193.0016359  688.9314017  190.0576881  272.6170842  555.4043371  281.2993332  26.42002122  415.9786267  -54.04464035  -171.6400796  519.2670952  135.4521463  189.7622369  -184.8629598  350.3638844  86.18144921  80.55069324  316.4646691  158.4225877  5.37866423  398.178317  121.252762  142.341223  139.3322735  
78.752219  529.8757902  -45.82668197  168.7336818  263.0241365  327.4207314  197.1140949  689.0012246  194.6855524  268.6764301  548.2718605  278.1780237  34.84665686  422.1610983  -47.2426527  -182.4889865  517.9482144  136.8137063  185.6327795  -187.9416572  351.6275136  76.01601398  84.16640216  325.4277136  150.6643754  -2.310979686  386.550792  121.5845741  142.574423  125.8602332  
78.48688027  526.5397623  -39.95226601  164.4828639  252.2983783  325.7110075  201.4117605  697.6505226  197.0494402  265.199601  545.6037288  274.0324254  40.99874185  429.6562614  -50.91254726  -182.0077109  523.2600658  122.1740194  194.3428146  -188.5212324  349.7146954  87.14684973  99.09225841  344.7072575  151.8265279  6.543505911  386.523261  117.8743942  155.0422095  121.1343874  
77.70446638  532.0232365  -41.26680594  162.9868912  249.2671855  324.721887  196.8441598  688.9153291  197.223795  274.9769687  550.8551814  277.1263232  30.35404233  424.3760517  -43.2092999  -178.7818482  520.2780112  119.6637532  187.9918718  -194.2012566  351.6262146  87.16646543  90.85157006  329.398553  160.2480284  -4.998029508  389.1542801  126.9498409  149.6413141  129.4416339  
79.62076554  537.687079  -49.18778301  163.2268411  261.4971591  323.3526846  193.4383719  684.3695129  189.0659589  278.7677821  557.1035592  273.3387311  21.76191432  420.0392325  -41.26244199  -165.7737961  524.9108098  121.1724475  189.8565284  -186.5774062  360.0491659  89.03882078  87.76297099  321.2336772  161.0660309  2.175463846  388.2799541  126.035212  142.5310457  137.8230313  
82.79734557  546.5571618  -60.69049627  147.6139284  274.6549949  330.9749976  194.2764159  676.2885989  172.7404347  286.7159156  561.2221295  285.9012981  -17.51826647  410.9566767  -32.79777776  -157.7833391  536.4387979  122.9385021  198.6656675  -190.8659172  351.862514  87.02322716  80.3876501  319.9808161  184.1106749  9.544981609  393.4049681  125.3476701  133.1664938  140.7023435  
84.37159571  536.7699694  -49.02466186  153.5605304  255.4117591  329.3579631  186.038311  684.2988071  173.1613452  278.4970495  564.2805051  297.2320988  -14.17815564  410.8869763  -47.63961599  -164.4275441  537.0696238  117.5501388  196.151723  -202.4677628  342.5827238  77.31070831  80.93694726  313.8869165  184.7823914  2.987159337  392.074708  116.7791459  152.1310441  131.6355846  
88.52066265  523.6352812  -35.60010667  173.9630358  251.4678604  331.8738751  181.9111422  703.9293459  197.2651329  271.5385831  562.1894695  292.2758815  37.63766282  425.6333402  -53.92969197  -182.0225135  528.9629179  127.6571835  198.6346061  -185.7967522  353.1777259  89.88507151  85.83165713  305.6083238  153.0030355  0.5366992813  405.4806608  115.9854468  165.5376117  123.8861309  
83.95807681  530.4174571  -36.72150591  175.14514  254.5948915  332.1285813  183.0451966  697.5783787  207.3899738  279.5884925  562.9462612  292.7112044  55.78349727  421.5744519  -47.49366387  -185.6373284  521.7997966  122.0606382  199.3848056  -182.8890423  357.5843714  106.8990294  87.40779797  306.753908  148.292113  7.856426958  407.2758346  120.9115328  159.7050137  124.9385358  
84.89996142  522.7284476  -38.05727453  168.7946591  249.1343059  337.2136828  184.3829101  700.4149277  207.4085072  276.8119237  569.2386604  302.544842  45.96055708  420.7176631  -45.83023706  -195.693416  520.740722  115.2450242  192.2167162  -198.2562081  336.0854051  82.32684918  80.88879002  282.6180067  145.0674142  0.672303067  399.0333183  121.6590356  168.7242292  120.6671008  
92.04031324  506.9198349  -15.20444905  182.7325566  217.9268414  331.3093435  176.6618895  710.935941  230.6213084  269.3899518  563.2981259  299.1422796  102.4507924  429.1670818  -47.86638712  -211.7374813  501.3251098  129.727174  188.0280943  -201.8734322  342.1609021  81.53249262  92.26556098  294.5497624  127.5733305  -24.85676687  398.3221557  121.980519  197.2388673  111.7451322  
78.92432573  518.3787189  -28.384469  169.7673647  225.2429419  314.8568545  202.6806224  702.1029118  223.819057  262.3596913  551.3653737  286.5487443  54.61701197  436.5611021  -60.82893399  -196.5077642  524.2455251  105.1145704  194.9331889  -193.2310369  338.3362752  105.8496692  105.2589162  349.2708186  151.9604888  6.530932432  382.0979463  105.3891141  176.654964  107.5025979  
72.49262297  533.3282082  -47.81670985  172.8496829  261.2165889  319.6990335  200.3065351  690.3312638  188.8084566  265.6861257  543.2584018  270.4504724  30.10023086  434.8107562  -41.96636449  -176.2950053  517.3060089  127.5573169  181.1350627  -180.5619209  355.7626274  89.81984656  87.22914847  332.1272795  149.045744  -3.813516621  384.6785664  122.5790361  145.6161384  125.5567785  
75.79047024  531.137208  -39.13414095  156.5831126  242.1244317  329.9901086  202.414512  699.5214291  181.9306247  262.8685196  545.8962653  272.2185368  27.38535231  429.7182897  -40.91898174  -179.0872986  528.2219394  105.6991179  194.5864361  -187.2068116  346.1187276  83.30227222  100.7703409  348.8005286  155.9321912  8.337586281  381.9986957  116.9129816  151.734924  119.3486103  
77.34458065  537.2685756  -48.54170625  163.5785617  258.1338597  328.0057968  202.5913439  697.698302  178.1476063  270.2371334  545.560985  269.8288091  32.67160254  422.8592086  -44.93527863  -179.4010151  525.7042608  115.9884637  199.0052054  -184.8326113  350.1048632  75.93195512  102.2472696  341.8105937  153.1953135  7.458343633  382.2369225  116.1631193  140.8959735  123.2807705  
79.59370967  534.2205482  -44.59849865  164.6458571  248.3175611  326.6971874  194.6740347  692.7240241  178.8003822  268.8982469  552.060659  281.148576  10.09269699  425.069734  -43.88212779  -174.0884673  525.710819  114.9609882  186.1964711  -196.7776683  346.9961986  67.24138661  86.6066563  330.0598365  165.6988011  5.321655354  386.1268458  117.0878796  151.5956434  125.8787838  
78.40606221  532.1434295  -48.82922071  153.3292213  259.4311025  331.4657291  205.5680784  690.4111691  171.5230415  268.8182448  545.43829  279.638283  -3.03439065  423.3600192  -44.5321122  -173.7953709  545.4957714  115.4431113  199.2887052  -181.1976069  345.1945157  89.281893  94.43092371  346.8883801  171.6250859  17.49560164  390.4597909  112.2422771  140.9859996  120.5475379  
81.36183854  534.4388983  -42.70101019  158.4673488  242.8915673  329.7488674  201.0790984  690.6279303  174.1068007  263.6846339  555.1779762  281.2475125  -2.191146793  423.3790948  -44.06813983  -172.9734128  532.6159776  96.80517803  193.3131945  -188.1280052  339.5471446  87.43880103  92.45156137  330.7969876  175.6937042  16.78700738  385.4848775  115.7067499  149.0035257  124.6621904  
81.91620692  535.9497971  -45.25406655  163.6415798  267.2410017  326.875651  192.975884  691.5293788  176.6532121  269.5939053  547.9180768  266.564466  25.69773485  425.2265825  -45.07556837  -165.8136212  528.9092328  119.5828497  202.4163115  -178.0764408  357.9684892  90.26175114  93.27924942  328.9920669  158.9531012  9.916669087  397.2044947  123.4529034  138.080087  132.4696442  
86.09860047  541.4792456  -44.63186754  168.1590564  274.6525691  323.0728917  178.5700462  684.1880751  174.9180154  280.0355769  557.4716013  276.2149481  18.73953641  419.3114409  -42.93585775  -162.1215967  516.3768737  147.7770495  182.88671  -189.4943966  358.5897203  76.70181216  65.43419741  298.1223737  162.8074106  -6.266816241  398.3802904  132.8194851  143.3183988  144.688598  
84.98867024  546.2353364  -45.50649089  162.860634  282.3298066  326.4312845  184.3074341  683.1190866  172.8136825  280.7906517  551.7291684  265.9237287  16.33486486  413.5156683  -40.18161447  -152.947926  522.4605304  135.2984027  195.9353334  -176.3806505  360.1154714  81.26556344  83.24889964  315.9220437  167.4235983  -4.599162823  402.0520358  132.3469025  129.4062567  147.5794179  
82.91832189  545.1614527  -48.18015485  169.152789  275.0756782  322.205676  185.3320204  684.2723088  180.4600208  276.4095879  555.7664519  264.5130511  17.4811491  419.4787688  -45.28743429  -162.2480075  514.5422296  127.5642058  194.735773  -178.8091324  358.0545637  91.50515489  82.41185632  306.5871244  161.1952717  4.596337705  397.0422409  129.5561038  133.669784  144.760157  
75.84219571  544.661184  -44.71421519  150.9336402  260.3163223  334.6520089  197.997845  678.3378975  182.4456055  279.8482886  555.6317832  282.2913509  -4.535632065  418.6777929  -44.85612037  -168.8253748  531.7147922  118.7060133  198.4282544  -189.8467211  344.775723  96.721147  87.83979684  333.247829  183.0911862  14.91838947  400.6670406  118.4523367  138.8462764  134.2703074  
80.10335419  541.7650748  -44.71808761  165.382323  268.2340119  330.0490494  183.9324411  678.8162132  183.5877323  286.2831147  563.3155918  280.289985  14.89176712  412.5263589  -42.75067814  -162.487715  517.5279335  131.8099311  190.8157128  -183.3766561  352.5341628  92.08893249  79.33243093  304.2282575  169.9571322  -4.382810638  400.79294  128.6036845  140.8220203  149.0073426  
80.69478113  540.1870782  -41.77782388  163.5822611  265.0495376  335.7161866  189.9903481  681.118375  185.6631143  287.03947  558.894341  279.0677699  21.02576045  408.6553307  -45.5565852  -172.6754757  522.5298593  127.0401342  198.9553372  -182.7072143  355.8335456  98.13156197  91.62913317  320.1951475  167.642537  8.130973069  399.1582685  118.9800526  136.7140975  136.9668987  
82.74637312  542.9000358  -44.58218694  162.2582124  253.0913401  338.2497803  192.1080813  686.7877692  187.7088008  283.8597081  565.477518  295.5718136  12.35411971  408.8446732  -43.77837351  -177.7093443  525.8661416  112.2657687  203.3526474  -191.0963126  341.8176223  97.79113139  88.18812459  317.2683109  174.6488414  16.38683323  396.8984946  117.023771  148.4246888  130.8524144  
86.57306594  539.9810256  -31.25401066  167.3195847  239.6877328  346.9078012  192.7824466  689.1767423  197.6601998  290.4298203  570.1019912  300.170683  26.52855424  407.9155522  -47.95567678  -182.9382978  527.6175281  97.77371421  204.7561722  -195.8372961  341.9696554  106.3116716  91.83068786  302.5855759  167.7306565  4.45905428  402.9948314  115.0255481  163.9795971  130.0135248  
90.57009452  528.2074443  -31.53675856  168.9142722  243.3621597  347.875207  184.7214618  690.8066261  203.1283679  294.6265708  574.2153067  299.3494933  50.14824832  395.3994644  -37.77207759  -185.1738166  514.9778228  108.0449434  201.7577194  -193.896174  346.2815653  94.67589974  88.61936987  281.7952578  157.1357592  -14.24753022  406.1346172  121.0336902  162.1182679  133.2440104  
86.39834413  526.6430523  -22.23517148  177.1036057  237.6436795  339.5611461  169.660459  693.6142881  208.1967684  291.6974948  580.810968  299.5048359  86.29853828  402.695123  -38.9606439  -193.5143701  506.2622172  120.2151891  196.379026  -199.0332408  351.6127329  95.09495756  83.72248411  277.1596416  144.1017955  -25.78170173  410.409654  129.2605615  177.9327466  136.8830762  
82.60978177  528.9156812  -33.85187665  177.8256457  245.5344665  331.5730813  169.8777921  693.1489047  204.1028885  294.6121907  586.7755695  305.0558572  91.14756605  394.0483543  -36.72476205  -192.3884864  498.1386953  131.5330488  179.5089073  -201.6347069  348.9079203  74.99479935  79.65083603  258.2297771  142.8045542  -47.4510532  403.0277397  133.992501  173.3793275  141.9889878  
76.34219922  530.1333802  -39.09258851  175.4829763  253.5727701  326.9682484  172.0976847  695.5325467  196.2668193  288.735898  569.6030678  296.0766896  69.72254596  413.0627933  -41.98818966  -188.4507387  516.5446864  135.5830726  175.692227  -194.4760989  351.450638  65.94267336  75.35987276  285.3398906  146.8357269  -38.19256853  399.4632856  129.4456301  169.8486729  135.6420832  
81.98400133  532.6495277  -30.82264327  171.1768914  257.6328772  340.1068687  173.3060604  692.6049396  199.7444475  292.3727569  569.4397468  286.7709566  73.51039726  404.1830729  -37.88120278  -183.5427999  508.237397  124.1397421  179.1888762  -187.4787317  360.7547241  74.93790265  82.75034775  284.0487518  144.9891792  -32.91718725  400.3380863  135.318335  162.2088821  142.8871494  
76.11990227  537.259811  -45.17521664  170.3301923  267.1663759  328.6290288  189.1160104  691.2126657  207.2470952  287.3490351  564.1760943  290.6955328  55.68052296  408.490393  -35.98230902  -178.3368136  511.0237814  135.5093275  183.806724  -189.6788  355.5067451  75.52722607  87.08593459  302.6903446  152.0513811  -16.75857976  395.7694391  130.8219092  147.0197285  136.8416562  
76.56397893  526.9297571  -48.24399964  171.1340211  260.6687205  326.1710483  182.8306051  694.1062929  201.4976504  280.1052202  562.1258644  288.122975  45.97106896  416.4901513  -47.02273052  -184.1264046  515.2924617  138.8842864  174.580682  -191.3076859  354.899964  65.82332547  83.40243222  300.5187101  156.2927444  -21.33001978  389.2320413  127.3283588  158.8036972  133.2462731  
78.09350377  529.8126916  -45.83200407  163.6773728  254.514482  328.2378978  193.0141502  692.0523387  200.009016  281.9154024  560.3553676  285.6140721  28.51702109  415.0918111  -43.85709323  -176.6209699  514.884982  121.7968367  174.2850981  -194.5237382  348.4320245  70.13739766  87.17599657  308.8466472  162.9133544  -17.2583339  380.0077844  126.1084694  154.0434607  136.6778016  
76.34117354  535.8899372  -45.73274207  161.3385935  271.4376933  318.9658666  186.0576076  683.0150919  187.942122  276.5838288  550.3465552  268.3797929  10.32541005  425.6277162  -43.42290427  -158.5742536  520.6846768  129.3194157  176.5086832  -186.791746  359.9430625  80.48775279  77.54916841  328.2021662  169.6272076  -6.882655628  390.6926445  130.2553338  138.9504879  141.7011077  
82.42400804  540.9094939  -43.41848928  162.3183286  276.0926245  332.6111457  190.425225  690.7317067  186.0220431  284.732186  561.7848053  280.3206588  10.46733207  411.9742709  -39.85560546  -156.9383451  521.9463569  117.3476797  198.4289379  -182.4679774  355.9286235  94.47731712  79.53763693  314.0109636  169.8308987  3.525033871  401.7210161  132.3041083  140.3333074  145.6882906  
79.8497999  526.6471056  -47.61125677  173.5541516  259.143287  320.6198095  193.9216482  695.3085714  205.7197521  276.8435536  559.9953484  287.0408059  37.6889657  415.6776906  -48.7898671  -169.3284043  513.0224354  123.4727234  194.0645367  -190.1647619  351.0266249  80.15622496  88.2459546  319.5580013  158.6498926  8.279870872  388.4993862  117.61948  153.2821594  128.5799135  
76.60443795  533.2497097  -45.20448716  177.6026759  255.2074668  320.1956747  181.0924215  689.6591232  190.0276185  276.9358409  561.3319774  286.7593639  29.21410761  428.9814842  -53.36903257  -172.3569881  520.8718608  122.5270858  185.5601957  -189.087925  352.1131126  92.16886912  78.35393213  306.8807972  155.0517593  0.4408127341  384.2314897  120.1985493  169.7913384  133.0046461  
75.1869062  532.7660197  -44.54564524  158.4848782  261.1000161  328.8775817  179.390122  697.7982106  189.5251277  259.5591169  560.1560375  296.7183204  21.75916533  435.7640871  -50.22893183  -171.6580791  537.7357541  120.9937831  187.1669196  -188.9215993  348.7685597  96.5144048  79.8428455  321.5713729  162.5436445  9.632371452  401.4599192  119.8707697  164.2084155  125.0970872  
83.64443941  528.10514  -46.51944235  147.7073523  250.4522841  339.5088745  180.4306686  696.0336932  188.1775941  269.5379387  567.9310498  307.7953028  14.52849955  420.0367061  -37.21057683  -174.7932935  531.0649271  123.0913318  179.2455868  -195.2387266  353.0896364  79.56185336  72.56181317  305.94949  166.2205316  -0.07975150485  396.0871131  120.7479292  161.1229179  126.3521884  
86.19505228  529.9302821  -37.82469495  155.5935292  252.6778707  339.9884226  175.250526  698.099372  196.9990791  277.6008002  564.0676429  297.2286666  51.21242045  414.9943376  -30.71284851  -181.0599715  522.2733604  127.6548672  189.4941819  -192.3060046  354.1881637  85.22563869  79.01363438  298.7773975  153.6062534  -22.5726909  405.661888  128.7791667  162.726253  126.2202791  
83.90066204  539.0329129  -41.14344435  161.596493  253.2392512  333.3632226  184.4932372  699.8889267  201.9363006  271.7441366  561.6074305  284.0272513  54.54835338  422.2580327  -41.0773059  -173.0658926  520.5590524  99.21004771  191.6447448  -184.6768742  350.1168671  94.41183883  98.80950691  309.5457022  149.2318815  -7.725306617  393.4757506  127.1030929  161.2559464  131.4546051  
79.19899126  534.3902268  -44.89426074  172.3509097  266.4055637  326.2307093  183.6678531  695.8428118  208.207438  274.8304031  556.1771661  273.589739  69.91775723  425.1478979  -47.62629811  -179.9586606  514.5790279  122.0870865  190.9265059  -184.3081917  354.4039917  88.92056317  90.00895587  305.7192483  136.4029361  -6.912386969  395.6077083  133.0223687  154.3249119  131.4078346  
79.33228455  522.2891751  -35.78845251  181.8220827  247.0230125  327.4298448  168.7304361  702.5550061  201.6796764  270.9411407  558.9550201  281.1681084  86.73881512  427.6186028  -49.58853331  -197.7552132  507.7303587  139.636322  176.0980288  -190.1606368  357.9871668  75.29162272  79.03570834  295.1027714  131.6436793  -26.11722078  396.0725885  130.6986336  173.5331351  126.0823622  
74.66771363  524.4610722  -36.89182853  176.8189549  236.4521789  328.6488857  205.1638631  692.3641129  202.7821998  278.9516203  553.0461461  283.1233076  41.56831844  425.1680813  -51.34900723  -193.7747528  520.4859867  126.8167552  180.9921086  -187.4977757  347.1367857  89.45655063  95.91169445  325.7481176  150.6736236  0.6998904104  392.6533394  115.1813169  162.1420384  119.1645167  
73.22426922  531.3700129  -44.61263383  162.5839779  272.6491391  324.160951  193.3321795  684.2817464  187.5240755  278.395506  539.2957405  255.2528571  23.8149153  429.58455  -42.11796048  -171.7385475  525.1361782  144.8087574  190.5509222  -176.9911139  359.7691682  86.21880306  83.49663861  332.6593731  157.27247  -8.231650327  395.7136853  136.5287313  135.2170809  135.505934  
76.94918238  538.4971353  -51.54794367  158.9945413  268.2437443  320.7157275  194.4452835  679.1855994  169.1726235  278.5186949  554.1892194  272.0962115  -23.62347193  423.5377368  -46.79192231  -162.47437  527.0897077  119.4206813  191.331642  -185.5105183  350.3777095  88.84718804  75.64781312  324.3461892  173.0350038  20.10404181  387.3066098  122.6824044  132.9875186  142.6921806  
81.83317897  536.577584  -45.75721564  155.2653964  267.3041816  330.0105411  189.8038566  688.5876707  180.5278932  271.5049105  553.7304414  286.7495649  -0.9195739384  431.7836733  -40.72871489  -164.2251064  543.0825364  125.7560667  199.0429378  -184.1137894  353.0295993  100.9336733  87.1173356  333.0983633  175.8650352  22.0342945  403.334195  120.5363488  150.4007147  130.5174579  
82.36707873  534.8669017  -43.91836682  171.4447256  262.8040036  327.016242  209.0504014  685.2376761  206.4153352  286.6802807  552.7114279  287.2931097  6.200383518  422.1582973  -47.28153948  -175.3032746  516.1348106  144.6905905  187.1984539  -192.5819356  350.5160876  91.64195923  81.81918911  326.0697715  167.9592531  13.99730957  394.2231302  118.7611247  142.9053001  128.6207442  
78.91623619  533.6140771  -40.70409342  161.8221689  268.0814934  330.2697437  188.5239715  687.7152511  185.3702161  277.4556983  545.838042  275.1554984  8.826940275  423.9332613  -52.63161747  -174.5591854  532.1054621  136.3763907  194.1091635  -182.1708083  349.6015042  82.38660795  85.24223908  326.4584328  166.3901305  -0.1572412458  394.9270653  121.0407365  143.9752316  129.2317177  
79.41754199  538.4506353  -44.15502471  155.5006007  263.0196998  324.7984416  182.4467956  683.1603286  176.4273627  278.790066  563.8755953  282.9603899  1.012991537  414.5944391  -50.60791661  -165.080939  525.3187803  109.9318559  189.5240003  -187.0290081  348.9740347  85.03490908  76.08701292  305.5965257  164.6208863  7.514672404  389.9926507  123.76551  149.1469441  141.2493339  
80.76495318  540.6816603  -40.5041411  164.9407334  270.4284023  328.5845967  186.2479997  689.0017162  178.2282236  270.2898815  557.9758414  283.2656899  16.87198004  418.7344888  -46.19416985  -169.9986756  527.6922276  112.8265597  200.4911711  -184.6661708  348.0856103  93.9056552  86.71719983  313.4471841  165.0753731  10.55326356  395.052674  124.2329972  148.7222425  130.853025  
83.1274625  544.9713696  -34.46883649  159.738571  261.8026815  336.9178009  177.116544  686.2097546  182.8040776  285.8387633  564.5984385  281.5159616  32.29823979  413.1286168  -40.27205975  -170.1843069  518.2817636  110.3174178  199.6048729  -190.7197491  345.6618134  95.63193643  85.09823876  296.140483  156.9610944  -2.406065917  397.786317  132.7465754  158.0765915  136.9610035  
84.15749881  537.1934512  -41.86575887  153.0974528  253.2373795  344.1285271  189.5533729  687.5142882  185.5111593  282.4914866  563.9333829  287.2309107  29.60332696  405.7721305  -37.56299058  -185.028377  526.0508948  99.4406798  204.4925294  -190.3789894  337.0612373  87.17407488  88.93041741  309.3149927  160.7453915  3.39574025  390.195012  119.2471931  151.7974126  124.2300879  
85.46045863  534.5949827  -45.0277361  168.4442148  243.2139932  332.5037171  190.7799809  688.3029723  191.2774578  284.3351852  564.0064706  276.0062852  55.3043412  401.0611695  -46.82484519  -191.8541174  506.1786586  110.3595343  197.670638  -188.943687  347.151572  74.55108407  92.42712145  306.105814  146.418451  -14.01913629  388.7540127  113.8514737  145.3288613  132.1729586  
85.00301831  536.3915391  -42.06336651  161.4248051  250.5992846  330.9894177  202.2845688  697.731364  204.1226164  270.9756269  558.2749167  295.0915848  40.31105639  424.7768392  -43.31982443  -182.53206  533.5066236  105.4118459  200.2684172  -196.564279  341.5067994  93.38662294  99.87726681  340.4720787  163.6379474  7.841303747  393.8876374  118.3152977  154.0330371  119.6218496  
80.88625056  521.1760997  -42.99738491  168.4525309  245.7518393  319.671036  209.9673781  692.0321261  205.561893  269.2433838  549.6845943  287.3165182  33.75078456  433.0529179  -46.1001994  -186.2655199  527.8813886  119.8500253  189.8778683  -193.0637996  341.7289056  96.28647142  88.67671112  338.8173501  154.6095874  -5.973536606  387.3029474  115.3516662  156.2244434  121.1967076  
79.21723204  542.3860189  -45.1388246  171.7129596  254.2160551  320.606528  194.0873091  687.771925  187.789585  274.1544648  555.8999641  273.9709915  23.02840196  430.0165834  -44.92480541  -170.9382647  524.5133682  110.080123  197.3571865  -188.0353141  354.8927826  88.70068143  96.21831622  324.5300263  160.9143673  -3.326681643  387.1686708  120.4485556  155.2199385  137.624349  
80.04934694  543.2396562  -43.37988579  164.3617602  273.039685  322.5527491  178.3707703  686.5396283  182.9511369  277.4067313  557.1982276  291.4673255  28.03850069  418.1818785  -40.53480157  -162.997689  528.0950233  132.5183843  190.6029661  -187.5481436  352.5609193  88.07154455  79.862085  306.3801897  163.7240829  -18.89516152  399.862746  130.5882999  150.3931672  147.707497  
81.767977  546.4277406  -45.7824277  168.3514119  269.3476492  320.0386785  175.7240201  686.8900545  178.6201786  285.8642353  567.8719816  286.6544442  36.45795988  407.6145564  -39.51920964  -162.9087273  514.1496803  134.1984508  185.5934088  -192.3734212  355.502962  67.80822389  74.17244303  294.978205  164.6616524  -25.41246305  397.075374  131.283648  147.1252297  152.5309774  
83.56931063  547.8378124  -46.51416697  177.6784498  277.9757748  337.1651608  179.4687371  685.7622537  185.1560866  294.9703936  559.3005229  275.6189929  54.2161345  405.6222164  -34.61294222  -164.3092942  511.5685135  137.7604394  188.842149  -182.0989968  365.5270981  73.58452367  82.77185248  291.4060643  151.3023309  -29.12648305  401.1790714  137.6445784  141.5224139  149.1334466  
83.30436068  539.1350454  -33.54849911  171.1037454  256.6467042  344.3460125  181.5090165  700.9379875  194.5829433  289.5535898  565.507504  289.7311686  59.7253853  406.5023567  -36.79893899  -179.6952394  518.4610646  111.9922395  194.9138002  -188.2173651  355.0308184  84.60044562  94.66541182  300.6971299  154.7725792  -19.51167859  401.0923043  133.5178189  163.0432688  135.8204002  
77.1136217  532.2187616  -40.63069768  175.3241602  257.2081877  328.9399562  176.036823  692.6200019  209.0494157  287.4796941  569.2932972  290.2465013  75.37870599  409.35986  -45.22730081  -184.1439494  506.7820228  129.4687856  186.5706756  -198.8659447  352.5998327  81.10952064  83.52557865  286.378196  146.4168831  -23.92291272  402.848107  135.1086302  170.1517822  143.0219088  
70.22831177  528.8005437  -44.48533505  175.7711631  256.6700737  316.1415806  180.3559717  684.5382457  190.6934754  276.3807943  560.3319665  279.8256726  39.16111226  424.7605155  -56.63921911  -176.7046559  515.4958279  133.777349  187.4526839  -196.2914776  349.2487229  80.7389332  80.50207624  312.5559147  159.0923313  -1.597624216  386.9152189  117.2120601  161.1925832  132.4128269  
78.32360322  534.9155666  -42.45260991  158.8582881  260.7429292  326.5330383  172.0646437  685.0002509  176.9807014  284.5902971  569.8800685  282.4190636  12.09445761  414.6233158  -42.20043735  -163.500896  523.0235724  128.1019295  190.6787292  -193.5878449  354.8371146  80.01383325  75.2632229  297.6036718  175.9369814  -4.551984647  397.9865961  126.0950062  153.5583332  149.0110847  
81.68767596  536.5868245  -48.13696815  159.7882216  274.1775674  333.9482693  179.8971854  676.5331192  182.0344169  293.84547  573.5612121  286.1665181  8.053866766  413.0617999  -35.19786124  -159.5633493  523.0798591  138.2366662  170.4133193  -190.6111786  358.8505509  90.01762144  61.59209708  291.9201011  166.5411144  -10.02261585  398.5133583  138.0154526  154.8172341  153.8581657  
82.71466932  547.8577416  -45.28183451  159.6883982  276.182259  334.8007243  211.0124708  682.6258583  202.2141416  291.8375096  561.0572173  285.5668445  12.57758121  413.9938446  -34.6315591  -161.3369825  529.5243159  115.9773155  207.67702  -190.6513568  345.4588806  112.0341212  96.77090651  340.6670158  179.9938551  8.594589443  401.3878848  128.0299564  143.2788904  136.108854  
84.51416016  524.7342117  -46.75545517  165.0248002  257.455601  325.1741779  192.875321  694.7685157  210.3516121  280.9976258  558.4655513  291.2855324  41.79374613  412.9359834  -42.48444345  -177.5705803  514.3837589  125.3530413  186.7354358  -191.2639731  356.1517284  83.48160685  87.95209575  311.5393631  153.3486401  -1.747839498  392.4149538  124.2442816  151.5809177  130.7516472  
80.18208675  529.5065085  -38.29487788  175.8097985  274.0470879  325.2315747  187.2858859  699.9817923  218.9716383  277.2057795  553.95306  277.6661075  66.14350086  419.5046545  -36.07670241  -176.8295313  511.377498  143.2163802  184.9441299  -178.368094  365.8081973  89.81642194  85.61430857  310.9806227  149.4886122  -19.01281612  405.3109312  132.879173  146.775463  135.9494152  
79.84644602  537.9321231  -39.89795018  179.148519  265.7284781  330.282577  193.026745  694.3339257  208.237964  288.3156259  563.00124  285.987306  51.02719064  406.1086177  -31.09508271  -179.1698041  508.0151833  140.9906493  187.7026977  -189.9616997  357.8706137  84.41414395  76.83332892  294.507215  153.5570535  -22.3928406  407.2737401  129.345535  141.4527799  139.4106483  
81.33709206  529.2628129  -45.74824864  171.0516201  254.90879  327.4614374  199.3959646  695.4059472  199.872985  286.0042413  560.7623089  288.8441306  39.75378852  400.8101856  -45.37371302  -189.1404771  510.0322766  130.4154118  189.340703  -197.0040498  342.2985848  69.39374666  86.44483406  305.4926838  155.0250829  -5.40507221  389.0391045  112.2399059  142.0055113  129.6019372  
76.34919729  529.1779984  -42.66919783  168.5898435  259.3143628  315.6163711  175.342725  693.7142008  187.1227314  280.7715666  557.7935682  274.3504003  44.26957935  416.1018096  -49.4903286  -176.2634474  507.161027  138.8482805  190.3011291  -192.0022346  353.1405899  68.66933122  81.27459395  303.0866571  155.1883885  -11.3671145  388.063668  120.2205312  143.7482473  136.7499313  
77.1378835  533.2308102  -41.93698744  163.0625306  243.406229  325.6836555  183.7162514  693.3610103  178.1430239  269.4281961  557.4760175  278.042779  25.39620255  425.9750056  -49.49628536  -181.4553199  528.8211991  112.8196659  205.2115538  -185.96675  351.071355  92.72263248  92.55387785  325.4813815  161.1255414  18.63695108  394.5877178  112.6161311  149.4086376  122.5279259  
87.04630546  528.4176308  -34.34565629  163.2969844  241.145383  336.1549935  179.5999857  685.9682171  187.0496442  286.3922725  569.9662299  295.6673528  46.99257616  412.3867533  -40.11955366  -185.1484735  517.4355328  120.5193373  192.1837923  -197.0499251  350.2534578  89.33261833  78.98486827  294.5645995  152.345585  -7.087045814  399.5906711  130.2458703  168.6500942  139.0465696  
82.49741834  537.0821219  -31.81681379  160.677853  233.6621102  339.6867555  207.4473676  685.4673982  188.917564  285.5181211  563.4972483  297.3539758  28.48297844  409.687268  -44.30431784  -188.5132361  525.7937632  98.46929166  204.4962636  -199.6401309  331.611198  102.8666288  96.49061166  331.1439247  165.7534792  10.60292531  392.8733492  110.0574673  157.1086504  125.6122044  
79.63392549  534.7911411  -32.85058274  172.1272533  250.201471  339.7397441  170.678218  685.7371585  181.9919684  289.2035782  565.274564  271.4633231  72.71471748  407.5271934  -43.48611338  -182.9007298  514.5151287  117.9648333  197.1231242  -186.8161862  351.4976995  84.95627971  85.22303228  297.1941006  146.0854502  -20.15252629  396.088655  128.3771317  163.0864121  140.6438937  
82.01119588  534.8336522  -40.20138468  171.0661061  258.282012  332.0430043  176.0664217  682.0496905  194.016709  292.1321495  565.6202664  276.9067821  50.26866677  405.9547186  -41.60316072  -175.8995622  510.1648327  120.2362104  192.5003887  -192.0661296  349.470056  89.27896794  75.22179756  285.6838699  149.0377119  -8.182588066  394.7692428  136.0690914  152.9803426  142.1301795  
84.29127932  533.5823146  -44.83002328  154.6386091  260.3204715  335.7433493  187.4188789  685.1906204  194.7871292  283.172772  566.1628228  289.4813156  30.61065034  408.7890386  -42.61918263  -175.1091894  530.3079953  106.7045391  205.0343719  -192.1506985  339.6620436  92.02062771  88.62754075  309.0038805  167.4249339  11.57560749  397.8446192  129.2413516  158.7276052  128.869741  
86.19218367  525.917123  -36.36852457  171.6093202  252.0573881  330.4999621  189.8717531  685.0600244  191.9558977  272.2108915  565.0463447  293.285545  36.3155154  413.4976598  -38.06299146  -181.5069342  517.9112268  122.6610785  186.5037906  -191.116275  348.7214936  84.12946485  75.92070428  304.6800525  161.3113733  -5.992444279  396.8966768  128.1416788  166.8749631  130.9514999  
83.4209746  524.4138584  -40.44427216  175.8413419  259.572262  338.3880329  195.8541376  692.5700513  205.5675925  274.3140439  562.8491795  298.9421713  39.8493942  417.8552688  -38.93320307  -184.8084496  525.2400557  131.2614247  180.1527281  -189.2261204  355.1442974  89.25423562  76.66275643  296.4705604  149.866367  -13.18070702  403.7045877  128.9386421  160.4654398  126.7310698  
84.91145759  530.4229755  -41.21385503  176.463021  265.5762092  332.0493884  168.9714743  701.6561893  209.659912  289.0438093  575.5588882  301.4483644  82.33526909  413.9212787  -39.73273484  -182.1892799  517.8845387  135.6185872  192.0599492  -199.8066239  357.6916018  84.08475434  71.10095823  267.9148624  137.6893032  -36.89274849  406.4565933  139.7902991  173.1227823  140.37234  
87.17458137  518.5552459  -40.35563182  183.6957188  263.8990669  322.0078173  169.196498  720.0077823  217.5059202  269.2159761  556.8224142  291.8063972  87.02160186  429.8152384  -49.26637109  -185.8960586  510.3561788  143.786284  177.9579414  -190.6275429  366.9544103  72.08059617  80.94663542  281.9211416  127.9187257  -15.92478736  395.5054663  127.6354661  170.4622923  128.4757944  
87.75603894  530.9157765  -42.74615151  166.0898243  257.6268994  327.9014627  194.5087036  707.7931349  209.0620125  271.1580615  553.8965679  297.77203  36.15669447  426.159027  -43.12834599  -176.2509044  522.8374363  133.2966379  188.3874491  -190.7972681  352.2109842  82.90848917  93.32812879  317.5251952  160.7069017  -4.642109808  398.1213175  118.8231695  156.5148601  122.6136783  
77.88093825  517.5432351  -39.6529155  168.0981011  221.6341046  321.7472155  190.3676547  699.7227541  196.2325152  272.2351385  558.311794  297.7719428  33.74970875  424.3291954  -55.5162365  -195.1621004  520.6895819  109.3423587  182.9836028  -196.0522414  341.9588247  82.01566896  91.66245091  325.1705093  158.3538124  2.368028798  382.3749925  104.0627432  173.4673623  115.3470832  
72.34919907  515.5811635  -39.08357348  169.3300858  235.7929417  318.7673533  167.3210896  693.1230119  177.9301659  260.2831435  557.4494383  280.9402728  36.31104818  433.1353463  -52.94925078  -187.7312772  517.9542879  120.5704192  172.151629  -184.990495  354.5416032  73.38964367  71.31751502  308.3064824  150.9808471  -8.237168977  383.8197704  113.4739493  168.1022545  128.2189225  
77.35556165  534.0765719  -44.20857744  167.1256712  268.0687636  324.0891711  185.0373682  686.2290195  176.1395443  271.8291815  556.4068122  278.2789299  12.14080865  426.2876584  -45.95110351  -160.8821352  523.6293259  128.3698586  177.0295165  -181.1254669  355.5786056  84.19909572  75.35104056  306.9001317  159.2245457  -1.075588704  395.5176383  131.1532824  141.6025946  139.2214659  
71.53287408  534.2914176  -46.39956943  148.7779823  263.3214263  325.3786189  213.7881538  681.642925  176.9422846  270.737135  552.3203564  279.9892647  -31.70408069  421.9135195  -50.03730382  -166.3524326  541.1646663  114.142184  198.9049102  -180.4734103  340.8505199  95.74219746  91.64680871  355.617754  183.8659878  22.03188117  399.1674714  109.7773247  128.4804702  125.2270856  
74.35638461  539.3121414  -49.60057828  159.6539716  251.0493229  317.4221831  191.7380624  683.1789763  179.0797853  275.4246831  559.1469598  265.5006355  6.128421921  420.7138001  -56.48773192  -179.7458287  522.3077686  108.6296521  194.098804  -177.5658723  346.8857083  84.5917988  89.49210518  325.1396737  165.5354513  4.994778758  387.386519  114.7684256  141.5872633  134.4976382  
78.6411943  540.788128  -42.10622761  173.1549699  259.2999934  319.624472  183.9097811  680.5113481  175.6259199  275.5259195  555.6193932  262.5361928  22.64124971  422.0503194  -52.6266168  -172.3423312  518.1927281  124.8197886  190.226438  -178.3984755  358.447879  84.54562716  82.32914202  311.0178879  161.257204  -8.781443504  395.3274094  126.8452821  142.4520136  145.7243626  
80.03304868  544.6937693  -49.63970017  167.9271313  267.3285817  327.7106752  188.1242444  680.4487959  173.3137167  276.5224438  561.8036003  279.8329819  1.544725732  423.0281126  -47.04297371  -166.8359904  533.9663183  118.2403016  199.073436  -185.8768738  351.9646194  100.0521058  78.12734955  310.3741964  168.3917365  10.4389415  397.6202817  126.177822  146.5858635  142.3570434  
79.61734434  545.016478  -47.03863574  158.1297753  267.6829146  337.708472  191.9136765  682.2419865  180.0030159  283.4869257  560.114807  280.5309049  14.3147187  418.0082831  -39.11877075  -169.4042088  531.7421863  113.7930172  201.6808288  -186.2709559  355.9688956  91.85338203  91.63347491  315.5642314  164.5905625  6.272966652  396.6849003  126.4634409  143.5754923  139.6882121  
78.18413967  538.1573707  -43.34075526  156.8652735  248.2824718  343.3204371  202.4521019  688.754117  180.2624589  281.6408435  560.2623587  291.6107031  15.30187249  412.434466  -40.14354231  -178.2948365  537.4413073  108.5104068  209.0258024  -193.56525  346.9886649  87.14684201  98.07669542  336.0811673  173.3583807  14.02631761  392.8034504  114.5588119  150.8534082  124.5158228  
82.65853275  537.2310145  -43.01899001  159.5817198  244.0101307  338.8515527  207.8492966  695.1668507  192.6132952  284.9974751  554.8094484  299.0094254  27.09846316  408.7298573  -39.20849475  -187.2088285  523.831632  104.8570405  202.4873357  -192.2471005  335.7651988  83.14156523  101.2303402  332.8070606  165.3763483  10.14554337  385.6755446  111.4762261  149.4456767  119.9219814  
74.03390303  526.207842  -38.02752074  179.6046907  237.3469825  319.7340437  178.5089718  703.3603952  196.3588561  262.2519613  549.8566024  287.060009  61.38623809  433.2119799  -58.66424495  -188.4407574  515.7529493  130.4784686  183.7097303  -192.3956267  347.4406324  77.67999378  90.28992543  325.8234473  144.6469568  -7.989663427  387.5531303  109.1727747  169.8211794  118.9179169  
72.63139725  541.951018  -44.63354404  170.3365277  260.6803308  320.709994  171.5500811  694.9649245  184.7135096  268.027945  549.863699  265.811636  43.7801276  431.4667328  -50.42419458  -169.6740773  513.4288049  137.8179873  175.6361851  -179.350611  355.768193  73.78836071  86.24652689  319.3404129  151.2792917  -22.74781694  389.9456909  122.7393157  151.0565477  134.2145131  
75.96397461  540.1397135  -42.15639063  159.1731512  252.9911802  333.1959886  172.0574155  694.9412107  183.1894383  277.1919476  558.9226198  254.0035133  43.58210957  415.1421005  -48.29592348  -174.2215331  505.6988767  108.6691812  185.4332865  -181.4965967  354.1148727  75.55709011  88.09168807  302.9945928  149.2877246  -5.997263556  388.5733161  123.957332  144.8789828  137.5049256  
76.99604019  552.3960783  -49.6354554  165.3093386  273.2272076  334.5007614  201.8501207  686.5313364  191.3481977  284.3499265  555.9473772  260.7231501  32.27865207  409.0066495  -45.35539071  -171.0103664  510.6222904  114.6294126  196.4121851  -179.4555692  348.3385521  87.18761612  95.73568728  319.0640377  154.9210312  4.585650199  392.1150557  126.2000046  123.622342  137.6969964  
78.37388558  529.0684358  -37.29579604  173.0716566  260.6992244  332.2866945  190.0211219  698.3661456  211.3861206  282.4472495  543.9557961  261.7213808  61.59458203  422.1561838  -52.49461555  -188.6989727  519.4998544  134.4272959  198.4727688  -179.0004812  362.4631654  87.9222375  98.43613143  325.1749248  138.9032993  -10.25211561  393.1103446  125.0789906  143.5289663  127.1721713  
78.90549538  536.4536464  -40.21938653  167.9757754  253.6354957  325.8802687  184.0860055  687.0268562  191.0315119  283.5491695  558.0262538  269.733131  21.81292468  422.6889175  -45.60952471  -172.607148  515.1302516  121.3824575  185.6782471  -185.2701834  358.2031219  83.98993281  85.30610353  304.6601116  156.0081936  -7.682762925  391.3122165  124.5436155  146.8823758  136.6549235  
84.98674399  552.0667145  -52.78203465  161.1924157  291.4541731  323.9926912  195.2998233  682.6212538  183.7513353  279.9695927  556.9093609  283.8872497  -1.377655955  418.5901076  -29.16125448  -149.8016793  531.5281106  119.1401322  206.839981  -185.0301593  353.3894078  89.89420951  86.62688558  318.5883376  179.5984225  3.457726559  399.5386104  134.2703031  133.4909177  143.625259  
96.00966808  529.4829711  -40.35297739  168.4124053  277.7929391  331.9073072  194.7209249  683.1926386  203.254931  290.7377226  560.5267928  291.3329942  38.79852264  409.7826647  -23.626097  -170.2089784  510.4890651  141.8278243  184.1448008  -194.0364767  359.288158  83.43455377  67.36019916  295.4338311  161.4363606  -9.899878063  406.1046956  145.0255255  145.5846701  146.5014679  
91.48732163  545.4885164  -41.97234385  171.412286  276.0988366  337.38701  211.9352604  682.4804061  205.3590037  292.3285841  556.2034373  304.1633468  27.76323587  410.5819881  -26.74918754  -166.2444104  528.5417117  137.6352664  200.9706027  -197.478623  352.9848497  97.53904103  88.53265269  324.1603574  167.4257409  -14.61613714  404.4674517  132.8570976  148.3359942  133.3018484  
91.76413953  527.5277235  -30.64924555  169.7207131  252.3189847  327.0292421  185.1664342  690.3004909  208.8510722  284.8768278  563.6303036  296.0946726  63.33221334  415.2190688  -42.28946876  -178.2188703  514.3365895  126.1578832  189.0741192  -193.2928341  352.8801996  91.3811527  91.65634721  302.6625629  150.2379411  -22.88436505  400.600365  130.8539268  168.8080732  135.1382389  
92.10878523  525.558427  -35.58512727  168.08329  256.7799662  324.9401446  186.5654976  691.8104984  204.226386  283.3676476  562.795501  308.7397233  36.31995458  415.4987021  -42.40354538  -180.6051313  516.7735166  134.7242167  178.2508014  -197.0225918  350.1812887  86.63553617  74.74004581  298.1217294  157.0140736  -1.913940924  397.0178869  122.3654752  159.7215237  131.1713649  
87.15645458  525.7087522  -31.49653612  161.6267219  249.6023682  332.7616516  194.3255564  687.0404032  187.5631566  273.6417338  560.5392438  305.0348794  11.50616675  415.3198326  -41.523301  -174.2846905  532.246421  123.8998965  193.748007  -188.3409771  339.4221957  100.5660145  83.52426695  311.5513418  173.3663582  2.403747395  403.05368  119.8217286  164.5448144  127.1013089  
85.78931303  532.9385049  -38.29080464  159.6127097  255.1765973  332.5764246  182.5869373  677.9150987  193.7753568  287.8785992  563.1875807  293.295282  42.8460358  405.0896702  -28.45626268  -174.5072437  509.2985255  138.082098  181.2587362  -185.2283831  351.2418995  88.97401006  73.31302037  294.733474  156.574064  -19.10395993  398.1876727  136.3084769  148.9423707  140.2869644  
81.12969902  545.1035678  -46.50353221  164.9238672  277.1944938  343.4129158  203.460806  685.0964887  203.9652246  293.8759621  560.25886  277.1135673  57.36272689  400.0154984  -37.56405726  -181.8227939  515.9759423  128.0492697  199.7323437  -185.5951087  353.2957835  92.64920139  88.13071947  318.2749148  148.1225743  -9.832905721  397.4854431  134.882338  127.395744  141.1567292  
78.46419069  532.7230784  -41.81834628  161.5614371  261.7392955  332.3522018  192.8728282  691.1481183  203.7354089  286.5527438  563.2629399  271.0109693  57.29587487  406.4090742  -41.17187267  -181.8137913  507.3466512  126.6412219  188.5632858  -195.0257009  352.5148724  79.36348214  84.77743929  309.7843502  144.1320984  -10.06411265  392.7627366  130.0725503  140.7352532  137.7901518  
78.88340979  533.0183601  -32.4526592  174.2098632  267.4478733  338.2320657  179.6475655  689.5835666  198.3342569  285.8068373  566.6378209  279.5306917  57.80941784  415.3698459  -37.71136841  -177.2877831  516.6762905  119.1398218  188.3393062  -197.8326464  353.9994192  84.87374405  82.16711074  301.0293758  152.484455  -18.55927989  400.8443768  136.5346207  166.9235668  140.6412477  
75.36152577  530.5510113  -36.02393713  180.5549817  262.2431439  337.8035312  193.5059557  689.4674405  203.689964  278.9955422  561.9277118  279.17696  52.60680155  418.119453  -43.96854088  -174.7022559  518.3312035  120.554597  191.0151911  -187.6931603  354.3694916  90.9229408  88.06365447  304.2628322  149.4266713  -2.782778395  404.0448612  135.3853394  162.7450813  137.682717  
74.01079913  534.1573545  -31.92393725  180.5427759  237.8530308  334.7999948  195.3696749  690.6990634  192.140695  278.8241518  561.3662675  291.4302214  44.43992164  413.6534641  -45.7918763  -181.8086114  523.3272335  105.3147105  192.9710027  -190.2465771  346.544377  95.26618455  97.95030017  307.913037  153.2020847  1.963755707  400.8335284  123.8834842  171.8286704  126.8641521  
76.24717403  519.5488039  -27.49217724  179.7538844  231.19249  323.7235895  172.1521206  704.0387476  192.9180839  269.8407497  561.2499117  288.896386  69.46861401  421.1342739  -56.12129259  -192.5267268  521.4958069  135.7969034  187.5963236  -179.9656188  357.3781916  90.89569692  90.22587251  300.2441181  144.804502  -16.754213  407.2167303  120.5480254  176.3341483  122.4087296  
85.21123103  513.7746396  -41.07299231  159.8207577  235.2758811  321.4104312  168.1357346  701.7010598  189.7742815  266.9097053  558.9768027  283.9098034  39.93397388  419.262514  -61.10405761  -189.1287434  513.7695263  139.3450916  174.5993655  -182.1217638  362.9983835  73.44503158  78.2886449  301.8847546  151.7495146  -2.969007708  392.530968  111.5854502  158.231212  123.9828674  
91.84294389  522.8055875  -47.10296632  142.2020234  240.8443005  334.67138  183.1829951  695.9614807  189.4959134  268.6781345  569.1617417  301.3078062  5.932940468  415.7793363  -49.67182423  -178.3692163  526.9897096  109.8338577  188.1053256  -195.9257658  346.6244051  86.28251616  90.79124393  307.7623497  171.9956285  17.24674551  391.4505866  116.0550318  159.5941854  124.3799833  
82.41887125  505.7760488  -41.51758932  151.3691229  234.7977358  327.1472429  182.5962095  699.4769734  199.6030143  258.7991149  558.4388876  293.8472083  42.11789007  425.9560871  -54.78094214  -194.8574715  519.8910463  119.6220902  188.1181975  -199.9191284  343.284636  85.61412741  91.26459001  320.3988683  155.2199357  8.897787889  390.2146025  107.2123802  175.2902981  113.4660941  
75.41929886  507.0171264  -45.60360692  154.6848211  235.4533784  324.8216445  168.6431792  703.3889895  189.9715666  256.814814  565.7645824  273.2965824  51.96888672  424.3175125  -61.3149836  -202.3730398  515.1805859  122.5637789  186.0007417  -189.8658398  347.9532779  72.51437881  80.82344265  307.9240505  145.5016909  -0.9186613862  386.1856685  103.567189  161.2030015  119.3946953  
75.49083535  532.7833851  -52.71106439  165.2724849  263.8944585  326.4747818  177.7376611  692.0307282  189.3437338  278.5617944  567.8209401  274.0002624  26.4773592  418.5141983  -50.12183537  -175.2206297  517.945062  134.3099406  187.7664729  -191.3800444  355.1108531  75.67236383  77.53331534  296.1382693  164.1930954  -10.81694938  392.0990971  122.0089877  149.2328247  136.2974797  
81.31928795  541.7326415  -49.043711  170.9859163  274.6896064  335.513362  200.8880873  690.3664456  185.8045565  284.4998816  567.0461829  289.0032321  -3.360119959  413.8836798  -39.05973983  -161.8669181  526.4213531  112.594903  204.8466636  -193.6075181  341.4922218  91.42469687  86.73698612  301.0882465  178.0221476  11.25335194  394.6698172  128.2107144  151.3436325  140.2031024  
77.08004698  533.8021612  -46.12363484  175.3047969  278.5656055  325.085066  208.7921375  693.2867105  204.3120261  277.7690136  544.072134  285.3378091  13.79687613  420.8645888  -34.71398602  -166.6442007  527.4542354  131.1937769  198.6070837  -185.3076102  347.7521284  95.98300346  94.07375084  332.7733596  172.3676775  8.101030108  392.7726882  121.1623942  144.1305542  125.3216511  
69.82181041  534.9610419  -43.94256604  174.4711696  257.4788222  314.7466651  177.4780614  687.2929188  189.1369357  278.2267963  547.5934532  264.2632753  44.88610223  420.496259  -52.50638875  -177.1967212  505.7838178  138.0825667  167.8523302  -177.4360095  356.159066  67.79786883  80.62889975  308.1607165  144.767921  -23.44572106  386.0895221  120.267169  144.469278  133.4899638  
72.07110147  540.7239429  -54.18084348  170.7486231  278.8074805  314.7431047  164.3269523  692.5714413  177.830724  275.7129289  558.1858562  270.3549869  21.70060404  431.6273729  -54.99464399  -164.6012489  520.5554269  148.64737  165.3928986  -175.7524654  361.2122614  65.20631622  62.40959922  295.5440892  157.296721  -23.63817391  390.7524706  127.1815227  146.4978837  142.6951219  
75.06492753  547.8351289  -57.93581596  159.2342921  283.7427392  324.8855278  183.5814387  690.2640045  174.8745482  281.6626987  557.1939535  274.8982905  -9.570354195  417.2130718  -48.07428843  -156.0739539  524.1898821  135.5816294  161.8318717  -178.6085647  355.9795741  66.502687  67.41036317  310.7372517  177.2014658  -14.75899078  391.0941753  124.3456538  129.4328641  148.8841371  
77.25972512  555.7498882  -51.02451178  150.801234  287.0658891  333.3649704  178.1142502  683.5006595  166.7030467  296.3552945  562.3925901  284.7224493  -11.51314073  408.9744009  -40.5420383  -155.3274405  535.7349016  131.288924  175.0388098  -191.8809176  351.895683  75.01802605  72.00329199  306.4444208  180.6114507  -9.902629618  400.7117466  128.5874398  132.7060128  151.4222046  
82.48594167  548.2833384  -48.12391764  144.6206007  279.1705953  339.4577664  192.114814  678.7285088  166.5892866  290.3007944  561.844922  281.027268  -12.91533222  400.4145924  -34.28065809  -159.4525299  535.5041593  104.0688611  210.5849683  -187.4846486  343.3879106  80.87618495  79.4808466  318.1428873  182.610352  18.1794035  395.1852523  127.3605581  123.9934455  141.1508083  
85.13584461  542.435176  -48.97379177  169.7474364  278.9501042  341.7136159  199.4191338  682.9773648  195.0655517  291.7392937  562.3160836  286.7722224  14.79498933  408.6528533  -40.62080544  -166.9390349  521.0622385  128.7111744  196.5773962  -188.4224457  354.9110656  81.34770209  76.54744049  312.6512679  166.1247397  6.074369445  396.5597628  134.5268401  137.8992318  141.9469445  
83.59599018  531.269187  -37.6453845  170.461655  257.3356756  340.5586408  212.2487739  687.3233001  210.8364619  289.8057736  561.7673173  302.0876142  16.84602412  408.5957053  -43.89998444  -175.6407648  529.0082954  100.8363638  206.9642846  -196.7271646  339.4509404  100.5878382  94.60511816  329.8504059  175.8712179  21.88425531  394.2168617  121.534292  159.3010425  123.9763339  
85.3407696  526.6597241  -38.1460644  162.582936  248.657355  336.0823546  208.8260008  689.222304  212.9884364  286.4083217  565.3365308  290.6144803  35.15052461  416.1848787  -39.99218755  -185.2518475  520.2850479  102.7846429  202.559954  -198.1206247  334.9201885  104.528594  91.4950969  318.5922129  159.1574846  10.59526365  391.4086561  126.0938408  164.2264543  122.295764  
88.06243923  536.291165  -30.97675773  153.6638716  252.2832968  338.0040716  205.1482066  680.9253112  194.5576214  295.1947677  563.1419458  287.9429212  36.28643969  404.0253245  -27.76124654  -185.3204176  518.890039  106.4251566  208.9682183  -196.3352991  337.1726179  103.6263118  92.95692175  306.0141071  155.9044448  -5.116130296  390.7255984  131.8574492  150.2633594  131.1382973  
84.66646251  521.9585641  -29.23710889  169.4964116  225.9368221  322.7696377  200.871713  693.5664616  197.29972  270.3971594  563.2942262  289.019567  57.2328027  408.9302138  -40.90352093  -197.7068205  502.5778803  97.95666247  198.632515  -196.4023506  337.6526595  91.15108685  92.14916485  316.0414647  144.8342512  2.854271113  378.7171036  111.8787276  154.431014  121.1517216  
71.11774826  517.7563837  -37.7067261  164.9188596  231.6487871  311.8895522  172.6845818  709.6804858  194.6071975  246.7403417  554.5874459  277.8289331  67.38086393  438.1859431  -57.16019104  -193.1288854  516.9848184  111.5601887  183.8868936  -183.2100782  350.6408881  83.08872607  90.74343003  322.2767725  143.0369414  -4.054209568  388.4254107  107.8857545  163.5555593  116.8443236  
70.58585272  533.3479867  -43.13707015  159.9465787  254.2341407  315.6106566  161.7508368  705.2680007  185.7604663  252.1801179  553.2925429  275.4660186  56.93109811  446.2094069  -55.17392489  -175.8230137  522.9240035  139.3122186  175.0634229  -179.5841127  360.5486237  85.8772192  79.90982028  317.669849  147.3552332  -18.04056077  395.3619952  120.6244483  158.8144884  130.3821674  
74.25386916  538.1642724  -45.94785072  167.2950099  259.9196171  322.7161976  159.6587581  708.0779909  195.580336  267.6267127  556.0189997  276.1101163  63.30945325  439.8567322  -47.94255922  -170.1654619  525.1687308  141.8213744  184.652959  -188.0017009  368.954473  81.62381374  84.24935943  308.4829213  142.8145387  -22.17388768  403.6674865  133.4412533  164.5003799  137.111724  
81.65165941  534.4823686  -46.77389703  168.6617663  260.8539656  328.4095213  174.4389054  690.2516092  192.795887  284.6799161  564.0421441  283.2916272  42.30168941  416.6641595  -37.24014479  -164.7930833  513.6052396  129.20473  190.4747991  -189.9932937  362.3334898  79.28904976  70.00370909  292.2998149  151.9330285  -15.36998833  403.9619683  138.6167552  157.5701828  145.257875  
85.24619195  538.3764114  -42.27559706  167.2485098  262.4686116  338.1544487  187.7116595  685.4513363  207.4376976  285.7823569  555.9403787  277.8305224  52.26510722  412.2049428  -37.59188818  -176.5185305  514.1558454  125.7168594  194.3110102  -187.098043  359.3747128  87.01823305  87.56414744  310.0540263  152.918291  -11.03369585  400.9311496  130.1611766  150.7491818  137.5014672  
79.78771879  527.3202305  -39.3574403  172.2525321  262.9086286  328.4015491  186.8520243  691.2378294  206.9522733  276.2589076  547.4955292  278.8744657  59.51477149  417.4720251  -44.94293947  -190.9312482  517.997255  132.7991676  190.3269436  -182.8384413  353.1700381  85.51317154  89.91399693  311.4081004  145.532395  -6.595950875  397.9466315  124.0619908  148.7090499  124.7912698  
82.50121886  528.1661694  -36.0873968  168.6422121  258.3443786  329.6716262  169.6001792  692.3688713  192.2167377  280.7452181  563.3085946  278.6448262  57.92208848  418.9209919  -48.669894  -192.6900613  515.3880965  140.3948129  173.4384544  -185.5459675  359.5209206  84.15021456  76.12012527  281.1774431  139.0652122  -20.52890549  399.1978515  133.1890834  158.6850267  137.6357382  
79.74986615  538.314877  -40.95423442  167.8449482  262.5415503  327.7680163  193.6378079  683.2245553  188.45639  289.7366533  569.0732783  286.8231437  16.94822124  412.766359  -46.78172172  -173.3403109  520.8256876  124.8498554  183.1919231  -192.7592165  356.3890662  85.32210986  81.20116241  306.6300738  164.4850902  -6.632158521  399.4869396  126.7564244  144.888971  142.1127532  
81.77244807  542.456295  -45.38507896  170.8773958  262.6963308  332.0378548  204.3699591  681.0188385  177.447293  281.4120681  560.4983751  287.094158  -0.8894569891  412.7909233  -38.40704743  -162.0764747  526.1861415  107.2568638  202.2379668  -187.189787  344.4121877  91.61214442  94.2204467  318.2805897  174.4558078  10.03782037  392.977627  120.678266  147.2081323  136.8031162  
85.54943973  531.2578191  -36.63478312  172.9030793  252.0592671  331.4664192  195.9800215  684.0418623  184.1015677  278.6628715  558.9857681  292.4852824  22.60601584  414.1472076  -41.21512279  -173.612575  530.7222366  126.0563067  202.5389653  -192.6652558  343.7377377  91.72924362  89.55445707  321.4762685  169.7981602  2.289978005  401.9869838  119.6456402  161.0455611  131.4954061  
88.19684185  528.0958531  -38.72706657  172.2934407  247.4342061  337.7677262  193.4830167  688.1014864  196.686699  288.6266541  568.2127515  300.0673527  48.00989346  404.0898938  -40.14304353  -179.8950527  513.8902501  123.9735664  195.9532923  -195.0080312  346.2139451  80.85122493  86.1046507  303.8949153  158.6031771  -9.48124685  391.8961023  127.1328917  165.5806473  133.6048487  
