139.6129155  898.7048261  20.37217925  -58.56944915  200.5273236  397.9139882  62.96537915  682.575727  207.8860321  256.4029563  871.7813182  134.0455769  -97.45843505  403.6295657  72.8211247  -272.9504649  507.5038738  195.181783  218.4115319  -105.3662435  675.5232549  19.78747248  56.23249619  341.3818885  284.2094713  -102.8319247  330.3178222  91.78703887  -50.44432211  95.36598936  
142.3919864  894.2789308  14.42123899  -61.88548835  194.7061357  399.3164572  53.59886645  681.8647666  195.6666745  257.4553865  867.942321  132.2398697  -80.36056276  408.1935675  70.99443082  -279.2451636  503.1846259  192.7331868  218.8327924  -106.7844393  687.9209453  15.09258408  57.01276883  344.9651728  270.8516488  -104.7333322  314.7795553  102.248196  -54.25214465  92.07117841  
145.4236154  890.8455695  14.78919991  -56.1628386  186.8086069  404.2822761  37.4411733  681.9062502  197.6934461  247.5655527  866.7472031  147.5203704  -67.98025998  416.9844923  71.63625583  -278.1255224  483.7424247  200.0041506  220.2973658  -123.9794609  682.8816316  11.96662623  67.92672782  341.0794764  268.4684645  -98.17148874  312.4534086  105.3655662  -62.75438935  95.34640327  
145.6582444  888.7282524  13.25487881  -55.3282271  193.7487013  391.8029835  39.80937538  675.8520724  204.7583675  250.2895905  878.2028989  147.2381412  -84.8089621  399.6591536  60.30354406  -278.5466122  475.9396999  186.7007186  211.3672084  -128.7781379  681.186371  22.76347636  66.80320897  327.3787769  282.4257956  -99.34997699  325.3775195  102.007268  -55.7628231  91.90925621  
145.1182968  895.5715603  10.71799134  -61.58551891  187.7040913  406.4559445  35.76057884  680.2057216  187.3267044  251.53775  869.084426  135.0721179  -72.96894054  404.2263421  67.63231912  -275.842602  478.2144967  194.5110779  217.7465603  -113.7027078  689.1047281  11.48940264  59.47155333  336.2665148  265.8960019  -101.9579189  308.2413314  109.2312671  -64.7094229  94.30221419  
143.7674484  895.002582  15.81081298  -63.75556633  195.7407507  405.4610065  24.8230146  677.5741721  178.6969454  239.1852508  862.4563829  125.3271945  -75.4813056  416.8253759  69.85556228  -288.0676876  486.6846389  199.4581019  222.2711987  -104.1057886  699.677039  9.484482106  54.37637563  326.910146  271.2702716  -101.759776  305.1823824  99.27812477  -59.96238536  90.02995076  
145.0231988  889.9152496  17.18701726  -64.87448287  185.2321346  407.941054  38.89153083  688.3732407  186.0985731  256.2729413  875.9686133  111.2895504  -83.61971464  395.0768364  73.46272825  -277.8793353  491.0327538  187.2438798  215.67585  -95.17970586  687.8710162  8.418854001  49.32217155  335.7314404  257.8583044  -105.8401783  312.754722  105.3963741  -56.21737832  96.91726024  
147.1753218  889.7970646  13.70966927  -62.23388717  183.4393597  405.8646092  37.25259003  675.979762  198.7206396  246.6807875  878.1394246  146.9013882  -79.86013335  405.7437033  68.80603096  -272.1221004  483.6353041  187.6450455  220.2568156  -128.5044904  690.969776  18.97989149  56.94152739  333.7929747  277.424497  -103.6692934  319.0801694  111.6726814  -59.65708271  99.34625278  
141.0667318  891.6316174  15.0333449  -58.32604326  178.8937558  389.2659316  44.63870616  676.1692382  206.4581228  240.6421859  885.7902435  152.7364257  -99.09069632  403.6181715  65.21282561  -268.4043385  482.6577418  174.6269004  207.7068042  -124.9850337  677.7617669  16.64846106  69.30755285  327.0425271  290.5285117  -98.71151643  326.3477784  100.2617677  -57.95006986  95.587107  
143.571812  887.9840096  15.48204634  -62.04381632  191.0163755  406.9937672  47.01268076  679.9297287  205.4179214  257.3305056  880.9890087  147.4607064  -72.42469383  401.4711075  68.66085378  -269.214429  485.9224399  191.0108144  228.6827714  -123.1075389  679.5865592  14.55510855  55.73076614  342.6535952  273.3726963  -101.8308883  326.0474176  111.2035019  -48.11487168  97.0760472  
144.3253634  892.1715152  18.11966707  -61.21145931  179.3302043  404.9730401  39.35466757  685.1499152  200.4999708  252.6821763  875.0606309  142.3110191  -75.03845751  404.4681992  72.15147081  -268.3106228  479.8327779  190.2704863  219.2782803  -115.1181909  676.2435292  12.30747357  58.5919043  336.6789131  258.957922  -102.1342895  309.1867875  116.1702307  -63.77929492  102.0631754  
142.2010284  881.4240165  16.32186135  -58.62210714  197.8759823  391.3140934  44.27232173  671.8769807  197.0648515  256.0038175  875.3199009  145.2410958  -85.04674948  410.8095916  73.4673697  -277.2753434  489.8858311  190.7530891  224.3275885  -115.4700985  690.7008114  22.46788045  55.50728192  337.1559843  279.7352458  -107.9467329  323.0617339  95.79860035  -47.11164169  89.01129281  
144.3742711  883.2842688  21.28589469  -68.77975495  192.1165957  405.1880175  47.3313239  688.1946561  204.6951757  272.5433867  884.6608482  140.3111127  -78.31403814  395.5425776  79.92843069  -263.0866766  489.0262563  189.6915412  228.8647962  -119.7173246  679.4225426  9.495528655  45.13518584  348.1021691  258.5892905  -110.9069125  324.1211807  123.3117671  -48.08683696  99.88808968  
139.5964657  892.2325716  19.23553136  -57.67129037  192.3787545  393.9089325  39.83050323  681.8358433  203.4316136  262.2052808  867.2079418  141.7693355  -79.09143856  409.5578976  82.19641298  -271.4225835  481.770058  189.8204539  224.6805782  -114.0487431  682.4319128  15.43310941  58.73447592  334.8927688  266.6944944  -108.0158012  309.6978025  110.2982263  -61.9784328  97.2502559  
137.4604306  883.5812378  19.34320371  -60.1814266  194.7660174  398.7587652  38.79444721  684.3510417  192.1286947  268.4406064  872.9941817  131.6576895  -76.0522039  397.9076422  79.28414982  -279.2782117  475.7850397  190.5446519  219.7555067  -103.4453348  681.2377462  12.76455808  50.8359673  338.1290179  254.2472887  -106.7441617  314.5078918  111.7307002  -53.38738215  96.08371385  
138.9068184  880.4052441  16.46125033  -68.41497774  203.7247485  420.0633816  35.90098999  687.696717  189.4494272  285.6729483  877.7709055  133.2429856  -63.51495771  392.0712715  81.84833688  -271.8350701  486.8332462  197.4824379  236.5526846  -113.5282425  679.6502028  6.600178181  38.51155336  348.3515007  245.405167  -112.5117409  327.5973817  123.5113088  -44.7942136  103.7973563  
140.1986381  877.9791889  21.41743008  -61.42056876  199.1305683  411.7352291  38.0334433  683.3134803  194.9440371  282.9927381  866.9458174  141.1004902  -51.67120345  401.3418957  83.04707797  -266.6928892  480.7241384  197.3909868  244.3736337  -122.8309581  673.5300687  10.64518605  40.94097383  345.5867154  240.6470488  -116.8878387  312.8585588  127.8621603  -52.6387846  105.5799886  
143.5510034  879.167114  19.20920826  -56.94010207  206.8141371  392.7572115  45.76534295  675.7456403  201.2374653  276.4224595  878.5134533  147.9115964  -69.85828759  399.3193021  81.72117442  -270.7801182  481.8896665  190.0010876  233.8937317  -120.6613707  671.7911436  21.98417683  48.75085967  343.659253  259.4640376  -113.8959014  326.6968881  118.6914591  -47.53951564  99.99260682  
142.2238949  888.9173467  10.51732833  -57.96764983  197.2018166  398.8292274  40.66823043  674.0273609  206.4871882  253.3606068  887.188842  152.2755319  -86.02346292  403.8716363  70.04977589  -267.4824605  490.1577209  191.7185268  226.451186  -120.6224392  680.4786994  22.94550282  64.66083303  343.2235333  282.538181  -96.24744083  334.2869165  106.2757906  -50.56698165  90.92202841  
141.4734728  894.8150393  7.227674639  -52.65821762  177.9023075  399.4002107  35.86418683  674.449397  206.6286327  230.2243562  881.2409248  157.8960455  -93.26405388  405.9464422  53.16524787  -267.0494346  479.587196  182.4760652  212.1462268  -122.8490513  683.7219011  22.8555371  80.18546591  331.8555216  294.1002716  -89.46460281  324.3427286  98.9854098  -59.27511476  92.39195536  
147.9557404  890.4136134  9.137388928  -52.77308072  180.0054506  390.8422512  41.98986959  670.9577796  198.5041871  231.9846321  883.0839325  156.8735523  -99.52187921  400.6793271  55.39654578  -272.5475265  477.6268863  175.195871  208.5065204  -124.0414276  689.1311604  25.79215941  76.74888444  324.5414109  300.4132976  -94.94733657  322.3598364  99.63922209  -54.69621497  93.11257406  
153.4191998  878.5312468  13.14457954  -59.99924511  187.8343561  391.0658902  48.07152875  674.4675959  188.8065175  236.7785958  876.8542772  143.1746287  -81.91559292  405.6121018  58.85915408  -277.8307799  479.6892418  185.0379224  215.4598414  -117.2061915  696.9150428  24.77599274  58.21836713  336.7378983  280.5649862  -101.9168573  322.4365027  109.3504043  -43.60836189  91.47470152  
152.6130285  890.2686696  12.08899515  -58.30133201  178.8540293  397.3384139  41.86170171  679.2637438  199.1721196  243.3035052  874.0352666  152.0819076  -76.4082638  408.0117292  64.58507966  -270.701581  483.9456059  185.6116714  219.3009961  -123.954823  687.7850683  16.9164622  63.33061475  336.0001311  274.7418325  -102.6965171  312.0581894  110.8671721  -55.96772404  93.12038254  
146.1704098  898.8942563  7.207432055  -50.63892712  186.0864784  383.3351267  43.59785868  674.2244062  207.5946751  238.4070866  877.3108793  155.2782953  -107.8939888  411.0593825  54.20195192  -271.1498277  486.2797245  177.5551669  205.6485043  -120.5851419  684.3880016  25.05571932  72.49235148  320.4419742  306.5258116  -96.43221216  326.1635156  91.61566793  -54.38056339  87.60964183  
148.2918874  889.8300528  11.24066764  -52.60295905  195.4973075  409.2770764  46.61096791  672.9839861  201.8780485  259.9259771  868.7152413  146.1161123  -76.96588107  406.4328886  64.39400573  -269.9609669  486.6354258  189.5417604  227.1669987  -117.2679797  683.9764818  25.06257024  55.33119351  339.266567  273.1271281  -104.6071923  322.3332246  110.9069566  -45.16037492  96.39310066  
148.6842525  892.1651604  15.11909689  -53.50001292  183.5794365  407.4668797  42.43648079  675.6226369  194.0717495  245.4599178  869.4497534  141.5350239  -86.33054188  409.3203585  69.44827839  -273.3265824  479.4312551  189.2241693  217.0131525  -112.8410118  687.1959884  24.03268566  61.80796936  330.918995  280.9864689  -98.87442471  317.0414892  104.0642442  -53.9500008  97.87010583  
149.9875073  885.2472115  13.68112257  -50.78148385  183.177224  403.5788864  44.68410364  676.920639  204.2481748  243.2044035  877.9942379  144.0225989  -86.40553332  395.3990497  64.02518444  -273.6643871  475.3708419  186.5430232  216.9582972  -114.8589669  678.9728945  26.34927143  60.74451598  335.5403088  282.617145  -93.37381874  327.3615955  103.6710258  -49.38608799  96.71694637  
154.8323411  876.8046178  16.58590378  -53.01171516  190.2455344  406.4264495  44.02605677  687.3751052  202.4901903  254.2056302  875.898178  150.9418638  -67.67328653  398.8392607  62.28509258  -273.038754  463.3044582  193.0453372  226.5185857  -134.5010859  684.6328821  25.55112423  44.61826521  338.3487472  256.38751  -109.6356397  319.789538  124.0484248  -46.45070557  107.0889762  
166.4335979  882.692914  25.06288698  -51.55178717  203.1591445  398.3510651  46.9721326  681.9918169  185.4429985  250.1755982  845.9061598  130.9026633  -71.56721778  426.1235202  76.83626463  -278.4244332  477.6724156  201.568428  226.6873602  -109.860509  692.5836699  29.51082678  36.63969201  337.8111156  275.9712646  -111.1497885  310.1967663  108.5343465  -45.52772574  99.42791282  
156.6293076  881.4273851  22.75677189  -55.63433575  212.6597235  409.2207041  53.73310803  679.0430896  208.1078284  276.9069507  862.911355  148.7004178  -60.20234059  401.0954269  76.33462491  -272.1032064  482.5717041  196.1904936  239.6279828  -113.141687  679.2558863  36.37680899  38.55672842  349.978386  256.748117  -105.8567716  323.3763627  127.5480734  -33.05880096  102.4666269  
140.9188225  895.5360975  11.56603539  -55.24953919  200.9426753  416.1164804  47.59999556  676.8168161  195.8224  267.1495437  863.717212  142.6907353  -73.74704616  401.466212  76.22617463  -270.6880727  489.7181801  195.20092  230.9078594  -103.4480818  677.3891694  22.41923523  53.04492382  343.0633023  268.6785328  -97.18090158  318.9227565  109.9086298  -50.03675295  98.19417307  
139.1870087  891.363922  18.40600935  -49.85479284  191.4161793  407.2405196  44.2388088  680.4174415  180.2659808  246.7600498  867.2842928  126.1770421  -79.4995926  409.9457752  74.66625371  -283.4915409  488.496205  196.1656201  214.1067316  -99.13168973  684.6897804  12.78084821  61.53935978  334.1646474  277.09713  -99.22585013  312.7919484  95.67042016  -60.84292787  95.75669334  
142.8755456  879.8422309  15.3592242  -63.55943606  187.9844838  401.1077225  52.050821  681.0131204  185.7022105  252.5564637  882.5992046  128.4810942  -91.37216869  396.5965279  79.13098758  -272.0479525  498.4284971  187.9594544  216.0747708  -108.8950171  680.6238886  9.569417276  56.64002571  337.9426319  279.0475048  -106.6649934  330.0703641  99.80648352  -58.76199408  98.54560265  
141.0716556  891.0707797  12.99847563  -56.36103067  178.6753149  396.4196648  45.340021  684.7946816  197.1123244  230.7064696  880.8831437  152.4994005  -93.08975442  408.652148  64.37394715  -269.6399761  481.886113  183.2700539  207.7230665  -124.098659  680.4326974  14.69665034  74.07172327  329.2666373  292.0666362  -94.24530612  317.7492207  101.3419525  -67.43101274  97.09788462  
139.1442802  894.0740198  11.25389856  -55.05966971  180.8328561  392.3009693  48.07249891  686.4027744  198.6859486  237.699853  883.1826635  151.6231803  -88.2587683  403.5868748  59.16878764  -278.5758938  472.6538795  181.9677839  202.8201462  -122.8079353  686.0190853  13.32109213  74.41849073  324.6092882  282.4815175  -95.4467605  314.109184  102.0904168  -58.32526463  95.56621273  
144.512251  882.706822  15.52360439  -64.54892632  187.8312608  411.251005  49.02175934  690.5203127  196.7750318  259.350916  882.1885282  146.9532488  -69.33131087  402.4733522  69.84561719  -271.6977274  489.794468  192.7587352  224.8169296  -124.5460313  683.0327479  12.35352783  57.49905585  348.6885697  263.4436622  -109.3044568  323.0601955  113.548554  -51.49263312  100.0503123  
143.8008554  886.9584022  20.18989321  -51.91401635  191.3175218  402.9922303  40.86471002  685.9981461  199.4165882  249.0449883  870.6957758  143.374543  -71.94753669  414.4349564  76.10222459  -276.8796136  479.4755733  197.9638199  224.6822673  -120.2919211  681.0349866  15.28656838  65.22077093  334.9749012  272.3246363  -100.7551655  314.9374923  101.9409642  -61.50599519  97.43717042  
144.3894609  893.5337661  11.90640572  -57.71228271  191.3823693  391.0147002  37.9795089  677.8720939  203.0261067  244.6700472  870.7373684  149.9724707  -88.34572697  411.121524  71.21788638  -278.6575737  485.9173936  186.1008003  212.5855148  -121.4774315  682.6618993  20.17481311  66.10319097  329.488126  284.0452369  -101.6878873  318.6592702  97.12412185  -61.15696285  91.0422121  
147.7244965  890.3316895  9.86944416  -64.94689576  193.7566797  406.0194655  36.93748579  680.3191186  191.9320821  249.0017661  874.9643927  136.9785222  -71.78341911  407.5655697  70.94605359  -281.6227456  487.0531013  195.097693  223.6225341  -119.4405656  696.2886031  14.61808985  59.23558143  340.8295774  271.5352281  -103.8958541  311.5593831  107.3685839  -56.7287602  92.99445986  
142.8875564  894.9224304  13.01928057  -59.37639703  183.7060747  385.6529496  42.88815939  681.3429112  213.8662112  234.8543223  886.7499877  153.2447196  -103.3444664  412.0259495  60.38032822  -269.9163714  495.9035727  183.3591354  211.7880492  -128.2549993  683.2369206  16.24228689  71.71820358  324.3342451  300.5385544  -96.91290758  323.415446  96.58760052  -61.5319037  91.17860222  
145.034825  889.4824631  11.65114101  -55.90885356  190.6336173  379.5120376  45.9590359  677.7019791  213.2057129  237.8075683  885.4199316  165.7555333  -93.9113544  415.8238562  57.53956511  -265.7040199  494.0642021  183.1854761  217.331492  -138.1794183  680.2615822  17.6824923  63.80127838  329.3978279  296.3121023  -100.0838281  324.8629089  101.646776  -53.94663626  89.59552133  
142.8317789  905.5447668  12.33367035  -56.68342371  178.9416548  402.4588822  38.93188451  678.5465814  196.816824  234.9291543  876.470291  142.5451598  -86.16759412  410.9425517  68.57642338  -271.8766005  481.9704349  187.3099824  211.3972073  -109.9706781  687.8727247  15.196435  65.43677307  324.9925382  275.8071796  -94.93573418  304.0882425  104.2133136  -66.41228285  95.33196484  
141.6033672  892.551864  12.42420819  -55.05069307  197.9772589  398.9093681  41.54674812  675.5334381  195.1461935  252.7150061  876.68939  139.6029618  -89.89378036  401.8609727  68.75636125  -277.5088128  481.0404417  189.9599195  219.9591669  -106.4501495  692.3971215  20.99072636  56.82026813  334.7168523  285.1938103  -100.0035613  319.2708598  99.11671751  -47.36210149  89.50134321  
146.1940278  888.4923344  14.86019494  -65.50932062  194.9368183  402.2198611  43.95688868  684.3206718  196.8410221  261.5130537  884.2077489  138.2266727  -85.84940903  400.624487  74.84441022  -273.6427979  487.7103439  188.7809096  223.6764324  -115.7571505  690.4435799  14.27081681  45.00278521  339.8988398  274.6447895  -109.3486959  324.4267644  112.3603999  -49.33532659  94.81229661  
142.4369784  895.2452445  16.35395005  -62.24230572  193.7710977  402.162631  42.55930308  680.7453428  202.3966514  258.1451007  879.2517739  143.4618915  -97.3383113  401.412796  77.05919181  -272.3334231  485.9068453  188.0080956  220.1227757  -119.6078419  686.5948518  17.08282541  50.84622019  335.1611653  289.0709094  -106.0520361  324.7693172  107.4714943  -59.5949288  96.77607709  
141.092431  887.2235857  14.83755842  -55.8714024  182.7510319  387.9688059  50.44479966  677.7960432  203.8802676  248.9338381  881.3494399  145.8128864  -89.32971049  401.8211126  67.66007549  -278.4102982  476.8895843  182.0986932  206.8105366  -115.2513643  688.9361292  28.35214456  62.89545123  328.9051603  281.9401967  -102.5503046  315.2465873  101.9186355  -61.60103963  93.18876967  
142.1733395  877.0511777  15.13024027  -67.69855582  190.9621509  407.7304391  45.20173263  680.0981692  194.6779094  259.3745532  876.884982  153.9539958  -57.69968184  403.0624701  65.92083895  -277.9935851  482.6434567  195.1476785  232.6830152  -133.4513402  689.7114053  20.232932  52.14668368  343.1542607  266.739247  -111.7860524  320.8900426  117.1712389  -48.79713981  99.75033241  
139.6159258  886.6282833  17.59798777  -56.47429279  190.8205607  400.4584448  43.09271005  677.1668646  195.9395776  254.6284601  866.2298064  146.9523188  -69.31521531  413.6414132  70.05200372  -274.6418338  481.3786469  198.2522393  227.5109707  -125.7434193  683.794699  16.14812768  59.97612472  334.8235428  266.2503438  -105.738958  316.3550522  109.9912009  -54.18005385  98.81163418  
138.8364325  892.1233596  16.07767494  -65.61231036  206.7205311  417.3176033  42.20950366  677.6734116  188.9142225  280.3040609  864.6936542  122.3399207  -59.51655008  396.0885599  80.745947  -283.1838069  486.7822852  199.5380197  237.0578658  -102.3407025  687.6818363  9.751791592  43.0107491  348.0945717  247.1273299  -108.5436271  315.7723021  116.1249242  -41.45854073  97.33113602  
139.1921684  897.4005507  14.31222312  -60.89321578  185.681173  424.4040053  36.83906906  680.117624  180.3135253  269.3792085  861.6099363  118.466665  -64.44861426  396.5520347  84.33442549  -278.0782106  478.0121499  200.7311955  224.4548936  -93.99393897  683.2691691  5.165012672  48.55698512  339.1284691  240.490476  -105.8032007  303.5820436  112.6179394  -65.48019332  100.8197956  
136.7919394  884.2398111  22.06350654  -63.12945934  202.0534987  411.7751429  32.71796227  679.6794669  182.0353146  270.9204333  864.7429146  122.6115878  -66.43696746  396.6698509  82.50878224  -284.2455811  482.8203931  197.196809  228.6391585  -102.1325933  679.6708781  8.523779526  42.90033125  336.5286814  249.3091834  -108.9299456  315.2646538  111.3815448  -52.37582455  98.82463349  
141.2493492  878.987008  21.38545541  -67.76370278  208.70048  418.4161404  40.53385056  683.1938684  183.2233127  283.8868662  864.0387557  124.5417939  -54.27093394  396.7167226  84.68426461  -279.7504363  488.0173994  198.6100343  242.8526432  -110.3944893  684.8583633  10.31780383  35.80717077  347.5777504  239.7567293  -118.0836445  316.9200582  123.9555274  -45.77304101  101.6468117  
143.968892  887.0373257  17.06550877  -55.87629838  192.2416293  386.1943782  45.51510022  678.5717711  195.6474792  255.4988361  871.2133602  134.7218542  -97.6435138  406.5428503  79.71900682  -262.3986654  488.5517301  183.4467966  216.8855225  -112.4125721  674.2075718  20.58616452  54.47745517  330.9360392  279.8140098  -112.1498561  320.4928562  106.6461573  -68.96208247  100.475586  
141.055291  873.5729469  13.69235362  -59.53447339  197.7154083  384.9977021  46.47710889  680.1082829  201.2212807  245.3096947  887.1800127  157.8646098  -85.89529047  398.444329  61.06777074  -271.835618  477.3050382  180.2546394  218.7613863  -131.5673095  677.0977829  23.87857879  61.69914078  339.6196646  288.8116619  -103.3563795  331.1290932  108.7370497  -47.80643765  93.78147742  
141.828975  879.6299926  10.90050044  -67.97291251  184.2534329  392.1468144  45.43736099  686.3533334  193.3608172  244.3644308  894.3696716  144.3315276  -95.66875877  391.3727114  66.79560284  -268.8887041  478.3934359  177.9020292  210.07102  -117.0504755  680.4946194  10.98171132  59.42476161  335.6957689  285.2104056  -99.58697487  331.3777334  110.3919801  -55.18729934  95.61002812  
143.221891  882.6359067  16.27364738  -61.31065923  189.2699036  386.1258921  41.74096256  688.9863324  192.4512418  236.7895964  882.3777884  136.7041013  -93.72697558  408.501469  66.49629334  -273.8331887  480.2218414  188.3027134  212.9918585  -118.6637477  686.6151831  12.3148188  63.81043929  337.7258149  289.2948246  -101.8247936  323.6283794  108.9572712  -61.69229362  96.24211537  
143.5976082  884.6554863  10.90989585  -61.41360771  183.5221077  378.0313097  48.51969888  683.2704536  201.1796514  243.8800379  882.9753403  142.9515221  -102.0264768  403.5990084  67.7776973  -272.2939022  481.4318571  178.6642676  207.2222695  -119.3289036  683.2136153  19.06949386  57.89212788  332.0725634  283.7238773  -107.4316608  326.5651101  107.7979412  -55.63765767  95.05504355  
142.6743421  884.0956084  12.72191169  -69.25079837  193.3717887  411.7707313  43.90220414  683.38084  206.8459848  272.1690978  889.0886383  152.0227526  -81.78158976  390.2244216  67.48068046  -271.6171202  482.9871427  188.9254768  229.3976042  -134.6964954  685.158213  10.09082842  50.39046456  346.4617894  266.3543541  -106.4916647  334.3057903  124.4220935  -39.39815999  100.9079671  
142.8169654  883.5622538  18.83899838  -62.19542166  191.2797044  386.9418023  40.69889546  677.1246951  206.9988424  251.0519507  879.9907457  152.8729023  -93.98365291  404.4197203  65.11843451  -273.5605148  483.399882  183.0055548  216.187752  -133.2914109  689.4109442  17.60098496  65.52446662  329.9096777  285.1507989  -102.4500027  322.7725553  108.9815468  -54.41902995  97.15516185  
145.1461564  875.9001324  16.85918226  -61.83723094  202.4888478  397.1362858  42.4972441  674.3460191  204.0936312  258.809663  875.5015426  143.3198161  -75.47037724  398.710412  68.48940952  -279.7012993  481.3863277  183.7700031  226.0663141  -124.9719425  694.5184806  21.12124474  60.00902013  346.1918722  274.9441691  -104.2890241  319.2734235  114.0480173  -42.10193229  93.50379257  
146.0135979  879.2680122  15.82512217  -57.78493204  186.5990323  398.5553066  35.57127819  679.4295768  194.3056672  243.4068091  873.267596  140.812999  -81.86890927  405.1256799  65.15553088  -274.5927168  474.178393  183.6457583  213.8087669  -122.4947142  690.8402051  15.0592833  55.54468026  333.0168854  268.7954092  -107.4423673  308.9766131  112.8237208  -61.36871503  97.39564224  
143.2880805  881.319377  12.31244162  -55.80259702  189.4683028  390.7379638  34.60264746  674.8281191  199.1631846  234.7911452  873.7001568  151.46033  -75.46459908  409.3672537  50.86928204  -281.4732304  474.5660002  189.8449769  212.8418654  -126.9101454  691.1000438  20.4766009  69.06678826  329.7865836  280.0254495  -95.65427543  314.6735829  105.8239658  -52.73609174  89.9282388  
145.2665284  885.5523731  15.32613853  -62.74791672  179.7837755  406.540801  38.89665734  686.6105857  190.8356151  251.2622907  879.1859804  138.8527627  -82.1441501  398.6536907  63.12538669  -268.9341641  481.5990271  187.2602075  216.6913877  -120.8902082  677.8290311  8.986067862  56.38812708  333.7071888  264.5771816  -104.9653927  316.3003415  116.3936119  -59.74477986  101.7081381  
142.0704099  889.1012123  14.68542661  -58.23185283  193.0793359  400.3252918  36.97815737  684.8745487  209.397396  258.2611485  883.8395327  151.3757603  -86.74828631  403.3203757  60.83460815  -274.5156427  489.0634681  186.0599433  218.2651345  -132.5164213  680.3354437  13.36717741  60.84948629  334.8385721  272.883758  -103.0145702  326.9563546  104.4379819  -45.98094864  95.49391255  
144.6112503  877.7801013  18.04215419  -58.89389495  190.8628203  416.5851026  37.01827913  687.5578815  199.8028675  267.011699  872.2401713  141.2818005  -58.03432431  404.8442801  76.61636508  -276.3535268  487.3029477  194.3468117  232.1575082  -123.2526088  675.6532338  14.52247468  48.01191943  343.9878128  247.8318849  -108.3875685  318.8011393  111.5881206  -51.35603667  100.355329  
144.6383729  879.7220348  23.36862474  -53.47778926  195.2719783  409.269905  41.86103434  681.5849957  198.9317041  258.6917699  868.8561835  144.9791771  -79.95280616  415.0350546  72.17022995  -276.3584058  479.9740899  194.6536884  226.3668068  -126.1444264  679.2118947  22.34601012  48.88192438  334.0349872  274.5280293  -106.3236062  322.8239018  107.7366458  -54.59457387  100.4298341  
146.7536313  886.1243317  17.91440812  -59.69890895  200.0603842  409.20359  47.53825264  681.3910622  205.912216  277.2692448  873.6632258  130.2450087  -74.45485297  398.5790366  79.72593062  -273.1912185  491.9663916  193.9839161  230.8504455  -112.4150724  681.5737919  19.53986735  48.5407986  347.3328209  259.0044651  -109.1093729  329.1519199  113.0223133  -45.86984517  98.74499626  
143.7404859  895.1202733  17.97426881  -58.23710938  193.8837992  396.2724767  39.69303642  681.6691858  200.7047853  256.1388366  867.381157  125.3528329  -89.69906542  409.588231  78.68063534  -273.3778355  486.5518627  194.1293006  218.3218491  -108.7163036  688.6869727  13.93117898  58.4210006  333.6234615  272.5362313  -103.9306241  318.435569  103.302579  -60.27592081  94.82957769  
140.0466483  892.2715103  15.11482061  -53.4012955  199.0196174  400.5245969  40.8031235  678.6636532  189.2563095  256.5200702  860.1861326  122.8615966  -76.00121335  408.2154354  74.4615672  -283.2615218  479.6490363  194.613853  217.1898696  -104.0537333  691.5104192  20.01516523  61.72043066  332.605219  271.2854608  -101.2734566  315.2759323  100.0742034  -57.4443141  91.27472883  
143.270933  895.7588456  16.22066709  -58.96238087  181.9013808  416.5819264  35.50768756  683.6129978  183.0417256  256.1114876  861.4230249  117.3329701  -65.2159738  399.3327536  71.17510403  -273.7711152  475.5141613  198.9614758  218.506104  -96.56099041  683.7174676  11.90691754  60.43611244  330.0011325  245.4231606  -102.1903029  302.5549185  108.4671394  -69.06575915  101.2063753  
142.254375  887.1836534  19.46557645  -58.89250681  199.4024106  409.8149048  35.73935105  681.5702548  193.9159535  268.3965824  872.7541521  134.5486028  -55.741056  401.6799691  68.49198859  -280.9057956  487.3834459  200.8190507  226.4749791  -110.4846385  684.1115074  14.77214286  56.62455617  336.2312622  248.3840875  -103.67251  314.0812049  110.7001229  -48.48657658  95.32473926  
146.6400847  885.5040067  20.09569552  -69.33867862  207.7826998  400.2435264  42.0827869  685.1221012  193.2892331  279.137478  880.342446  150.0523494  -66.64117382  405.913376  74.1714213  -274.5086675  489.4427362  199.9893072  233.5609014  -131.3759285  687.6560749  7.954039178  46.75400794  345.0808062  260.1428257  -114.1402371  323.3798786  117.6773101  -43.6973321  92.73445341  
145.2638522  892.3409037  21.19231057  -68.13479493  191.0126475  390.4696774  34.52430577  686.4572122  186.1626699  257.0242594  868.7679358  127.7344328  -67.01542339  411.1682066  81.57451144  -284.962056  484.8409488  196.503103  217.6505033  -107.9289593  701.9727589  5.346782349  51.41931257  335.9027555  252.5489343  -110.6291116  303.1017566  108.3944924  -61.93885731  87.45805571  
143.1645463  886.0999977  17.85239013  -64.44680076  199.3272139  399.6097613  41.06687952  686.0514872  188.8898238  265.5291876  872.9438541  121.6187966  -64.32136189  394.9495407  84.07572626  -287.4190707  481.4669382  196.3226476  223.5288136  -102.6061621  694.1290475  8.755129648  52.0292352  345.3439058  255.1932552  -106.8778589  313.2028762  104.8938387  -48.76630242  93.00161697  
146.3687622  885.7980898  15.2803339  -62.8923236  188.1079949  396.7124423  42.19662148  680.8526379  190.347197  250.7389695  869.0176755  130.1515945  -51.10749524  405.126567  73.06385787  -281.3611408  487.7122065  201.5384403  223.7294062  -111.3534693  691.0323019  9.913950513  56.36001902  341.3693955  249.1612684  -104.1846611  308.4141669  108.4610561  -53.94761688  94.67477721  
150.129715  888.4925132  20.02292754  -58.12038582  177.3150572  401.9884118  40.50440101  679.6246468  189.4020465  243.9832278  865.4367009  136.5623947  -51.11289799  407.9152222  71.46650797  -272.856712  479.6134306  196.3077981  224.4066653  -112.2087515  679.0954197  12.86762255  58.88123078  333.5192385  252.3227325  -106.1720189  299.2599523  107.9044439  -63.69458259  97.98096117  
149.6906698  891.7879803  25.20657153  -53.1548669  180.9060401  400.2315751  47.76047832  677.7092235  208.7025945  246.8986821  870.4935161  149.780976  -47.56332591  411.4107555  62.73679454  -264.1778943  485.6751299  199.3418905  226.4934078  -113.1071596  670.5439032  21.93084032  66.44510419  331.9070571  251.9223897  -97.16130182  309.1705477  109.1933042  -54.71629655  97.0444562  
157.7253941  890.2699761  23.17784476  -52.38058907  194.4967848  393.8297124  57.26807788  673.0676984  214.1405172  250.9378654  869.7156924  158.0605363  -52.78962573  415.201145  61.76605121  -256.2442629  495.7055533  198.6749427  234.6519219  -111.2225588  676.7606882  32.21186117  61.21782457  346.6656822  263.4250683  -101.2620759  316.4769176  110.664589  -42.17591895  91.75971433  
161.0772054  899.3314618  23.0688359  -52.80541914  185.2688985  385.9663666  61.55023162  678.209519  219.0784038  241.0497821  874.6064444  166.4017428  -61.87101993  424.7807717  57.85662952  -251.5963288  502.4722592  198.2335743  230.0318586  -109.8369624  677.5984675  30.26756362  60.93792374  344.2473279  266.2464458  -99.82699638  305.1369222  109.2484196  -44.45271261  87.54956415  
155.6402835  902.6324809  23.20412443  -51.22382982  190.7962103  380.8340148  57.92641442  676.5085844  225.9013108  251.6085141  874.5924256  182.6373449  -77.55972799  426.2969916  70.81696101  -245.7461621  506.2689503  192.8754563  236.9898473  -127.514446  659.1522953  27.85050467  60.26096571  340.9356155  278.4551263  -105.0614694  311.9025735  110.1141354  -51.62833236  94.28447092  
137.8688765  906.9669982  7.773296854  -58.23987823  208.3353467  378.2491152  51.66446332  671.6394142  220.6226398  270.8555885  880.7777534  174.1492296  -108.292546  413.7786234  76.92972978  -262.8411128  508.8439384  176.5011627  231.6485043  -125.3351698  665.5033466  21.23205318  56.48592315  343.9177951  300.6728195  -102.0170745  325.8835706  101.1867116  -45.1232074  86.3349307  
131.0864561  910.9949288  5.43069671  -65.74528524  210.055799  404.8461229  30.66093653  678.0319774  199.7919216  269.468268  874.9433119  134.3454425  -116.4985632  398.2223409  80.52159543  -269.6120676  502.6899144  182.9076019  227.3965474  -106.772756  680.8119194  11.0401208  52.39240848  348.6547626  293.6809904  -100.8964932  334.6117921  97.42032716  -50.67040611  87.68562829  
124.7071859  918.6354123  7.579384612  -59.21917737  196.5508365  401.0325419  30.20558448  681.6373063  193.9285734  256.7003976  881.1151531  117.1584787  -138.3729495  393.2205815  70.88326686  -278.6742436  490.6074902  181.4209465  202.3680857  -98.02128138  691.2515709  10.49110461  60.18656569  330.4319002  309.8720589  -93.64928817  337.464776  86.64550727  -65.77280521  85.63753546  
129.4066804  893.6219078  10.28546547  -57.91250412  194.1848426  407.9454383  43.83976908  682.834165  187.5090792  265.7412683  883.2808184  120.0070665  -118.9277301  383.1952291  85.74386728  -275.7847836  481.4191676  185.6597444  215.5506312  -107.5924582  677.9769509  14.93302436  45.0877416  337.7310937  298.5620266  -101.623241  348.407195  96.958351  -63.1529407  95.6526617  
133.9021544  886.4017011  8.102914116  -52.07775602  182.8337  412.1287135  43.15402516  684.9557216  204.9865264  255.8915382  882.0097436  143.4289788  -107.7013905  393.1487861  74.41114225  -275.3962409  480.0027142  182.719817  214.1249586  -124.6497525  672.1830739  15.82654093  58.42821459  340.3559228  295.0473317  -98.98485434  339.1557977  104.2042954  -63.11195312  102.3803541  
133.751124  881.0037677  13.51389256  -49.08829164  178.4831053  400.3478628  41.9250353  679.9655559  202.3737315  251.6103546  889.579905  128.2197417  -118.6537422  388.8631585  71.83989633  -281.9584404  469.0370749  180.502569  199.2733612  -112.218636  683.3616547  18.79658441  58.97474816  326.6413527  291.4972552  -96.87417508  336.7689641  95.56120197  -61.44425619  101.2903617  
142.5692275  872.1484687  14.95122311  -64.94886929  193.8053771  411.9238975  42.39721599  679.6593062  198.3691985  267.2322077  882.2591729  140.2001083  -92.34411906  394.1560372  75.95543362  -278.7674192  483.1215649  184.8335388  225.052218  -132.2227539  683.1454054  11.09938353  44.19227416  341.379247  281.8772884  -113.929685  337.2337435  110.3536716  -48.62473385  104.0632665  
141.2367421  886.6178637  16.07033361  -65.9520006  182.8817644  400.9496328  36.42661543  682.3360863  194.1295127  251.857653  880.5096603  132.3172348  -104.0904339  399.1717089  71.11710668  -272.150176  479.2022264  182.6338526  209.1577318  -122.207486  687.4072436  11.64718387  67.20165882  331.4347111  290.2024524  -105.0022951  323.3770335  101.6742426  -68.56751768  98.84928864  
143.3613817  895.2115303  9.653421048  -67.89819828  185.1273486  397.08066  37.24396723  677.2957558  186.1554083  240.0414607  877.3157359  124.30885  -98.87157092  399.0810661  68.13962672  -284.7792231  477.839964  181.880166  202.2188023  -103.3104299  700.5140748  12.46750635  67.33921089  329.3200153  284.985187  -95.63182192  315.4606625  100.1873963  -55.76176946  93.23056636  
145.8298885  893.5749615  9.882063207  -67.6638812  176.9078689  419.3423954  37.24709308  681.0950146  182.8262327  238.3552905  869.7973015  124.865718  -67.41811611  401.7738794  65.30939567  -282.9951216  481.4520208  197.0000952  213.9416065  -108.551749  702.1920402  9.53300598  62.31043069  340.2247279  260.429938  -96.58552293  305.8092902  109.1161202  -57.72564743  97.45144406  
143.7222998  895.1688049  11.3147934  -70.74177119  187.1578062  400.5492323  40.86659901  677.6821852  180.4018251  233.0834591  863.8193601  117.67548  -68.47876442  410.8422207  65.5695236  -286.7741913  486.5503033  202.6717848  212.1618351  -102.7075528  702.7550439  10.29283851  66.17934435  335.941221  268.4695418  -95.91850356  306.3198716  102.3770791  -58.93986008  91.37182194  
144.4590506  892.4870861  10.96254581  -70.36240571  185.9439638  401.9752618  46.65894878  678.3904653  173.9358441  239.8598644  864.4721801  114.7048425  -57.62947255  403.2384178  69.18437198  -284.6533205  478.6547317  202.5034281  214.6482581  -94.34367542  697.1697312  10.08140315  59.16809516  337.4494768  257.5087502  -101.541072  304.1187008  109.3088936  -62.65058329  94.20211613  
145.3637272  898.0530211  11.77559267  -63.47318787  176.0855988  406.3956488  43.40814095  677.963213  172.6816067  234.7987597  866.7508984  119.2530752  -76.97555987  406.88738  65.78221403  -278.0531109  471.8704341  197.7516656  202.9524914  -100.0630823  696.2888823  16.45935409  64.16106957  326.1235692  271.5612214  -101.9288384  302.9782406  104.9228352  -78.61335446  98.9242357  
142.2126555  891.8588617  11.67790537  -61.47327491  194.8580189  398.1526963  40.95095997  679.5317382  189.2198342  248.6921413  873.5049373  145.2885736  -83.40412028  401.242996  59.87870769  -278.2431907  474.7529359  188.4778221  209.1448211  -119.475958  689.8662206  20.28490144  65.49613775  328.2879283  282.9934124  -105.2813278  319.4422274  103.4784378  -59.95258202  93.71043533  
148.5421348  899.6488688  15.61803397  -69.24336424  195.0902077  412.4283443  37.32903782  683.1046613  183.5891746  259.5490347  867.0282101  124.7995996  -72.62590246  401.1742379  64.2024055  -274.3133488  477.8219429  195.5378463  218.0369639  -109.8518001  700.5064814  12.65022165  51.69057967  335.8985577  251.1937525  -112.0266763  310.1953534  116.9645727  -54.56987903  99.16781208  
144.7707045  906.5425036  18.61725644  -62.24242441  190.826356  415.2061925  34.22424115  680.0012869  196.8706733  260.1239332  866.3588021  114.8066236  -75.08317421  403.563852  68.94921291  -276.8465203  490.9334271  195.7644876  218.6726515  -97.53280534  697.2740775  12.29379025  62.19884637  335.3011286  253.3969403  -103.4460961  306.6284012  103.3110611  -52.53088668  95.05444928  
148.3075494  881.3711722  14.49246961  -51.1257749  197.8414406  409.2577897  40.69648746  666.3397186  207.8982021  259.5362286  861.7160682  144.4197166  -54.786733  405.613907  63.21978305  -275.0122843  492.1541076  191.0933961  235.6728123  -123.4120029  686.40509  24.73389812  53.53919619  342.4135342  260.2336955  -108.4917235  316.2907978  109.1026797  -43.20694036  93.97745343  
146.3792236  877.9245565  19.3590249  -44.37904446  190.2338018  398.5954772  39.21521842  666.5623789  193.3876692  233.6204219  857.5575103  148.067163  -74.00038929  414.9746943  59.51494963  -267.5501315  481.5580413  185.5461977  221.33458  -122.3379842  670.3269167  21.21087048  59.16239554  327.6710528  269.8680215  -106.1801029  305.5528751  108.9582776  -67.03842464  99.88739253  
151.4383763  881.8981817  18.65118397  -42.24160787  194.8934274  401.0073318  47.46178996  666.8347779  196.0239444  234.4952044  866.7090201  155.063207  -69.02876974  413.5015399  58.15759461  -269.5067448  485.0513344  187.6319616  224.7212398  -118.3000893  672.2789147  27.42213154  62.45595916  331.0660798  276.5917441  -97.990073  314.8191476  101.8415426  -52.68781527  93.48908581  
154.6126648  890.3286662  20.98618095  -47.3178287  196.1131883  392.3866037  53.25836937  674.0051204  203.6303406  244.1972179  864.3502804  158.8259711  -73.12817623  424.5127593  69.35955079  -251.2079784  490.2559713  192.8964807  231.0695457  -117.6278489  676.0181182  23.53180912  53.44771106  336.1522186  267.4650541  -109.7845738  311.896456  111.5942369  -54.06355387  95.67654862  
149.9469364  895.9243836  13.31287999  -48.67683863  198.2062484  394.6343317  51.75514486  674.8780011  219.7422648  252.1358816  869.3902413  173.6405607  -72.17034433  421.2997803  68.03881264  -263.1701889  508.6627185  189.8378534  234.439743  -124.983566  672.3390873  26.37927265  63.04972521  340.5872012  282.3869528  -102.2065741  318.3789023  92.52791466  -44.85594672  87.09000523  
149.210846  898.072784  15.73197616  -50.72860044  186.1723245  393.8101238  43.2881983  680.5336008  216.791716  246.4182825  863.4935332  144.0144272  -67.40736347  424.7812978  69.56900826  -254.5462523  503.9736513  199.0019834  230.0963152  -106.9451984  664.6719753  16.00019422  60.18911455  344.843091  259.4444289  -102.6670577  315.9438133  96.61384234  -58.14905788  89.02955314  
155.2835154  897.9292311  21.59543878  -47.39451889  185.5420983  388.3570495  48.6796718  685.8365375  228.6803839  240.3173149  879.0579624  162.9161855  -71.69796027  418.0987542  58.49084092  -254.9229497  499.522905  192.5615966  222.3076253  -113.4669074  663.6388599  21.02188226  66.66296009  340.6714533  266.1335372  -98.63228843  317.0024282  97.33977269  -48.53667449  89.32830051  
156.3980729  909.5564972  21.66113056  -53.29205969  199.0135013  375.075637  61.32666937  681.7369947  233.6599832  254.4056306  879.5099084  178.1673895  -86.09132138  423.0063135  67.15307046  -244.0487146  513.0745003  190.4581574  225.8395192  -116.4625378  664.9258208  27.00499572  54.75752004  343.7007088  276.690654  -110.8292644  317.3322842  109.7545155  -48.26026592  88.17013228  
141.6727896  904.9841586  17.09007657  -52.98392725  202.8499703  370.3415478  60.50204705  676.2906143  228.3255985  258.0938999  880.0613063  181.582925  -100.446222  419.3454766  69.52318406  -255.4209981  512.1869674  178.2129118  225.0927407  -121.8723968  667.364797  22.35110915  60.99321629  333.8400458  290.0108886  -109.5070123  309.8142743  103.7224039  -50.25033471  84.64594483  
132.5452394  897.0260737  11.86152464  -62.8848612  206.7482208  381.4738316  52.43996195  684.2400115  215.0367235  280.0437263  877.5359911  153.1705306  -113.605756  406.0302801  83.07959063  -267.7163131  508.0432929  175.6606679  222.0198683  -111.9244367  672.7406924  9.092590339  49.4379118  347.0303949  290.8439767  -110.5707167  318.8426942  101.856303  -47.71238638  86.67871093  
131.3619318  892.0938415  16.46480578  -59.15908549  201.757948  414.2666924  36.77636707  684.6608471  197.0332199  274.8775517  864.0879908  127.5858297  -89.40397894  409.6125733  86.05930273  -286.0031528  489.9716545  199.4239565  228.4452936  -117.0783453  686.0645513  11.64268938  53.50911888  349.2091479  276.7776514  -106.2979457  322.6775386  104.2862771  -60.70476666  97.00042852  
132.4245957  889.140712  18.71281832  -70.64345604  199.0305023  404.8914849  34.74030189  688.0354509  188.8033626  285.1613275  869.7311304  122.0464231  -88.30988939  399.0769116  88.02672705  -289.3448662  483.7624079  198.4307049  218.892203  -116.4231462  682.8392275  9.136035226  38.63618903  344.4714121  261.9298267  -112.4997465  329.2203696  107.5521585  -58.6324912  99.23353005  
133.6622143  890.7265602  10.71136217  -69.67486574  191.0828849  432.0986244  30.40478696  687.315843  186.5453295  284.8152732  868.2323343  111.5414757  -75.25276814  388.3226016  87.46054687  -286.9534307  482.6423977  199.7799282  228.5910858  -105.6254141  682.4035698  3.435800532  45.38539782  349.4116156  251.7873655  -104.2650239  321.2079032  110.5576832  -60.15059865  99.9213355  
133.8334463  901.4741698  8.795800251  -59.27011042  197.5790501  409.6206229  28.05702775  677.743956  191.2055598  268.1298867  868.1405788  110.7298842  -93.22525068  397.4548385  77.05800776  -286.0884442  491.0671397  192.8599292  219.2193005  -96.39707978  688.5550373  5.766900082  62.38605272  335.5536388  280.9987136  -95.44512336  327.3670073  90.21952511  -56.54143407  90.63961314  
138.8986521  883.1579359  16.03170716  -67.72992817  196.7837115  417.8789119  36.60416335  686.0875014  179.2428798  276.1399425  867.918331  104.8346799  -73.91172398  393.2530476  83.43190975  -288.663236  484.7699161  196.6658583  225.7297059  -97.34908656  693.6076643  3.965323575  47.55221109  350.9452953  251.8778654  -108.0575047  320.6528373  108.8596783  -48.26454245  98.14514503  
141.8687997  895.5009393  15.11885302  -72.55253117  189.0925587  408.9135599  32.96696558  689.9521549  185.4493161  270.7809364  871.3348116  101.7914161  -83.09490545  392.7451872  81.46399362  -282.5309943  482.1624644  193.8090077  210.9002583  -94.66548441  691.4112159  -2.63987045  53.827198  343.3500839  248.9438282  -107.1673521  308.3681009  108.3823861  -62.63243967  94.93469897  
139.9206949  892.9460115  11.9959282  -63.65207289  185.4679403  402.8283535  34.46612638  680.4812171  203.7808522  262.3515233  886.7297621  126.1334354  -92.22961257  388.8815205  75.58335212  -279.2439099  482.7285438  189.0327363  215.2293181  -109.6521783  685.0875402  9.425490117  63.21391645  334.6825465  273.0979813  -96.63000878  323.6138868  97.88558429  -58.83596442  93.44527067  
144.6860581  887.9524454  11.58902058  -66.87844623  182.2067282  399.59419  37.56861123  681.1080375  200.9033758  252.3025573  895.0545197  143.7502623  -101.6497932  391.0504071  68.97660642  -270.8491026  482.3043885  185.6814123  211.2364564  -128.880278  687.5980235  14.65498825  62.5292714  331.1029593  285.6169715  -100.76462  334.6268202  101.2221823  -58.35570351  99.78742405  
143.5896666  888.0062369  16.89277834  -62.06450071  179.0180164  397.3384726  38.82091611  677.3883154  197.8124929  236.1470602  887.4957711  144.9722633  -97.69624735  404.1565469  68.75771548  -275.4601182  485.1010762  182.0785001  211.8382939  -127.4116002  687.433762  14.26328143  69.20270795  331.0669495  293.9720665  -96.31252324  325.2888454  103.603916  -62.21432079  97.92971908  
146.0051938  880.6907271  15.14054016  -60.32753016  173.9431963  382.6517493  49.67160163  685.7091108  198.0037381  236.0157028  895.9152051  139.2909436  -109.2139752  393.9004631  70.27453952  -272.0070869  473.669695  172.8847616  199.6502184  -119.4656956  687.6060476  19.34883287  56.42047135  324.8691754  290.0014797  -100.4483747  325.6277834  109.1668511  -61.78000098  99.05070387  
150.2701405  875.5319442  12.23317182  -68.2055759  182.3816001  415.8220685  44.95889046  684.0654474  201.5266239  251.5307763  896.1664439  170.8629162  -78.70227395  393.1146402  61.30957741  -273.1761264  476.8480829  182.5457501  223.8407207  -143.7967847  682.8992133  23.53821759  60.17901539  337.5937732  286.1312002  -97.22718689  331.7656816  122.0409821  -48.13041423  100.9912586  
148.6834265  880.8447857  15.35815462  -54.65141678  177.3747737  391.0975603  46.17412946  679.518224  207.6734102  239.2209266  885.1622414  155.3418165  -88.59098667  402.1689542  67.04117178  -276.7515128  472.1111845  185.217091  212.4235999  -123.307723  687.3524862  27.61553105  71.94782251  329.9279571  288.9824604  -91.19391522  325.2802459  99.4354612  -53.37556797  98.07982371  
146.3320709  874.3379913  16.9380821  -63.9059963  184.0909588  409.1760534  47.15836813  679.0861643  202.9935369  250.5056778  884.6926337  155.2256419  -69.47729408  398.0789042  67.70210156  -278.2670675  480.3233789  192.3907424  226.304545  -127.6897555  686.9728465  26.343015  64.19156774  337.8629982  278.6547769  -95.91592709  328.6351606  107.1189586  -46.48373062  99.07447124  
146.5604038  880.1371364  22.04387708  -57.71215602  176.9574629  390.8561334  39.46705022  686.0510284  201.7689692  234.6134372  884.8746805  148.8095254  -87.80085473  405.6696401  65.12675878  -273.7036982  469.4355759  189.6730693  211.1581695  -125.8652695  689.7478469  18.27369919  69.16078684  327.0893316  285.2131401  -98.50412001  324.0139409  104.0239217  -59.12921649  98.93130948  
145.8616205  873.0616122  21.93641088  -60.27643795  194.9680876  405.0991058  38.84656732  676.1595552  199.1717587  258.6738021  880.5135238  150.5154817  -74.30916511  398.6574589  72.59908868  -277.1622316  470.721061  186.3361403  230.2785207  -130.8988621  687.615517  29.15952025  48.76239772  334.4094603  270.8450615  -109.8209058  327.6735129  112.7539729  -44.34945194  99.99633498  
144.6969354  879.62832  17.29171667  -53.54742234  183.0668778  422.8113673  40.64318114  675.0936349  192.8571018  252.3974392  866.0860939  144.7258276  -66.11865986  403.0495825  77.69525475  -277.6430096  474.0266714  188.4639489  231.2034101  -121.9775993  682.1155036  24.25195044  49.89719655  334.0631792  264.2383993  -106.2961181  315.6147364  113.2695947  -56.63476147  106.7942186  
141.4505733  874.5675293  20.23256712  -44.67203735  192.323336  403.5707311  42.96645457  669.9797146  202.1436127  252.1351305  870.5670664  150.7326552  -70.85965918  405.3610313  66.91584118  -281.8541519  473.4517583  187.6972297  222.3299698  -123.5709044  681.2566034  31.37732842  61.74317332  325.6674247  267.1791337  -103.6211389  319.9820211  105.4431257  -51.73452508  100.052623  
148.3599438  875.5845517  13.49077498  -63.07306882  195.7483079  401.3282813  41.09391793  673.3408564  194.2746871  258.01673  878.042634  159.4497952  -73.08922375  410.1690368  71.95992845  -269.6089133  497.3859383  185.6574851  234.2715157  -129.0017243  683.8218104  17.54893958  51.22203239  342.8094684  271.9365705  -108.6473346  323.4356228  113.9629415  -39.26819238  97.28005958  
147.3940087  893.3795013  12.25813669  -62.16194427  182.0899607  394.1275255  38.27440075  680.7890423  194.0772014  237.8930724  881.9635624  147.3475598  -98.6319484  407.4985674  66.92743382  -265.8855874  489.8404188  180.5115809  212.1979124  -117.3204045  680.4418461  7.964577039  66.52016868  331.611379  286.122907  -95.93659209  318.0369937  108.9188311  -58.17656577  94.08908139  
143.004674  893.5163045  7.662183262  -61.02185634  192.0875726  392.0350436  44.81351872  680.2784329  207.0394804  246.6642162  888.9589026  164.1157885  -94.98387607  397.9244232  53.27629407  -274.9493173  483.304989  179.5601464  213.670947  -136.0189984  687.7772779  16.05435839  64.96706005  333.276834  297.0259373  -94.74397271  327.6074093  110.2114657  -44.80437133  90.43571946  
145.10864  892.5119313  8.880538514  -64.86087666  192.7729409  405.4115001  44.87523524  682.5161805  188.9804586  254.7946882  882.5947114  145.7797264  -86.96404266  392.5120154  71.22752255  -273.8265374  483.0239413  191.1843529  221.4841799  -123.861389  685.9768423  11.63018084  50.97983832  333.8151627  285.6100724  -99.58768755  328.68643  112.8079692  -53.52435736  95.81543281  
147.4580854  888.0992531  13.3447517  -59.44137227  189.7512087  389.8788241  43.62892786  678.5600504  184.0011349  238.1078413  868.0988296  135.0698446  -86.39197854  408.6711493  70.59308043  -277.3594316  479.0400503  191.6739076  212.3227813  -112.1125139  691.4014709  13.70670927  56.45196196  329.8762126  284.7657431  -101.9305416  316.616385  105.106232  -58.81142431  92.51468561  
146.53687  887.1251806  14.14555741  -62.64233197  196.6061186  387.0453727  47.58182146  678.8935894  190.2973272  249.103261  867.7812017  141.1383279  -74.75225362  409.8475654  68.93367122  -276.6592289  486.4090319  190.9596713  219.9291201  -116.7330483  684.8479636  10.58232156  55.90274523  339.0779561  272.4869904  -105.8957609  314.0234001  110.7300756  -51.21943516  92.30789541  
147.5100656  888.3641199  14.73845447  -63.81341096  193.3473027  404.1522226  37.17699892  685.8927525  189.8738598  255.6213015  867.2695637  141.7354437  -69.74023541  405.3614998  67.08843118  -270.9986486  483.8423659  193.3778889  221.3534391  -120.7028659  676.6933428  5.037288201  54.26276599  341.1804762  259.5641223  -108.2208603  311.8900259  117.1215996  -56.75102762  94.38441861  
144.3932725  891.2069187  18.18813572  -56.2731636  190.3954324  396.5825281  42.12562995  680.6253596  184.5218398  250.2016537  867.1475797  124.6094358  -70.06950024  407.8010476  67.29431996  -280.0685335  480.4228402  194.7152726  209.6831424  -97.87644414  685.1913643  11.04468505  62.41156345  331.2140225  260.0442933  -101.4410649  308.702063  103.1367594  -58.4951902  94.54190602  
144.1858702  881.3760457  16.46209669  -66.44374606  212.12728  399.9543439  44.94375464  681.26935  188.9853164  275.0938793  875.8492378  145.2764519  -62.23445248  404.94737  69.30681048  -273.9943658  489.6463134  193.5737756  231.8477021  -120.5199357  681.3190933  11.31078929  47.31986562  344.4165829  258.776574  -114.6261512  319.5659219  122.777596  -41.08105982  97.12567487  
141.986884  887.5012424  17.38397796  -69.17251583  189.9400849  397.2680804  46.32696679  690.364494  188.9277323  259.3574947  875.7985399  135.4153444  -80.12855154  404.7650325  71.56633836  -270.1983102  484.8824805  192.0854698  212.5291889  -112.330147  677.9849402  8.444358107  55.18839158  337.7272135  261.3055326  -106.8252821  313.0899891  120.0199185  -64.50030633  97.2405647  
137.6022728  893.9567267  14.01888642  -69.37964101  197.3260309  396.4181842  47.51951974  687.8174369  196.2356276  256.4392562  870.3211006  129.8242117  -74.96443539  412.0211598  72.31334678  -281.991938  496.3165591  206.7395985  218.542838  -113.7100718  685.3796106  12.36462499  63.74627944  342.7401656  269.8727477  -100.4640266  324.9042527  104.6696254  -58.09867672  91.56000937  
138.2835213  886.2813757  15.12132901  -65.92780029  194.7558432  395.5408287  48.44444049  686.484821  192.0722111  260.3154226  870.0084952  134.1411539  -58.68350081  403.7463783  70.4455974  -284.6027855  480.5037617  202.1286581  219.4738223  -120.1310613  682.7728633  11.5718444  55.73827962  341.3887438  255.8593785  -105.1401007  319.4311711  119.1219289  -55.20519801  97.18207438  
141.1114428  888.7206474  12.29656687  -64.0195417  189.5383388  400.8321337  42.5184632  685.3557264  186.9576234  254.6610701  873.0174214  138.7576225  -60.44987066  402.7853021  73.9319055  -276.3844934  483.130713  200.4338888  224.9085994  -121.0901588  675.7574665  3.993263387  51.53198478  335.2283509  258.5681029  -102.1025548  315.5491448  115.9198704  -63.65089447  98.99364378  
139.3519302  897.0527986  15.82272267  -57.82550601  190.0390691  396.4408376  40.74210475  681.7670398  186.7567048  239.8652867  864.7727955  124.7827759  -76.34442817  416.0232008  70.3428542  -277.5443811  486.1733196  200.1990716  215.6207043  -105.7467055  682.7066142  13.20645905  63.86988069  328.1151957  269.9664109  -96.96535929  309.4990968  104.9394059  -71.23899504  96.26918328  
144.0121568  882.8783257  13.1043185  -58.47302235  183.9692052  396.068384  46.3643407  679.1567531  188.144855  242.3777183  864.7275294  122.227384  -66.04534704  403.7455323  69.17544027  -277.9759911  486.3775497  195.127128  215.1730798  -102.2138393  680.8811885  21.42632191  56.05342917  334.9202791  261.1071432  -101.8711662  312.4826987  102.223916  -64.85307945  94.3251048  
149.7252382  888.79483  10.35500862  -54.52911075  181.9150298  397.7855472  43.68118639  676.204747  198.9570054  232.3812678  868.3996807  148.2148114  -75.77068699  417.4722428  60.52654661  -262.4128183  489.0145267  195.4693391  221.3854377  -120.8765768  681.7882229  17.37144738  61.74463554  333.3628732  277.7814683  -104.5046624  319.6482441  100.2460018  -61.16132505  97.17129606  
150.3809684  893.168958  13.29271017  -44.49237567  188.4184357  393.4450834  49.53924526  672.0031353  216.7263262  242.606616  875.6738722  177.1627555  -80.6562376  411.0100368  55.09772563  -259.3065203  491.9493333  183.3854672  226.5029867  -129.893866  672.6853325  33.84698415  65.54071804  328.4260833  283.1131385  -104.7805363  320.5976914  102.8199134  -50.33771022  97.25720807  
146.2363924  891.8639667  14.07821832  -49.5577264  196.1865633  402.4622267  47.8044659  678.5782683  213.4150822  257.0179479  869.9426732  171.7543706  -71.8810889  415.8939592  62.598704  -260.5811317  494.7362316  186.0571287  233.9020431  -126.0904054  674.6413908  26.90059828  64.66872726  341.2685843  270.9994192  -109.2306355  308.441426  112.6949292  -49.06292754  95.08751271  
147.0072389  889.4592304  17.87256971  -43.14526914  191.1093527  394.3934525  36.81840973  674.087694  211.1410954  240.6390863  870.3002469  160.8316553  -82.70452803  421.1980263  64.11480508  -270.1628193  495.9285852  180.7223754  222.4077865  -122.7232813  675.0955575  24.3644784  69.71370019  328.342965  282.7569305  -102.5845637  308.0998047  92.94572316  -57.04425702  89.82342848  
145.791285  891.7631366  13.56765737  -56.30229128  195.0433176  408.7010123  41.0542019  672.9761421  205.6448775  259.5818694  869.5400039  149.3203933  -63.20404489  413.118249  75.37942197  -268.2365215  497.8780622  195.4079104  239.3691883  -117.2992576  681.3615741  16.49803202  53.70096954  348.7835229  257.6624245  -107.1920458  311.8178571  108.3783446  -44.95398138  96.58688072  
145.6458978  905.2169451  14.83115409  -58.90506891  193.1709513  395.970922  36.03853476  676.3279529  202.1262733  259.1596993  869.6937665  128.0993236  -92.33693426  410.99919  73.1173539  -273.5915472  492.4301204  188.8966693  216.38003  -103.4363781  691.9061707  12.67037959  60.2667896  335.692223  277.1321137  -105.1012356  310.4625828  93.95796619  -63.24255071  89.9621961  
151.5632286  895.8104215  18.67668443  -50.35999894  193.2318025  405.7349427  43.48959062  678.1780874  205.2753137  249.833393  864.1629303  123.8221097  -78.76707592  403.0440831  64.87392507  -268.7484965  481.6767463  202.0296133  219.9649999  -94.41157667  696.4823399  28.40654958  53.91654192  341.2831657  268.929585  -101.3322371  323.7892229  96.58225503  -51.05651971  90.91949135  
152.1508284  900.0971088  24.45486313  -54.9749142  195.5029255  391.0406273  57.89791332  681.3558626  213.110796  254.4152534  872.0349481  141.2720807  -84.69403423  411.2058105  67.29549804  -258.9621895  496.100984  198.4338411  224.3499651  -104.0030957  689.0578436  28.39691493  51.98202655  337.8496659  273.7044262  -105.1288913  324.5848574  103.0699263  -43.58382464  93.41505913  
143.6751335  902.319846  16.65007794  -61.93591471  204.4181379  390.4571064  57.94191188  678.9881441  222.9894797  275.3413181  880.6124996  157.4112185  -92.43668679  409.3534955  77.70884559  -262.610576  513.7282787  187.0080152  234.9800623  -116.5748118  681.5911721  20.59070902  52.20208715  352.8152595  289.2517873  -107.736547  332.6245158  100.5835294  -36.23018976  86.51525282  
135.0615874  904.6779094  11.42008495  -61.66785235  192.1347392  389.3428336  42.61445288  681.97722  211.2040115  251.4193586  876.7385619  136.1457103  -123.8945457  409.7112896  83.613831  -271.034403  503.9029008  180.1227937  211.5310095  -113.0656682  685.3190321  12.34119736  58.40633386  343.2718822  308.0556582  -102.9137184  330.6644426  88.93168309  -64.07399274  89.83714138  
133.9803532  895.0708345  9.976037988  -56.6229043  192.0235075  372.7501109  35.4813062  679.9977406  203.2703657  250.5305411  883.2665508  133.2446282  -136.3309977  402.1024231  71.67323861  -278.5617417  481.5040381  168.0275216  190.410011  -117.6991841  691.3930584  15.85515712  56.91887985  326.9107699  312.3134804  -106.8680419  329.4724415  89.60602234  -68.57650529  89.90855028  
139.5989154  883.2959061  13.21590605  -64.69699064  191.3489808  407.7410948  38.13731445  686.0873744  191.6295568  254.8793993  880.4992172  130.8060509  -105.8430482  393.6722355  72.64003957  -280.0114865  479.6855581  177.9109171  211.9068099  -123.0939451  692.8868933  17.50393671  50.71052991  340.403277  290.6627726  -108.2578716  329.7151685  109.4902645  -54.60825106  98.41394461  
138.115171  888.8057831  12.78908824  -61.3847026  201.077619  404.5800791  37.24691303  680.4122076  186.6097593  257.3955807  872.5668867  129.9286591  -97.48574519  401.4870712  67.57268554  -285.5545039  482.2529844  182.8466591  214.3000532  -121.5111311  698.1531442  17.31813725  60.78966974  340.8734401  291.4901931  -103.9683073  326.5453348  109.7718679  -53.59315158  93.51574772  
137.2654319  876.4786301  19.66653215  -61.64754068  197.2268255  409.36761  44.10408476  685.678025  178.7305549  273.4012081  867.9066351  116.4264442  -72.84857081  392.5659272  77.06393678  -294.687515  468.3560218  185.2309786  215.3648698  -105.4842346  695.3894592  19.08691171  48.99675181  344.5849036  254.4710909  -112.0140769  312.6046982  122.4100858  -50.58566799  99.55514637  
138.8413692  881.9521881  14.84803345  -58.12372312  187.5155195  428.4133932  35.42147939  686.3719087  189.5693375  267.5971201  870.8471143  122.2249814  -67.83147114  390.779374  74.94420472  -278.42178  471.4472539  199.833916  227.2289525  -110.0601078  679.2955991  10.86072337  49.07172717  342.1997861  256.3369078  -99.05089348  322.06667  114.0844098  -56.31768164  105.2174969  
136.3063901  884.0265069  17.83129854  -59.41636219  195.0418309  410.7008824  32.34967005  679.2640521  191.8490574  267.7214304  867.1345601  129.4091189  -67.48991224  405.6444848  72.74993552  -284.2327947  478.4476886  199.4955425  223.0783125  -118.5206164  680.8450829  11.11916251  56.74955396  333.5101947  257.3532582  -101.0959237  323.6185751  107.7977902  -56.21437162  99.90894183  
140.9843522  881.2043404  17.14350916  -62.40667438  197.2254374  415.1773653  35.94513355  677.9218209  181.7849664  277.0977035  864.5927608  118.9162267  -64.99644627  395.9303551  78.49307823  -277.5056085  476.8806459  197.0395181  228.9095075  -109.9398988  682.4876066  9.994527329  44.68320586  339.3545222  252.5014985  -108.9252492  321.6591946  116.1338966  -57.25005094  102.7686324  
144.248432  883.0333043  19.65534115  -56.06701069  184.5886392  410.028938  34.16188965  676.592748  174.83927  255.1365196  863.2927655  112.2760148  -65.60913772  400.2267439  73.85161915  -279.5106533  470.2669817  194.5094282  217.206008  -100.8051024  683.6871691  10.88737721  55.07978547  329.9774201  252.4401708  -105.9436406  309.0839017  110.5113431  -73.26685338  104.4398196  
151.8301654  886.5841383  19.28470377  -51.15457259  189.5480397  402.6039886  39.10437018  673.153851  191.8213448  253.8772927  865.3853498  138.8479818  -64.20872757  406.2261979  69.94099323  -267.530673  483.4336297  198.9735323  229.6137489  -113.5684822  670.3846672  16.14856188  60.53679873  333.6479224  259.2748339  -109.0813744  317.5523256  101.6728251  -62.59683097  99.03166077  
157.0736791  886.0741688  21.29374883  -52.18659606  190.5828713  393.5535324  43.51470603  672.6706498  208.5262145  253.0488626  865.0185151  157.8021411  -48.85830208  421.7542132  68.23295618  -262.01135  497.4096684  200.3046506  241.7974425  -120.6647301  674.5098796  18.76410678  58.28181809  341.3660385  249.0415627  -111.3590349  309.4475542  107.7376355  -49.277068  93.64369444  
160.3247989  895.5948023  22.12225759  -57.20471763  192.9417393  376.9942769  49.0268131  676.3755556  218.0577365  255.1097325  880.1253647  172.4335747  -70.55346054  423.7858803  71.41139883  -253.8187945  507.1487764  190.6135601  235.1188613  -126.9609968  671.1146934  16.91531668  62.80974562  337.7204232  271.9439157  -108.1411218  310.6927443  98.31159541  -45.26670104  87.55224514  
157.1155439  901.4775695  17.1207342  -62.97517187  195.2784286  376.5639216  40.85262421  677.9157384  209.4547731  246.6624776  876.813533  177.2238983  -69.51638222  435.5266434  76.44562851  -257.1895124  509.2208136  185.3350485  235.01433  -130.6676146  674.5731499  14.05972324  57.69612393  344.9570238  268.612032  -110.7474053  298.5907561  109.7076316  -50.32859068  84.74035834  
140.3689936  906.9935557  16.99755836  -74.26685801  190.0622612  381.5007789  36.49507448  683.164179  202.7698717  248.6817263  887.0719044  144.2649602  -93.71267665  418.9528372  80.35935261  -271.62215  501.3297265  181.9557195  217.9186398  -105.8781193  685.0203391  7.646984925  59.75674864  340.7109133  269.015344  -97.43442937  298.2601255  103.9948061  -53.99911649  86.13124282  
136.9970743  896.5359499  11.67462086  -74.34093774  189.0353369  406.0924968  34.87416875  678.1300366  181.9831857  246.8961616  877.4580549  115.9988964  -86.88213444  402.1179164  86.90861363  -285.8179223  489.1639227  191.2653183  217.4653083  -95.2415048  695.1533251  15.36113108  50.65805344  348.1722124  273.6589054  -95.29400108  316.1685626  100.1559947  -55.3133194  92.41236808  
135.9480269  895.6732239  9.396132984  -61.8457719  188.0926743  417.8007306  31.0933903  678.9071847  184.8436235  235.881679  876.0103553  135.291137  -91.61788194  401.8038821  70.28457555  -284.5891986  470.6934024  191.0055552  214.3714734  -119.566593  696.3907466  17.76246253  64.9503963  338.5702435  292.5809071  -91.20659538  323.4242911  101.449965  -60.84129424  96.31807993  
133.6750691  892.5126886  14.04285253  -63.67424152  179.5775936  398.8085714  40.72282855  683.1384754  189.9507072  232.4675055  889.7277117  123.1686803  -112.9184347  391.4661885  59.89533101  -281.3134722  472.8780181  180.5335049  195.9637493  -105.2848615  689.2348584  20.27299672  63.41190275  323.2945055  293.5948483  -89.60438129  324.8544176  98.56376657  -66.51897112  97.15205227  
138.3074132  884.276819  11.42637875  -62.14214406  181.3698212  411.488871  44.19071198  688.6861463  198.4252559  244.2327283  892.1392376  137.6491866  -103.162871  391.0550922  59.35825229  -278.1499286  481.1240497  184.3315762  208.0159551  -123.5448325  687.0504135  19.74042865  61.94704747  334.3543851  297.3680406  -95.92359574  341.5511859  101.6824202  -57.08316295  97.61662479  
136.691374  889.3469175  12.36744827  -58.72243789  183.423386  404.217532  36.11235371  687.6139974  191.8319899  241.6605405  886.7684974  135.1746908  -109.4871401  395.5086987  63.08777792  -278.182437  469.5233469  181.2584869  204.3329118  -122.5565807  692.1169453  13.52069263  67.39721127  327.3404077  299.9539937  -97.76074804  331.2714591  101.0522877  -63.40977308  99.37796309  
138.4662378  879.4335421  14.62095628  -61.29386836  200.138998  400.3188753  41.01515334  685.1522515  193.6414089  257.6234469  886.5397875  127.8062054  -102.1879986  392.1968927  65.60478484  -273.6776107  474.9572952  188.5173935  215.3249103  -118.5940004  693.9140115  10.99951909  42.13404402  330.1182553  279.1483758  -109.519532  338.9056694  111.986513  -49.50292132  97.67245915  
138.3280609  874.5032512  19.67703475  -64.98513129  194.6328746  415.1826584  52.62987593  693.0528262  189.0202808  267.3707471  884.3146794  134.8388548  -85.13216423  385.2236019  73.3750495  -273.4816995  473.6856588  187.8627406  218.8481288  -129.8245466  679.9374382  4.707829119  37.83079635  334.8584479  268.7176646  -111.6146152  331.0344279  132.0802717  -57.05523117  106.0264734  
136.7090186  880.90036  22.57275061  -60.47234428  195.45786  399.9407647  52.16069477  689.5900913  203.5500939  267.9752443  882.7066242  136.907517  -93.05276962  390.5403596  74.10021455  -279.2865498  480.5010319  186.3544036  213.1513211  -128.5239865  675.4124287  6.164957833  49.69167354  329.8630773  274.1537533  -103.7475539  330.8263017  124.0649519  -56.10282341  102.32224  
142.1279712  888.024137  16.8546899  -74.93003662  197.7373224  415.9041284  43.61558384  684.3618248  186.2234981  280.5000962  864.9069926  125.5840595  -58.50257356  394.9085769  87.40999486  -286.8347664  493.4565979  199.2678266  234.1580021  -115.245891  682.0628481  -0.342527855  44.25455118  346.6990299  246.402025  -105.3119244  318.0205702  120.4119134  -46.13287117  100.9695172  
143.5866922  896.0946222  17.82263452  -67.89357744  181.2232324  411.7408726  33.4192153  687.4029632  180.9980811  261.2991035  865.6072666  112.1634752  -61.80133443  397.4620146  83.03780292  -286.3031607  484.1336866  199.842152  218.0874898  -97.13180628  681.1041145  -5.211154703  53.79123135  338.2578173  230.3365065  -107.3389403  294.8401401  113.7943779  -69.5141722  99.54975623  
144.2306367  889.2459807  12.84785265  -62.05032725  197.560685  405.779019  33.09206473  675.9505894  190.381853  259.6865438  875.4548553  124.9578768  -75.44117222  392.8705874  78.39678645  -288.4273775  491.7476499  195.3604659  225.641119  -104.60068  691.2821496  7.400894389  63.01173031  340.0241107  270.0827724  -101.2584443  316.8516749  92.44045777  -52.11415817  90.65324943  
147.5011404  889.3304056  13.17760442  -66.01136293  185.7585499  402.5610061  36.0817071  681.3452597  197.7486639  250.9984344  877.0330894  143.2021729  -72.57262863  407.753226  72.44525103  -273.8004637  497.3213397  192.1892762  224.7087355  -119.5842825  688.3666523  7.099821315  56.03432066  341.3931303  260.5740739  -107.3872658  320.0318764  110.1363322  -52.28191127  95.5197528  
146.0779356  901.6813844  15.1810524  -59.49823496  178.9588105  398.0853824  34.81963928  678.8482492  194.7207042  233.2476672  870.969915  139.5067817  -78.65032077  417.1116058  63.45121819  -282.9455849  486.6366582  192.8121262  210.1357414  -113.4962178  697.2103682  15.10589964  79.74451265  327.4531745  276.1872816  -94.74816868  310.2038856  93.90207069  -62.71150588  92.53679956  
148.2297275  891.0943178  13.91633945  -57.75509357  180.8946264  396.1915038  42.21493609  675.7608118  206.3833435  240.9193148  870.0998747  145.7769533  -76.66083725  409.7445313  59.10646747  -277.5726978  485.3632219  190.6942973  215.4076924  -118.5983591  694.7764443  23.47169719  68.37743678  334.0839352  269.5328687  -104.9807442  312.6516285  101.6512676  -54.01371734  92.13723076  
151.1316815  890.5981954  14.7863096  -51.60515047  172.7805333  394.4297917  43.80378104  676.7796975  203.0125589  227.0399696  868.5585869  157.3687962  -77.27328564  416.0973069  52.69152967  -272.1442098  484.5833158  187.9122479  213.2591135  -131.2899494  687.2977197  21.12644428  73.81822665  330.2348638  277.425009  -103.2936127  311.4564243  105.8133493  -57.92499022  100.8524366  
149.4179306  886.097695  18.06427042  -51.09242501  192.9486847  390.5033798  47.12048773  674.6203606  201.7822101  241.7537518  867.0902622  150.9907637  -68.22615936  412.4362573  60.46278767  -271.756523  486.8891349  192.796433  221.3864775  -118.5374597  686.9972696  22.10390055  67.70090402  339.3530529  265.2384979  -104.8074415  313.2521191  108.1508074  -45.03845726  95.95775973  
153.5312705  896.6511224  14.56270085  -59.57729954  189.384061  402.7434785  42.98730499  672.1778096  201.0807861  245.0605366  859.8534243  147.1372184  -49.37962762  421.5208001  63.28779614  -263.2555213  499.6044344  199.4683666  231.9997746  -109.0580687  683.4924092  10.9116352  59.39537346  349.7915395  244.344695  -105.1725395  303.0111689  117.2448956  -41.52024671  92.79221037  
157.154845  892.6300288  18.09112233  -41.62241039  190.8708777  392.9831313  49.02468879  667.2605526  219.4732668  234.1900474  866.3253542  169.6840723  -62.3912715  424.1296886  56.10703374  -257.468321  498.5009498  193.6377855  227.9411292  -113.6493999  674.5552941  27.15426351  61.00225678  339.8568145  264.0973722  -103.5193257  308.4303487  103.3403367  -45.43368545  90.66164274  
157.7085459  891.192524  18.71619253  -42.44202539  190.4423877  395.7687275  53.78827188  673.3373886  232.5038298  247.6314014  878.6956309  192.020628  -63.20527484  416.2551888  47.67000671  -246.0769672  492.7738234  190.1041742  231.6109982  -128.9250175  666.3293191  32.9360985  63.75446777  340.2488575  267.0832129  -103.3068402  316.6233343  115.5970212  -36.4608903  96.09671848  
158.7003923  899.7534455  23.62053754  -39.48333186  194.1540546  375.8718289  61.89475435  676.8679912  236.2841193  237.6976036  877.2585968  194.6035146  -86.64177085  431.9470013  49.79004065  -241.1490434  505.6616541  187.2711424  222.0949052  -123.4008377  667.0855786  37.99607973  70.99470704  330.5924244  286.3434383  -102.6175425  318.7811562  108.9305776  -40.44193918  94.31081675  
154.0680505  894.0656566  20.40392942  -48.82281585  221.38756  380.2437812  59.36161402  680.2184214  238.3759041  280.530413  885.7552473  199.5262674  -85.46027062  415.2741613  60.29504779  -248.5860906  505.4483791  182.5407292  241.8199328  -142.3525588  667.6081118  38.29068243  56.98889374  342.6875755  291.7128796  -109.897819  328.0513086  119.1187748  -28.49710232  89.33633167  
136.7465674  901.1150213  11.71138459  -53.84933578  198.4844699  386.1255488  45.1087182  686.0052172  227.2458516  274.6394158  888.1943795  178.3634501  -118.8614474  410.2040759  78.14343386  -256.7754955  500.7911687  179.1476188  225.8628205  -141.7094982  658.2858748  11.11274705  64.57737582  338.000309  305.0767531  -105.0011993  328.0412684  103.3973631  -58.61361825  91.54707687  
125.6056826  892.9446897  5.010450206  -51.21107965  191.1766884  399.0075946  35.58167663  676.0535313  221.5692458  270.0907836  885.5623618  151.7785173  -113.0856786  396.6307675  78.40643101  -277.2240137  496.155808  179.1334422  219.8990132  -130.4178193  666.2320035  12.56332659  68.13150989  333.3983049  304.1791818  -94.1131672  337.9613737  84.91867585  -68.74890478  92.48131379  
134.5950543  884.229643  11.88949622  -52.93476851  186.6032988  413.2723104  32.4442956  680.0946197  205.2121762  264.0978891  872.0315614  140.1952375  -77.90342727  396.486624  70.82074944  -278.1434585  478.499221  191.2361868  224.9970566  -129.1626218  672.0900579  12.48820101  65.85994036  336.2209155  277.5237775  -98.78355269  330.3878278  100.7834355  -68.39881939  97.8085605  
151.7787236  889.3646043  19.31496356  -55.85252743  181.3163028  401.1934118  35.07709621  674.2984347  194.0201343  241.1383817  869.6185015  139.0742171  -75.19652206  409.635694  64.52452675  -271.8586829  479.7567521  198.3920509  222.1023786  -116.5271498  678.1336036  14.23369164  59.22843424  327.2141  272.8874942  -102.1733203  322.4564925  94.62133895  -65.7242555  97.19301423  
151.5930298  885.4505305  27.52579722  -60.60108065  184.8472187  393.9280086  55.73794995  678.1009312  207.4681471  256.3090041  878.0877942  142.5143196  -73.0092348  402.6294815  67.19403441  -256.5151491  490.6372609  192.7948903  229.2592807  -106.1174875  670.3838475  14.41544297  55.41677226  342.187297  262.9565273  -106.8860766  316.6861636  108.6805695  -52.91338255  95.56219221  
144.6811911  885.2749057  19.75204867  -62.47264468  200.7786122  387.3570793  62.47157887  679.6109996  220.3790639  267.2686272  883.2638811  168.5754315  -73.61303052  409.943519  70.48115144  -262.2245133  509.1460161  186.5457866  237.8217453  -123.9629253  669.8656132  26.71305745  58.26801014  349.5461474  278.5185377  -109.9507546  318.7816735  105.9792768  -42.89063061  88.29060293  
131.524577  883.4049302  15.88826262  -65.03047796  206.868844  376.4174974  60.77280622  686.3637195  208.1648835  270.6823122  888.5001434  173.1244657  -109.3018902  403.5118479  78.73487552  -261.0475954  499.2608915  180.6355399  223.292025  -144.0960474  657.4924139  23.45019945  53.58550931  340.8431848  305.1334659  -108.4233047  341.8509306  112.067915  -56.94284868  96.06298762  
127.3772524  890.4086002  12.63791463  -60.82499801  198.7335908  382.6486255  43.69396281  684.1679596  191.6675263  256.2867981  877.4097834  138.9838577  -132.3769449  403.810575  80.9968726  -272.184943  480.2042638  176.9465544  203.7546401  -124.9162255  679.9182203  19.58243683  60.8520392  336.3825744  324.3184497  -103.355963  341.7863013  100.178804  -73.94671538  93.20798444  
129.7616219  881.671705  11.64868374  -63.64294191  192.6109278  382.8191544  35.81223963  683.8049915  177.0386155  243.5181027  885.6976164  128.9715578  -114.8901515  395.2051188  74.54039275  -279.7473879  471.4120697  174.8166067  200.3681442  -116.3780595  688.1505041  12.74474169  58.4409187  329.4306097  303.9197613  -99.13844572  329.7836062  96.33884816  -71.45705196  90.78563193  
134.2885347  877.0496117  9.729296653  -68.82829035  198.0347053  408.2490436  38.7468835  685.1187892  180.3929647  257.2132226  886.0215143  131.7665146  -93.8878474  391.9209061  73.70424186  -272.2049406  479.4261445  183.7758573  218.7783103  -125.7032784  687.2628312  10.42748138  44.76177388  341.4426775  284.6741915  -109.5971147  334.9806114  117.4915385  -59.37851089  101.1121619  
134.0127492  897.6035217  12.9176632  -62.1373261  186.2877683  402.9590886  41.87097294  678.3624328  192.2079126  256.128296  880.7458489  117.7896829  -100.08316  397.6915541  71.11322693  -282.5434568  479.5638964  187.9898845  204.0992301  -106.6668791  703.0153626  15.86216195  56.94917075  330.303759  275.7509775  -101.1066542  330.2590194  98.69962736  -56.0617903  95.76911651  
144.1268212  890.5332743  9.66499116  -65.38808359  186.4454559  418.5266981  36.12213667  677.0032645  189.5238733  265.8838413  869.5293851  113.4505533  -71.72061953  390.3423988  77.07870633  -285.2961085  475.8907052  192.3841889  220.5784819  -101.1508665  700.0952194  15.37935706  48.87785769  337.0893562  251.2430638  -109.0498028  315.8646881  102.5931297  -49.23820477  100.4067775  
143.1089105  896.6460965  8.252231138  -59.12044445  180.1876531  420.1699229  30.41734798  678.4465777  186.0784121  246.1061667  865.0200404  118.3127279  -75.11726602  403.880925  65.40351429  -284.6030711  477.0597759  201.8211805  214.3707691  -98.36988301  701.6518656  13.60702997  63.55456739  335.5103983  264.4133106  -94.9432721  314.4214411  93.63511673  -56.56748744  96.33921777  
145.2826039  884.2508689  12.46289674  -62.64133192  184.862392  410.1458619  33.47938218  680.2195251  179.8623472  254.1712825  867.2395118  125.3362806  -63.98245265  399.5916079  68.46997948  -293.6027117  472.9237684  193.5011235  216.4186227  -110.3646034  700.3115929  12.39432414  58.20221211  337.6484607  252.104427  -106.7199785  308.2316307  104.6355893  -49.41662683  97.508738  
142.9577988  887.1706179  15.3872125  -72.38869024  187.273324  423.3008499  34.47401563  682.012745  173.1929817  263.9796511  868.1050977  118.5368375  -50.45061897  396.9818998  72.37340724  -286.6992568  480.7099096  200.025646  225.0037966  -107.1987293  693.5445914  1.572095944  52.97316728  342.4964591  235.3846053  -106.1457336  304.3858334  117.6510315  -52.85453071  98.82949902  
147.6158575  900.1990541  17.41084099  -63.01131508  189.4037694  403.5567247  33.33555735  677.4453186  186.3180368  250.7419887  867.4387745  127.0016169  -68.08903855  411.7758741  73.75145864  -281.1813112  490.4528351  202.7225009  220.4412119  -104.8911718  690.156366  5.73463857  59.44212222  330.4634956  256.358529  -101.303324  302.212658  105.7476183  -61.20626105  91.41076922  
158.7817603  884.8792634  19.83003959  -55.96970027  193.5272299  393.3356212  42.00588438  683.4618077  195.0000327  243.5220928  870.8173453  134.5034207  -65.16104148  410.0290138  75.41027756  -274.1488429  480.7090358  190.9074603  221.7642183  -109.5794211  688.0418897  15.41922626  44.51708247  336.9334929  256.1889816  -106.4061399  305.9810698  119.4532704  -51.77449997  95.55531304  
156.3706823  890.5574985  27.18253712  -56.94609984  190.0161969  414.7166389  50.45581045  681.3010633  211.6734123  241.3380047  861.306876  146.6685175  -50.58740708  414.2405741  71.91212889  -272.007651  492.8145021  196.8716239  233.8751312  -109.8056585  674.3866411  27.79771946  60.21722394  339.9719215  252.8903943  -93.86184578  305.378688  123.249451  -47.51526029  101.7355434  
