110.671282  645.6142227  68.63677541  337.3631927  412.8801468  343.0452081  160.7360401  732.5561097  71.89030675  259.406347  507.129088  -64.99264258  18.56366835  717.8831314  89.20872774  -288.6787425  505.1566395  109.9192629  242.8735011  -130.6884944  184.1366439  -228.0213225  109.2488633  457.7945165  81.3577287  -157.7737068  392.8374557  -5.221418651  233.0782457  18.67679233  
110.3803151  634.6839372  66.75265895  330.9035909  397.0719411  336.6554951  165.4702299  734.7549697  54.97584281  266.9338727  513.4990946  -77.94180038  5.711522052  730.7623997  99.23295999  -292.517889  504.9111752  114.7041991  255.7271837  -110.214305  187.0694092  -239.5236341  89.29189251  451.0482334  86.96955141  -165.0759992  390.8055945  4.948704009  231.6430297  9.421978904  
115.6441009  609.4266359  75.40177244  323.2850585  385.1200772  328.7345113  181.8013448  735.0910565  39.72010282  240.8854412  518.5680399  -98.05325641  3.030573241  736.4850333  100.6255626  -292.7185902  483.7698509  108.6647306  277.9004223  -90.4120473  178.3308243  -239.057282  109.6788887  444.1382829  85.01395896  -167.9455435  380.9913124  10.57559328  232.2244549  3.070710672  
114.8200549  597.5019458  89.7094334  308.9233404  375.9273718  316.2779231  187.0843205  728.0954066  38.07435331  250.3093428  498.7312977  -96.25198829  5.074860292  752.5538041  96.74039377  -295.2972421  482.618173  105.7442232  285.0787355  -96.27337129  189.6695269  -229.3169409  118.820141  445.2643185  78.24561781  -161.7182383  393.3055424  27.98084201  246.3944092  3.360951522  
117.3637235  605.7514785  72.98859094  318.3317377  366.4591473  321.1636811  179.5510619  726.0231993  47.91995688  251.3819713  506.5975278  -111.2716544  5.360052083  738.6418505  97.54744985  -295.0203066  481.1601263  108.0384674  270.2412251  -87.98845566  189.5356186  -232.5760481  119.5256189  455.063817  76.3703604  -165.4503926  388.1530298  23.20773013  233.4524008  7.139798674  
119.7230485  610.1777232  75.97331313  313.3976041  365.4467228  313.5720789  183.2557633  735.6344711  50.91991495  253.2527397  506.8208328  -108.5637943  -5.632374608  742.6226934  97.40625665  -293.4615265  482.1136266  111.7330059  263.4591567  -90.07663405  186.0140645  -230.5304094  115.7651512  458.2344871  80.86246049  -166.3613102  385.9042659  23.97820271  233.709419  5.887823432  
118.4810531  610.262904  84.20629117  312.1375983  372.6862195  305.601086  179.0620854  743.8652692  47.28651379  260.2411476  506.0005416  -80.81443271  -0.7315316691  753.5828696  93.02739619  -289.3133408  490.137317  113.9392266  278.3726173  -105.0771141  184.2902658  -230.2993272  96.02636139  444.7917993  88.0108359  -172.3721987  404.0153784  22.95679895  245.7196232  1.701352965  
117.8018298  600.5413698  81.833003  298.7580591  360.6055321  291.6646163  180.9493017  727.4264055  50.03784281  272.4149112  481.2131114  -79.13610742  0.4681307716  771.0092141  98.5589001  -297.4389289  511.5940536  114.4261175  275.4707446  -108.2366494  202.2319358  -224.6969964  85.95132172  457.1232865  90.76802579  -165.3079111  417.0004928  44.12022407  252.8116798  0.5553456027  
122.1990192  612.7475247  67.414413  315.665025  341.9568451  316.9511471  181.7698853  721.9464189  54.21144484  254.2281418  493.9932694  -103.7070104  4.885008845  752.5431816  105.4241574  -297.0314529  499.5202687  118.8627371  269.9736435  -88.02584478  196.8771235  -234.9484463  112.4158461  463.8060773  87.9588708  -165.0164248  397.8819736  28.95542048  232.1764014  4.08880645  
123.3657046  617.9688909  63.98678984  322.2506887  344.4452654  325.4202015  174.6315871  721.8220483  58.23040525  256.812943  497.7988027  -97.47652154  5.769374267  743.1890863  94.59003232  -295.7573273  503.0532183  120.37959  269.972208  -96.85464886  197.1209703  -229.0289547  106.4444605  466.0592911  87.43615577  -165.0070638  395.9413346  27.81635925  236.0977132  7.14028572  
122.7496054  608.1355317  69.07215346  319.3984799  350.6851454  320.3740389  178.4978356  724.1839829  53.85357781  258.7560694  505.7831922  -108.4730271  13.88726122  741.4139265  93.33392968  -291.1602813  503.7365168  113.0907395  266.2718333  -89.20712838  192.8900534  -227.1863022  107.2759736  458.1748943  77.33606296  -168.0523147  396.3021786  30.45116709  237.977115  6.217683846  
120.6540215  614.2548373  78.84384892  309.8416498  367.2593226  305.7162865  184.9406675  725.7005328  43.7822794  255.93559  494.0581531  -91.89475605  8.910870727  749.9930463  96.31281254  -291.5574428  507.5617948  112.3094367  262.98805  -99.62994541  194.5971384  -221.529855  103.2729804  456.8593922  84.16262085  -161.090951  403.4864774  35.41690932  241.5679161  8.56809062  
119.1608152  616.0103007  81.70677923  320.1698096  374.2238915  308.5991316  183.6576403  723.8387168  45.90093841  249.7191496  495.0213254  -87.97861913  5.49750312  744.3196934  99.65937384  -291.3383728  493.0748421  112.4286344  275.7979215  -105.1363158  194.8544956  -223.149354  98.4837533  456.8429679  84.80533997  -162.3423719  397.3848133  20.1391464  242.4764506  8.127562133  
115.23862  610.9054163  85.72683626  321.08423  376.3618505  303.2408829  190.6185342  723.7979197  46.58852228  268.6358875  499.379604  -85.72371468  -1.681832891  744.894798  95.26637547  -287.6546485  489.3618962  108.7734584  274.881102  -106.9365199  199.1136655  -223.33588  98.34869436  458.6052925  86.39101551  -163.9116411  396.9595217  26.67198231  240.9278218  9.38743803  
116.9639894  626.1250011  73.74909794  316.0747132  363.491962  310.6264286  189.62601  725.1801481  48.49363758  267.9014455  497.5183705  -92.90114989  6.812943623  759.5604974  104.0452797  -290.7075422  502.9535471  118.742089  273.8478439  -95.30263577  197.8192034  -230.4456251  98.82163641  464.0502949  86.46985691  -166.4700013  392.2929289  24.33168157  238.955985  8.683932357  
116.9232708  630.2985378  75.50158774  322.7662711  369.940262  328.0945954  181.4291931  723.635516  45.89445644  246.279235  507.7340004  -94.21095265  8.334120841  746.7648254  100.32731  -291.8749291  504.9627722  118.1444715  275.3715787  -93.05456712  187.4236325  -233.9621634  98.998804  449.5070519  84.63940937  -169.4693326  384.2436609  9.213888699  241.1710059  7.97032835  
115.8054697  616.2583137  84.15730066  315.0949116  374.5400354  316.341441  181.6644246  728.7662706  35.77812755  242.105156  511.0086694  -97.53295298  14.86476933  742.4817133  96.3261646  -290.6789867  493.3478103  107.8513303  268.8367118  -90.64347643  187.0761279  -228.8044796  108.069659  439.5748434  77.10584077  -167.8180978  395.9871474  23.38987674  242.3721626  7.491353403  
115.1010531  614.5367806  87.60946271  310.0055689  384.3952307  307.5873418  192.74483  725.695572  31.10034582  257.4286448  502.7607895  -89.10166608  14.04362481  754.9321571  105.7391331  -297.0359884  505.6844468  108.7368086  262.5195059  -95.65842465  194.71949  -228.0389493  81.8568974  444.1393752  82.61891627  -167.499075  396.6900741  31.14059051  241.372896  7.01409585  
115.4738094  616.9692523  80.87671147  310.6115029  372.911991  307.5861755  185.8274516  731.8493005  44.71182998  262.0692691  503.0620497  -83.20399583  4.964265102  762.85437  103.7196601  -295.4245913  511.5284943  111.9742684  266.33679  -101.9433145  194.0566368  -233.1774462  78.09134816  452.8250845  88.03299987  -169.0532879  393.700226  25.42095846  244.9405029  5.526594632  
117.167806  616.4947995  76.57476369  314.2202598  363.3495282  312.8329396  177.1152532  732.1301956  56.17000934  255.7655689  501.8484894  -92.37922293  14.50575567  764.0598938  98.13986711  -294.0431984  512.9253083  113.4506205  268.6660144  -93.52109368  190.3983248  -234.81466  89.24820523  447.2794179  81.88272918  -172.8269081  401.1032699  20.82496871  239.3814709  2.666466622  
114.696866  638.8265069  73.46225323  319.8052329  377.5787171  322.487881  173.9570842  720.8785411  53.64224771  252.8459653  503.6433838  -91.32188975  16.46674768  749.2763788  98.92417783  -285.0607769  505.1736367  118.9319995  259.6764124  -96.14442653  188.9729913  -231.5433985  96.82982233  456.0005142  83.86654695  -167.9418137  399.1936158  11.48423834  233.0255699  10.30492167  
114.8822321  637.3862272  80.64001447  319.6408262  394.690055  314.457418  174.9331468  714.5204805  37.15345625  243.1930264  503.5237532  -92.20171913  16.2104376  741.3892697  101.0695631  -283.6674678  487.6664792  112.3072641  272.5554575  -100.4394901  191.4245965  -232.892593  98.51078356  450.1247221  80.73249977  -161.6547061  390.1690466  6.857907119  237.0484391  11.23254058  
115.992096  629.395702  80.22669032  310.1216063  385.162846  313.0933827  175.2776092  707.7804204  37.85370232  251.0443819  491.2728306  -87.24508527  13.12084347  747.7100686  99.52446239  -293.725639  488.3257822  109.988819  268.6014985  -104.8148968  202.9843469  -230.319352  94.64659529  455.478027  88.02318209  -165.0114851  402.5310522  22.33269843  240.8846772  10.62828464  
116.8812918  626.8904938  64.13030523  323.5027404  378.1773424  324.0066976  175.2171507  703.9762356  49.99947659  266.6321979  490.8765262  -96.76186476  9.226012621  738.9185778  94.46008089  -288.1627319  499.8553139  116.4850869  263.1468225  -98.52889434  198.3188405  -222.5196556  102.6629792  475.5772157  88.10091296  -164.0646904  398.5680227  24.73013553  231.1435104  13.52655692  
121.4825285  617.8993753  66.57927937  321.6875882  359.4623907  311.4053992  176.3435992  716.4557932  53.77426577  249.2945809  484.1671057  -96.98324855  9.152738963  747.1217799  94.70376543  -285.4637735  497.9121353  115.7475328  263.3229233  -93.46730003  196.28855  -221.8612937  106.2605714  462.9433891  89.61510266  -166.8646941  397.4585294  26.59251659  226.9609803  6.690472709  
120.7777594  609.5891839  80.7062272  309.6519976  360.1514645  312.3051064  191.1647748  721.015199  44.84034337  248.4662918  497.1447864  -100.0491092  12.12244645  749.4449083  99.34171165  -294.0350588  489.9359876  111.6203983  275.428478  -90.52977564  193.0397146  -230.017714  103.0335942  451.5523349  85.53147929  -165.6833214  389.0761942  28.05071189  239.4463516  3.246777183  
117.0363731  608.5158997  92.46075443  286.8015956  361.845922  286.3136874  195.2238352  733.7411379  41.72336671  255.6411058  491.1089838  -90.82465931  10.75954395  774.3829386  103.482181  -299.4413866  491.381176  109.478088  265.9546032  -98.49098204  204.3313931  -232.50781  94.03504289  450.8804269  86.00452804  -165.0830461  402.0196761  45.28634292  251.9680743  3.614854515  
115.4088178  602.4580569  86.6788626  282.493677  362.1252817  283.8181122  192.5310585  728.3933792  47.29435099  283.7012617  479.0712263  -75.99225567  13.19966408  779.9839352  102.0201981  -303.6677516  510.5329016  113.6099862  268.8648299  -111.7281213  209.2505071  -224.7636756  77.60885883  458.7472088  92.67237933  -166.2104922  422.0139829  57.89481384  257.7528101  4.670497485  
121.6201855  607.9565195  70.52028318  298.5724006  334.3235553  310.0065973  192.549689  715.4700291  49.18398522  260.2666299  482.8450544  -92.49534348  14.55140754  768.6340947  109.1424038  -303.2240253  511.9296241  117.9193029  269.652972  -91.71933437  195.9280784  -233.2421694  106.9405862  465.5108748  84.58603713  -165.8469055  406.3730037  41.30367024  241.9482124  5.767101676  
121.0513522  625.948772  66.26071347  323.1067513  360.6138728  337.4547681  180.9202076  713.3411439  55.16664466  251.9697258  499.630255  -101.588947  20.42665345  740.4961888  106.3731268  -292.2772472  499.7400656  115.0473686  274.2063354  -92.12916002  189.4988282  -237.5996982  116.3578153  461.807592  84.58070183  -165.4163747  387.759543  8.248024267  231.1626766  11.50071052  
114.577685  625.7112971  69.86610711  314.9894615  367.989771  308.7176806  173.6427929  723.3907132  48.04055213  252.3475267  487.486039  -85.26258321  10.50310175  752.9634115  98.76203145  -283.2308589  492.1305733  110.1237227  267.8495074  -111.106865  196.4904318  -222.7160053  101.680962  464.2385932  80.17227195  -160.6377032  393.2364989  21.78886301  236.0208286  12.28244156  
117.9373806  634.6944372  64.10312987  320.8694769  361.7842305  313.5711722  169.10419  719.2273587  49.80395886  258.5597305  481.066565  -87.62633877  10.41402037  752.6736244  99.60312011  -280.3977194  496.3326801  118.9602799  273.7586457  -105.2853552  195.4613266  -225.8955891  101.3783539  471.8149083  86.77604641  -155.0084816  400.5296775  19.15767108  234.5769227  10.5855404  
122.5607088  606.433189  64.04514434  334.6624521  361.5192874  321.1458969  176.5894186  713.9104683  57.35764028  265.3319634  489.0529586  -105.8436356  8.969841953  734.718826  96.96513583  -286.1287094  497.6308435  110.8412644  267.0026247  -87.92128263  190.3153479  -223.9286732  107.9200374  466.0239975  81.02961015  -163.7417706  397.241161  27.7983162  220.2105465  1.831224152  
120.178835  600.5706036  76.55206981  319.8564191  350.9737037  315.235607  182.5572206  717.9781587  54.1631653  256.0499014  493.2258332  -101.6203828  10.65572374  742.7307261  95.49967483  -295.9678653  488.5734107  108.2566844  270.2739576  -92.97906381  190.2587365  -229.7738968  112.5090149  458.7282071  78.67583195  -166.6236331  395.537423  31.04693805  230.4898806  0.1532065048  
118.3826073  605.2289447  72.13976843  312.851196  360.512939  310.912116  176.8752068  718.9057399  52.39746812  263.9113453  485.6287801  -104.0322199  19.71096467  744.4608364  96.14489383  -292.7394516  495.2567786  109.6823896  261.3166635  -96.15077716  195.0126465  -224.8513504  100.2273788  467.697879  74.0324836  -164.0609608  401.8089771  38.88357594  233.1991711  4.877297585  
118.7497312  609.8747037  76.58472365  317.8308456  372.329939  315.4451434  175.4088561  712.4424203  47.84856526  251.9325381  496.3169292  -104.3849478  21.77645604  739.2851074  98.96313599  -288.2723966  491.5728726  113.1486273  262.5117365  -97.10476435  196.2707606  -229.3017739  101.1576837  455.2596453  73.26092884  -165.7115441  397.2805003  24.75346869  232.5718012  10.36399312  
120.2756932  617.89485  73.23099885  309.3697604  359.4419635  305.4290856  182.9657752  719.0826365  44.58771235  251.3072058  485.9193732  -87.91901573  15.21135751  757.9272518  107.2453838  -290.3431214  506.4789382  115.0110057  266.3949311  -103.2818105  199.5443482  -226.6238848  88.52341533  458.9282967  86.26277885  -166.1473641  396.4677338  29.76228002  235.8845096  8.728623648  
122.1891118  616.0490036  86.88485862  296.7309827  347.9351362  296.5005714  188.0921846  724.9376076  45.28834511  253.9596694  489.7373385  -91.29277542  18.81596634  773.2625913  104.9679472  -291.7698267  511.9680545  117.2080749  272.6448156  -98.39616541  197.2900127  -227.2512289  91.04061023  451.5480706  78.78669201  -167.4627814  400.8006039  36.18738453  247.2476722  4.374398457  
123.0080814  619.6791536  92.18195308  299.2964735  377.8770643  306.175469  187.7747891  728.236125  45.57633515  267.9088334  506.4709548  -91.85114301  20.44658578  763.8964658  102.4946695  -296.6952606  507.5103393  115.5657345  267.7168842  -99.26994301  195.9504337  -229.4621494  82.54576314  445.2401308  83.49697164  -167.7578121  406.0988492  26.92524134  250.1819607  6.242112688  
123.8890844  628.3946972  89.68193763  311.3065109  378.9100227  320.4204359  183.0318422  733.2714735  46.73578967  255.8762155  520.7782843  -84.67454726  20.15654666  749.0058008  105.3102357  -294.7921406  495.4875728  109.7470422  273.9703423  -102.2495018  191.2712401  -235.6008898  90.50001823  438.4048858  84.24738823  -168.2653862  389.8630588  11.502503  244.8842275  5.349596375  
124.38535  614.1353938  91.38072192  306.8169353  376.5963407  298.953039  182.6683816  733.0217223  39.21996088  264.4725169  507.5666072  -72.2733978  1.992013049  757.643533  98.87151663  -292.588772  504.4887817  105.546205  271.6835184  -110.2853478  204.7926983  -226.1726847  84.37100283  450.4586274  90.86825485  -165.816439  410.0722197  34.61029256  259.3617125  5.809898306  
130.4392261  630.435411  70.75444272  329.8070537  334.3469301  321.3608502  193.1013847  730.2640452  52.71860753  259.0271284  506.2867855  -85.5729723  0.09552329534  759.9022179  108.7472068  -295.4087406  522.545453  120.4576391  265.3619818  -85.47382118  196.176773  -236.4396531  108.3966555  467.8345649  91.52808293  -165.9122851  400.0116502  26.14853461  242.2207645  6.843517449  
114.3037934  645.4983917  59.42325113  335.8257877  375.5096509  330.3198202  169.4196848  743.1268792  61.10868044  261.6368521  515.8516302  -87.5170907  23.85890794  738.8946173  104.3878225  -289.8737064  536.5681318  128.4596439  237.6636833  -95.41040615  177.4513383  -234.197858  76.33537148  449.2927673  83.63969681  -171.0687423  392.3618355  9.411367933  230.6424167  13.77538502  
100.2608747  623.5791978  78.20441442  327.4791232  408.171116  309.4624063  170.1967495  750.940525  45.51529074  260.1120602  518.2205849  -78.01436091  3.727751256  738.3024163  93.82583868  -289.7009952  490.8908088  105.8394732  261.3066326  -113.1595454  178.1086995  -228.8780887  87.77302793  433.3976772  76.86855757  -166.2499889  383.2737564  9.919250018  232.2268091  7.833457296  
102.9709744  607.0204701  93.17117436  299.2216446  377.7481921  299.0522388  178.2109448  744.4053517  40.14160689  269.2243584  503.7794873  -72.97483271  -1.99210332  758.5131897  89.76852431  -306.3410915  481.553243  105.610157  276.8430571  -122.9113383  197.5466513  -229.4548662  104.624134  441.5427203  79.18400905  -160.6507662  404.0425662  30.36190879  256.5442559  5.109729494  
103.1812749  609.2073629  84.03098564  302.0935135  374.2501706  310.8569961  181.1846561  735.6370936  47.4890239  274.5309571  495.4118386  -74.63272358  -2.745325141  759.0343379  95.42711083  -305.3478076  493.2028284  114.7283728  276.586268  -118.3520034  197.6406922  -231.6981168  101.4394656  447.9006694  87.34435216  -165.6822632  402.0880613  26.59334319  254.5631496  4.653683303  
106.6291744  612.0284877  77.38107308  303.380067  364.9837108  315.708668  176.5681502  721.7288325  42.46061714  269.3832657  497.9721255  -94.06355867  5.250691616  751.2583774  95.44009434  -306.106959  493.4649649  115.2989285  277.4222739  -103.3011525  194.6555037  -234.7139623  108.4168628  454.7827958  78.09013727  -163.5537215  403.4495806  30.34508717  249.0715713  6.516982207  
115.2123042  607.1321409  58.45054257  327.4006329  348.5383983  344.0057083  170.1654055  717.4700889  59.4847173  264.8802931  501.6687003  -112.9219322  12.08755829  727.0848139  88.73165506  -302.4104737  492.7348492  115.803874  272.6037581  -89.93249621  188.3029597  -233.5592226  130.7843889  463.9041282  74.71720703  -168.6093298  395.2668174  20.22919881  226.3983422  6.065771292  
112.4247077  611.1674158  66.25856616  329.6174337  362.2229926  327.0870993  166.4876108  724.657237  55.42885574  257.8662896  504.4797046  -105.4097491  6.092682675  730.2703438  92.47440231  -285.6833809  490.2056248  114.8672218  265.6917146  -95.78622034  187.9818418  -233.639652  109.7396574  456.0501347  78.38025145  -167.4219816  392.6930165  17.05311025  229.2015076  6.597372291  
113.2369109  620.6761726  80.94741216  319.7101988  385.569058  310.493371  176.030946  726.9285142  42.57734818  249.3416602  503.7140016  -91.48626023  1.937309742  744.8341058  95.24407963  -285.5697278  491.9171538  113.0102754  271.6702719  -103.3957826  188.8524541  -227.8692877  104.2089236  447.7406995  81.9510465  -162.8352745  392.5321104  13.94023935  238.4216276  8.486109473  
119.6399178  612.2501931  64.60125968  336.2858378  371.4177229  328.8461331  175.1966249  724.8861672  54.41086677  241.5051131  505.9450516  -99.44090373  10.8588543  735.5157945  96.2170518  -284.9234189  496.2589899  106.5375339  275.9429937  -89.93952127  182.1833052  -230.6645272  116.4439389  457.9323857  81.21090741  -166.0489028  388.2668635  8.205857516  224.0611465  3.174667233  
118.8456781  600.2292304  82.48293849  313.3246204  370.2308894  295.7754156  179.3068972  730.9689463  41.19273468  235.5911815  494.1397824  -89.24241731  -9.90695462  746.4361755  96.27001331  -284.1262018  481.345956  103.2520635  273.6433682  -102.8801839  197.3086109  -228.6975406  117.2668215  454.0745566  87.05933281  -160.660296  395.235057  28.49414775  248.606756  5.347977353  
121.1378568  599.9624278  80.3276778  316.0708941  372.9388765  310.8712344  187.0702012  716.4518847  43.94974604  250.5059127  496.761981  -100.1244085  0.7916447772  741.2980311  90.18977839  -290.9019515  489.7705862  104.0552573  269.6333503  -95.34187758  193.5841529  -225.7173848  124.1405079  459.3400579  80.31779307  -164.4785537  406.1046509  33.81375653  240.9134102  6.413326227  
124.3361887  597.0089998  62.21327568  330.5702645  359.2311704  335.0780509  183.5265034  717.0717982  48.46412332  242.58425  493.1947802  -113.5011279  3.580022263  737.4290835  100.4793606  -287.4497449  493.7188051  110.6931001  268.3372233  -79.56157066  183.4693318  -232.8571966  130.0304719  470.1595291  80.93783276  -164.4568953  391.3188748  24.18626508  224.906867  5.742014016  
120.6464932  596.3783195  72.67365292  325.4422182  370.1625682  319.89671  185.0114925  729.037412  48.03869443  246.4940602  499.037002  -107.6174642  -5.533860349  736.7941227  93.35217606  -288.1566507  480.3999312  103.7313283  270.4387914  -87.90284665  187.6676009  -228.4687253  123.5194014  461.9741184  80.66716671  -165.0263333  389.5505287  26.36297581  231.3268875  4.241010833  
117.5314116  618.6934046  72.47483903  322.6808719  386.1075874  327.6875954  180.7438851  734.2966095  55.51153289  260.6139197  509.1898096  -96.83778643  6.364311648  743.170122  95.2602504  -291.174959  507.7428056  110.7286467  262.3738019  -96.19726087  184.5332553  -231.2797553  99.31663986  454.4823686  86.06074719  -166.3901711  396.1690063  12.42718094  238.2630948  10.10570474  
116.1386468  631.7231426  65.31266154  347.6250347  393.3354622  358.1340099  172.3966889  745.5198597  60.42780301  254.8465932  534.3605564  -94.8093257  13.50283961  714.4390933  94.54157476  -288.0341315  505.8260278  117.8162617  248.6158108  -94.35728301  161.6405783  -234.6801187  101.9178767  442.0358255  75.36731559  -174.8867257  377.3898703  -9.398066762  213.8793831  10.57219792  
111.4890026  628.2783548  84.20299072  314.92148  400.40306  317.2700291  171.4460606  754.725749  44.79716342  252.4957021  516.1095508  -73.61860594  6.872932955  747.659886  95.48747338  -289.1274823  494.6197677  110.4731818  258.9589546  -115.2152406  175.2007792  -224.089107  85.90978983  444.222599  81.76704466  -165.6641927  385.3639595  8.699094081  237.7030821  6.607825407  
111.2308935  621.6304985  82.71906442  304.0975403  379.2128536  298.1967216  182.3330958  742.5551625  40.52201637  262.8136749  494.6269166  -72.3593814  -5.852081011  762.9755684  100.6598532  -296.5940429  492.0810552  109.3237257  271.4880216  -114.8318109  201.2131273  -228.6465909  91.29204399  450.9914938  91.39790635  -160.190099  399.3341417  29.51969551  251.3577628  6.059864248  
121.3541943  618.3205713  67.80588658  316.5149446  350.3898285  325.6890749  183.6274178  731.1399385  52.54808091  256.203633  508.3958308  -102.7870395  7.073543658  748.8407237  99.20796951  -301.5691172  500.4785257  114.7169682  268.6807291  -85.9721087  190.7895229  -236.2644212  115.4526077  462.2264292  81.51066175  -166.0734793  389.0800002  26.07710315  234.0872001  2.142124216  
113.2240478  619.6917631  83.64784514  306.8159752  385.9601318  306.3194526  186.9722763  729.5465486  46.71505478  270.1943237  498.3804337  -80.44993079  7.336973198  758.3698401  102.920807  -302.4141878  499.0455866  115.1857225  269.1746804  -109.7379438  197.8933092  -234.834584  96.1983772  459.53912  88.23732784  -164.5130015  405.9335275  26.55836862  249.2938471  9.466534239  
115.0775387  628.2417704  71.03238019  328.816077  376.5715563  323.0899977  181.5042522  723.601133  53.38542128  266.8973369  497.9468228  -82.89260471  8.984927914  744.6664088  104.5394126  -294.8068448  499.9674058  115.398894  264.4267627  -106.1320651  190.2687148  -235.0289401  116.1177604  459.9225467  81.35394979  -162.2544416  395.6381827  16.92246141  232.7655709  8.738845127  
113.5148255  615.2496456  74.39826279  328.7533884  374.3762243  333.8697163  178.5307693  722.4986431  48.12617928  255.3199268  499.4007117  -90.56655582  4.565269373  728.6487638  93.1004269  -295.4890377  484.1380877  109.8245321  274.4346234  -103.9828915  185.780113  -228.5878203  136.9012902  461.6086466  76.13780307  -158.7726031  389.6064711  21.43900431  235.9618114  5.688259115  
117.3182518  610.3195523  76.21216535  325.4650115  376.195575  320.7700066  180.9743244  724.4385869  46.31505236  234.235859  497.9548922  -95.22760998  0.7467933728  732.362295  94.43346037  -285.2085761  481.3504258  107.5012358  276.5160974  -98.72949548  186.4509848  -229.1145338  126.3602702  458.0332109  81.93321678  -161.2830098  393.25293  16.09791323  237.1765725  11.37636845  
117.5468268  601.9166827  77.98588798  315.4271362  369.9166474  303.1854238  185.1736216  715.7163138  46.50247346  250.7637166  485.8338006  -92.96926053  -6.186732687  747.9363971  95.22326134  -292.97402  492.2710816  105.034112  270.1880949  -99.43984706  198.8843483  -225.3083215  111.0947697  461.7132556  85.87991094  -164.8630724  405.0301107  39.18352893  243.3047998  7.237980362  
124.8869919  606.8185791  55.80003564  337.7554084  358.577768  330.5534567  173.9992127  723.8676979  64.66744435  244.4594981  499.21551  -109.6967914  0.4534440165  732.4121392  91.08442589  -286.0845791  501.0516217  111.1660316  257.2106303  -80.67509112  182.0075081  -232.2352569  122.7579599  473.0889475  83.51802115  -169.3326171  395.1507286  23.81122829  221.9402891  3.994160527  
117.9968583  607.0981961  81.37984657  318.5388868  392.6424475  311.910841  173.1758725  726.7057528  47.61930765  244.119643  499.5437034  -90.11386623  -1.561331245  738.3782784  94.0643879  -287.052729  492.4529964  101.0522818  267.8525808  -103.886037  188.2697784  -224.7904672  102.9121188  444.6410533  84.74686444  -167.3889889  405.214142  24.87232271  246.0027392  10.22804745  
126.5006711  608.0011065  62.2057521  341.4845263  378.8351515  325.605428  163.4634843  723.0191386  55.77189419  237.7889039  503.5772099  -102.2301664  5.858131534  728.780178  93.81094199  -279.448994  497.8930193  108.5861564  256.2917516  -86.89612265  180.682638  -230.7139738  105.8782434  451.1260041  81.83352882  -169.830405  402.7184696  17.9815822  222.6204757  7.237863635  
126.9755006  612.4954491  65.19048791  336.3376122  364.9435905  329.6834508  173.7404966  725.6747249  56.0946882  233.5109908  498.3865741  -112.7258185  2.872445127  729.6511831  97.23231535  -284.689302  499.0564949  113.7848621  259.9821792  -79.47482008  180.0305886  -231.6893396  105.3478779  457.198842  88.81514289  -171.2973408  393.2688751  18.19848022  222.8253855  5.55538089  
122.1068329  621.1207767  72.78088047  320.4537854  363.3201483  315.1346676  176.9713899  739.4153471  52.42301748  243.5087183  499.1888126  -91.55019542  4.166715441  756.9124831  99.33614613  -286.2225752  509.1590374  122.1945278  261.5724103  -91.11144942  187.9211716  -231.1390398  79.42271413  449.3021283  95.3493608  -173.5275199  397.0324897  20.78153382  234.1625423  4.743508355  
113.3812488  624.0298056  91.4972611  303.3874215  392.5559022  298.9085352  180.0284122  735.7352459  40.62283106  264.0347196  502.4454788  -83.40921774  9.767833001  762.4789699  101.4578454  -295.0893106  492.8710092  113.7318354  273.8681631  -104.9215129  194.464817  -234.2873626  85.56660033  442.3702044  89.4315257  -160.2484767  403.2794352  21.85402959  252.9105557  7.908815429  
111.6575498  623.6570607  81.99060426  315.1381237  382.4027797  323.1610079  181.8147131  728.1484451  38.46308416  261.6698683  503.1672247  -88.42337116  4.884005025  747.9331459  98.35510771  -303.6492404  489.3933813  112.787564  272.7427171  -101.8003179  189.6624179  -231.8012011  103.8970641  445.6406061  84.24273835  -166.7202722  394.4771934  21.85007075  237.8173462  5.674620835  
112.3533388  624.320002  82.46363688  302.5734092  367.0622237  315.9480547  180.8977042  733.5711129  43.33231876  262.8346302  503.8057399  -92.25214703  3.524528186  752.8403204  94.49876167  -302.0993832  490.0101663  115.1492934  274.3696761  -100.7937746  195.4726658  -231.2658982  105.6162699  453.7048415  81.87238128  -163.6513718  389.0272386  27.27105977  249.0164594  5.451984081  
117.4575479  617.7858051  90.05434096  299.049392  381.3891025  320.5367143  181.5010033  734.9631513  43.77542311  268.4184894  517.1109166  -87.13824171  4.564393678  739.0254242  92.30243923  -309.1282968  490.9188929  111.5371314  267.4562529  -110.3448742  199.3178287  -232.4115113  98.60832957  442.3392314  86.11700187  -166.7859044  402.2990037  27.14765199  257.5635888  5.537680611  
127.3049764  628.6332805  67.73342562  321.0310553  367.5809814  322.8360806  179.0176603  732.403165  62.27808004  269.7432756  497.4216588  -85.48825596  11.55939961  749.9142097  101.4330129  -299.4126403  511.8375498  121.5863551  253.739295  -103.0150312  195.4748942  -227.64874  95.15192317  465.9966114  93.1571274  -165.9668032  406.3837792  24.20818394  239.6899294  7.130582525  
120.3970715  632.7041368  63.14206809  337.2645376  365.8157431  331.0763092  180.203681  726.172196  64.03229534  257.7010572  497.6895366  -94.25574846  17.99007214  737.189319  101.5022127  -296.7993658  498.0799398  122.2576278  252.9029509  -97.82565792  186.2777385  -228.9222726  111.1280105  467.9582204  79.7933117  -164.8617447  391.3096682  15.37926753  224.5916862  12.38116943  
108.1173114  616.694071  80.27976479  316.2615018  387.2311355  318.8492381  173.8715624  735.8233945  47.10501684  264.7905236  506.919024  -85.69527727  7.776138683  742.3464563  91.63917744  -301.1395381  489.1799979  108.5972089  261.9687528  -110.5874834  193.6819561  -224.8677012  102.6179774  447.0856451  76.03638406  -167.2801683  396.0371642  24.67886216  242.9053623  8.627804295  
123.5686346  622.2308092  76.58678958  309.9554022  373.1021565  302.7350453  174.559866  732.603381  46.53690005  265.9126052  493.1224246  -90.21464654  5.500171079  759.2976521  100.6740426  -292.1107117  503.9638593  115.9003739  264.895945  -99.94867383  203.9593602  -227.9723417  84.09744947  454.3779949  89.8461456  -166.2098459  405.3068389  29.87002109  248.1701849  4.715940432  
134.5794155  624.1146444  68.60666911  317.9047892  339.5625798  312.1928964  187.7427933  729.5568184  63.32210718  259.6525981  494.8381004  -103.5746  3.549312712  750.4004002  101.0339901  -293.1639772  508.4205074  121.4454588  261.7149994  -85.48391751  201.3468715  -229.8326372  96.29388259  463.7886287  95.27755694  -172.6649702  398.3329751  27.50916646  236.7913993  1.874606449  
129.0492941  639.1713324  72.73945513  307.1243749  351.1778702  301.9000894  185.9517392  735.1161595  63.14261436  263.2454226  495.9368371  -93.84362588  10.85073202  763.5927557  107.9699961  -289.8858837  520.4243837  127.3795554  252.9435933  -95.48952483  202.5960294  -229.9374326  78.01982304  468.1904659  95.60168871  -166.408037  395.3402244  23.95737372  243.3586367  8.216612963  
114.4793175  630.0641378  71.93252785  323.6517881  392.496838  328.3856706  174.5901894  729.4231989  54.52398976  264.9658063  508.1259171  -92.78679489  19.93738025  737.5489432  98.58996977  -291.9577683  507.4776882  117.9999011  263.7269776  -99.31680036  185.8668104  -227.8142769  94.86088051  448.5765992  82.05482305  -167.4588055  393.3039601  9.764793241  234.2957085  11.03293673  
108.4326689  616.0369843  82.72997367  320.0081663  381.8070903  338.6402345  181.0245722  730.9233485  42.72045522  250.4121539  522.6638107  -77.12129406  10.92604329  733.7156582  89.64477466  -301.6226863  481.4342391  105.909928  272.3894465  -112.7808203  175.6963097  -230.9483305  118.3782689  439.1210008  70.36779989  -168.3934795  381.6259028  9.736258121  237.1380008  9.432903605  
106.7101768  616.8932435  78.90424477  305.1354888  391.8387793  330.1452139  173.9306976  723.0607521  47.27641592  264.086179  511.8211292  -87.73741602  11.79267376  736.5759611  86.92220343  -306.0621795  491.4658807  106.7019441  274.2919676  -113.404058  187.2335225  -229.6735174  114.1497864  447.5048178  78.45997666  -163.0697051  396.9537146  15.52080469  246.9261257  9.574794782  
112.1386225  620.2988261  58.87966785  327.3893901  369.5522676  342.1782158  175.4358932  734.7526207  60.68299794  268.0066879  520.7413927  -93.94315715  8.241108587  736.0658917  94.94901705  -296.0682709  507.9091878  113.6149132  264.1493166  -95.21581668  182.2192273  -240.0153234  106.2085407  456.6252571  86.35505787  -171.4296961  386.4466221  8.150757047  227.7861917  6.218455215  
104.5153722  627.8309456  68.42171105  308.5750251  373.8792971  302.5688735  173.5294804  745.580072  55.79975548  276.2765088  496.4135835  -77.1652124  10.7799437  763.5786088  96.20325712  -289.9308896  504.7518169  118.1266624  258.8301847  -111.9547716  192.4360636  -234.8884962  95.02899193  455.8267645  84.87107151  -160.1000489  403.6529887  28.00924843  242.4121086  8.622252667  
108.3702946  621.4876241  71.99351161  319.2067204  374.2578329  322.5670852  179.586875  724.7213989  50.94539847  273.3024205  503.0331349  -91.46058401  14.08609286  745.7821391  94.05054977  -295.8070171  487.1639971  114.1349142  273.1948958  -103.8285327  187.8721883  -230.5236607  112.9713266  456.9484348  74.10080571  -159.6893001  391.6898787  19.4252539  230.7017395  8.281313274  
114.3078911  611.6119897  73.88560714  311.0416848  365.9757158  317.6736965  170.2906691  725.266513  53.40795674  263.6762162  500.7069427  -93.05613246  14.8135532  750.752634  90.27729308  -295.6718519  492.5949218  110.9564736  274.2917384  -104.7500306  198.3553776  -227.2347112  110.0333209  457.8252253  74.6202663  -164.3905026  397.5191641  28.13364162  242.377829  4.593450812  
120.4806513  618.5939133  77.14286476  305.9970837  364.4467414  310.4283422  189.4862686  717.3415707  50.33548041  277.8453595  494.2660829  -86.2654057  13.25276426  760.30829  105.4470203  -295.0219414  509.2575275  116.0001112  272.1503532  -102.4322922  204.2988558  -227.2574153  85.75219445  471.8329756  92.89337667  -163.4044513  410.6529153  34.31464846  251.036038  8.672975506  
131.5243574  625.8754091  70.18866036  333.8050258  356.2912782  321.327847  191.0299516  727.2082705  53.16064514  262.1716548  503.9391475  -93.01486168  7.791903499  752.2320984  110.7194986  -288.1910534  518.975529  120.3193711  260.9210955  -82.93250222  194.5756603  -233.3208898  84.8520296  468.9556092  94.75869719  -172.1064796  398.5451837  25.83594142  238.4308387  7.090672013  
121.0007327  636.6842546  67.82037483  320.0396158  364.9483039  311.3850516  181.8768405  737.4755748  61.26978605  262.5482307  498.8848644  -81.69128152  15.19637196  764.965291  108.8775761  -286.6333674  535.7965939  127.4795272  258.6716022  -95.35479804  190.4334934  -230.1774647  69.43621907  461.5010965  96.46919267  -172.4803275  398.856913  16.28555222  240.068163  7.177870331  
108.569886  629.5345721  84.26400336  311.8869027  402.0838803  314.8586273  184.3366463  732.5570897  46.26711741  262.7516177  502.6869174  -77.62311499  24.16894105  750.1016927  102.4684808  -297.5348389  498.4702998  115.4023128  269.6290646  -113.1360481  183.2153297  -227.7193458  98.41073964  446.8929768  77.33859989  -161.0557941  396.7105189  12.06929167  240.3804403  13.72955145  
113.9207552  615.3722095  77.5352909  319.8810753  377.2106515  323.0955349  187.3972246  734.0621254  46.42134041  250.402757  501.755482  -84.32869141  11.25160937  744.9586844  102.1946231  -298.94657  484.1941933  107.288042  274.4143812  -103.0506653  185.9494172  -231.505123  104.2262813  450.2578147  82.83973783  -166.7534338  384.6384943  18.59816933  230.8328713  7.97443879  
110.7956614  613.156863  84.85177395  301.0496875  374.7938  311.6297961  191.3273961  736.8037919  43.78640664  252.978398  503.8933933  -82.94739887  3.619281532  746.5277513  99.39684728  -300.0538159  484.321046  114.7439043  274.0721212  -111.1891152  185.8286842  -230.4739404  106.8197382  452.3873076  82.97123909  -158.8224065  379.9872468  22.49217265  242.5849951  8.232664945  
112.1476548  622.4692733  90.14195881  302.3116073  390.8167521  307.3195839  185.9590613  729.9829548  34.57172198  254.0991455  500.7218696  -82.32669641  0.337128667  750.2991184  101.6498647  -293.8549368  479.5820392  112.8581174  282.5233122  -110.2487869  186.6821662  -233.4656491  97.51341507  441.5680398  88.21908718  -163.3407051  391.7793107  11.97557367  245.5428216  6.053654881  
116.0893414  616.3010448  77.79445764  313.6029563  367.1336114  319.9700008  178.8348384  717.7572015  45.46938017  256.3115894  498.0098212  -101.1508984  8.49795478  748.4793053  101.7837866  -299.3594627  489.2697208  112.7212491  276.7388989  -96.83581848  190.8050361  -236.0799051  112.7226615  456.6575585  78.7230848  -163.2795728  386.0767426  14.25902823  234.0549308  4.880190996  
122.7541911  621.6730719  61.90124666  333.3266902  362.6917436  341.7040315  183.493698  720.3314164  61.46444329  249.418902  503.9465136  -108.6199448  6.411426627  727.4011594  101.1554772  -290.8753833  479.0982532  118.5448016  271.8614026  -89.83376151  180.138674  -238.1024786  132.1564694  474.5597712  83.38890159  -162.3752194  380.509766  2.885889302  213.9824726  8.357327535  
117.3770665  613.2199277  76.53168915  327.1577474  385.5908563  311.8155757  168.8919695  725.2497561  54.86815237  250.5481896  497.9037845  -83.68511175  2.841814817  735.1993648  86.93669941  -275.6406147  485.5780289  109.6362143  271.1476692  -113.3503262  184.6659898  -221.5767692  107.8332065  459.3934258  84.29564188  -162.7268534  399.6735788  11.16830419  234.2190341  11.58888693  
122.0142909  603.9075866  74.6710644  335.0915974  381.4275761  315.8684335  174.6943653  719.0887681  48.27831105  234.6118554  499.0523602  -103.0128302  -2.885773091  734.3612603  91.84631771  -274.050832  484.2784191  104.452247  282.7298193  -88.83165118  188.2761101  -229.0171796  121.6201949  447.3981081  80.99714865  -166.8174643  394.8063925  9.667991427  229.7136763  4.705518127  
129.8488688  610.7982835  60.86133035  337.8392154  343.6160726  328.2101845  175.4430309  710.8647773  67.20712393  240.1925612  490.3432421  -115.2228094  3.076893743  730.5222598  94.78225254  -282.8817465  493.3495866  113.8237529  264.2676086  -81.91151345  188.2323219  -230.2183871  133.7423152  480.0435787  83.96689615  -162.2690298  395.9642399  19.8089874  217.8597653  2.134096153  
120.6756927  610.1503289  68.29217602  345.4733632  379.5174783  327.8666249  171.2367814  715.2541344  59.58459256  253.5302874  495.2168308  -107.9827926  8.090880466  721.5629153  95.51927732  -278.7999651  489.2368726  115.7032543  256.374236  -90.94678773  184.4598898  -228.923864  120.5393452  471.4649133  80.08742879  -163.9527162  399.4641441  14.92989549  218.6838072  9.637839149  
119.9254021  604.7979808  80.15499961  331.703992  373.8715355  324.142597  183.7549161  718.9002324  45.45696114  233.88246  512.0758844  -104.1556022  0.2422163282  720.6456775  93.42855295  -279.8299402  469.6804964  101.3910266  271.1153042  -94.47934175  182.8781524  -228.8963693  129.6447986  454.112061  75.58772197  -162.2617427  380.2894244  14.94847426  227.4628099  6.066398489  
122.3547147  612.5646732  85.60605227  322.9257339  371.0376437  315.4776035  180.7950147  719.9428761  47.09588145  233.0358072  509.0810826  -102.0519722  -1.255666777  728.2864308  92.76667968  -285.1463501  475.6932015  106.4016685  275.6774689  -96.04537364  192.3022345  -231.0984849  129.4702322  448.2795726  83.21207603  -161.1945771  392.6809373  14.97916879  241.2503116  8.601535985  
123.5421035  616.7089428  81.4439015  320.3672643  374.1498747  324.5320894  187.9946851  722.5409293  47.30718025  242.2291199  509.064015  -102.0887159  10.29808874  741.6074069  100.6810157  -285.2673255  497.0790909  109.1621909  272.467418  -86.9619391  185.5346525  -230.6464962  110.1386485  443.5112147  85.89074706  -166.7822901  390.0331581  15.00124194  232.9289273  7.564442151  
114.8267187  620.0747339  72.93640342  312.5341582  364.7425923  325.4193316  179.3310915  735.8101123  54.90408094  261.3424683  508.4340447  -96.42235462  11.48370669  747.4712945  99.3987669  -299.6078531  505.9019843  111.411706  263.7889954  -96.12940233  190.0606889  -232.2747116  106.2262102  453.5271882  82.77339233  -164.2370628  383.9728204  23.09692786  237.0768846  3.818171246  
109.2448217  630.5750398  81.86926277  297.5263692  394.6821513  307.8076649  176.2542014  738.5807466  46.16773527  271.4004856  502.0180666  -75.94225168  11.4955899  756.4325668  98.45465648  -298.0259683  513.7588539  111.7142528  264.1601278  -113.2092905  196.1331644  -226.1399538  78.16471942  442.9421353  90.20186634  -166.6952405  405.758006  28.94808974  251.2261685  8.351295535  
115.9606217  620.9469203  66.03438661  310.8484248  369.7189735  318.8751603  169.4220213  731.1150819  56.15650458  262.0354896  497.3694036  -80.81485047  10.04678108  750.3328617  89.6761895  -302.391749  507.5144842  105.8782424  266.5450465  -109.0747233  194.9095872  -225.5768614  101.9399675  456.9083041  85.20952634  -165.986535  402.9777316  31.57758164  237.9012654  5.855324467  
112.7085451  611.2824709  84.62060967  294.8565935  373.7976541  288.5622242  175.9999337  740.7698414  51.09679144  267.0157789  483.7430569  -67.35038642  -4.239440236  774.3901925  98.00281265  -298.1752081  511.1271888  111.940346  265.2692288  -122.2845358  209.9442101  -223.8058886  76.84553508  455.8448763  92.49764954  -164.8554585  407.8315421  40.80020317  258.8834543  6.572263298  
111.9114455  602.367716  81.77338668  291.5286585  366.1783151  298.4404149  187.2841267  736.1989353  50.30276254  271.1440439  490.1066179  -81.09991695  -6.12428587  773.2354407  99.97729151  -308.8606139  508.0867647  108.1630569  274.1314529  -107.5417259  201.5037581  -228.5190185  96.91204008  454.5767982  90.32229031  -163.3555349  404.5461966  40.99175488  251.8524202  0.2455859049  
114.323498  600.0273442  80.31736983  297.9040018  370.638863  308.1557889  180.6524564  738.8536068  52.21734989  268.465558  498.2844496  -82.67446869  -9.398129827  760.9566976  96.54160573  -303.5615429  505.8203957  110.6168198  272.2522362  -108.8994124  199.3485941  -229.9659443  93.97640447  456.9558895  88.68564639  -168.5100122  397.8567246  32.84770383  255.2459359  -0.2662576954  
111.7667646  599.0047887  87.4126992  299.3090277  385.4158884  304.7149482  191.1606585  728.1095937  50.23259068  274.354604  499.0909698  -96.89337016  3.545641235  752.2115908  98.49213054  -307.7362102  495.6429026  107.1155495  269.7019496  -99.48880314  197.3339219  -232.9524214  104.2929264  449.2811065  80.82397773  -165.8825778  404.6871469  37.1058688  249.372094  2.86479733  
117.5929696  610.2124027  78.93644595  321.8973491  385.0071632  343.3844715  190.2809142  722.1655656  44.68760631  253.1570436  519.2685257  -109.3563968  12.79460968  726.946904  104.9074629  -302.8301609  482.5298643  107.0124473  273.666463  -83.33963519  179.0110155  -240.8607758  110.8666018  440.4167525  80.13864412  -173.7271147  385.3989037  15.52952835  228.2853999  4.417459789  
114.2177899  599.3748295  92.79510926  312.377493  402.3841604  331.5562607  186.5480591  731.030974  37.88775216  244.6693196  516.9916781  -99.02330639  8.757383322  728.1362487  95.64021241  -301.3656683  473.2779548  95.73909236  273.4975762  -99.58847557  183.5554034  -230.3305867  118.1404925  429.4774071  72.94413229  -168.141641  387.5492426  20.00785315  242.9463567  5.869261663  
113.2607662  606.0618873  92.42966604  304.8406457  399.4675016  310.7510565  187.0842661  726.6374115  27.4622776  249.3496256  501.7873335  -87.56700721  0.8894792789  744.7717948  103.6841142  -302.7505776  476.4882852  100.0814431  272.4066166  -105.8384638  193.3717393  -230.715447  110.4571849  436.1388955  78.68310175  -164.2720064  393.0198121  29.2054482  246.6782647  5.574808825  
116.8705652  612.629459  83.29100173  305.588765  363.5608848  323.9415025  191.1673737  728.8174298  41.68334249  247.0191481  503.087738  -93.46349906  1.724460716  749.9804558  102.8141161  -307.6817073  485.1928151  110.5053743  279.0851081  -94.7865318  188.0078995  -239.473566  122.2804944  446.5446638  82.97967396  -165.4763257  387.7006684  22.96078162  244.2930274  0.4092607157  
112.1070035  617.489252  84.36294919  316.1426635  391.1628812  319.9607604  184.3720986  723.9101446  44.69358556  269.8043394  500.0067092  -95.90336926  10.00820374  734.0644127  96.85966415  -299.9106106  473.6869542  113.7105293  270.6716939  -105.5322475  191.2290876  -232.7930628  119.1280992  451.2295744  75.51917955  -159.5827044  394.4872726  16.3059809  240.3447289  7.905146467  
116.2926392  612.9881437  75.15978245  329.8388944  371.184886  328.4863917  182.678367  726.7724449  45.26147661  257.3709572  500.8119074  -99.46506592  10.96207279  736.401378  102.8194744  -299.6161965  471.290383  107.6184795  278.6951313  -91.2506788  184.7151596  -236.7475527  123.4893219  444.7178723  77.30898652  -165.0164121  389.733871  16.18014837  224.5448322  0.2004477289  
117.2606457  612.8228012  75.7818024  310.9245689  370.6870323  316.1670747  181.8754406  736.6109255  49.28978344  265.5909002  500.5382021  -94.01992426  17.25757587  747.1275371  93.95340218  -296.8150936  501.8434609  113.3683331  265.1523325  -96.76782022  188.6918948  -227.6654995  99.40732026  452.9312115  77.46451677  -167.3850449  399.966261  32.64767265  241.991145  1.849797857  
115.6899973  618.1646801  81.20858469  306.5861835  379.9563275  304.9635077  186.7910203  728.267616  42.55772938  263.9590432  497.2291137  -90.14333761  8.765016351  754.8563271  104.7389764  -300.6809009  503.0841347  118.2243918  262.8797478  -99.58215472  195.0970594  -232.8491328  91.96544289  450.2562321  84.53199642  -162.2515276  400.7718825  31.0876829  247.6789175  8.389755371  
122.3495181  631.1533137  85.47282471  321.5628354  375.3109662  301.4830638  178.1444676  731.6238961  48.11399079  269.5512425  492.6548397  -83.26765649  7.164023832  756.2512726  99.5605431  -289.8898227  501.7233942  114.5063261  272.3680345  -103.1709365  199.4256592  -226.8274374  87.86963062  452.9613873  85.60656827  -162.1565848  405.6668583  26.08786401  251.0081422  6.428632865  
129.1279675  633.3413503  75.82529892  320.8212651  354.7170699  288.0613578  197.4703044  732.4100217  48.77838037  279.1824129  483.6090184  -74.39440954  -1.916147554  772.2883925  107.7546432  -292.2242036  523.6015812  120.0070409  270.2504117  -98.59693193  211.7985527  -223.2644085  79.56966146  476.83558  98.90935097  -161.5545792  412.5527708  43.49862144  260.3337813  7.869282518  
122.3734668  637.7099307  72.84733437  320.8531697  354.3594412  305.9271498  200.5950494  725.5575282  59.34143474  277.3783742  491.4533614  -78.35459748  7.443635093  765.6376143  110.4227583  -298.3506793  536.1908807  129.7175037  266.4225199  -98.6941726  201.6971405  -228.326065  85.73804659  474.1181961  97.9617053  -163.0546438  404.2025104  31.80210273  255.4777838  10.79556453  
113.6835344  625.3574119  74.61388131  331.6619284  379.8381582  316.1015028  180.4543531  730.1602789  46.93809135  265.5831049  508.0599484  -93.03115913  25.90271249  736.6188157  102.5082883  -285.2602555  501.0546184  116.7678127  269.5954004  -99.43955722  184.1235191  -231.7166667  91.84781237  448.8913355  77.83282651  -163.4041411  390.3713173  9.535084602  240.4995068  10.78671942  
122.0353786  620.719219  88.2004361  325.0218902  368.9239394  291.3744108  187.3938683  733.8807992  32.4862674  254.1016549  503.0257354  -77.96563724  3.291880597  754.884332  109.0830989  -285.8358647  500.9337401  111.1940913  279.2424079  -104.204355  201.2479459  -231.4947114  88.57704123  449.2811592  86.11332638  -160.7637216  396.5468572  27.67186425  262.3248875  10.0473737  
125.3378147  623.4781711  73.33663787  309.7130799  363.287847  305.0758418  191.9330163  720.7240334  50.67893791  253.9982986  494.7666621  -90.29339809  10.76585394  757.4630666  107.5347084  -294.3929695  520.0047775  117.8922592  271.2754005  -95.69246841  201.5888642  -228.9920417  98.39152303  467.4740218  92.06668481  -158.53862  399.0838172  32.10694485  248.4180532  8.774172515  
114.4384549  621.4505276  88.54127139  302.3539785  380.9700373  301.3420323  188.9188247  726.0063815  37.2630473  250.5882982  503.0737802  -79.81631759  -2.989457834  753.6922764  104.2047165  -297.4387855  492.714117  102.3225029  283.2781559  -116.4641251  206.7114544  -232.6502652  98.4939182  458.9097462  89.65625109  -155.1305495  387.608279  26.20076056  262.0787449  10.86920655  
117.4383967  621.8292604  71.48755757  316.3953564  360.9978729  316.9735172  186.228726  728.4601615  53.16928295  259.9505439  501.6646798  -92.34500963  0.8898402609  748.2079578  102.1998688  -296.4442313  507.5708299  111.6368834  271.8039325  -101.857843  196.2461224  -231.2496516  114.4456384  470.9572979  90.32771967  -156.7632444  393.2983091  27.43442693  244.2953789  10.51525366  
112.5314558  618.1827403  80.17102898  312.1710271  375.6231571  324.782718  182.6202658  733.6667368  48.18375058  257.1821577  514.243992  -81.52558625  0.1811550546  734.7157589  93.50132529  -298.5930152  487.0885404  111.1621268  273.582621  -114.2399531  185.6140894  -232.0560403  122.1337842  461.1782187  85.25840024  -156.5555901  390.8369066  18.68015438  243.4230164  10.19584429  
115.9821575  608.2653399  70.58501965  328.9911894  373.278139  330.9456099  178.5109324  726.199521  46.53176199  256.8221923  510.3168976  -99.59363805  5.682515145  725.0788789  91.51095186  -285.8062026  481.0132974  109.868962  277.8066868  -96.04115306  179.0582164  -229.3876304  123.3256079  461.7727717  82.47418798  -161.3710867  391.816043  17.66751074  230.0314359  8.561036017  
121.6899387  600.3615266  65.61032961  345.0951751  347.1782739  321.5140151  166.8765928  714.1680678  40.57378526  255.6038064  501.8590093  -130.3942344  15.23160723  732.1345983  94.81304675  -269.1330644  495.5480658  113.2567222  267.3144208  -69.69349401  188.3603469  -229.7182064  107.2007997  460.7905262  74.34535475  -167.2102508  392.216668  21.82728502  222.9291224  7.455296047  
128.6005097  615.1328483  72.53160411  346.637936  343.884705  307.1509185  178.3549709  699.563539  42.44744914  263.3662971  490.7302813  -119.6489954  22.66737058  753.2373725  102.4342367  -260.7115407  511.0926747  118.5131915  272.2379768  -65.17957138  201.3178601  -226.6941062  90.99281572  469.1375477  84.75000042  -166.4040778  408.4767014  29.58790158  223.2057104  10.10194947  
134.2760389  629.5459313  79.87404179  330.3625503  332.4671174  297.6156722  188.8689747  714.9499924  39.29728867  251.79774  491.9871854  -95.13590086  7.493925747  765.6579856  109.1677669  -262.3519664  513.2722118  122.3773183  267.9309548  -81.34840431  199.6457336  -226.4842649  86.14383435  474.3104669  93.4542007  -164.4722303  395.8865766  24.83611328  238.6858225  9.055766534  
128.453256  644.3816536  74.61243661  316.4828601  355.2429025  300.2397057  178.0292185  707.7661779  59.08408886  268.8879617  480.3857553  -91.25805464  18.69104705  769.4087779  106.2886209  -275.0402078  535.2856292  129.2816111  256.6922958  -94.79829718  200.5480445  -220.3595283  72.64184379  476.4592324  97.63245675  -164.4413961  413.0960661  20.30396979  238.4744022  13.97287764  
114.1165048  626.575475  75.56464148  319.119017  378.8361795  325.2351248  176.270822  720.9236674  60.5472923  254.3841326  499.4659609  -93.04566187  22.53477511  745.7259547  102.0646272  -291.2017756  500.5424585  116.4072709  261.2112133  -104.6023058  184.7610797  -226.2051822  93.38396755  455.3618058  80.55911139  -168.6564808  389.7877736  5.944665701  225.4548216  10.21840852  
105.4531963  611.5948385  86.66217944  301.2337848  401.3185237  315.535771  175.4560125  739.955016  49.0961473  247.9009135  513.4581068  -73.93718804  13.09147229  753.626272  90.96215156  -292.9774086  488.2803008  104.6741366  274.3376725  -120.029473  186.1398913  -224.2525338  93.73362683  434.7363979  81.93863645  -168.0630229  389.2948926  12.48300438  244.9105096  8.309863494  
105.6527316  602.4950559  88.01649928  291.7536002  378.646558  304.2953195  177.9188829  739.1292689  47.74616104  270.8362011  502.4778725  -74.09086288  6.026143643  766.8733611  94.18973773  -304.815879  492.8826828  103.2522566  269.5801617  -122.414671  199.9807037  -231.2941023  99.40858959  445.6872953  74.41461727  -163.6912465  395.707506  29.93100238  251.9823741  7.366126682  
111.0086829  606.8116766  72.48550897  300.8407387  369.489732  326.6122972  174.5268477  731.1442531  54.14572824  264.5123031  507.9357298  -90.42281805  8.347590332  747.6353838  89.30028003  -304.3194806  498.4941227  107.2605959  271.3028307  -108.562375  190.897527  -229.1881109  105.5600264  454.3420559  81.14498218  -168.1191284  393.599079  24.18998884  237.8871948  5.541163861  
108.8022439  603.9122484  75.45380868  288.1111242  375.571019  303.3617857  172.8204688  738.9820189  54.60680048  265.1320923  493.4317792  -78.23732177  0.4081352038  763.7989168  88.52429575  -307.6100352  504.0903705  108.525551  258.8977533  -118.3812783  200.7163919  -223.8857277  93.08790656  454.483263  84.51030309  -163.2288526  404.4815064  39.20413525  249.8315342  5.562643063  
115.841975  609.0416155  56.02815832  313.9403844  358.4454177  331.535684  168.220786  728.3115724  62.10638947  252.0490905  503.9633671  -106.9808993  4.599429044  733.7528623  93.99481126  -300.2291309  499.2068327  115.5700506  262.8830637  -91.9633821  186.1090934  -234.118104  115.6774421  459.975128  81.65069659  -169.9031745  391.1050487  20.26166459  223.7779471  3.039850608  
110.6655919  607.3610929  83.85920944  295.3877196  382.7254497  309.2350815  177.282203  735.0016654  44.81653619  244.9229792  501.7939515  -86.1591596  12.2284678  746.8442525  98.87421776  -304.642812  481.0887185  109.6116142  266.6202727  -112.7934696  186.3785697  -231.5136922  103.8801398  441.4617081  79.52469979  -167.1875622  400.5351684  24.51854033  246.5607959  7.379329258  
115.0417725  598.4794703  83.83137284  301.044429  366.0195469  313.9032677  187.11567  733.6253388  46.41275311  250.2601212  504.0399545  -99.9883131  2.228551113  746.4921623  94.38288381  -305.6836374  481.4750712  103.581048  270.4653683  -96.76095535  187.6589179  -231.2232575  112.6592318  443.0934031  78.68296344  -170.6869682  393.8967825  32.09131071  241.5544733  -0.6889443202  
118.3923  608.0015642  73.76814797  307.2782782  362.1188274  329.0462894  183.6110916  724.7409644  49.6546678  256.7437973  503.6416458  -100.9694145  2.600655922  741.1416214  97.42964733  -303.8382208  481.3886067  112.1895048  268.6839699  -97.32069648  190.2386082  -236.0502673  122.6682012  461.5127607  82.06394781  -163.3767305  395.7701062  27.99658451  236.9012528  5.474538371  
120.7850154  619.210391  62.42287344  325.9968262  358.8575217  325.7860145  176.8456273  729.50556  64.13539202  260.2720855  498.676443  -99.83046909  -1.159649004  746.7099474  95.16025117  -290.5429754  504.1498514  117.9634982  263.2546015  -90.87960757  189.3653738  -234.97277  107.9792783  465.6357976  91.49393064  -166.5223562  395.1550163  21.12648582  225.2749009  5.579973629  
121.0375414  613.487808  61.89550787  332.7612594  362.1256289  321.2017608  164.5451101  731.4180154  62.85407986  262.3974703  503.8707097  -108.157809  10.55577487  735.1365806  95.57546429  -288.3800783  501.2613441  119.5741773  250.8149899  -88.83793938  186.2438434  -237.8955907  102.9708447  461.2319554  78.93688973  -165.6396648  397.6116129  22.14698173  223.8947093  5.542647596  
120.1733681  612.099196  65.48537977  329.0067105  365.0190537  323.5349266  171.7082621  738.1827795  57.66980736  256.9791101  507.4737735  -90.817999  5.502732796  737.3161583  93.16053503  -291.0707843  496.5948633  114.8538333  261.6225193  -98.12625048  183.6478682  -233.9406689  99.80338136  454.0966257  84.6794143  -171.3784647  397.2112956  22.59729959  232.1666453  4.765353273  
117.7154309  611.9513455  79.17190755  299.3105015  355.7462355  308.3826176  177.4416298  733.7344828  50.16592194  258.2698452  494.0716048  -80.98915589  15.45799049  754.8761849  98.26054341  -303.163822  497.6906215  115.1825445  263.2141114  -111.0812275  197.7694963  -228.6770535  96.16118938  455.0131512  84.48278895  -163.1089487  409.8951167  39.49886049  248.0078276  5.386878194  
120.3388802  615.2822829  61.44907259  328.6750965  367.9823755  340.7243754  180.1054136  726.5651232  60.87931336  266.221947  509.2349691  -105.2822245  8.085503213  729.5838705  96.88185578  -299.5795591  506.6107205  115.0972974  256.7637613  -90.65645586  186.8519198  -232.6548452  109.5237761  458.2144092  85.00167762  -168.7306108  391.2503922  21.79479053  222.453379  6.260254376  
116.3314044  617.6797337  72.38996583  327.1586001  380.4501918  333.0712357  180.2484803  735.6561302  48.28416293  239.0040245  513.6711096  -101.5437388  8.913836429  724.4110079  103.7148386  -288.8676282  486.4638261  112.6916274  261.850278  -96.12021705  183.267583  -233.8307798  120.236973  450.5517585  82.23359159  -160.695115  375.5603517  8.691025627  228.7416824  9.08799742  
113.614336  615.760187  77.38118867  325.6736662  398.5798447  315.0735857  183.3086699  720.8197363  43.66382294  252.6748973  490.9726581  -102.8309458  1.311744749  734.7502843  99.01922918  -289.3449679  478.7842201  105.4027495  268.6052532  -97.27813916  191.9705496  -225.8655956  115.3116983  455.8176513  81.18193594  -158.6341831  390.5499585  17.01546468  227.7540729  8.819329737  
119.1820204  614.8379436  73.29466586  324.7496188  369.8243558  332.2532239  191.0340731  726.4812505  50.06444367  238.3817475  499.6529508  -93.49893527  2.607758672  737.5191015  99.29703924  -294.4210117  483.6642986  114.5320019  274.8972707  -96.83493719  183.1442828  -231.5347157  133.9190863  464.4022635  78.77704452  -162.3428429  383.4688727  14.02080565  234.3688928  6.814760606  
113.0472069  611.5743517  94.31121198  301.1177627  397.0127233  306.8712236  193.8503159  727.9293206  35.64008226  258.465375  498.134284  -72.48785435  10.12010372  755.4401715  97.74896567  -299.0321039  486.2615399  107.3267921  272.6506429  -116.98985  189.4504146  -223.7300381  100.6861576  449.5171259  81.52768255  -158.6142601  399.320048  26.70204202  249.931905  10.47766432  
115.7244796  618.8784277  80.51350328  321.0351708  376.1483302  321.6135185  191.4495264  730.4323398  35.48378661  246.9914458  506.0494668  -83.05372508  4.051085646  739.3781665  101.1741348  -294.510381  486.5395407  106.7241568  270.9989132  -101.1536023  182.75027  -225.4831281  103.4436481  455.9375896  82.53006077  -165.9615398  387.121397  24.37574339  239.6304627  7.636110722  
119.5764952  624.2360916  87.7674945  317.5652377  382.938667  295.7761696  191.0189048  726.377365  28.96191164  254.2824918  495.2920633  -70.78254358  5.966908181  763.4677922  111.2899278  -288.1968436  499.7691681  109.9061321  272.4141832  -102.4383691  198.4910724  -230.424734  79.43626362  454.8968378  91.29376561  -162.8591547  402.8216566  31.20212648  250.9253632  9.823207489  
129.5202454  631.844848  74.50127768  331.4444657  357.2097329  311.8228885  182.7979335  723.4920405  50.39306816  257.1694283  495.0963325  -80.55464919  12.79694263  766.540105  102.8478562  -276.0071413  530.7750014  120.0878068  272.4682198  -89.11161532  193.7754215  -224.1946805  82.22713735  459.849667  90.24330826  -173.6957211  401.9950133  23.93628731  239.2680291  6.054197724  
131.8231636  644.924249  81.92485851  316.2297545  359.4954525  291.6189497  182.640947  721.7886596  51.82277889  258.824862  489.610703  -69.62842521  9.329553978  775.0099163  106.7400095  -276.5720568  533.6596883  130.0859302  261.9725818  -102.4692531  201.3354358  -222.2680018  57.71950834  466.4204862  101.0818455  -171.2006091  416.3701416  23.79211604  250.694274  14.33144138  
126.7807957  647.7125169  74.75713345  320.8313344  371.3161479  309.8744302  179.9713073  728.53635  62.09309509  254.8507378  501.5784028  -83.21537863  6.494069821  766.9091966  111.3721093  -279.6256222  548.6228382  129.7921423  251.9258993  -91.92210487  191.6162446  -230.1798647  56.7278436  450.7511189  105.1790655  -174.9123602  400.5029787  9.60955233  235.0260461  9.783215562  
106.6135584  635.2341824  75.63797413  319.9578201  405.18025  322.2131641  161.2856398  735.5817006  56.78861706  257.7626334  511.4212834  -88.45528026  19.54934397  742.9507809  95.13571975  -286.6700157  505.0148353  113.6561843  258.9860144  -108.7358677  180.9320767  -230.9942705  78.86526258  431.1374434  78.56748264  -171.3555394  387.8551324  -1.374938739  228.6973597  8.413822079  
98.55288196  618.5058275  78.64512804  314.1876175  406.6151459  325.0390756  163.5157802  727.5997683  42.66419969  256.569314  515.9784957  -89.65283423  8.304212913  733.413729  84.38286249  -297.3598346  471.3371405  103.3298948  272.1783757  -112.6212651  185.9234123  -232.1817896  115.2225265  434.4210453  67.92827951  -166.6076866  387.8249204  14.59535806  229.8903432  7.607538515  
106.6778027  611.103972  67.79404363  306.2406833  377.715146  330.1888638  164.2589735  723.7875358  51.55395307  255.7844771  504.5480996  -97.53985748  5.229594052  735.2769386  84.82505643  -304.6676431  479.2079264  104.0562214  271.1682755  -109.1643372  198.2631847  -230.6930366  119.1705944  451.0973376  75.81201665  -165.7411662  394.7941844  19.53571031  238.8328964  6.064328669  
111.6560286  614.4104837  57.96680595  316.398179  364.0065916  335.0512534  164.4992192  726.4454018  61.80234742  257.8224203  505.3526868  -104.829328  9.418842217  734.46855  85.71771919  -295.9767863  489.160738  111.9425469  264.7864595  -95.0465345  186.7821216  -233.7119977  109.4044135  456.1780197  81.99104224  -172.0525202  397.4939439  16.54066307  223.7465729  5.077778546  
114.0563075  614.3515344  68.54912911  325.5686348  361.6243638  320.1169407  164.8431342  727.6251588  44.35250735  249.1282917  504.3152635  -92.11318642  4.949107725  748.6347124  100.668364  -287.0934589  489.173274  111.4007747  271.2295809  -93.83288159  193.4440843  -236.2352334  101.5212775  452.4319091  85.65703857  -165.3352819  398.5272228  25.07715677  236.3393425  5.682817733  
122.9560262  613.1422292  77.41841874  326.5361675  355.1396802  308.7187728  177.5017227  730.3684456  45.82292461  245.5583264  504.6388571  -88.69515106  -5.314371596  756.7486609  96.10270843  -284.2221093  506.1602716  113.1312232  269.6628878  -86.55402939  198.7931856  -229.9570296  90.40700911  452.6101952  89.83211191  -172.3969576  398.75572  32.61602795  246.6862807  3.133950357  
121.1131748  631.1795654  66.7716204  333.2197979  360.7754254  320.9375829  175.7943791  722.0427771  55.89956826  255.7258113  503.6082556  -92.17122792  17.07928063  750.5868466  99.06850428  -285.3036573  521.3532932  123.3301982  258.3389235  -88.15577498  196.1915359  -228.7794357  91.31054085  460.1115271  87.04731761  -168.7809251  404.8606743  21.80175276  235.619928  12.18011392  
112.6858698  625.0833587  70.77360853  328.6583116  379.9543463  339.8653211  178.1746524  723.8602089  51.57728566  250.1833491  514.0694061  -103.5497589  20.85105294  731.0494203  98.75682641  -293.177655  501.5266311  116.300513  260.3253851  -91.76502352  181.1242222  -231.8986775  105.146742  444.0860278  77.13253752  -168.3127737  384.0954299  8.578538657  221.7225646  10.0343716  
109.0735509  603.8971965  86.63752467  313.7777327  390.9602867  322.0601345  179.3952888  733.0701451  35.88878863  246.5729343  512.5977532  -89.60374682  3.326047486  736.5988538  93.17687921  -295.8253561  470.2627786  104.7542941  282.2861331  -105.5600129  179.264232  -233.1380696  116.714714  435.7790387  73.73056216  -163.3881153  384.8854395  15.47029686  234.981309  3.647201651  
115.4466148  600.6154442  68.19301918  310.5280854  353.7132478  321.042369  175.3822347  729.5204395  51.99950114  241.9159773  500.4807975  -101.3218487  -2.289832623  742.787009  89.63493007  -296.232692  478.8490401  108.3137413  274.3598548  -93.48922911  187.2109982  -234.0629736  136.6243819  459.5158096  74.83271267  -162.8595718  391.7306145  25.66804185  232.3633206  1.688920923  
114.8041879  607.794326  81.12623558  305.9287558  376.3624999  323.8224618  178.2604674  717.4496579  41.02214306  245.3201539  504.581585  -102.3197258  -4.139629911  730.1492594  86.88806486  -299.4997924  471.6883938  107.5407499  279.2668928  -99.90883776  185.1524099  -234.812497  132.7907957  451.8749937  77.46517167  -163.0978231  396.1849009  18.93317694  246.1558052  6.424665911  
118.6142767  607.4117794  63.74739881  332.9668989  360.9643846  347.9158961  174.8695704  723.0992928  53.21959106  237.1350345  510.1614251  -113.466672  2.59595336  720.3233881  95.39996357  -289.8291543  477.9913444  111.6701208  273.2631507  -85.111667  169.3281973  -242.2825642  132.131866  448.9119297  76.14991409  -169.622584  377.8748239  2.152557523  216.2273138  4.165164466  
115.3975831  603.9472883  82.74123314  322.9580635  384.267215  335.8904354  178.6406174  726.0560791  37.07283687  232.8885657  521.1129175  -111.5306933  3.107795874  712.7031334  96.22194985  -287.67419  462.2628524  107.3685103  274.6546969  -91.96939052  169.9588703  -239.1081607  119.3674435  440.7043236  73.24798656  -164.7816486  375.3473174  2.755345432  228.7847256  2.686165889  
120.3743871  603.6748834  66.12589326  337.782239  372.8093048  334.8036616  173.8297304  718.0562686  49.92156614  225.1589222  512.0427318  -120.2342364  0.6691925475  715.8633839  93.17097341  -280.1819258  467.9558958  104.3231028  272.5850797  -77.7589856  179.2039516  -240.1281811  135.7364072  446.3148408  77.04710728  -167.5194603  383.5052012  6.027306518  213.8488962  3.344787531  
123.5179581  606.3359241  65.41318555  329.7704185  350.3969933  317.2478333  166.8452246  717.8651279  54.01421907  225.7800991  496.6473887  -110.776015  -10.00280247  730.7311749  95.79979427  -277.8679397  472.7924496  112.3000749  272.7454883  -88.86492693  197.3453665  -235.1770605  124.6334572  463.9000483  85.88840288  -162.6808852  388.8794099  14.7265655  221.8745039  5.667369023  
132.3016013  621.485221  63.19056184  338.4805783  346.932639  315.8138319  181.8666419  713.7398229  55.75446146  241.5227634  485.826158  -103.9341733  -5.04665035  753.0821289  110.0790157  -274.8882619  501.8828197  120.0820137  277.8931647  -77.4148762  199.5210619  -237.0363195  107.4863106  476.4575794  99.21938988  -167.2970668  397.020698  17.45579232  225.4345534  5.380876597  
132.8870723  622.1958045  74.15026882  327.2458513  341.702785  305.5760141  183.8953876  726.872244  54.47702598  249.0168113  485.1238249  -90.42421533  0.5021508429  764.6466196  110.5400671  -279.7448864  519.6816184  125.4024662  262.0575105  -90.05670837  204.4636929  -227.978148  87.28552448  473.1568358  95.35343616  -165.4477921  396.5910157  29.25121638  238.7865724  5.798933038  
120.7070651  616.1942175  85.25543905  315.3931279  389.0309912  313.8974662  183.0115292  723.9417537  48.09261894  254.2642348  500.9803772  -93.15882898  15.81057195  745.1264539  101.9904311  -290.556806  503.4007187  117.0133837  264.4596788  -100.8773623  192.4835645  -225.3712815  90.32854191  453.3128294  84.96465319  -166.0533171  400.0867934  18.88773529  239.2031844  8.941395467  
113.0136931  609.4890546  86.40535927  326.8483042  387.4950898  327.6510472  183.6893864  724.9685226  39.71054349  245.9644831  512.8542303  -104.5437271  8.055697051  724.743874  97.57274255  -295.2382128  467.2964717  100.4818578  279.4058146  -98.95240971  187.0833814  -231.9416023  116.0028532  438.77531  75.12335661  -169.5342175  377.7784255  8.728909287  231.8370073  5.49116188  
116.0477341  615.6928517  95.12609945  306.8377363  383.6764544  292.3602156  180.8964955  719.3320961  34.6512265  263.0056594  492.6141224  -83.76272107  6.755495401  760.1374249  98.46531949  -295.5551768  485.6648557  102.9959603  280.2387336  -108.6991284  207.5069899  -227.1924408  95.45412697  448.5806949  83.55706919  -164.9793589  409.3028745  31.51495958  252.1329054  7.838614867  
125.2766742  620.5437436  79.86192132  321.6805169  358.0222486  311.6156318  189.797913  721.2016825  49.07358291  260.0043262  496.2964081  -88.15834663  -0.9761228288  758.6597641  99.47827723  -292.5455949  514.3533115  114.9782802  273.6233602  -93.17086185  204.5506747  -225.0213506  88.26498372  461.1328272  95.74514885  -174.5449504  402.172774  30.83694382  241.538173  7.969995747  
118.3921255  633.2823396  70.13398942  315.1437631  361.7261804  328.7318619  177.9416675  724.002825  60.18934941  263.5589541  507.9528752  -84.88392847  13.04998928  751.5699483  95.29127306  -293.8520711  528.381208  122.9680626  257.0839466  -102.388468  196.6770711  -225.3195409  88.02980125  461.8175798  86.62480631  -169.0342771  393.727818  21.14582603  237.0499499  12.31295851  
108.0550588  630.1612385  55.2922149  328.6110798  396.510275  345.4217455  156.3397742  727.4295545  65.27742551  264.6892744  517.2067371  -96.13067008  23.33638997  724.335212  89.98764942  -294.4941394  513.4663503  111.9129958  247.2982081  -103.8919033  181.2245915  -230.8184353  93.808779  443.6481938  77.08098632  -172.9962686  390.0364708  4.96765799  223.4147537  12.57035124  
111.4708309  620.0584554  65.7093632  320.583143  387.8316611  337.504404  155.1221227  729.6730037  50.61456254  248.7833901  521.1959419  -104.5993177  24.87182418  724.6715066  84.35842744  -290.1981272  495.8339972  105.5817584  252.9018538  -94.62734771  179.067967  -225.7504132  91.12918645  437.0332205  68.98031321  -175.1967013  388.1945536  16.12806502  225.8970709  4.036225187  
116.762672  618.9279109  75.73734791  309.0029073  381.9896058  308.1163628  167.5187512  723.3353885  42.5093145  255.9285534  499.4542129  -94.06542228  24.71813169  756.5527233  102.3850392  -293.0423768  507.4359375  108.295436  259.5519041  -99.57286779  203.0588542  -230.2957977  64.65929002  444.0126158  84.37350202  -170.669642  405.0033439  28.53668924  243.4296833  7.136110734  
122.7628183  624.1761146  77.40187213  311.8643501  368.0176931  299.5899521  186.9942498  740.6052605  48.53625106  260.4856007  496.8399666  -80.77574964  -3.424411419  764.8132339  102.1336137  -295.5217278  519.1436417  113.7874237  259.6431341  -98.92935544  202.1078028  -229.6536834  79.30680776  458.5785272  95.78331681  -166.9453528  400.3465507  31.68955636  256.1726018  5.979379494  
118.5699156  636.6138422  71.09756506  315.8780009  376.6807554  315.7971557  186.5780091  733.8305056  61.35806158  274.886703  505.6810694  -74.11691591  8.879904812  755.6963657  101.1708246  -290.4006883  524.4014168  123.7765738  261.0830782  -105.5970784  191.8118649  -231.8311466  89.19827074  461.949463  95.63653468  -165.8066423  402.4886675  17.92374542  242.3698515  11.6102718  
111.4074572  617.2553833  78.09958005  304.414978  376.0626722  314.4697568  175.3670552  745.8588214  52.45327832  273.7566106  502.2169033  -76.55912957  6.805916724  759.2497929  95.63014526  -297.5690623  507.3745114  115.1440059  271.7013075  -113.105857  187.5359619  -231.453192  95.36097136  454.0517561  85.65416946  -164.9643565  395.1900355  22.86382084  250.2653594  4.831922068  
109.0858661  612.6794089  82.99948435  295.673702  389.7763218  299.6604785  182.5632118  743.8240007  52.33523618  284.9472103  497.1575506  -80.71204257  11.699489  760.8765156  93.16049727  -301.4175612  495.536674  108.4979653  263.6969894  -113.2923243  192.2525406  -228.5332696  92.38802235  451.4031014  85.24732053  -163.8911336  411.4865377  35.76569037  248.4644668  5.76909834  
110.5610686  612.4236694  80.52537532  298.2967805  371.0037316  315.5087631  180.7099836  742.0178086  51.48047459  266.2580154  505.5977162  -84.76203078  8.048007794  753.3189846  94.35718276  -310.8721586  491.948838  107.6844944  269.7299047  -110.2148502  190.7561019  -233.2130272  108.4463279  449.5986994  80.21933053  -166.7607415  397.2050384  29.56001313  246.4944466  2.2518532  
106.7921475  617.4215744  91.03871483  287.1530975  390.7354673  303.0729477  181.379551  739.0487493  45.58298786  276.3595567  499.8271532  -71.89742392  -0.3235001762  760.5389144  94.92127059  -307.4507889  484.1862909  107.3112306  272.9286927  -125.7521535  197.8028169  -232.3181874  100.0963704  451.9936402  87.51256236  -159.3742841  403.4788567  27.11966647  255.3986034  8.921869034  
112.6495738  616.1720408  75.87283431  308.9548826  376.1418823  320.0967785  182.6654063  731.620631  50.63767784  266.6230517  505.9013824  -98.93356908  7.074872915  745.7982118  100.947587  -302.7234812  489.9298087  109.6193529  275.6535606  -97.58285118  187.0531665  -239.4548672  108.7874039  451.0042181  84.56750003  -164.9586153  393.0280903  20.98365454  239.5833426  1.739155773  
111.9570005  609.5207233  89.03295706  306.9103187  382.1335194  311.1529768  183.2348462  733.4362672  38.57049183  259.615325  506.6377166  -85.51402064  3.416792018  743.4490969  95.86491973  -297.9135061  479.0038183  104.9860334  275.3928685  -112.748005  188.6394595  -230.9901955  112.4525922  447.7787847  77.13857466  -160.1671389  394.3608268  23.28654944  249.3421579  6.240136449  
114.7537454  608.3703695  85.31981898  310.3649487  383.4638701  315.8444691  180.821475  724.3220136  45.21716238  258.7783759  496.8624315  -81.26683492  1.430122  749.8303635  93.31485179  -299.1031393  485.5930921  105.0569834  281.7373424  -111.1074569  192.2410259  -228.6676979  113.2161554  449.4624124  81.82145177  -162.6598944  405.0940377  23.08850901  245.8288916  4.299162151  
121.247617  609.0342059  74.18108958  321.6997261  357.4692502  336.9662793  180.74731  723.1172657  59.05008658  256.7476315  501.7535421  -88.79080646  2.74379979  738.3939136  90.43934101  -294.6529668  488.6748251  115.6194323  276.7259852  -106.4968726  185.6523771  -227.7795037  130.2964631  463.2780637  80.48800609  -164.8011316  395.6300093  17.7608528  235.2166098  6.629458447  
115.8966524  619.3132055  80.56535212  324.2867152  382.0651078  332.6800693  178.9162719  726.0107688  49.32467897  250.2117844  502.6085936  -81.63368288  7.771717641  730.6062264  89.53288554  -285.2015301  480.563994  116.7235723  270.857132  -116.3372301  181.7913838  -219.3109256  123.4968444  456.4837594  78.91038284  -156.7200563  392.4678071  7.377693083  238.1228765  15.07174289  
118.6716051  610.8060905  72.81552958  345.2405918  379.5364601  338.3159459  174.5314961  720.161302  48.04394341  240.5637603  502.6230919  -94.28208291  8.433604627  725.2574256  91.22922639  -278.391046  477.1357656  106.5768171  274.9590569  -101.8866034  182.2770531  -222.0117501  131.128356  452.8869718  72.20088028  -159.7888472  383.8295592  3.569028664  224.3041286  9.90518885  
116.1389675  611.5226084  84.92347087  323.3289116  374.8553813  315.7850376  181.4027752  724.8215697  38.91601194  250.575455  499.544308  -86.1534934  5.375905695  745.869352  93.63069597  -288.6460666  483.6693265  102.7259598  280.1004888  -101.8100998  195.9876434  -221.4715895  114.4835149  453.4437587  80.54416026  -157.1175778  393.3410613  22.20399942  243.7799462  9.091547815  
123.6111489  627.4553077  70.86461786  325.1900571  363.0176544  307.5038675  184.7794973  727.2420123  47.07730774  262.785106  493.1003917  -83.3154443  2.650663681  758.5195403  100.7804416  -289.4041689  514.9033168  114.6122236  262.0526453  -96.22613639  204.3809538  -224.4821109  92.64068397  467.1729074  93.90077869  -163.1682841  402.9964518  32.64637571  244.2020046  9.286290273  
122.2589776  625.5563761  74.5454926  313.743016  354.7479676  299.8473765  186.172967  731.065085  41.93774102  259.0465917  492.698803  -87.39198405  0.06486187259  776.5332148  114.2877559  -292.6971359  532.0221801  123.0577187  264.2442857  -85.80594436  202.8681869  -235.0475171  74.67240565  463.3552923  97.70330937  -168.1532651  396.9596418  35.0109652  250.4457488  3.958420083  
112.6110735  625.1896756  80.02681582  300.0500657  388.2430455  311.697921  185.2055803  729.7793052  46.75615326  271.2041597  506.331849  -97.17532126  14.56133664  756.753533  104.6235584  -301.0455419  519.5773841  122.4884018  260.3017202  -95.94166688  191.8654621  -232.0997608  75.7059799  451.8817388  86.96255988  -168.9266801  397.3321288  26.61467692  250.8618298  7.536776172  
116.407943  614.4307056  71.87375675  311.9788756  374.5948216  324.4064725  177.0476802  724.934691  52.86324003  249.1724673  506.4283366  -108.4859377  11.18341354  734.6677165  98.41862953  -298.8158833  497.2024416  115.1839885  259.9854999  -90.57700386  181.9761947  -232.8447274  98.24363479  446.8689112  78.41029441  -170.2808815  386.7994611  21.00510805  226.0041762  3.368014676  
117.7256789  604.3456858  77.318002  319.4234968  379.3074902  320.1152845  174.9708682  719.6852643  45.96581194  241.7140803  512.1463845  -110.4365698  7.762191446  722.6430806  88.76293478  -287.8089067  480.0064059  109.8387917  272.9865899  -91.77190619  182.7716741  -231.8929476  110.3578889  443.4211831  76.28419391  -168.2821215  388.1425009  17.32865196  230.0318268  4.767200887  
123.4214181  609.7928069  67.71257336  337.1684633  352.6091119  311.1871155  179.5342474  720.0429991  50.5411045  243.0535613  495.6812858  -100.3508227  0.7109161647  740.7608416  104.0310551  -283.3698581  490.3358561  108.4584654  267.3215873  -84.89722918  194.8791633  -235.857909  111.7904452  459.9004413  86.45300175  -168.1473787  395.9113764  24.77526754  222.601079  6.339137749  
122.2276413  621.8395777  63.43833549  329.5367812  344.7425777  316.22352  179.5783471  723.158173  56.88406104  242.4352318  496.2371551  -103.8907863  11.54905603  745.6860333  106.9961757  -280.4404088  498.5397735  119.8545862  267.1407103  -83.60416018  191.9143644  -236.716745  103.9712564  463.5993474  87.78408294  -169.2739173  391.7507009  18.72935396  224.8254149  9.058784588  
