116.4621073  456.2592296  39.92368639  98.19566837  218.6387306  217.0021743  98.51699844  508.5628544  172.4621065  102.6101318  593.1035157  188.6878262  2.456859253  508.1058247  8.004250177  -67.87049691  509.7324696  61.09770399  210.5318946  -123.188091  335.3250928  -20.23770006  11.36239408  315.9935102  268.3417934  25.25503138  432.3493049  186.8570178  175.1808691  43.69464276  
119.7141158  440.8685402  45.45321364  105.5513705  220.2028184  235.0923948  100.5292121  503.9342363  167.3332556  109.4432101  593.6898608  174.5656252  -3.353429954  484.8107648  15.80615914  -80.18821589  508.6002721  60.38247055  187.5272811  -114.4965718  319.3957899  -31.84461193  14.23010796  312.634008  269.7528246  40.70536305  426.7204461  204.9390916  164.9987055  49.21424397  
119.9255122  455.9090583  57.83082328  99.32015295  205.9340857  219.2063743  96.00803163  495.4029108  179.0944922  111.1144718  587.4317918  183.8092353  -23.23376462  484.7286227  15.66978216  -82.14045829  498.7583202  74.40064591  198.8795292  -129.5068219  318.5097903  -17.16396923  10.70815477  316.1388127  286.0396494  46.49968704  426.1163609  220.337763  172.0850102  49.31987751  
117.6062862  464.0764406  51.37934425  102.3104142  209.6543208  221.6976206  90.10237287  492.009873  177.2712875  106.4275773  587.3698315  197.8855638  -11.47229392  496.0897959  11.60118974  -78.07064711  510.5366735  62.02870942  210.9860804  -131.9280207  331.3337  -11.65536149  3.50356991  321.9916008  272.421677  41.31120413  430.1607511  210.5382334  184.6939578  47.85664592  
116.5842261  465.4069497  48.34239281  101.2245613  213.085362  225.9401617  90.1486795  496.2773937  190.1896438  112.3307134  590.4046854  211.2108474  -14.92426412  489.2231131  4.033606072  -77.63934722  504.6330588  68.04363059  210.7677946  -141.6670449  329.8747065  -11.50390458  4.830518928  324.3139945  278.6298228  50.75706158  437.6393379  222.9021558  190.7767814  57.92068253  
115.4914589  457.391519  53.88356385  98.49634778  205.4385498  222.051949  103.9102696  491.4885718  165.5523324  108.5164  589.8410979  193.9848343  -11.44104622  485.0700272  18.38071024  -79.3870452  500.9899645  78.57943327  205.8158171  -135.7307841  323.6186833  -6.778687546  10.30229903  321.8322988  275.0931398  55.79608615  419.8562663  220.9128164  168.3413904  56.80175542  
114.8996889  470.7610451  56.995047  100.3228754  199.6760019  219.9231251  101.1975038  492.2476089  172.3205455  110.6151567  578.9630715  209.6983948  -28.15684501  485.5660306  8.649116115  -79.15963104  497.2364074  86.9002407  219.6397786  -139.9347875  322.2043451  -2.104433898  15.63383078  324.9079324  288.2412719  65.17115796  432.1512734  234.09081  191.5228535  57.02425443  
116.2839794  458.1636166  43.96084243  100.9023735  217.7245449  202.4516367  89.91302893  490.133612  192.0720634  93.56315996  571.7351193  201.602553  -19.0923022  508.7643584  -7.994285491  -64.72405517  500.5497081  66.58024681  219.9982417  -131.4055972  333.5094603  -11.82874374  6.069422861  321.6954339  278.8053083  43.34021784  434.9560914  210.584753  184.6076421  46.82273013  
116.8720565  462.9941083  55.91934314  102.1389424  198.796074  223.1436513  96.95284165  505.6523648  175.2622272  124.1423543  587.0166473  199.5742444  -20.64277273  497.9875805  6.532174382  -85.3223049  516.6345035  70.69033566  214.3469878  -137.2527782  320.9329429  -1.120317777  5.392186818  321.9985581  274.1789408  52.21885769  426.7929847  231.1774716  185.6386526  53.99831687  
113.7812244  482.2059954  64.32691426  103.8841211  189.7579841  217.7365768  97.73127544  512.4575273  185.1898138  134.8623442  582.6440264  219.6251026  -28.77494713  486.7627238  0.8446464928  -87.65941305  505.1816658  95.42192202  218.8809408  -151.9914547  315.3276939  10.02101079  7.395321539  322.9159418  287.419002  55.68619983  436.5273762  247.1051662  199.8582021  56.83149599  
120.6805561  467.4959052  46.88544617  105.3728387  215.5327876  212.5120893  96.05387233  498.9172588  178.5729172  113.671993  579.9972589  190.0856139  -14.58561898  501.1324701  4.405571838  -63.52890167  509.0602137  70.21353112  200.9302237  -117.4329199  337.7151451  -17.89809678  1.701657328  320.465533  267.5122383  30.44397284  438.5055183  199.0878987  166.2115308  48.63001366  
119.5208681  463.3362884  48.54928543  99.76253928  210.6594937  214.2284567  83.34620195  485.4248886  178.3651475  106.155743  585.1593832  196.3068316  -13.32471015  500.4890307  9.422164221  -67.78352386  508.1955612  68.49000067  205.4075813  -130.3155964  335.9680421  -22.5624125  12.02397396  327.6525325  276.7754604  43.95908524  436.4850032  212.8602909  184.5019342  53.00077458  
113.1295014  476.7300114  62.24927825  93.9809212  194.0943427  223.7450529  96.39219381  501.4251577  182.7936941  126.1033258  587.5410049  206.552366  -35.56969562  488.0679236  15.97916877  -80.67172746  492.2106817  88.40757639  212.6397867  -145.0028629  323.4513228  -1.716711432  5.118672626  320.6808262  295.7153764  57.89921188  429.6027379  238.7087968  183.8996246  59.43259323  
114.8515996  468.9683709  74.42543604  91.11898688  203.4371363  232.605906  107.747263  502.4304845  178.7264772  126.3632926  595.8940428  182.6952983  -15.91757992  478.2609752  13.11815066  -95.53302922  504.4239863  79.82239079  207.245698  -134.4974415  318.4206965  23.17088619  -6.958865535  319.4598495  276.1013203  52.78551865  413.3289931  216.7729051  165.9823093  47.19211966  
117.1127503  466.8425944  63.98875825  88.77635352  215.3424506  245.3367876  103.5561695  484.9487312  168.6235652  117.2070107  598.5373371  179.9500968  -7.635876578  489.5698715  27.48320494  -90.32437023  523.5369008  72.34689901  211.6641952  -126.9992603  335.1952761  1.072578818  -1.069297184  323.7731147  262.1843971  52.4692952  415.4863349  208.7557002  167.7476242  50.86554851  
113.3687323  456.7787195  55.62967135  96.26025314  207.0817471  230.7991705  108.3054591  514.7740094  172.6968885  125.3630921  592.2677543  197.4105461  -7.105778111  489.5456481  13.18980972  -88.7834828  509.1237673  80.23947051  213.2417782  -134.1524932  326.0214349  3.653446155  -0.8354460205  323.8851808  268.1178069  51.33773097  423.7832808  222.818214  175.42938  54.7951083  
120.5511322  447.1195713  64.45888942  101.4366393  212.4063493  222.4961406  106.3205052  500.3723977  177.4499527  118.61523  597.6461364  183.3190843  -10.10422942  482.8565719  12.3193283  -86.37155988  515.2804013  72.74339301  194.8587232  -130.8741657  322.0333239  1.687946356  5.424455351  319.7071756  269.9347329  39.59932808  413.0416196  211.5134284  162.184681  46.29737141  
112.9416167  469.1216288  64.72930547  93.54190682  200.5626081  228.7559968  97.60089441  501.6550254  177.1833861  125.8681999  596.9287236  202.2139293  -19.59567989  479.4271421  12.14691542  -85.3817683  504.6551676  83.23459226  210.0711347  -149.2686483  316.060451  5.910311841  13.28948663  328.7955221  281.7387152  56.38390768  424.9135577  230.9110951  178.9814476  56.42107951  
117.1825492  471.5855965  39.07279261  101.7702283  206.1539242  222.3157294  82.61966543  503.4649726  190.3419018  117.3570085  573.0088858  220.1813135  -28.43654106  497.7007901  -3.712277548  -63.93222199  492.2443556  69.89360054  210.0142286  -145.6013096  330.505861  -24.92158861  7.256895399  323.566211  280.8233497  48.97949636  449.0602677  223.4092329  190.6622629  60.9301701  
119.9975652  456.0721196  38.09711849  108.4924467  214.7036077  208.034285  90.70381565  497.9041358  199.1048939  107.6737366  580.1044699  204.2018789  -19.01794478  503.6272568  -2.885286418  -55.70168917  497.5043958  68.58432283  199.3524406  -125.9235401  332.1988549  -36.19716287  8.909579459  319.2151215  287.4245448  38.5644666  447.2720525  217.0262563  176.3556883  55.3858839  
118.1386298  465.1259803  51.63441807  98.95214014  221.3461736  218.1215081  99.59592741  491.4751362  190.158544  116.229686  584.0698912  196.0073468  -18.90047594  500.1995404  3.035717825  -69.05045729  510.315768  81.5842758  206.0167011  -125.6721283  336.0005417  -8.578913979  6.829521511  322.0721303  286.2244491  35.40795562  435.6679129  215.3547548  171.890424  49.19595429  
110.290285  473.2962123  47.87235471  97.81895527  216.1343811  231.3219254  91.30813087  503.5606074  178.3562205  113.6232975  587.0196147  203.256264  -11.39161513  486.4390201  2.297815605  -76.87638607  509.5409536  64.95938863  211.9264946  -128.0985943  338.9497914  -5.622481003  -0.3126217205  317.4086512  270.5323108  48.92301146  433.5112498  206.3642765  180.3958188  49.53782515  
114.5547734  454.5998948  37.99308935  104.5798871  219.1702659  228.6048181  100.2967016  506.0279934  183.2642016  116.5411916  589.4760525  194.2249001  -10.87357788  489.0641451  6.482267611  -74.16908607  504.2495424  66.65517736  194.8044647  -125.5652966  327.8134389  -24.47435853  11.66453452  315.7101977  270.0645689  46.14129084  426.3873038  206.1388649  170.7210144  57.15708872  
117.6151876  462.9179204  58.54741566  110.9949866  214.2571062  226.9260577  107.8091763  499.9366356  187.8121116  127.1005249  587.4694445  189.7556738  -26.59502952  479.395551  5.041599721  -86.44314722  518.6659466  78.5194492  200.3063711  -122.3429985  315.8510422  -0.3771058674  16.50002966  319.3555204  287.5446007  46.39786026  433.1542724  228.3480492  176.8226768  50.90278432  
113.975002  463.2287917  56.50411758  111.2624473  214.932432  213.1959094  88.39720435  484.2180149  178.6771334  98.91298072  576.4046316  184.4445379  -13.26194477  496.8421401  1.964558085  -68.17376932  519.6553839  49.06360601  218.3562865  -115.7741874  335.3004243  0.1709247896  10.4621358  323.5470346  263.7214505  43.66796923  431.4089486  197.8943921  182.6596382  46.47137509  
118.5219244  455.89934  64.45457117  98.6760009  203.5718227  226.5718332  89.50568837  490.1618177  159.6050461  83.83736493  587.2572405  190.9503434  -22.82669548  478.6086248  26.14061795  -78.99534413  501.5828536  47.36925047  210.7130987  -130.4040398  341.2130263  -18.23453205  -0.1412387094  315.5328552  271.1821139  70.35166048  417.8474779  210.7966373  182.8978611  52.84855876  
121.4263056  453.8514133  78.89772753  100.9258177  195.1141362  219.032985  98.15730563  490.4934644  174.139715  88.28999014  583.190618  195.1116487  -25.95765957  477.1447441  17.50998965  -78.85154406  503.5643173  65.11487988  213.47122  -136.4395957  331.4851699  5.618961122  0.191785438  316.4352784  276.8774033  63.53921161  410.279051  219.4371546  188.6974698  48.28016499  
123.422776  443.8632292  56.44415343  102.6881219  201.1166738  204.6956752  93.00024343  479.3430923  169.886977  65.15025503  589.7755932  192.2704025  -8.005034214  499.2180824  22.43464081  -65.84894736  507.4007821  59.70441501  214.1490744  -134.9004768  341.9379792  -18.28005205  10.53908884  324.3925788  269.4487434  55.01970822  424.3495454  199.4434169  189.4374779  47.81080137  
121.3964436  446.0309739  54.58937385  105.4446313  195.3274865  211.6049428  97.20940468  506.8030224  175.694042  96.02964517  587.974297  209.7962418  -18.09685862  488.9359412  14.91167402  -77.90235712  486.7927723  72.42484773  206.2202356  -144.6591118  323.2554207  -23.83270304  2.591474654  317.175594  283.8439411  60.48633341  424.5608753  232.3228511  191.1420452  56.95862268  
113.1592446  464.9849376  68.18806971  100.9658959  196.8801627  228.3628524  109.0598972  496.0526526  174.0478378  131.0654287  587.3675385  195.4568743  -19.10266622  485.8490031  11.0249211  -87.51693511  518.0227619  92.54715979  203.0418257  -130.0240808  317.3291874  16.19136625  6.385666064  328.7948969  284.0825583  37.13092616  425.2752288  232.1695901  174.4311719  51.11215996  
114.5124242  452.6462569  45.34882059  102.0563825  217.5960458  220.1715919  109.0003227  500.2435083  178.101265  120.5825233  592.1208026  180.3462894  2.173365471  494.0823697  9.85052153  -82.14076038  517.1864767  70.27698926  197.5799769  -119.4074552  329.4160679  -3.93882861  -0.8654761132  328.8334667  258.9492728  26.41874161  427.4474889  201.3123471  162.0286795  48.55756687  
121.159751  460.976447  54.90990827  100.8579981  213.2541116  232.9300469  103.343379  497.0413311  186.905686  135.3644337  591.7473868  189.9501465  -21.46729848  490.7243126  14.01062422  -84.96044927  509.1163047  86.04240616  190.8853  -133.3693547  316.2853063  -15.30796329  6.494102501  320.7132472  286.2371755  41.02178467  425.6773315  234.0726402  170.6567037  57.41392946  
116.8410147  474.3034905  49.36321452  101.8764007  210.0558435  231.5903762  102.0847256  508.6990232  182.5115482  143.9633247  581.4625812  205.3843478  -18.69208389  493.1246616  2.465906129  -74.03635914  513.3966585  90.95581124  208.377859  -136.6047002  318.7218042  0.9725534467  9.229833513  322.6967744  277.3636199  36.30181408  442.6951463  227.9025726  171.7341683  55.9258039  
121.6337159  439.3594129  33.12655965  115.3597789  230.6099466  227.2874633  102.874074  501.480169  178.8364764  122.5638675  586.711259  196.7823912  1.036592974  500.7163148  -2.891525906  -71.43867067  522.7667571  62.84200113  186.7313126  -117.3225043  317.1731709  -36.77242913  24.60835856  313.1228746  260.149716  33.2846001  433.3760304  204.8085371  171.5608244  53.61594572  
117.8659495  457.6319937  39.92264089  101.2935222  214.7080115  234.7193474  89.6755268  486.1952247  163.9399433  118.1762286  578.34063  203.6320015  -23.97202186  489.9932708  9.839960885  -71.26766196  506.6009248  86.19444185  206.319599  -128.1442585  317.9798561  -32.29258863  23.26671963  326.8413028  288.8631344  45.48499507  450.8585815  225.9160789  182.9277842  56.50152724  
115.3869152  463.7266121  45.49502791  99.39352009  218.8463228  229.8322782  94.91963471  494.4861614  171.7547212  110.8974483  587.6517524  193.1337885  -25.87817075  485.0680624  7.099218124  -77.14607465  500.6839425  70.13322391  209.0583625  -126.3104106  320.4721323  -13.17667337  8.457312973  323.0628421  280.8662494  46.18115423  438.1908186  218.7904071  174.1856698  51.45702767  
114.0580785  461.421094  50.18407155  104.0510123  212.6076987  226.3585097  98.5103908  509.3838859  167.1051754  116.5858745  591.3450299  195.1903429  -14.07861502  488.8791796  8.505686589  -86.26710543  508.5973761  74.32669052  212.0168681  -133.5036191  312.9229216  -1.179930332  12.18473847  321.8360555  270.9715592  55.26587407  431.0835663  216.1288636  177.066595  52.27767221  
119.0056371  470.4836555  48.51530042  97.11141564  203.6310085  199.0037838  98.51453903  507.2545588  196.8796289  116.9028192  582.8530437  198.2382503  -30.23250851  497.7866048  5.667942402  -74.36483116  477.9752382  87.45727621  211.0036386  -138.2574007  323.9117236  -17.23669702  1.367470909  317.9360119  296.4325883  47.93775221  435.7929177  233.2347617  181.4699466  56.00092359  
116.2877371  469.1928804  57.59249786  99.95141915  211.7017797  202.179882  101.5212401  492.5937017  195.9217905  94.93633109  576.9939041  190.4047873  -23.98593415  501.9077946  -1.255321761  -73.89730548  504.5387751  80.12382273  220.2695756  -124.7737013  331.4507669  -0.2790652539  3.578381049  317.5111612  286.3075597  49.85597926  429.6974389  209.9951704  177.4908902  43.38486443  
114.466227  467.3406978  52.92365558  101.6431901  213.5019044  233.0360745  88.8986692  489.2501636  171.4254287  100.9925997  588.0555045  189.2422843  -14.30971656  489.2807974  6.562332381  -84.13029435  518.6476754  56.44561677  211.837176  -128.7457855  325.1577313  5.566291628  10.22815199  321.2439744  264.0534445  52.78166966  425.1927076  202.454422  181.8613465  44.91200041  
110.7237389  483.8029104  58.90249193  95.6625298  202.5115402  237.650484  105.9231231  495.7241492  160.1766922  113.2198862  596.4299045  205.5913371  -25.28602401  468.2374385  19.28032249  -90.05097038  506.6477729  76.61543613  205.7911707  -146.0058742  322.063521  5.384060869  9.886617818  324.4535922  275.0214178  70.42989934  424.9061309  235.4018261  176.9011554  58.9081072  
115.9522643  465.7703052  51.43833533  104.6241861  210.4444426  214.6202972  94.80408782  504.5240464  178.4220552  98.90587873  582.1259586  204.0640093  -17.29747012  494.2533577  -0.6274585062  -66.26232865  502.4138453  69.15797759  212.1909574  -133.1169012  329.0157559  -15.32059517  4.865852797  319.1461011  273.0678178  50.51843344  431.2221283  200.8629181  182.820675  51.53509565  
119.5052201  450.7482882  58.13470637  103.1674347  207.7189974  224.1072751  95.02011984  494.5420731  167.8844337  113.5113631  589.6304896  192.7714863  -2.902482262  504.2859715  9.181402304  -79.48316973  526.8966394  68.06766968  210.6763026  -129.5887739  329.2280366  -0.824351849  12.42822791  322.9962013  267.0836965  41.2806544  421.8781382  204.5214704  181.2938493  50.56561129  
123.2869832  458.1482603  64.95073711  108.0397157  208.9134921  229.6855504  99.30661452  497.8775931  169.7367931  120.935924  593.3205105  191.9611023  -8.011242372  489.395832  9.878013863  -86.27449293  526.2431939  69.14201363  210.1144505  -129.6879744  327.6188718  3.695423596  4.391230444  323.1859172  265.40156  44.23972073  425.8805112  223.6752798  182.0763755  53.81618664  
119.5447219  456.8895459  60.40480966  109.9299011  213.5734201  213.6774583  102.958681  500.0056803  185.9238332  124.8041848  589.7054539  190.6278597  -10.01667549  493.7513709  4.334403402  -83.37024157  508.4450945  69.69040048  206.2224299  -129.370742  322.1243487  -6.415203338  8.462193369  320.6164401  273.8286492  43.21750038  422.5636099  227.0863225  177.6058584  56.24977074  
110.4317728  461.0754667  56.75070216  105.1182409  206.0947947  235.7971847  108.2706311  494.6112169  165.7907229  114.5335223  595.4385373  192.8177881  -12.5243834  479.4555021  25.66168092  -89.30419301  505.2940564  68.46972009  208.3854245  -135.0673345  319.2416355  -14.06743462  6.361690504  326.3181143  269.4370317  53.65016029  414.7353081  223.3872188  179.4487421  56.48602795  
116.7343354  470.0318142  50.44043053  97.95166419  203.2794864  239.6055395  98.27879452  503.3663328  178.5017702  126.0277659  579.915804  203.2184647  -28.85212349  484.4544341  15.86586762  -79.82445664  494.6608543  81.80280246  203.8095846  -139.2350463  320.497364  -25.01687358  9.347843601  322.6912279  287.0166902  50.13862848  434.9793437  230.1348247  180.9368786  57.74949147  
118.0891976  472.4877935  41.77179746  93.35853196  212.6325883  200.9924358  80.00988081  496.1559523  194.9279709  114.3701196  579.0667404  204.206232  -16.88765416  509.4938446  -7.260138274  -60.2672433  484.2318898  79.90986456  211.6959138  -136.5558864  333.1651752  -18.61886779  4.293027193  322.5957152  290.1074093  35.78553734  443.4738645  213.6377259  179.3521196  51.29960381  
118.6666788  442.4784228  50.89781879  97.68826032  211.8251599  215.6649595  98.05909946  498.06026  180.7724531  98.23572953  596.1658035  183.770911  -1.047786246  497.4228544  10.24974378  -76.84825866  501.3652118  59.96968946  196.4408523  -126.0765704  340.007809  -18.95743558  -8.462614904  315.1476632  267.325378  36.6645667  417.0307148  198.4533195  169.078471  50.56961616  
119.9952951  459.4670748  69.37821937  98.82762112  213.1583228  244.2264631  102.1459853  493.6144674  169.2124689  128.2599978  599.4508215  198.8089908  -7.796747983  482.5645145  19.1536798  -94.76694231  523.6719101  83.6616372  212.2085233  -140.1575255  324.7078743  14.70962914  0.9840516551  330.9016912  273.0611251  48.26989654  421.4970757  229.9079173  186.0809496  58.21469357  
119.0406456  484.231641  66.62064243  93.26402667  198.3704654  221.810377  95.83996241  515.4004704  182.7395547  132.072916  594.4044321  213.3890981  -24.5680325  490.652923  6.2568304  -80.75559127  496.4722122  95.71031286  216.9134777  -154.8836065  323.361447  7.965590723  1.918143564  321.4985529  289.3656778  49.22089832  431.3510023  233.1058872  185.8409686  56.91665785  
110.7992962  478.7598384  51.60585878  89.65767108  206.5053188  213.6517137  89.79193826  502.7593319  200.077806  127.0993089  587.8753132  197.2950675  -10.8873362  506.1497745  0.8603196827  -77.79633066  497.748535  80.38610249  218.6895181  -140.2099373  333.4189648  -3.387725089  1.022022153  320.1740384  284.3316383  40.46341818  429.9560629  219.9167007  179.2437218  52.23221503  
111.049029  471.6605799  44.17101117  91.97824972  219.9457287  218.8498989  95.65569373  492.4590874  195.4145762  117.8748195  587.8658854  202.8283189  -13.50674082  503.3861557  11.4770464  -79.42908038  497.9450553  76.1732845  221.371458  -139.5387774  330.734531  -8.759617538  3.63052948  331.7916239  282.4295353  46.42040096  434.3475421  217.495938  186.7037661  56.69206996  
112.3772977  481.5919013  39.95081584  96.60632065  213.9584828  209.4268814  86.93215495  498.657607  207.4485143  125.6578142  568.0467395  209.4678495  -37.32771504  506.3249661  -1.068007262  -69.23823963  486.4891858  86.77452176  220.4756696  -135.7752621  329.7182203  -9.626031813  7.440351464  324.5571173  301.3328142  44.19408062  449.2310387  229.0546352  197.5116921  54.77519586  
109.5300599  493.1415715  37.43087583  89.53191084  192.9634643  197.8129165  81.86622919  513.5729584  196.5094383  113.9957603  568.8274138  216.6734891  -37.31433922  506.9746468  -5.076437427  -58.77495723  471.8242661  83.15954505  226.1636077  -143.9739964  334.2105528  -7.456022656  4.251614158  315.7061595  298.9538008  44.61572024  450.9112844  228.4033074  193.6848322  50.71217164  
114.5385816  462.9969407  53.50957014  100.0663841  213.9544801  234.7371869  103.8507574  508.4821657  179.2844595  116.7055295  590.6363839  189.5920774  -9.852237543  487.6301235  8.537761415  -77.48198441  521.5081237  67.50086827  201.6602991  -122.4395531  344.4796785  5.234597302  -5.638091154  318.0062396  267.90016  34.55609159  424.8427693  204.5286107  168.3389205  47.29471969  
114.3129281  457.129068  61.52656329  105.6157813  215.5233857  222.0931728  110.186346  493.0035217  186.7618985  127.5851324  592.5988513  192.2075164  -4.655624884  484.3080704  4.22350122  -83.93338876  528.4873319  75.82772385  203.1408967  -125.2164407  329.14608  18.89705249  12.17977855  325.4997502  272.225481  36.90869261  422.947941  220.0492228  173.8306773  50.2946183  
114.3871271  457.7399242  59.68422106  102.8019405  212.2969511  232.3478177  115.8936882  496.3818823  172.1286819  123.5743556  599.9165004  194.5195002  -15.86515566  479.9365069  17.86542174  -96.78179286  518.273058  75.72682116  201.0094793  -131.1401338  314.4042995  11.97664762  4.822888741  326.3537994  271.6900503  44.56614305  418.4202244  225.6805933  172.4102804  55.01110788  
114.3417466  465.4261229  64.38107877  103.8907652  210.2420777  237.4169408  119.553662  505.9389571  185.4328622  136.7649424  593.4583968  198.686006  -28.01864872  469.0811863  14.26699707  -97.96910511  517.4954785  91.86594009  203.2416698  -136.9294843  319.8788307  19.21189861  5.443955085  321.786311  284.9077428  56.70701805  430.4031982  239.7916479  177.9933221  57.45136673  
119.388298  442.0752821  31.67339866  107.3092191  226.8722067  198.0893229  95.29600486  495.9759008  201.3912737  94.2992506  576.7493066  185.6145735  -4.174391541  509.0466678  -2.530945342  -53.13969963  506.6188395  59.20061237  202.1307689  -120.3486504  340.3933787  -41.71792491  19.8957286  320.8204822  270.6312357  33.66586686  437.891667  177.6080399  164.3765683  47.17460142  
120.181008  447.1072904  42.96934415  111.2079228  205.9131616  195.8842526  90.24615755  491.7061901  193.47434  83.65488492  577.8760651  202.9878363  -10.54417072  505.1040881  5.663970642  -57.42826274  488.6879419  54.08415767  212.312603  -130.5146101  327.0737674  -42.21310733  14.14475942  312.2449384  278.1480839  58.23948345  428.6645643  206.3716979  188.5776198  54.75947136  
113.5718445  473.4205758  58.0541699  102.8760983  183.8713701  197.8299143  78.55885514  496.2493299  198.3549428  92.9574464  566.4140109  222.506032  -40.51189915  503.7437296  -2.343435724  -59.12064145  478.5881925  74.44715735  226.6350405  -148.571583  324.7470714  -12.65796812  9.252132214  312.1510305  301.7183577  69.0148429  436.6884712  238.2019043  211.3178517  55.13918271  
114.4433919  467.7174206  46.67207322  95.26359915  208.9345614  214.7085793  69.53146903  485.9515669  179.1395924  93.4305815  573.3566589  199.9126324  -7.37365482  512.9819996  -0.3612454193  -62.23322398  508.3206923  51.76136645  222.9448611  -133.2029615  344.2341307  -16.89470412  6.604514109  318.6836172  266.571361  45.40323926  430.4717089  196.0101868  191.7701326  45.47489254  
115.665201  474.1347438  47.56034028  96.73341514  203.4938581  224.0271937  78.4725065  490.0109915  169.8495425  92.92900786  581.2066013  200.5421097  -17.62121609  494.6719059  6.799607726  -73.98353764  501.0384411  63.95819375  216.4791357  -137.9434594  334.79945  -18.20746458  2.284807812  317.8864971  276.109316  57.75437472  434.1089236  222.9838758  191.4391808  52.5185082  
114.2643366  464.8785552  45.39999728  101.3066463  209.6697623  207.4226768  83.97028648  488.3218984  180.6757282  89.13347265  582.0910639  196.1850798  -20.42940929  493.4144908  3.723743975  -67.54765598  496.4611089  66.94588155  208.6996918  -134.118989  330.2247456  -16.30793515  9.001304581  316.2403724  284.2001491  49.49138615  434.6364632  209.8251338  184.3378147  46.28994597  
114.2244832  465.0887187  45.52144061  98.74110957  198.5011615  221.3174822  85.99334216  493.918744  161.2455925  87.40622498  588.2123302  195.2978079  -11.81934095  488.5301019  17.46161051  -76.22554665  499.6831617  52.54307208  208.5284638  -134.6440676  327.5424325  -23.86800536  11.15739137  316.3107543  267.6320663  54.91162035  426.672829  209.200601  185.6298926  48.47201924  
115.751552  464.458481  56.799282  97.14931601  210.4515  227.1092722  90.95613635  487.5558538  171.310369  103.2167157  580.3546167  192.331192  -24.59757606  487.3682404  13.44627225  -77.91717349  507.892661  69.66245566  212.8720039  -124.0600866  327.2386807  -5.200083984  2.534544243  318.3878063  287.5929823  44.96071587  438.3003353  223.6349028  186.3880157  45.93120094  
114.8689701  453.2496474  48.0389759  96.19826312  200.9125332  206.3838244  94.41943173  500.6746668  165.7020614  91.91331802  577.3152349  186.1365697  -3.710324367  503.397431  10.57305538  -70.56534398  499.8173952  67.57979949  208.6819446  -123.0999572  332.1378422  -23.82016472  6.197530669  310.3837619  267.88847  43.16328776  423.2992491  199.5500925  170.4970269  42.97724907  
118.1332585  475.3253951  54.50232039  92.64083721  183.9959338  219.7435911  86.5449405  513.5671137  156.004495  103.5493838  588.969214  213.1673494  -11.11490851  503.2078183  7.710624293  -82.59924278  496.9998569  76.19541687  224.8657891  -152.1604311  329.9090863  -9.447516483  10.90325019  315.8376046  271.9632434  66.51871608  420.5197563  222.6633787  194.2027206  56.94212617  
114.9039389  471.4799358  64.31963236  98.39425612  184.5505149  217.0585129  90.56050715  508.8190197  160.5785028  111.9700429  579.82369  210.2134859  -20.02838498  494.7173752  5.349875909  -75.2372397  494.3880244  83.42662222  225.2505217  -148.3554124  318.2553103  2.012793322  14.11214631  313.087028  279.8969296  67.30700861  418.3456816  224.2295363  191.1125154  56.12969104  
112.152249  459.1274312  63.85214983  103.1740105  198.8886702  234.3409473  109.1643315  502.0470605  150.4585246  101.0207187  583.7349555  194.4701861  -28.31929721  479.0846725  20.45082169  -87.9589857  508.6466913  74.28689209  212.382654  -127.8605412  313.866147  8.961478303  -0.1929117752  316.2959266  274.6653057  55.89501159  418.2523314  224.4529099  186.2768448  47.36082008  
121.2422883  458.3904279  60.02440337  105.4639527  224.1792483  236.2921481  112.7076446  494.8366616  176.9640566  121.5304823  589.4028999  173.5889391  -11.90601679  488.1152624  13.63043685  -90.97910934  535.175694  64.54431312  193.9652254  -109.0059332  332.1874078  -5.431093502  7.970835624  317.3962553  266.1646151  38.87467817  427.3913789  209.8275393  173.029506  45.9914602  
128.0711411  459.2177082  74.24996174  95.57117949  223.1060095  230.5561324  100.6909841  499.82245  185.4975377  126.0941508  600.2173356  180.156888  -18.41523095  485.9902552  16.51494266  -91.55779695  522.339686  74.96514455  210.4700824  -129.210241  331.666899  9.376963705  -2.493734156  326.9708688  275.3937143  49.30466335  423.7437538  213.4828678  173.1948764  52.92655245  
123.2966052  451.4529046  60.7761447  92.06961675  208.0712538  228.3041051  111.6001424  522.701113  185.7033582  137.3686962  604.012244  186.6636994  -13.50092567  481.1434434  13.73730133  -83.92727073  499.8332218  85.83558319  198.11144  -139.1315476  315.2844197  -3.55931232  9.599858748  323.1905245  277.3101039  47.07119596  424.5165682  216.6459332  159.1969076  54.49151534  
113.6051069  466.2516439  50.74955966  97.25091326  211.9276215  237.9864098  109.5176455  508.9506425  176.3120437  142.3004704  590.2395641  187.5027119  -21.03150513  487.6925945  17.0507928  -87.97296427  497.4287461  83.57928564  206.9319865  -129.6974367  313.4064039  -15.50060311  7.292020781  321.4531902  280.9935828  47.7535927  429.8316713  227.7203061  162.0080872  58.22618104  
110.5844934  463.5964762  43.26296487  97.99971624  217.86535  215.7366505  104.502454  502.1063236  175.5781225  121.9324746  579.8765168  188.209219  -11.1049144  495.6530565  4.209033058  -74.88553988  498.6143691  79.44170098  212.1249012  -120.2467269  322.1778303  -12.59487545  11.56209494  322.4207995  273.0669137  40.61469629  428.6618494  209.3335086  165.5282177  50.55432262  
122.9884734  446.7431174  40.81663769  99.58021761  213.3319142  218.0471126  89.99009271  506.6953689  164.5739477  102.8746505  594.3652925  195.5513533  1.885652681  499.6496338  15.75136904  -71.55380453  502.9388355  62.71696084  201.3014115  -132.7278144  332.5596499  -33.29833089  12.49928777  320.5082437  261.9659213  41.75035849  428.4290131  200.9605269  175.5856975  53.23277589  
120.0969279  458.8118625  62.73345047  107.8056249  199.7386963  234.8633639  95.09213047  506.3455922  166.8107627  122.4345147  587.373452  214.5329218  -25.20792867  484.6019019  7.014098232  -84.01314783  505.5784491  82.35679712  211.1442211  -149.2141748  309.6058215  0.1737710589  9.038722277  325.1931244  280.6783456  56.31212238  430.4433749  240.1426553  191.3264211  62.06130552  
116.289121  451.0748393  53.8262033  106.3911756  206.1562202  228.9353658  88.87463476  487.3989543  184.4128582  118.2722  589.9246637  188.3266028  -15.7742786  479.761133  -0.2282225076  -82.09944537  512.0916152  68.85770895  194.3832516  -129.1851818  315.8075607  -5.480033859  12.77600878  320.0031585  280.42703  39.48888095  428.5221018  219.0574515  168.942445  48.52531217  
120.6202608  458.9242227  36.24678036  101.0992941  196.2404065  225.0994307  82.71396505  495.5770222  186.3128813  110.1955745  589.1773829  199.2489954  -23.77897599  487.5307226  7.124808379  -73.38769118  494.0929162  70.13418374  196.7824546  -142.5515489  326.3127921  -36.85965018  11.32013232  322.5433345  291.1510336  43.17558931  444.918866  230.8465133  171.2356531  53.44256907  
116.8516151  455.1490846  58.08178475  97.99461019  205.0663299  218.9363053  106.1604989  483.6487689  185.7780483  101.7571438  596.5076348  187.4045087  -20.83051465  479.652201  17.30267951  -83.12172425  504.4153632  78.69557743  206.4022934  -131.9654602  328.6303358  -10.44341481  2.996167353  324.7524498  287.446564  48.70423685  421.8635481  219.7495596  164.1464987  51.50913908  
118.1265116  446.6445702  54.98258858  94.80398568  204.0057628  220.1602198  99.13673343  484.9095533  170.8012582  105.9473759  586.6388246  179.7800618  -12.956142  488.7099108  11.92160291  -87.14645782  515.9358781  75.03069535  194.8898593  -132.4791961  327.9452438  -0.4808642162  -3.292538074  323.3742269  275.5959904  33.78400877  421.0130223  214.0765992  152.5634418  41.08739271  
119.8241415  448.9899791  46.85185552  88.60615024  196.2149632  219.7639251  95.27153495  500.7741944  174.0340875  110.42491  591.5298148  193.9563021  -19.82835134  488.5576258  12.89518334  -77.90752977  489.8088626  84.23600238  199.7518869  -139.6777491  321.5071046  -20.53267971  5.731268915  318.892754  287.7507187  44.14913866  429.4771311  223.4773207  156.9530536  51.03388882  
123.2906227  435.6751216  47.61245608  98.55469826  215.2835093  215.6518547  103.6962188  485.4581883  178.5499001  99.42292196  589.2987352  172.6641857  -6.057462341  491.3639881  10.27685101  -71.37463715  501.4668737  69.9538182  181.7447694  -115.1137495  330.8386173  -24.16352819  -0.2424465347  313.4816774  276.9026486  26.9226484  416.9189479  197.8112475  141.6191021  40.5996384  
121.7458352  443.7094516  45.28534746  105.8501208  216.445006  229.7404001  113.0999755  487.8009347  172.5630022  107.8512654  595.3643656  179.9966301  5.78565081  500.0523439  14.6249239  -76.0846142  521.8249242  69.51925904  192.3326316  -116.9749607  331.2906039  -27.87115011  17.16478606  323.0207835  263.1464561  36.28762742  419.8200239  210.5917396  161.0736556  49.31551455  
108.2931138  490.4424293  68.27477263  117.5672869  217.4107186  226.0917349  112.4451672  496.634978  180.0854609  132.4356125  597.4394113  214.2423012  -9.829770885  492.4183424  2.57652183  -90.36829286  541.5922793  73.19696027  228.2282333  -128.2159801  324.6098574  29.72118321  15.80547985  337.3094127  269.9367415  48.44443985  431.9060699  230.1191118  207.3522886  56.30877504  
114.0399175  468.7311647  59.61320165  111.5816321  220.933465  230.9750786  110.9845539  502.6137201  168.0911836  132.8393265  587.2889303  188.2832903  -5.250482956  476.6438628  12.50406822  -96.3244237  533.2662317  65.32245948  197.6266225  -122.623328  317.5599274  15.84440647  12.06485278  326.3755398  253.7474122  42.04355561  429.4862952  213.643062  179.4362839  47.12906561  
118.0701394  468.0206518  55.8450859  104.5074646  208.9050367  224.8408494  92.91324784  504.4997332  176.5893968  121.8601455  582.9420128  193.4711494  -22.315401  489.9139013  9.476177064  -84.63843805  511.5921907  67.80149188  204.1044691  -132.6137671  327.2777313  -3.668955399  -0.1890022008  323.1479277  267.9960962  48.64071759  431.3547462  217.8446675  184.6180796  53.98338337  
113.4987197  473.2393283  61.31396447  102.1498745  208.3946164  222.2310107  101.3359754  505.6160019  185.2442887  131.1948548  584.4300963  203.5941186  -18.69279887  493.2699568  4.707443076  -77.42541326  512.4185567  85.00531201  211.4978951  -135.5735347  331.4401315  12.6757183  -2.649258236  325.2743445  276.0077007  38.34914166  432.9905695  226.1328494  184.3885749  53.69476601  
120.2420771  443.2434545  56.08473046  105.1560293  213.951834  219.7934668  108.0839128  504.014241  190.1864537  128.1373548  588.2850234  182.2737055  -7.91046099  487.5767921  10.66676522  -76.57198725  509.3906094  70.94954639  186.2949621  -120.4452877  320.6975046  -15.3308195  9.7357423  315.0949022  272.8865047  39.01147289  425.917836  220.1569941  163.2706238  54.25349138  
118.0798673  462.8102053  54.01726268  101.1256198  209.0973533  211.6573108  97.54465003  499.9608221  188.2895914  118.6157287  582.2681371  216.5846107  -17.57123491  499.4505008  0.6764765482  -72.82414659  501.2356234  82.97976906  216.7287944  -141.0219368  325.019376  -2.880151978  6.383631791  324.6094473  281.6529159  43.02190668  433.3933688  229.5146468  193.7217062  58.76378657  
124.8554409  460.3911286  39.04538511  100.4908757  210.7485055  208.6155981  86.40941163  490.7061047  188.1838196  98.44863478  573.5530407  218.4635216  -13.18503767  520.3092793  4.509451842  -51.6961378  504.8493747  71.47825565  215.0425631  -135.7402361  353.8180475  -32.19228695  5.353724549  318.1171463  270.3861827  35.28144638  442.8761495  202.180056  189.4183172  56.33867091  
113.9302784  480.5242788  50.28543507  85.72375518  191.3223707  224.5126047  78.3375988  505.8660207  176.0832671  118.6266979  579.4111102  214.8851964  -31.27481062  500.4799959  14.60437274  -73.09426862  482.0248444  83.74275279  223.4930077  -150.2014096  329.5978784  -19.04912757  4.579872377  317.8550301  294.1615663  58.99624217  434.7795684  230.0595119  195.0120011  59.81492857  
109.4734126  474.3591138  48.09021537  89.89533293  205.5859599  220.7043622  91.19471901  504.7713185  170.1129817  115.9788136  583.2203587  198.3516943  -17.39772357  489.3995481  14.73296526  -77.06559626  491.3246008  76.88610608  216.3112719  -136.1571863  328.8267148  -4.752224892  5.838644311  319.5013012  281.2024776  47.94810528  427.3514074  216.1804632  183.5648018  48.49001462  
119.8309497  454.8781125  55.45683727  98.35602927  218.8641943  219.3660528  106.0227879  493.6923941  165.6356013  101.1361167  603.319868  170.0885744  -9.446984679  479.3297759  27.01173727  -79.67815919  494.9129526  60.50219288  198.5449832  -118.64387  324.9172846  -17.23640239  5.557797847  326.0067152  276.1316322  50.31781737  415.8324885  206.0120563  164.5045924  48.34900488  
116.378146  463.949077  67.66599249  99.85562805  197.8319915  220.0956538  106.5287345  491.7464772  166.0898398  92.59103584  600.0462564  191.7772504  -23.65215962  471.7923774  21.52987471  -83.07019324  493.6254697  74.05278801  217.678773  -137.6045249  320.1785069  -2.12368428  11.06202503  325.4876136  286.9287384  66.97965668  419.9022402  227.1959872  181.8079207  54.60086065  
110.5259661  471.0068073  61.52945857  108.5778815  205.1237216  212.9631002  113.8355371  489.8653724  183.7972187  98.0478487  591.932118  202.1154457  -32.94074094  477.1094131  10.97007001  -82.85023283  499.9127005  72.52983526  215.6301343  -128.0765113  313.000913  3.613620164  8.712722751  323.0732485  294.4545679  57.81565141  423.6309355  232.475773  186.743752  47.44823855  
111.9439209  462.8687607  62.66605533  102.4523641  212.5309164  228.9780947  116.5387626  482.5178217  164.8063676  99.99360321  592.3324332  176.3122678  -18.34401269  475.8009596  21.88250622  -91.57860406  523.7854975  66.20587465  207.7711918  -121.1440508  320.7129001  10.05315371  6.74570504  329.2173561  273.0720261  50.46446396  420.5913869  215.7707891  170.2559778  42.80509353  
113.646837  468.2336197  48.10544413  102.7923858  215.0260309  232.7387404  96.73340235  495.4827193  178.8036905  123.3985023  574.8316724  197.6017012  -15.75423612  492.4288203  9.924064437  -92.08561215  518.6988803  67.56157748  209.0110736  -135.3566029  321.9980602  -5.376785704  11.62193791  324.1037594  267.7243173  51.12781971  437.2404804  226.5942376  192.7843598  50.95398556  
119.4558442  454.5841724  45.70491306  105.2430432  225.9006385  232.7645437  90.79460744  501.4457637  173.4686228  124.3640589  581.9289815  180.9744217  -5.525840736  494.837236  3.184372697  -79.43420023  527.5788318  54.40956725  194.4122322  -113.7735849  332.1367742  -11.97635048  9.786807626  321.2775272  260.9118815  33.79724451  434.7679862  202.590881  172.5924324  48.98717835  
119.4162871  452.4225836  54.60108687  97.32807448  224.6119748  251.4802085  99.74848258  499.6492728  170.9348697  130.0210928  594.0425878  182.8491387  -3.56284914  473.6270621  14.75856173  -97.67630712  516.7199393  70.42869438  194.5304722  -129.5560679  325.0161828  1.596551748  -4.027904474  321.0774588  262.9195899  48.54218545  425.7846942  213.5546601  164.56782  55.48179414  
119.2586728  454.3487394  44.97735919  105.6302672  213.9228183  225.9229727  93.45343883  507.7406203  178.1794729  118.9547119  578.5077505  201.3640848  -15.01113945  487.6126097  -5.089555211  -72.53061592  501.6502863  74.42859965  194.4370756  -133.6247747  311.9405757  -15.14709778  8.030184244  314.4568332  271.7336703  43.42500691  437.9449907  208.2470324  167.8015643  54.17461385  
115.3111932  461.5559578  57.78374714  99.44551406  190.0135885  235.8828766  88.0704757  513.0433122  169.1172092  123.694296  589.7626317  211.4053786  -16.92504783  476.7126835  3.886129279  -84.62216634  495.8337409  78.4748404  201.2676275  -154.5642047  304.5397753  -9.473167099  18.23270427  312.4589541  279.7967757  61.70134651  432.6001603  236.6424319  192.024947  57.80355351  
115.1479842  466.6708416  47.16682708  98.0129733  209.5532164  225.4840846  93.76843941  498.7953011  189.7497019  126.535677  596.7929107  213.4605022  -15.88925778  490.7678601  8.463310825  -79.68018711  511.358285  80.39052622  201.9329324  -151.5512292  314.0170191  -17.61971236  25.70606848  323.9813837  285.1089628  55.5730399  443.4881531  231.5065928  186.6790741  59.72147883  
117.188871  458.0443691  54.47912212  104.2458013  214.0772845  223.1302467  92.44424628  502.6363955  188.0131708  133.3666669  590.302733  187.6044395  -17.69005535  485.8700426  12.02249438  -87.0400388  501.0327409  75.56766091  196.6826971  -132.7212011  314.1164094  -15.8237861  6.501405717  321.2005875  285.2233658  42.87467688  430.0358731  219.0423172  173.7604775  51.8309438  
117.2783041  469.2319555  53.35524456  93.74025828  211.8044289  224.2503239  91.69199287  506.9048437  184.4605185  138.2477763  577.7446446  182.9771364  -26.07129981  491.5730173  7.940258285  -78.62248132  493.1695734  81.69689561  206.9692313  -128.8178845  311.2721343  -9.216222814  10.82611138  321.7512408  287.1306416  43.39574122  436.0226753  214.8382041  168.6376958  48.40856509  
120.3386279  460.4693014  40.03199489  103.4352044  224.6251547  221.474438  95.32862615  502.260401  173.4323434  116.9970274  586.8407652  187.1652753  -3.406462575  507.5267564  12.30115701  -71.28519813  508.5269177  57.41516062  209.6382476  -122.4198597  322.1901959  -31.59207578  14.91370349  323.1776566  265.294402  40.4166316  436.1719359  202.3224497  173.4359789  52.80318037  
115.6904608  463.6129091  52.16662343  114.9662691  220.9001871  231.1921633  98.00127729  494.5581978  184.3370942  119.9588412  584.4531579  211.8702196  -19.14553473  493.0896294  -1.635098658  -76.46622965  525.1913825  68.40600073  214.3122519  -125.7838839  332.9641669  -1.479077936  1.109405724  326.5242001  271.0177583  37.58679535  439.614205  223.9009981  194.5614452  55.04275335  
117.1717866  451.9265035  49.40512834  105.1343823  221.6599063  239.4142371  95.52987724  480.429352  173.8516466  109.0309772  595.7569135  188.2179475  -7.173863111  481.3043022  12.68489031  -85.84337782  533.0134062  55.92808515  193.0683864  -126.6086915  333.0140162  -14.93394658  11.3459164  331.2692806  259.7375431  45.33193709  430.0557582  205.9161646  171.3960069  49.9185526  
117.2896988  457.0225858  48.58101892  107.0958185  198.8132433  220.6395327  86.14766149  493.4560722  168.4802895  95.92996454  595.8437923  207.2834383  -11.27399651  491.3631699  16.57335738  -78.88566939  505.5881238  64.42485456  210.3532533  -147.0728938  329.6219888  -29.06296948  12.83191579  329.4648795  274.1669379  56.16410055  428.9296562  227.4441893  194.5435615  60.01489067  
112.6700282  478.9173035  58.0049243  99.90462433  185.330472  222.8086116  96.27766518  489.8142134  171.7875209  99.94259067  585.0229224  219.490993  -34.84278774  488.890364  13.0937342  -72.10757615  500.8137637  94.52960571  222.3089665  -155.7240919  339.0536855  -0.8578646991  6.573862622  334.1136558  293.0777276  57.34282795  431.9476752  236.0744116  195.8520141  60.72944303  
117.3783604  467.1737716  52.63247851  101.2470085  204.8294422  201.5107574  91.2947462  489.7436223  186.145873  83.64146523  578.3373037  211.8742501  -22.74818248  504.2846146  -0.9628340233  -58.75064713  494.5956493  69.70230547  220.7139992  -133.9543547  341.6360619  -12.09640428  -0.8758015068  322.0701911  286.7263666  43.79974765  433.3330553  211.5716672  189.3179334  46.14699706  
119.7864474  453.6968167  44.1084275  96.33640463  212.5618869  208.3970427  85.66492455  489.0479926  185.6756799  79.76599012  581.3209877  189.6387205  -17.54765112  504.5967626  13.76859166  -53.45993233  492.3885591  51.07705224  200.486165  -123.7796217  353.5842183  -44.2929681  -4.887067875  310.3574559  280.5888433  38.42875607  425.7630348  195.5933149  166.7398657  46.98505047  
114.9829899  461.2033385  53.52761182  94.77697708  215.831585  218.1759207  99.71777601  491.890219  176.3996066  93.15280505  594.6823138  190.3037336  -8.041628631  487.3290103  17.41779003  -77.74056426  508.5910492  64.16843894  212.1566535  -130.9105139  348.2550699  -11.65701745  -1.409744628  319.5368722  274.4941507  50.29319956  417.0227148  204.6947004  170.1195638  48.59640688  
115.343381  461.8937304  60.11723495  92.42760357  203.8709207  211.1433817  103.1869187  485.2000591  172.615113  94.58311724  589.8765581  187.5478406  -8.62912711  490.8089872  18.69869138  -77.68761567  502.2262537  71.78755964  207.9572087  -129.7724104  335.5431396  -4.485301273  6.337497694  321.0364304  271.950467  48.05246052  414.0553042  206.9441154  172.2314286  45.98476664  
116.7913159  459.5185863  39.42942827  106.3462704  202.0680644  202.323812  96.87483783  501.6423574  175.2577262  98.81886139  576.8343645  213.4023273  -21.59822751  509.1774016  3.871753778  -54.86587703  493.3584995  74.38380157  208.1595543  -126.8393959  327.503917  -35.04398342  15.13810104  313.657063  286.689943  37.76919275  435.6066683  215.2007005  189.2092404  50.82232441  
115.8435709  471.858497  53.03634829  102.8053136  196.1111858  209.8250917  101.8689512  496.5879191  169.7832117  97.688416  581.0562338  212.8504877  -25.89223727  499.3907525  5.883942135  -61.09818843  497.5126599  82.61938164  213.1472342  -131.6087192  334.906669  -6.235746  4.708513451  315.5733743  282.0000391  44.08412579  432.133371  219.2534574  181.9723915  50.77764352  
114.7487429  471.1599669  42.4563398  94.21953223  206.786377  211.9589219  82.8931558  501.8338453  170.7222648  94.22031474  579.7034714  204.9347252  -28.11282008  502.9474799  10.26691435  -64.20333903  491.7607748  73.3442553  218.829976  -133.3193065  342.9610842  -18.27080723  1.557020058  316.4873752  281.7200114  47.22328118  438.5319186  202.768641  188.5337987  50.91653297  
113.0492551  463.6582711  48.59517637  100.699451  204.3056209  221.0461014  77.54878052  502.3129903  171.8288741  107.2369986  584.0642526  200.2597064  -1.321454674  501.2819509  -0.9078992123  -70.56354604  513.4861808  69.79064581  217.2428302  -128.6178182  340.1771312  -9.322912036  13.12883692  313.1296006  270.0549421  45.03310123  431.2833194  201.1046785  189.0011013  48.47669331  
114.9203409  470.3535465  59.15916538  97.19224981  195.9364981  224.041398  80.74204692  498.8979869  175.2713934  115.9631965  575.725778  193.7881516  -19.44335353  498.4678605  3.387040493  -82.55576963  504.1855969  73.6886207  218.8852368  -137.651727  328.5468073  -2.019242821  1.801996791  313.0062247  274.2603445  55.07529591  425.5770999  218.9627288  189.5325464  49.01421389  
114.8278071  468.6951396  55.58744943  97.55471826  199.3090758  215.2758986  88.42544768  508.0941093  172.0740255  105.0257052  581.1336711  193.3840371  -33.42373949  490.8370295  13.11558516  -71.65229044  488.0341585  64.32721971  217.8833376  -132.0321044  331.3384384  -11.82863538  6.5425611  305.9731563  284.1656125  57.92967217  426.1699756  214.2006518  186.2428169  50.47351048  
123.1867484  453.729301  61.39497741  100.0312344  210.3678964  212.2518613  95.29354901  493.7514891  176.3422811  94.15469594  580.5168425  187.8356478  -27.14563553  503.3423082  11.44535348  -67.90798369  500.2910813  64.5749489  215.5957526  -122.3693377  328.2186635  -19.44177416  3.300212708  310.46307  286.6579422  53.84868474  424.7608775  207.3970455  179.5562698  47.46729159  
122.6107462  459.3556917  54.1497055  102.3929601  219.5438528  209.3400753  96.51812698  492.2317965  186.9863515  89.5668487  583.1910223  185.0200053  -7.396147432  505.0430999  -1.583265447  -66.6452583  509.1124648  50.3501646  213.8183445  -114.108183  337.6966262  -16.27568591  2.41181099  316.2523762  270.6568269  42.89330537  430.6113139  195.5546805  177.3691152  42.40695045  
117.2791173  447.5442337  42.68097278  105.0898719  210.9094261  224.6418518  97.2069737  491.089323  165.6758595  104.4794437  590.1881212  177.8362861  1.379997914  500.702864  22.07860048  -80.13269493  510.430193  50.66500255  196.515692  -117.0520251  329.8727248  -31.38529603  8.722971736  320.8574657  258.1632715  43.71069931  422.6557711  204.4841662  170.9085342  51.76569922  
118.4209739  468.5053008  59.41350152  97.91576135  195.1755804  236.0110218  104.5013042  513.1771557  175.2606599  138.279368  591.4453838  199.8411308  -20.75370205  483.9368008  23.22847779  -91.39139871  495.5022519  87.13074197  204.9326793  -145.2840022  313.8872389  -13.11740427  9.601351463  328.391803  285.7118739  56.18951976  429.2476902  253.0798237  183.9880646  63.83544917  
118.2673749  468.6329568  68.27937186  110.9909723  215.5832045  223.7263728  119.2724611  504.0018938  182.5105095  134.7006938  595.0557767  185.7072037  -14.16428367  483.9814718  9.394373528  -93.89089796  531.7548726  81.57499561  200.2461637  -125.1117608  316.1211217  19.55225265  5.435156653  327.3704547  273.324472  32.16373826  424.180382  231.1521944  171.4227598  50.98637864  
120.8451819  455.7554532  63.20766344  112.4570981  216.8736199  223.2742119  109.3392774  494.5035052  177.4030649  130.3178816  599.291801  183.7029932  3.107888647  487.8039135  9.154214037  -90.08175707  531.7150915  65.98662922  197.6008839  -124.317676  320.9304557  10.43306295  8.878042145  333.5841526  264.7619015  31.33323685  424.6247506  222.3198771  171.6536452  52.54678561  
116.6395526  469.3993389  58.95197702  98.32162811  200.6903023  230.2486296  106.6532565  505.040747  187.7760106  142.1414887  594.5977948  211.2679026  -26.41532121  479.6243206  16.21999789  -89.63334297  496.883333  92.06135051  201.3650706  -146.971861  315.6826765  -5.161837797  8.239104918  330.0889868  292.8615243  47.4123388  435.6951031  248.9780894  184.8230451  63.82911218  
118.0663752  462.2529449  46.88208514  95.13414268  207.4010831  217.7977901  99.83019789  508.8460264  191.9767927  122.2956246  590.6399789  206.2520266  -14.50371713  493.7175835  9.435384109  -75.36730221  487.9929983  90.62985783  206.5233172  -142.7219252  328.3392685  -17.07615808  10.55284247  319.7311694  289.3225387  44.51545464  434.3700789  219.0501324  173.8310481  58.46123156  
118.6861112  458.8731898  58.67904863  93.11759367  213.6729694  240.929845  113.5125324  496.1957276  175.5870003  127.8734575  588.4808156  188.4432374  -18.99445532  473.0925428  17.53594877  -93.15541415  507.9239213  90.83639015  199.0842324  -127.9168685  317.125084  -1.308093681  7.328419969  322.5336747  285.9951003  49.52454628  427.9928627  226.8216767  170.8665526  50.54637405  
115.7505131  466.5488278  46.16001672  100.7964628  219.1666916  223.5006931  94.86844355  506.4533933  191.3315109  125.1072523  581.1016704  205.8132494  -16.54962006  491.5432046  -6.515041922  -78.6470826  510.8340534  81.56308739  211.7498825  -132.8680828  318.7995429  -4.588414268  12.83757337  318.4746806  283.1901716  44.86207031  447.8200932  216.3097499  183.0210917  49.00149693  
115.9913218  460.3248838  42.22523585  104.3750111  216.9261673  224.5022007  93.18752934  502.9799956  176.9910605  115.8557695  583.7338548  203.1458675  -8.107666517  500.6839109  -2.527012077  -68.21152641  513.4716671  71.03882493  213.8561349  -132.2076809  323.2183751  -3.673298195  18.93204833  318.867233  265.8553783  43.16149902  438.1935376  201.6633385  178.1884111  51.77351459  
117.9451813  464.4659395  52.94006779  88.49624277  204.938723  232.6867398  98.32764152  503.7114602  166.1421254  117.926099  594.0506409  202.440912  -18.86567364  486.1787681  13.12493111  -80.6023573  497.8050116  87.33649913  207.1480983  -147.7361044  320.2831475  -1.365456026  8.518356349  317.7807244  280.5472143  58.4395851  428.2667222  225.4365151  170.1444985  57.29715731  
116.7091078  463.2100601  53.26923658  93.96335202  209.2338202  222.5164038  97.79831788  506.4923531  178.173401  109.4539285  597.6034104  203.3583713  -19.02522801  489.0242228  5.678085582  -82.96691597  499.7767774  77.06693107  221.3920149  -147.2071782  321.9887212  -1.186706709  11.5922407  322.9701718  277.9017207  65.81594788  425.9504958  215.5964994  183.7031872  57.60600509  
113.5275522  469.1310582  49.04803661  103.1969904  200.6590048  204.1877203  93.41918462  513.8895841  200.1652017  121.3915259  579.413348  211.2773163  -32.71024488  499.2740913  -6.214795129  -76.50136799  486.0620555  79.28657425  217.6788948  -142.2894659  310.4354053  -10.68555138  8.056072142  319.2882557  293.484001  48.49759659  438.4182657  236.6061367  193.3000821  54.6444585  
111.3853221  472.8335923  49.00745025  90.67608997  209.7424396  223.9424866  99.52290451  495.519145  182.5930076  119.1647099  582.7619124  188.7930107  -10.45945524  497.5446834  10.54842031  -79.83958149  499.8131287  80.50382209  214.5202413  -131.6207984  332.944598  -9.656844106  2.287676934  321.3084022  272.2365125  41.65007231  426.6323107  210.8901517  171.7063268  49.71356012  
112.3102108  468.0941188  53.95139109  89.00480346  207.6367888  224.8930753  89.14366507  499.4269956  162.3517909  108.5676236  588.7893314  185.4816536  -5.646778698  489.9920703  6.96419988  -80.48853206  504.7025708  81.99085322  216.8522453  -131.0826818  331.0105385  5.310609869  5.670965942  320.5302703  270.6422159  45.0736344  420.5083326  212.9287379  176.2821113  47.34857357  
110.6888908  475.9447174  73.03584565  85.24090154  200.5402488  228.1205392  98.05813766  495.5249018  176.9421404  127.835882  600.3237277  187.2108351  -15.05056216  485.3475311  12.08876211  -94.54737918  509.4555249  92.81127289  218.478833  -140.8664289  327.6887542  29.19931771  -5.877902167  328.4467084  283.6323707  47.1022595  417.2870148  227.1399662  177.003099  49.14147731  
118.5607207  463.6097821  71.8025241  89.102391  207.8877779  215.3986681  108.1089571  510.8252951  183.3106538  124.2045422  600.8367499  192.5184253  -4.854908988  490.7618336  4.142150591  -84.42525711  508.0111141  89.88886091  209.245013  -137.3041223  331.2279143  18.56679912  -7.371773271  321.8087595  275.7080258  42.59817923  417.9107317  215.9526777  165.2831609  48.83338028  
120.449929  459.03178  62.31360137  108.3590596  215.2254212  225.2750458  113.1571072  511.471937  198.5393021  135.2311225  584.5409831  196.4312051  -15.69832447  492.8374394  0.5096883508  -82.05148181  521.6963719  75.15968298  199.4960402  -127.3414115  320.8123467  6.514356553  -1.758425789  315.5052414  270.6983657  40.86752901  429.6453901  222.1836026  171.6175464  54.75974072  
116.5027824  462.9229716  41.96426548  113.0335015  223.2969468  225.3953194  101.5841797  501.0971496  216.0334396  137.3481004  580.689495  206.6630485  -22.3606161  493.4831626  -10.81513679  -76.92740054  526.9605156  71.90764616  190.5397891  -134.0164561  313.9653321  -16.04494971  14.89724051  312.6837023  280.0937523  40.15872911  450.0051981  221.7501672  174.3290619  52.81602983  
119.0430678  445.9510888  43.66031747  104.9244094  221.6905106  230.1253615  92.58599037  494.1213364  181.9392903  125.6255965  590.7715018  187.4247298  -0.7360509415  493.4572669  5.749696949  -79.37220268  526.5131647  65.94643594  194.9386007  -127.361737  323.5381969  -9.825013943  17.1802312  323.9531318  265.7102767  35.77236973  431.5732363  198.2457579  162.3409015  51.21409958  
114.1289324  457.9530204  56.79306644  98.95665254  190.6992112  236.4077663  97.42278075  507.9856354  160.8999032  134.6242364  593.3882745  202.5972366  -13.42295123  481.9855843  16.03562991  -97.7000603  514.6847501  86.06266418  209.8948727  -151.4460243  309.7678762  0.1818373031  14.2615485  322.7011988  274.8505994  56.6882889  428.8841578  238.3087578  175.7570303  60.56677049  
117.4260431  448.3729835  38.42971288  106.0116559  224.6637161  228.7768349  105.8556628  499.2199698  170.9251833  118.1992446  589.8247178  191.0308307  -3.877157392  488.8691744  9.924787204  -76.34136474  507.568294  69.3473282  185.7982697  -122.894762  326.0579362  -28.13942666  5.812078015  319.5754374  265.2736107  34.27911429  425.4929718  202.6605932  157.0776229  55.50784573  
119.679756  442.2390843  57.97308703  111.4885063  215.344796  230.2061053  97.25422004  491.9835578  165.7731067  103.5186686  584.8174456  189.6336309  -21.09983195  482.2843761  16.40901299  -84.9695172  515.581412  57.71481446  199.6943169  -123.9234001  325.8355839  -13.38741452  -1.894332391  323.3901981  269.7027134  47.56078024  422.5095809  211.3164809  182.6655548  51.48825113  
116.7499144  449.4214403  47.38862686  108.4967159  214.0460751  205.3847822  84.10951188  482.0390301  180.3923158  84.13233465  576.5111443  191.2956141  -24.62639339  498.851455  8.461840546  -58.93955852  504.6671027  54.53063322  204.2518972  -118.4837261  333.1127447  -32.83984733  15.89864867  319.1161601  282.4658238  43.19424007  439.4208602  202.3062417  184.5548436  48.693146  
118.2845904  446.6253013  50.0094869  107.776529  205.5514289  232.2761295  94.31183954  484.4444561  164.7061695  86.48087297  589.7446793  190.6449656  -19.02220298  479.3531065  24.41287956  -75.94264607  504.2458167  50.39333102  201.2701062  -125.965313  328.4402018  -33.08647302  13.44555924  322.3948484  271.5547803  58.46605077  424.444989  217.2993339  182.2404696  55.08742771  
114.2246049  474.1541276  67.59325617  91.67921369  184.2377832  226.1170906  84.62705103  485.5424722  173.8696686  89.0169153  579.4070585  212.7385134  -45.79489562  484.8363627  24.32115302  -75.26200839  484.0339111  73.57069536  225.1285345  -149.262206  333.491926  -17.80766017  6.853788597  320.6848556  296.2289575  77.39998009  426.5807617  233.9101631  204.4596227  58.12804223  
116.6486236  470.9329123  52.93923694  90.67358109  190.1187461  206.001045  75.64167522  492.3000847  185.1583762  85.98236737  573.0615718  209.5193201  -29.10281577  504.1306269  8.470384717  -60.0849201  477.867595  66.01434288  222.6120797  -142.6793269  338.9717403  -23.83581835  5.566457283  314.7047642  293.8502355  63.5833638  432.5898051  217.5059702  197.5638097  51.72381968  
117.5803143  467.9079209  44.23388339  90.45012955  199.8805495  191.4495964  73.78451206  484.7895676  192.3514606  81.78363296  567.5379965  206.4836941  -25.68308495  514.523962  0.7221080833  -55.95036461  471.6666091  64.23551433  221.6451147  -132.961603  338.2320834  -31.24835022  -0.9063015458  314.2186915  300.6573124  48.20502852  434.4707445  217.9630713  195.6782361  45.92227608  
115.9016387  469.047572  42.93336208  95.45929844  207.3765176  214.5124611  81.4931361  502.0712137  189.6596125  91.88052514  579.2867969  185.2255919  -23.22860992  492.664047  -0.02364571238  -68.61044528  486.0316943  52.67661603  202.3963666  -123.8165932  337.1412348  -25.37527371  -4.802116598  305.5557086  285.5077087  50.53476294  432.2912979  210.0585059  173.9065026  42.32910323  
117.4962769  481.4682533  53.54982627  99.63009064  207.9199177  218.9039817  82.71097907  498.3450036  180.3720905  103.8745002  581.5239557  196.0393351  -21.70933572  500.489466  1.791046359  -72.41023439  508.8910718  55.90952648  214.5714495  -125.645185  338.4307187  -3.084593694  -0.07391279769  316.9971335  272.5365767  48.93258706  438.5152715  205.6620703  185.7158934  48.19221795  
111.5152842  473.6098  61.36033414  98.16214615  204.6126617  219.1217379  97.68752172  494.003205  176.4983316  113.6195487  582.5630026  184.2784658  -23.01142529  488.546928  12.9238379  -85.81252641  509.5619237  68.16098213  217.3952228  -126.4734809  333.3818652  7.077241762  7.83590654  323.1477879  279.0466364  52.25045994  422.6999834  212.4938822  186.6626993  47.92128322  
114.4640277  463.3427252  50.01207024  99.7238053  211.4384755  217.670238  96.27970167  497.0181357  168.3944109  99.54508815  587.0767642  198.4919289  -9.884414385  492.8720085  10.66473246  -69.49815755  511.0256169  68.71554297  214.9370059  -130.6891573  334.5098727  -5.794319381  13.89537243  321.3463299  265.6922116  43.09209583  429.2198331  197.7980998  178.1675667  46.47897767  
121.221203  445.4971804  52.68608698  105.6682443  218.0098236  223.8981549  105.2204605  487.1275236  149.9854003  93.77849522  597.7729007  185.3049938  2.739522272  491.1735028  25.6823163  -79.73981348  519.3958596  61.020648  201.4237697  -120.2351144  331.4677484  -19.40907743  9.110760509  325.357675  251.1062244  39.45252608  420.8619801  203.0496167  171.8891673  49.19179433  
118.8907093  459.6401951  58.25008128  110.816124  217.9391184  222.8857626  109.3288586  487.7523362  159.1351551  103.1355298  593.3298406  199.5942047  -13.65146339  484.9801965  17.31734802  -76.70340768  516.8733169  85.68125738  210.3430984  -125.6884639  330.6560877  -2.784707003  6.574495441  327.6503059  272.9377789  36.15128336  431.5633039  224.8135623  178.8290652  50.66156639  
120.4525436  453.3680247  39.6811988  110.1085541  227.5598055  210.5113555  111.5799996  486.2588878  169.7930312  92.91206436  590.3169162  188.0429006  1.938839375  502.2155883  11.10625211  -58.21639126  520.5223529  61.27568371  197.3074022  -112.437804  342.904621  -21.30028467  7.146532524  323.9909003  252.7558824  23.0624727  434.8054961  195.1542295  158.6010172  46.39148644  
122.7723461  468.1842388  44.12630526  100.5070294  212.1852107  222.4836789  94.77676842  492.8492474  180.9885966  100.1450611  589.4558256  204.4687988  -26.78535508  491.4417879  20.38356199  -65.76839392  492.1255843  65.34434922  201.8236532  -134.3957582  332.7484015  -37.49648289  3.507943784  322.1675704  282.4650111  52.91769587  444.5252432  228.3090467  179.7114768  55.07880655  
117.7114214  464.6513558  45.20022615  103.1256101  230.1352275  217.6581594  102.8422219  498.1233448  202.0171584  114.6985703  589.1246179  201.7820792  -5.87122064  494.3177033  1.064806373  -65.33695318  509.3545389  63.07656885  201.4252366  -125.6393945  335.1546582  -13.14163421  3.638799301  319.0694362  272.6522847  41.55923055  437.5258534  208.3174032  165.6337053  48.97032884  
120.471518  443.0298855  49.33466444  110.3521422  228.9355349  245.0367683  99.35626675  495.8915681  178.3830242  127.6326232  597.2150879  170.4958664  7.108452296  481.2934559  12.05141277  -94.27692735  532.0138498  45.420899  182.2498945  -111.6729424  329.2406551  -12.13862877  -0.3256308811  319.7999242  251.144193  34.11317386  425.0034555  200.9418537  161.3673725  46.01081577  
114.4341237  463.238853  74.82803135  93.91066542  194.5947315  240.809811  95.63933857  504.3424309  175.5247263  138.4683161  584.7287305  197.5588448  -31.70308872  486.9616252  17.12218864  -91.7975623  504.7308905  98.69212487  221.727492  -147.5553609  317.4979436  8.30288807  -1.452861817  320.5576402  288.971995  62.77685823  417.6868709  235.0219784  187.3514516  60.52782955  
114.3608083  441.6755794  54.13224291  98.49970343  201.8856715  223.5442826  92.26279502  503.4034515  169.5481181  129.120005  587.1194101  184.2693532  -5.400943386  497.8276557  6.023938718  -78.95773486  518.4521156  77.89612497  201.7926134  -129.0166912  315.318345  -14.52016322  22.90168804  317.9938215  275.115348  37.78875739  417.7305737  209.66826  169.7566916  49.66266165  
112.9137614  480.0752913  77.25744604  86.89043805  192.9328857  245.3625594  96.64206132  498.3057703  166.7793208  129.6283564  604.5184255  193.9524403  -28.99477933  469.8943937  31.41459217  -103.2318312  501.3464624  85.52562544  222.7750471  -148.3778925  322.5439366  10.98657472  -1.743171929  331.0385994  290.2900209  66.22143816  413.4748841  241.9391611  190.3187684  60.75500058  
117.3906598  476.1496755  71.69809114  98.0436315  211.8612765  231.5623134  107.1086788  506.42834  181.4851037  127.3294776  600.5701837  201.3241404  -2.209974318  483.2094558  6.176045142  -84.64771402  519.0555207  76.08310844  217.5072174  -140.406927  332.9156414  20.91380133  0.2405879357  329.2446652  267.8871247  50.40346672  417.2356913  210.8755463  177.4862317  54.23465239  
122.5277729  473.6293411  59.48881697  115.0869974  203.7919658  224.3584931  110.7359194  496.2782389  186.1585498  122.9795248  593.6023619  213.3666409  -7.460139637  487.7884757  3.172063547  -78.26506118  514.6483987  68.30241422  204.6535205  -135.3377361  319.0033699  2.19004499  12.99378023  325.8703764  270.3471314  45.50661766  431.085783  235.6501729  189.3006901  60.4384218  
112.4565895  481.6667274  72.98042563  104.7989865  197.512272  209.7359776  105.1283415  507.4880036  200.8603384  137.278213  587.8163789  223.5510202  -23.42164092  491.2540687  -6.053757588  -82.35199734  508.6438594  96.97085219  222.9206798  -150.8483429  315.8336262  31.61524144  11.07091127  322.6954148  291.7026531  51.52243352  431.5099647  249.9981701  200.7017718  59.62863845  
119.5187047  453.7132366  65.73184367  106.2235236  208.9532885  220.4057845  113.5677421  502.5280888  179.8845102  119.5933779  593.732539  195.6922179  1.824596081  495.0095546  3.218681049  -75.39342672  527.225196  81.80955932  210.8342639  -129.0103166  335.1389389  20.12876807  -1.551793645  326.7301414  258.8845314  35.3050596  427.5483315  206.5353933  167.1917676  51.32492224  
118.3976936  470.0152585  49.82344774  103.0566358  203.9540898  226.9944896  103.4480958  504.344293  193.5273255  129.8844964  580.6846001  211.3016331  -34.99018189  496.4514147  1.584345925  -80.85094455  502.5978234  93.88066738  207.0594903  -142.7540675  319.9013041  -5.113837128  5.856011942  318.1354403  291.1019022  52.17387306  445.6940727  240.1632062  187.2576008  61.20894824  
113.0377677  480.7321143  32.29876239  94.82597109  204.0669685  195.2998369  88.25684244  508.8765622  204.4401892  118.3833611  566.3792832  213.1057169  -37.23006122  514.979614  -11.54619823  -64.34625074  484.4451114  96.33132351  216.8571966  -142.6390504  319.3634364  -23.23576167  20.22756142  315.0188607  306.1745271  48.51525978  456.6478416  230.7562157  190.0948087  54.58915893  
110.4145354  461.4795963  21.73735949  89.47347518  211.1509988  200.4033881  92.82338426  509.3735807  182.2761287  104.8932926  578.1074398  192.4888912  -11.90506263  512.3089073  4.997427374  -67.2441862  479.000156  74.74619284  211.842287  -127.521701  330.405158  -39.51755745  7.295600213  318.3438915  282.2084044  38.44151756  435.3990606  206.6676281  170.8071566  49.91483149  
109.7470667  460.9890204  38.31456999  95.91204311  200.238125  212.1180326  95.20955641  508.4923305  165.6102258  97.10780513  581.689582  199.7721448  -16.08770364  498.5125487  7.579971866  -82.44954885  494.1374505  77.85441562  221.3429693  -137.0525316  315.6127633  -19.68276523  22.89246566  313.9955612  281.6110155  58.4620971  430.4064975  222.4376485  188.3098446  50.02838822  
116.7260145  463.7552263  51.36117539  103.3484333  202.7286852  218.1469737  77.85957483  519.1978624  175.7020428  110.2036794  582.3672618  198.1137465  -19.35350583  492.4135957  -4.429971875  -77.92893437  498.4470113  55.00078069  207.2639332  -133.5555772  317.4414729  -12.48223521  10.91739108  306.9710727  279.3978966  51.79358828  427.1254855  211.0756366  187.5484764  46.32625552  
127.04129  460.6789977  53.93680117  100.8910158  218.3865093  218.9543698  85.24577631  506.478388  196.477272  124.0471674  586.993478  193.767281  -17.97543538  495.5216941  -1.056876967  -73.94865206  503.2810985  61.87675792  203.3082261  -136.4806484  323.0119357  -13.95437245  5.219146477  319.9774123  285.3346198  46.48306174  437.2827804  217.8702256  173.5018993  50.80107851  
127.2361344  441.9840058  57.36908056  101.1731927  223.2339008  225.0827363  96.36139316  494.1288889  194.3820826  118.7337303  593.2940113  180.6263207  -13.2781156  489.0740969  3.825417819  -77.25605931  513.6144389  68.94668466  190.6700365  -121.1012056  324.631417  -17.18793775  7.848131966  324.6678047  282.750927  30.88417329  429.9884148  204.8026579  159.6005619  46.22161659  
111.2755028  463.2867262  58.7952105  96.33997238  209.3757513  227.9358483  97.95479145  499.2407399  180.7052503  125.7450263  593.9950689  191.5179609  -14.5109896  476.312465  11.75138159  -95.38116084  505.6261292  78.1013387  209.6805785  -138.0786841  319.960394  14.81560652  -1.201652152  324.8607661  279.2491748  44.07566659  424.819788  227.9350384  170.5466063  51.2879823  
115.4135043  462.6997403  67.15814841  93.44561735  218.0872443  234.7268614  107.4494182  495.9224036  172.8886402  121.5674125  602.6951837  193.7722816  6.234050954  482.2483528  6.093649539  -92.74377431  528.4645977  85.91912833  213.4470227  -133.502657  339.0446855  34.9836316  -8.083570632  327.7253625  258.7627691  38.18786617  420.8468288  206.6447553  170.1696252  48.34421853  
115.2631741  479.4948072  73.2148987  96.04172721  203.9896721  227.3944549  119.0867328  501.9586232  181.3449688  126.075625  588.9729167  213.4372937  -24.36224033  486.9737929  4.105501264  -90.22118062  510.9654288  98.61835917  226.2733817  -148.2340687  325.8565984  39.40101437  -7.629194982  326.8277266  273.633231  58.47369072  425.7760988  235.5348561  187.0635713  58.52411678  
114.7347923  448.1855494  41.76347706  102.9198957  231.2520537  213.699478  106.3244396  479.0999365  190.0449743  100.9412632  576.9907794  177.9055478  2.00402828  501.1520009  2.82791008  -72.58496374  522.8648431  65.91331755  197.2137064  -116.9657486  343.0894121  -9.170343771  6.933245194  323.5879821  262.0694107  32.49791885  432.8060764  190.4057886  162.61427  43.3279379  
126.1664491  422.9570435  30.15727556  105.301876  232.9532396  229.0172931  87.81361921  476.9613871  174.2229493  100.3052846  591.1204731  157.5405209  12.66817169  504.5740672  18.10167475  -70.84607982  523.7835993  42.98556401  175.682143  -104.8342787  332.1358022  -59.2073551  18.50360493  317.0728623  257.0202429  27.78190811  428.0318986  185.8527416  156.7075076  45.87807885  
116.8711583  460.1021549  54.5800015  103.0162948  203.1099969  240.6497066  92.52551353  491.4197466  168.5374955  121.0905568  579.6012334  196.8919016  -35.60485419  478.5921215  28.926899  -83.454771  506.1898674  75.11818927  198.5839864  -133.2620309  322.1972162  -31.18801914  12.21347464  320.6145051  286.4274749  60.80060592  434.608817  241.5499207  181.4789968  57.87507987  
112.9388691  466.2910655  34.96452111  99.44470034  213.4193866  222.7128408  84.50376188  491.9799765  174.2354407  105.6167346  576.9736806  196.200012  -34.95671552  501.5077512  7.834467417  -64.81761503  499.2790415  63.58075564  200.8003032  -122.876028  337.519521  -40.78061942  3.743711622  320.4968392  285.7675404  30.25316465  441.7612144  212.5299827  178.6645825  46.15982418  
120.0730818  447.7170809  35.09568067  99.89153349  217.9924307  232.6921466  85.85635216  496.8555858  162.1942106  107.2091414  591.1747473  180.5244594  -8.134107204  494.3815549  15.99684662  -69.39256351  493.831616  53.34495712  188.1472315  -121.3551491  325.8173254  -55.70321022  8.402938013  316.8957178  265.5777114  36.34332017  426.4129908  198.201674  159.983126  50.01793291  
116.0994705  472.5433485  57.9351473  92.60281266  191.9451455  235.9712518  85.40996023  507.3388968  166.4568708  120.5816748  591.187974  202.3389875  -30.91759428  475.4580883  22.65441188  -81.42159073  473.4195751  71.271577  206.7755827  -145.6172485  318.6793257  -26.25139917  4.950603856  317.1692567  284.3497848  64.99384179  416.1354845  232.7664304  179.1710956  61.42831327  
113.3101368  473.325666  67.92113129  103.1423864  201.6852725  223.0209702  105.2511498  516.1203693  178.4480866  129.5741973  596.4502776  211.756462  -10.40752619  483.0108047  -0.001190524192  -91.29351526  512.1027183  84.7357117  216.9313021  -145.5740802  324.5305548  33.46517126  -4.015055224  321.2985124  271.2915916  50.77144343  415.3872066  228.0147603  183.3936909  53.64426363  
124.1705054  455.2405338  65.28931445  113.4424568  212.3507466  206.4683122  109.0327899  489.3154546  178.7573476  104.6958055  591.3380375  195.3287298  4.272666134  497.3129816  4.058847488  -71.84924379  530.4272576  74.83743653  217.2222455  -127.6385272  332.0063362  18.28827033  11.26822242  329.5924271  262.8147051  44.5813946  430.6690326  211.1121445  183.9438412  52.11757607  
121.8891608  458.6892417  60.25359303  104.7588672  197.2187736  203.7247569  94.35015238  478.7440652  184.0084846  87.69788418  577.8525575  203.078266  -29.01599861  502.1671361  18.07630682  -67.91712366  501.0517842  66.90842478  221.9386191  -138.5824475  327.3688832  -21.15130403  15.87506297  327.9097927  287.0182013  62.583337  436.5428956  221.3871099  202.1588345  56.88159773  
116.523985  460.3988376  49.70703357  96.30602005  189.09073  184.8310763  83.48544806  503.0783043  193.351152  93.88935153  571.5407932  212.9850273  -35.69922216  510.9325723  3.483103406  -62.57632779  475.3634609  78.4407521  221.1827246  -145.658321  319.1971857  -37.83483836  19.26334799  316.0760443  301.9744873  66.58467996  433.2300747  218.3430664  200.1029251  58.12594361  
116.6176941  445.4550853  51.64138611  98.60243064  202.0248619  205.4523735  97.99377914  507.110338  177.3204521  91.91954883  580.6376155  189.7318281  -10.32630046  499.2053009  15.92949694  -66.64786524  502.7745178  58.30061572  205.2242776  -127.7013912  330.3821682  -32.75461733  8.642419945  312.6455002  273.3360904  51.44367477  421.9954513  190.3850946  172.5417692  45.07949749  
121.4724961  447.1706879  49.18342552  104.9665454  205.7056814  197.7827141  89.39354153  487.8491233  173.8235797  84.20179379  588.2880683  193.8466783  -5.760704031  515.1143039  12.42739898  -62.05138615  512.3210041  62.55312082  218.4695337  -124.9111697  330.1244659  -35.3745885  26.91217068  318.8278324  275.748165  47.70442309  426.5002473  195.4045111  189.0393779  49.06135544  
116.4839906  455.2785608  61.80663406  105.310706  207.753629  224.1747218  103.4244835  499.233425  172.3816332  112.5380207  586.5671095  187.3248936  -20.15255655  483.8676392  11.45348496  -81.54106377  514.9212944  70.95038779  210.9474597  -124.7014548  322.5656712  0.1090446663  17.7384016  322.9503838  279.6327171  51.48346774  426.2481556  225.3485207  178.2176853  50.98026718  
114.6792931  462.7175449  61.79589973  97.3222939  222.6832981  250.4219324  105.3874575  495.5868621  166.2940654  121.3896684  595.0755509  184.9032838  -5.596560995  464.9232354  9.550140114  -93.59809202  523.9908592  66.78166266  196.037556  -132.3540204  322.6661375  18.48463718  7.624800783  321.6540566  257.4423513  50.79649454  422.7474377  211.3934547  160.3363278  45.44279108  
117.8012209  464.3524842  47.01457588  91.52738194  207.0959268  246.8010752  86.45208076  495.1050446  158.2360731  118.9227844  588.3975866  189.6506204  -14.66515372  473.0638688  21.19575433  -86.27450143  496.0857625  66.88227009  191.2635909  -140.3467154  319.6393731  -21.04240135  8.804937163  319.1741874  269.4680064  55.41339168  424.0755939  211.7607981  167.4610411  49.81485123  
119.2593936  488.5921313  64.73005459  97.40038131  193.6270631  230.6093678  96.75191593  510.1951664  182.0881699  117.9285363  596.8479099  211.8684619  -37.20740209  472.4284429  14.04433346  -82.82643819  481.7514983  82.37633933  214.9745045  -152.3220063  324.8894361  1.48189636  -0.3386866065  321.2547748  295.7716779  65.76612383  434.0424142  243.2761271  194.1914056  59.31090076  
111.1852842  481.0605213  54.89696986  109.3056833  217.0894198  212.0248297  107.6526891  500.61684  211.5750093  132.7004972  571.1492663  210.3101351  -16.00868604  509.4793452  -17.21901538  -74.94860731  521.1395572  82.44291261  215.1284402  -129.4094559  324.8087257  8.17147525  6.913164459  320.1098632  284.0207759  39.01965807  442.4584994  227.369352  186.4009401  49.5771149  
117.6470909  448.9853739  28.42443556  99.23517972  224.4509184  203.8224484  88.38956573  486.2285186  189.8833153  112.9290893  571.0049632  181.8287203  8.463702626  523.3911198  2.390255505  -64.23486494  516.5519987  56.23912327  199.6732206  -110.2727482  341.681152  -41.73939909  12.17037749  320.5567927  263.1388349  20.71473705  436.1891796  190.2080745  167.7775053  45.75620516  
128.0717259  449.6354372  44.42211157  95.21415355  213.8948547  222.7332393  86.61403005  501.8714259  169.7630518  108.191876  585.7618993  190.4569549  -15.00332406  500.9795549  12.67471943  -68.69830328  494.7184492  72.47967603  204.8309036  -126.1267712  328.0813134  -38.13350625  7.864651484  322.0297607  279.4596288  38.73749726  436.1221141  211.9174631  178.1668765  53.24244227  
111.2998546  458.5697422  46.68519166  94.52091491  209.5883928  231.1351343  95.78448794  500.94241  162.7784854  119.7784651  594.1892427  180.5599731  -9.00929834  486.8370262  17.35179234  -79.14650217  504.9390682  73.51397728  201.6137264  -127.2603316  323.3826902  -12.86415406  13.64767951  322.3379621  270.6472664  37.18403976  426.4079847  209.9233393  159.557381  51.77542197  
114.8613366  460.3853791  55.13408048  96.66364577  204.4966431  228.782076  91.44977315  497.7962189  162.3547629  106.6625813  602.6817304  190.9833095  -5.204699902  480.2698303  18.43611315  -89.38055237  498.2014888  65.80683742  204.0777312  -139.4788615  331.5671843  -3.982895749  -2.239120179  320.3416271  266.2687343  47.4645508  415.5756875  216.6629324  173.3059293  51.92591483  
115.4049541  480.4154562  68.03429941  106.4055097  199.6631744  224.0868189  103.273718  510.4910216  188.0368971  122.757101  595.8988549  220.3641206  -37.38483136  484.3867795  7.768229312  -81.84745201  501.3783845  84.19372419  221.2710021  -144.0786289  324.6782471  14.49564235  -6.668783137  319.1453446  294.0848216  56.07409951  431.4688061  246.6985566  198.906014  59.62734227  
110.412925  467.1531634  59.21461569  103.5228056  215.2178438  227.4739732  116.5148777  494.8261995  191.6049306  123.7293561  584.7509638  204.8440616  -23.57754969  487.8473396  -1.98363949  -86.26752371  528.1801613  92.25419727  213.5735189  -129.3413161  326.1880063  32.55262626  -2.63506847  324.5434024  278.383899  42.07303549  436.2348974  226.1721466  180.3502106  52.33822857  
