139.0887568  623.2533497  -28.90118826  222.3550788  121.6655941  339.009952  198.221798  500.2421584  228.5359751  157.279492  688.1635103  274.9915003  56.63764703  343.2950506  -142.0071136  -117.5627088  346.042555  70.59496029  215.4240353  -282.2967184  345.0623157  76.06318907  -35.95221039  269.8980884  150.8966547  4.198478695  399.7777152  304.287584  51.51775242  166.2721022  
144.5273203  613.5831494  -24.45774309  219.7547646  127.2602259  340.7025837  187.6606344  504.1962945  228.0675696  149.5265106  684.1620755  269.775413  59.35421254  354.0629843  -133.1146263  -115.6387379  348.2009411  71.05527924  211.3501136  -276.5795412  344.403059  62.13121336  -42.76380789  271.4970225  146.7820895  -7.510693682  393.6167932  288.0788242  39.34742392  162.8521525  
143.7507235  613.9186312  -26.26905794  213.5997724  127.7571794  336.2966613  190.1521547  501.961208  233.6604689  138.7876027  686.1449162  272.0595462  60.7384239  361.6578454  -138.4966498  -115.864598  347.0292409  71.2681453  205.5398184  -280.6120942  345.8237741  58.18244241  -44.9053729  275.6066367  140.6432902  -16.18009465  386.8973189  284.6594739  37.70535857  161.6099808  
143.0168139  612.5941219  -19.67600743  210.8028925  139.4037156  335.3634518  191.4773404  498.4972636  236.8763936  135.7598601  682.0655394  279.8700586  55.59032194  368.2903964  -141.4036578  -112.2453311  354.3677128  71.49395235  202.4384341  -284.0309912  348.1807113  57.88858693  -43.83906372  279.136237  148.4933614  -14.35960824  383.7548154  280.8402945  37.33479121  158.930284  
142.6339294  615.3866238  -18.361182  213.4666797  142.5957521  338.7059708  189.0541416  497.4223499  238.0767734  131.9909092  678.9660512  281.5734237  59.60284169  366.5139034  -135.5603594  -111.5717861  354.090689  69.40442616  204.6996563  -282.6045983  352.4006317  59.57698878  -41.74758936  283.5658544  146.5330892  -11.35461184  382.5440613  278.3196656  33.97881582  159.1215144  
145.6054264  604.9541626  -20.77930782  215.7201833  143.4192452  334.0066356  194.2773912  507.6414297  236.002153  125.4159171  677.2073098  281.1029679  60.80721306  380.1442781  -133.8636128  -109.2252608  360.2318146  64.96792723  203.2768159  -281.571413  355.1817488  52.56681415  -45.59934624  283.9603123  134.0163662  -19.44195827  376.9213918  275.3846257  35.37720385  154.4143868  
147.2250725  609.8225652  -21.40052966  215.3001004  145.8958799  328.0352896  198.1526821  503.8675325  237.4802969  129.1980777  685.6725114  272.0526046  61.31880355  384.004017  -144.0291968  -109.260465  364.9223656  71.4708178  196.6097341  -277.3514284  349.6096077  62.37714569  -44.3318105  282.2632898  139.0919318  -11.54916114  376.6714859  280.9522319  41.69637519  156.7085438  
146.1952519  608.1143775  -24.84047989  220.6744906  136.5760968  330.6127941  192.9586292  500.4261064  235.1603563  132.9320441  688.9141153  264.248642  67.7277975  374.3821907  -141.2464513  -111.3937971  355.6991252  68.96674511  203.4862098  -272.071543  346.8609113  60.96477561  -49.3240798  277.644119  137.2833874  -10.7887005  378.6443177  282.0412421  42.06711983  159.6842992  
150.3681829  608.1132427  -21.13677964  215.2349261  144.0444559  328.2704268  205.1036212  510.9000605  226.8474115  130.4080416  686.9769946  271.2541572  63.6265198  377.1790141  -140.9850084  -114.4950885  359.1688627  72.35447036  196.9953616  -276.1266176  349.5439582  52.72056694  -47.46766785  284.2212491  136.190797  -17.05211523  377.3804033  281.4069148  42.67120795  155.9774492  
150.9619053  611.6010706  -16.20056447  220.2033792  155.941749  323.35245  208.1786917  520.396508  232.3676758  114.773006  674.7879034  273.7166344  67.65947488  390.1686276  -141.2705505  -106.1031731  358.8960862  66.46919457  195.6252276  -277.1602884  357.2202951  40.91497068  -47.33042008  293.4229193  141.9923074  -23.75375042  374.2326074  267.0095231  44.46155038  153.6761247  
149.6461993  606.9712453  -16.83578497  218.3700445  152.0717743  319.6543523  204.150002  506.9005079  241.9734993  115.3269739  672.3352263  291.1855735  69.39231625  387.9108514  -151.8842499  -101.6194916  370.0264478  68.57169278  211.849924  -290.4575645  352.3735823  61.52620584  -48.35598902  290.4077524  139.6924916  -15.1301136  382.2358833  282.6805839  51.06080031  150.7967059  
153.7386865  602.0470016  -13.77005484  213.4102504  145.7100952  320.0564364  207.1269928  516.2444497  242.4833839  125.1905422  681.9435618  290.0461586  60.75203607  383.3817001  -156.4380274  -110.6642487  371.4172768  75.25786101  210.0587822  -290.0849782  348.6767402  66.97949859  -44.37888353  287.1012312  140.1600867  -10.1284268  375.2674046  278.53341  61.5011463  151.8741534  
155.065042  602.5902026  -13.4317647  223.9073002  148.7981557  324.7086414  214.7656941  521.7136823  231.9447075  127.486046  673.3854155  280.6572184  66.29687765  385.5419501  -135.2448697  -108.0689645  361.0615825  72.64438667  201.1833728  -279.8040498  353.2582135  43.54536387  -51.33480162  294.7129917  141.9475625  -18.34161711  376.8251361  269.1316677  42.32826221  152.0899739  
152.7184267  607.7980447  -14.6675156  229.4420089  145.0204043  329.0258463  216.8735049  518.7955506  238.883741  133.0105049  675.7871224  280.1589696  70.23959369  376.6635114  -150.1953549  -111.4238108  354.7517605  70.35186659  205.1890747  -286.9656315  353.7873171  58.73259136  -46.78214518  289.4479067  140.6843287  -12.06255897  382.916388  281.7735493  47.22118514  152.5745387  
147.9058584  605.053934  -25.28815302  230.5429705  130.7019497  327.93295  206.868143  510.9310696  229.7177158  132.7992614  672.9088855  275.3373406  63.69959848  367.0517372  -142.9096935  -111.396339  353.3481303  65.71107878  214.1862128  -279.4879241  347.8985007  65.12366511  -39.90861959  278.6896105  142.8676688  -6.506097321  400.5442616  294.0506124  53.75559518  157.6514714  
147.8368274  612.0978006  -25.02334769  221.4038355  137.1139594  342.4502192  211.0220846  525.454753  233.8280831  122.1862183  676.9427222  286.0403339  71.10325305  367.8744859  -140.6657068  -112.6055895  344.9704363  77.92047372  213.2294372  -282.8889434  349.3075383  45.664406  -47.30671227  282.5085405  138.8075143  -17.36087852  389.8680866  274.8929431  40.64377459  156.8671324  
152.5446501  610.7623587  -19.17134126  227.6553108  145.7953767  335.405847  218.3489532  524.2825222  242.7098528  124.4205944  681.5847051  287.4093881  75.83689389  372.5911731  -143.7744146  -103.5490153  347.014646  73.76405025  217.6806451  -285.1684492  351.3997902  44.10964023  -56.3172433  286.4686549  139.6367964  -19.7963273  381.3131283  273.7863995  42.94838617  151.9017743  
148.4726947  621.852694  -19.25969192  226.583758  145.6306581  331.4248664  219.4776988  515.03508  238.571801  131.0906413  670.9351607  293.9532807  70.5609269  365.6928373  -146.3093071  -101.091472  340.0140362  77.25117584  219.604716  -292.9124678  349.5576355  42.33894161  -54.44341549  285.6118773  149.8939127  -18.5224322  394.2981276  282.4822103  43.67856565  155.2425792  
149.6493969  614.5123542  -15.52201654  225.57977  148.0306688  333.5208339  220.3108536  527.9409972  239.0785062  127.412998  672.8104295  280.5684101  66.36580282  362.7997535  -146.4240008  -107.120074  342.2794465  74.86371593  218.8377685  -284.8620769  349.3130997  41.66637857  -53.91207414  285.6052219  144.7325272  -9.957138725  385.357064  274.9996398  47.70609222  149.8545502  
146.9330683  609.8967812  -26.70173845  233.9857848  140.159719  335.10488  229.7914508  531.2429446  235.8120744  140.111454  675.4894485  264.5662463  71.20262684  360.7458881  -147.7081131  -113.9863949  341.6784012  70.95807042  215.1452096  -278.9858987  343.6526633  42.56893813  -49.71735132  284.3559963  142.526314  -7.212909537  382.1918077  286.4894724  51.66295596  153.0066246  
138.833406  611.235577  -37.72471331  226.9750677  115.1462136  330.7469156  204.8292779  498.4271893  213.2000395  168.1798959  697.7424741  252.8107173  66.08750312  349.0505685  -145.4604604  -134.0563581  354.2984448  63.62576334  203.3292877  -273.4904392  340.1169997  89.23553247  -25.3105042  277.8983501  127.8210296  4.705847597  403.2431633  319.3597789  57.7996982  169.3225997  
138.2911721  617.5360741  -36.88632749  210.5406936  122.0452212  321.2348445  201.8378384  483.9009597  206.9596263  151.9592513  690.4986793  266.2641985  58.35720294  366.4236162  -146.2698059  -130.2719101  356.4956424  71.00608609  184.4135989  -276.0890961  339.3161528  89.14191849  -22.67815955  278.6274519  133.6229921  -12.46697899  403.8929994  316.4812906  56.94496377  173.3731705  
141.1656167  614.8202599  -33.70004313  205.880208  142.0086122  325.3014678  194.6158669  491.2243983  220.1004692  133.1941305  685.811724  264.9093056  54.67614467  373.381186  -136.4221509  -115.0396652  359.3941157  70.23127753  186.4075057  -269.685495  347.3828822  60.8631885  -29.4179277  280.0426538  147.7251513  -12.63590425  384.2949439  295.4285114  40.09039551  166.6752522  
144.5821147  608.414745  -26.49742945  205.3385596  156.7787938  323.7842089  199.5979822  504.789884  240.5690795  110.4710567  679.8790501  276.7053746  58.97620193  388.1159758  -142.4911641  -103.7806842  355.975329  67.1586123  188.0055506  -274.7402085  357.3140482  37.35310592  -39.81510645  282.9410561  153.1793135  -17.47633693  361.2492332  269.7271401  37.01706091  158.532051  
146.9174168  611.255239  -9.792699162  201.3165238  167.2660341  324.3327206  213.182742  516.108624  246.1093108  112.0067693  670.7656502  300.6101896  55.19272502  397.7254794  -150.2358267  -99.46743094  362.8708035  71.22930936  186.6654039  -294.4849206  364.7703643  34.35244398  -40.38011634  296.9270676  164.0770803  -23.42355838  362.2763093  266.0045094  40.52004983  154.3007604  
151.1342579  605.808129  -8.726048742  219.9236487  166.071576  333.4208114  213.4669582  529.9386426  255.4127922  113.5783554  668.3217651  296.5720304  62.47645767  386.4572663  -137.7555167  -97.06645212  362.1900605  64.59508128  201.7121286  -285.7740624  365.3789314  32.95144407  -45.39896502  296.8896822  155.5288853  -19.55911009  367.0811644  260.5565784  37.72948857  146.4337484  
149.6655483  604.4589699  -7.172001342  220.486054  158.5256701  323.9268387  225.9526163  527.9335069  256.3970613  113.2408261  659.6864569  300.3701952  51.83938259  385.3846015  -143.641779  -97.4381068  356.6671114  66.64679455  209.5947006  -294.0631397  360.6612242  39.39816215  -49.60959741  293.3379568  158.8906826  -14.27531592  371.2165682  266.1795777  47.72826487  145.7631665  
146.243097  601.503603  -19.89041312  225.4724106  135.0247847  326.8943048  202.5555848  506.1966132  236.8282759  138.0180818  676.1162385  278.5021222  63.34665365  369.2480089  -139.0997657  -116.5539331  358.2478647  64.1434509  212.178663  -288.0986987  354.0285711  60.08118358  -44.65564428  284.9275206  140.6098452  -0.5677082835  377.3554698  284.1765281  48.03552304  155.6281129  
141.2583399  611.7470692  -37.02480064  217.5109179  121.4513411  332.607206  185.7322677  490.8439668  222.0671595  151.7576589  682.5684305  269.6273586  60.07265002  355.890135  -142.2117319  -129.4341142  352.3911635  67.82029803  206.4126462  -277.8061851  345.1981329  74.82843326  -30.52973727  272.6562278  143.3523716  0.2835913598  395.2547659  296.204203  51.47650181  166.8964375  
143.7189205  612.5690881  -30.74620707  205.5105722  134.0609116  333.2380207  187.7268208  497.3848689  222.7959663  130.1109289  680.1331245  267.3968287  58.58385608  369.2499581  -128.3394364  -112.4811077  342.7274255  72.43477769  193.8421601  -273.2149794  346.0566282  41.33351668  -41.71864449  281.0541844  146.0252356  -23.46564798  380.7818894  276.0215174  32.04602299  165.8933268  
144.0311173  622.8730325  -19.97853208  214.9544572  146.3514033  346.3845869  177.6450169  498.8776416  238.1502381  126.1566252  683.8522481  280.6240078  68.68177371  365.3470033  -131.572411  -102.3462815  358.8950078  74.0546017  217.6339103  -279.1155827  348.1498151  55.89571243  -51.0062363  281.456685  146.5800087  -12.17749916  387.7663513  268.5634415  28.20954985  159.8003113  
149.1561681  618.6943069  -12.47015647  205.8274701  161.2386364  324.7297865  207.2039944  518.6935375  244.4899535  115.2019091  671.9353234  293.7681459  66.11327396  387.2950849  -152.8210541  -103.0660678  354.6943484  79.73518926  203.1577021  -290.9072866  348.5699941  49.11741364  -48.07563998  290.6657009  149.1646843  -23.14248521  368.1141532  259.8286774  41.32745008  152.1407741  
154.0830244  618.4730056  -8.653004953  213.1542921  160.471851  329.0368447  213.3228142  517.4159396  241.869088  129.7390797  678.4767838  292.6526942  71.70323543  387.7812796  -157.9542899  -107.2652912  363.6904828  77.32742879  205.1504314  -298.8066115  348.7140574  60.9873849  -45.47198149  297.0724553  147.6428398  -18.3298414  378.198227  275.4737434  47.40799587  152.3371868  
142.531551  611.8812678  -25.10766399  229.5402386  121.7762707  337.6083083  187.2136076  491.5894282  231.6227952  158.3410965  692.5982524  266.9383373  68.910094  350.9615869  -133.838973  -117.0923428  356.7167788  67.44468367  210.6243221  -274.3965747  340.923314  83.83218407  -42.72176286  270.1525609  131.4518685  -2.06279629  403.7558445  299.2307639  37.35408937  163.2886929  
143.0912068  617.6761274  -26.52532305  201.5928194  135.4675323  335.2015149  187.6151063  500.1400742  218.3394718  136.3132737  686.0758117  272.5655047  59.26221442  365.1401761  -137.8530476  -120.7392022  356.0236641  79.38987239  199.3207257  -283.0340419  344.1704814  61.24490513  -40.6392531  279.0312037  138.38093  -16.40738787  390.5429355  287.8837859  41.93796142  163.5775471  
145.8039379  607.9153074  -23.55292217  217.865669  140.5642357  338.227208  197.0587424  504.316684  239.8991988  138.4279185  693.2443475  278.0769447  73.12964859  368.3375747  -145.4027171  -118.1619579  360.7732409  70.6397749  209.1234436  -283.1564025  345.8682939  64.20831367  -46.95988442  281.4429178  134.0790741  -14.88067592  378.9523072  290.9523755  43.94515704  157.0090881  
142.4809856  605.172762  -29.39782846  218.8121235  145.2832568  344.1498155  189.0531508  503.5576094  237.9480909  128.9004256  692.6393297  269.3584586  74.61873525  362.982726  -126.949818  -114.798637  355.9181047  64.68622202  201.1646719  -270.4876799  350.5046167  50.36453198  -42.03109807  278.7482811  136.069573  -12.16759126  375.2896425  282.3253651  29.98343343  158.6471582  
144.9136862  615.719165  -25.57695046  217.6441556  152.9430213  337.3444499  194.8300725  512.7979758  235.6969897  116.020635  679.4029735  280.9662026  68.86797395  378.204126  -132.4211751  -106.0415958  351.3728164  69.80232039  205.2873413  -275.8524666  357.2492562  40.86255014  -48.41814105  282.788745  146.9596082  -22.21229794  373.1856917  268.5581698  36.32206193  155.7995636  
146.2855222  614.0200088  -13.77278268  222.6262702  157.0573901  330.5300442  208.3589964  519.6470517  240.2709399  114.3233467  670.3651778  291.0756453  68.66048224  381.3011298  -139.6264325  -100.0893937  359.3285188  71.53166047  203.2758731  -283.3861353  361.1596781  38.43790502  -51.86532201  292.4890943  147.1862617  -23.1898961  381.3037712  271.1796711  36.89862772  154.2046311  
147.424448  614.5769322  -10.74529295  234.1936755  150.6616398  322.3848625  224.5292387  528.4011067  254.1048131  126.3135851  671.481262  294.1429801  58.8820861  379.8661095  -152.1710541  -107.5845041  348.4868906  65.44567396  207.5730668  -291.1932906  367.3266665  50.69195974  -44.93888087  296.2103619  145.8464735  -15.63409228  369.4507879  274.8742806  52.46796684  150.8077562  
150.6926964  604.7727667  -18.21551465  239.166337  141.6313579  322.583711  213.2651207  515.36922  243.7509905  130.2266232  665.1380237  272.4765616  70.33865568  373.8126392  -145.4678944  -106.8975241  354.0178008  64.78281674  217.7547142  -282.1174301  350.544435  55.071825  -50.4541439  286.1438391  132.0610831  -10.70840377  381.1882164  278.2735634  52.36546722  147.7036281  
143.8326378  618.2232503  -31.33793414  229.2555383  127.0303705  324.9416194  195.0225347  499.5368734  219.0554021  137.631647  675.6036558  271.6823222  73.80597797  366.0701281  -148.657107  -119.5294961  354.5509887  79.15169317  218.0498801  -281.7882859  336.7694356  62.38002948  -47.61201931  276.286174  128.0996762  -12.05479812  409.5856168  286.1442529  49.30813643  157.5204538  
145.2225288  617.8548615  -22.51908372  227.3525375  130.7266698  325.5764263  210.0385832  511.963794  227.4010365  135.5540172  675.9782342  285.6511642  70.64342009  371.1882395  -152.3240139  -115.0043926  346.7532726  77.29416532  217.189425  -291.9621947  342.6588432  57.70871095  -44.96948447  284.4994352  138.6958232  -14.68202411  395.8465273  294.5952678  54.03373127  159.7757233  
146.7855451  607.6848996  -26.77215804  230.3311669  134.1411617  327.12867  210.1181553  501.740368  239.5522053  144.4441632  683.3702583  278.85062  74.15613914  367.6545161  -153.1994303  -115.2941131  355.2270835  67.9855578  209.3718885  -284.9473794  343.6968802  72.66173158  -39.06288835  279.6670471  137.9816541  -6.302919039  391.677932  308.5422701  57.63961302  159.3916814  
145.2286912  604.9732185  -32.33624879  217.5566251  126.5076033  335.029672  184.6101018  485.4171839  226.5262066  150.2074191  687.4411081  276.2750854  64.3235599  357.1785615  -137.9887652  -119.8238148  356.3395382  70.6918316  206.7295624  -277.5027201  339.0658958  79.1898138  -41.73704401  273.9380145  136.3389697  -6.006412754  396.0825193  304.996215  41.7007568  165.2585105  
145.8515393  610.0716384  -29.54906826  213.5516892  135.5524007  337.6586571  185.6137071  498.7782547  231.3076918  132.2227852  683.3489292  280.1780814  65.95969927  371.7780673  -138.096428  -112.6607279  357.7000879  67.59773938  211.1619674  -276.531267  350.8503549  59.54778353  -45.1608621  281.9082142  139.8720981  -17.01689709  385.4150497  282.5724469  43.11077003  158.7050035  
143.389575  614.3078231  -24.01240379  209.4822  137.008084  331.6913105  181.8304375  496.4286546  234.2556675  129.0046165  680.0796109  282.1039789  59.2433738  377.208452  -144.3746349  -108.507717  361.056981  62.56292183  207.9189409  -282.4948102  358.3246523  62.32259528  -45.4817949  278.0930629  145.3422267  -13.63611806  385.6841196  277.2823065  40.81632299  158.5883646  
148.0101031  612.4930343  -22.09179535  211.3505787  146.4398755  331.4115645  197.7234295  507.5657036  238.7985177  127.0867495  684.8266743  285.8011884  64.87122665  378.683633  -146.5022709  -107.014192  356.384754  68.39955785  211.0718171  -288.5286733  355.3258336  58.2152042  -52.88316554  280.0990912  143.0733556  -17.29153023  380.7335241  280.8321537  38.96329795  155.6141139  
149.9671882  609.2868201  -9.503417597  219.8552393  133.4253868  335.5938906  200.5236276  508.9512259  247.2705645  140.3000743  680.9816337  287.0622818  54.96601103  367.4162304  -142.695049  -100.6640579  353.4168007  67.33761561  217.1417126  -292.9947469  353.9285507  68.59909659  -57.83333384  277.7538178  146.4242248  -17.60514143  391.3204544  283.8749309  37.96239616  155.5714878  
147.4178859  614.7865967  -12.09266088  219.2408487  134.8284308  321.0679984  211.5072952  502.9413832  241.5318671  147.4023955  682.2304531  286.6761663  58.31824394  369.4759351  -159.6401256  -108.9116342  354.3109777  71.69924969  210.8530292  -298.4429473  353.0511138  69.1072205  -49.75414062  280.3774058  145.3584304  -8.041915481  384.4141164  288.1595536  57.49344042  155.946468  
148.5333713  596.7682238  -22.54370016  232.2742243  131.6252063  341.1275934  204.6588702  502.4964108  232.2620178  147.8992079  685.2280328  267.1802487  68.93514649  357.0925111  -133.1021459  -117.4236364  356.6150846  72.56796095  209.4772859  -272.894637  336.8015608  63.60661581  -58.37945374  274.5343891  131.5553177  -2.80857536  393.5927494  288.9492989  35.396518  158.1706384  
146.5363189  602.1605482  -31.79375474  219.549083  134.8998059  339.7996647  199.9761072  503.7279838  226.2027946  139.4150047  684.7887194  264.9095356  52.23391467  361.2062323  -129.2729696  -119.5643286  348.4896235  73.16488372  190.2021136  -262.9780457  336.8046547  57.44257741  -41.43225063  271.7320834  144.1034817  -10.84775415  387.9867185  293.8492943  31.90867272  165.5539973  
140.0559503  616.4837153  -26.9644531  210.1083758  145.3108596  342.8572986  187.5780118  489.3942051  239.5152698  136.6663271  687.0256461  277.0956216  58.84526487  366.9930743  -128.3386017  -108.4432443  356.5529947  70.75540451  195.4277154  -277.3533546  348.1851361  67.18017794  -35.4977504  279.2392693  147.563241  -12.83053012  382.7084698  289.8479925  27.75756698  163.0868477  
145.0080221  613.9793353  -29.15009059  203.6196211  153.4144665  335.2585558  187.0594479  494.7015081  236.8703558  134.2841875  697.9122403  280.8105059  59.13902917  373.5127187  -137.7276791  -113.9083039  362.2649187  75.848654  194.8067655  -277.1433476  345.2135467  58.73658336  -43.27257743  279.1094949  145.8664094  -16.48128366  365.7233755  278.852747  26.64165098  160.7165445  
147.6727327  611.158535  -17.44572298  217.4947458  149.980414  344.3410706  182.4441111  511.9059819  244.7538815  127.272017  691.8631089  277.7593876  68.74314997  370.1694607  -125.9408883  -102.2458352  359.8810096  66.36257005  209.8319709  -274.9289955  356.7225299  44.88654066  -52.18850863  282.2756445  143.8249152  -19.3740296  373.438989  266.9296863  22.92839486  156.1810517  
147.4008673  613.4605573  -18.13416768  217.249634  159.5998978  332.1432201  210.5089549  517.6326917  250.0055001  126.5305823  677.9239343  291.8824652  67.55866714  380.311389  -143.0889307  -103.3700081  355.6724708  63.98220213  202.9644654  -286.5207064  360.4946221  46.72736399  -43.52872447  293.4461589  149.9200302  -18.21921579  365.4513904  272.6044376  42.78454042  153.7041743  
144.8404557  604.513194  -20.00932155  228.0794606  151.4872885  326.172362  203.5713203  519.3147656  248.0608392  116.8913421  671.708618  286.9293379  69.99335859  380.6397806  -138.4483189  -103.0866522  359.9204092  60.58705852  210.987758  -278.3929701  358.5569096  45.26574643  -46.19408415  289.2639767  149.7113648  -16.00770043  374.541944  266.6423371  41.48266037  150.7258339  
144.9275447  606.8622999  -16.95259167  220.2712022  150.6308741  329.3700209  202.2563983  529.7562475  232.4687531  112.2156166  660.7740946  276.6679387  55.87294254  379.9356943  -131.4907562  -101.7211524  354.7027563  67.06638923  215.2764418  -272.9811223  356.4540022  38.53553257  -45.04991832  286.5853178  158.5907048  -8.848140679  381.3836951  257.962911  46.85343642  153.533905  
153.2668769  606.6311494  -14.68773632  228.2869315  154.5801892  326.4479188  221.9478505  538.1580641  236.9748502  114.595839  662.6013051  279.7540866  52.38679261  382.4240269  -141.6525356  -101.1661662  352.6253148  69.09926925  209.5448853  -277.0906093  357.3300152  41.34902719  -49.92097444  286.6866898  157.9028256  -8.815824486  374.5071725  258.5830536  47.73663992  153.0637285  
149.2384241  612.9510834  -19.09081799  228.5775886  130.8733023  323.5783947  213.883123  510.6477705  222.4223364  137.7748719  676.9933697  273.954211  66.30210533  362.4696323  -146.8970724  -109.4595457  349.3823919  69.88850184  207.5703886  -280.8181764  345.3031654  59.05955032  -43.2776517  279.8406798  142.5178626  -4.366878592  393.3324813  292.2254314  56.00818737  159.6688644  
152.2903644  612.9299307  -20.24041731  220.8567308  137.3648343  322.9436693  224.8129858  520.7318959  223.6856432  136.1009744  677.5348306  278.5965194  55.26370853  368.2532039  -157.4791788  -118.6177266  349.1724147  79.04975466  194.5984476  -282.3661377  341.8180396  59.17772325  -35.04096939  280.2409488  146.7042824  -6.29627489  387.4347905  292.5744346  58.54342569  161.9360827  
147.2738276  611.16456  -29.29040635  226.5821937  133.5064223  334.1573597  203.671543  511.5789187  231.4069275  141.1861399  694.7990694  272.7457003  76.60450009  364.3466049  -146.5006199  -124.1048004  356.794586  75.33527334  200.5626934  -274.8454492  342.1348728  60.22218437  -40.45293839  278.8115282  130.337519  -13.95317422  384.5483826  291.5496064  44.00883864  158.5832058  
146.3279389  616.9372022  -21.51416208  217.8775751  134.0021642  333.4380891  193.2581925  511.2622378  225.3132125  137.072758  687.5849093  271.0952771  75.0995111  368.9034037  -146.2852925  -123.2813429  353.2380285  77.5088773  204.0522687  -281.3590153  343.0531007  53.88669087  -40.35798218  283.1657316  134.0505845  -15.73577112  387.6848005  283.1957416  48.59218635  159.9835777  
148.8782353  618.964906  -17.0181421  217.0057979  150.5784728  328.7675689  226.2078458  524.7843325  240.7328292  137.6203172  686.2072749  285.8935477  66.44555578  377.234219  -161.6880275  -120.6772883  353.3460236  75.38272763  193.86888  -290.046561  352.8761986  55.89390618  -32.82268266  290.7134108  145.7967476  -13.02941661  373.6196137  288.4408905  58.60474256  157.302786  
145.1205772  603.4646001  -23.13119508  208.5351757  136.9483367  323.056868  199.1097501  498.3299161  236.1900134  136.4933026  689.2598875  271.0980701  71.20639052  373.3517861  -143.3315334  -114.2293458  357.4597606  69.9363806  198.6767952  -282.2731678  343.3224836  61.07034767  -46.19659759  284.1172971  134.9131039  -15.63459163  382.8439424  290.4647586  42.66202465  159.5645957  
144.335376  615.9685872  -18.92986017  204.8385106  139.8684617  331.9405749  199.502788  506.2569207  227.8249047  137.7758744  677.457996  277.9143999  59.24185809  371.086258  -138.9562041  -112.7377677  351.8920282  74.85211888  204.4561367  -288.8938075  348.8066064  48.10809352  -49.80717283  290.2548603  141.4183592  -14.73331701  382.118729  278.09428  37.51385466  157.2716824  
147.4465691  620.847625  -9.681565766  211.4776445  146.6235224  321.6778811  221.4269346  515.6167745  243.9465197  138.53584  682.8666448  297.84037  57.93429763  376.3682484  -158.6704118  -113.1908543  354.1758759  76.13392516  204.5376301  -301.9273876  355.4914741  63.14215742  -41.26264244  299.8542187  143.7462037  -15.11908157  375.4531149  288.0209477  52.24847184  154.8170816  
152.1082045  616.1226624  -12.67032042  227.9225745  148.2727077  336.4252311  223.3673704  528.9642257  252.5043297  156.3135081  695.9015902  292.9728333  77.87829703  364.8134247  -158.531711  -119.2288318  356.7091694  81.26359298  220.5000802  -302.5903166  350.9812279  61.41880101  -47.3499586  293.8047053  131.6250161  -9.331309711  377.4692903  293.7433971  51.98429834  148.9786665  
149.8142091  610.1136347  -22.1012545  225.3283307  133.8756825  333.4022036  213.5163574  507.9804984  239.8596549  167.9414634  695.9079002  271.0833229  79.51257666  348.7237242  -147.4266089  -121.098303  344.9331078  73.88789954  212.5327779  -291.1558567  334.1983169  63.83883182  -45.77072167  280.1957823  129.813943  -12.07918615  394.4879723  304.412361  45.18069254  156.3021949  
139.8601218  611.2016709  -29.84382037  219.3144182  124.4410429  324.3021551  186.9287281  491.5937741  215.3018897  130.7877742  668.7851514  259.8475245  51.13689937  361.10094  -130.3613441  -116.8539369  348.3706445  65.92683652  202.7477685  -269.0450669  344.4979512  62.61559294  -45.27712651  278.3416818  142.2921844  -11.72910054  398.1071913  278.7130504  36.62722423  161.7847967  
146.1050977  618.985428  -26.99900624  225.3399053  135.2799921  326.5878471  195.8104134  503.7370371  226.1632841  110.7064037  664.3747026  271.4356007  66.89423991  376.5497336  -136.3484594  -102.8949352  356.8437478  74.62405174  212.8685066  -272.119428  350.7281566  54.54673839  -50.94563033  281.1989691  142.5290416  -11.8493708  396.2649509  267.6012845  40.40212589  157.6655743  
146.5116646  616.0398748  -21.92934936  227.8723461  140.2652115  337.5392211  206.2552215  513.351225  231.8087902  116.7125343  665.9216629  275.8401125  64.01341467  370.2730103  -131.700918  -102.6378938  342.4030072  69.17118218  214.003224  -275.4300053  354.152351  50.964484  -51.41821541  285.0693018  149.4004315  -10.59263477  385.1005656  264.678716  37.58819918  156.9100869  
146.678925  618.4350892  -19.82347241  229.0152521  142.4206283  336.2086319  212.3950751  514.4773662  236.9534965  124.2084498  666.1524805  276.0544213  69.06419601  371.8076602  -138.0740484  -101.834172  343.0586858  77.27646008  209.8469687  -287.8659737  358.2648588  42.8158357  -56.61030565  288.3391245  148.1981453  -16.2662305  389.8806852  272.3342951  36.70902831  154.4651424  
153.7938981  615.2574415  -18.47383605  234.2287509  134.6885893  328.6003141  216.8959075  515.3765235  236.1473708  143.0709904  681.0054667  278.2523907  65.60964354  362.5819988  -145.393028  -110.7865808  350.2367454  75.2182384  214.5591748  -285.9130602  349.2762296  65.59085228  -44.96327953  283.0257236  142.2996666  -7.006983414  391.1792615  289.7052767  50.3827143  154.4955219  
148.593099  621.4626136  -20.40835938  232.7367249  134.8474113  322.3748725  234.6734626  516.2698926  215.3485079  138.3595708  672.556452  286.307049  52.81350929  367.8173309  -156.6319781  -114.3268072  354.604296  80.45464454  206.8940143  -284.8539922  352.3334379  74.9045825  -34.46578994  277.5550187  149.7398723  1.822223066  403.186413  299.4629274  69.26652496  161.1674204  
143.9824037  608.6250986  -25.42038767  227.0341317  123.234027  326.4179184  210.734031  503.55387  210.6955057  141.2454913  676.040877  276.9399197  53.46446746  360.142521  -146.0764488  -116.4665293  356.1221443  66.1181797  205.6426908  -274.6611687  342.0742657  77.4301344  -36.75407882  268.0628595  143.8204294  -2.098063189  407.6829341  303.2518585  59.56256811  167.6720162  
141.4524017  604.5422655  -34.80338703  202.4977867  125.5410538  326.5941018  183.5619282  491.8492485  213.3754062  131.8341017  686.4373948  264.3250899  56.63814023  373.8549231  -133.1297117  -122.2596917  358.8096217  69.52922772  190.4650685  -266.853482  339.8361214  67.261722  -41.98385111  271.9395115  135.4705196  -18.72535962  396.0860351  286.6573348  42.06167815  170.8299866  
140.7374021  613.1081025  -32.11590913  194.0230334  134.2250532  327.5119543  171.7189725  490.0480124  215.3049139  119.1624877  687.2073445  264.2398836  55.9036658  381.3322805  -134.6081517  -115.1408749  356.2454898  68.74020823  194.224237  -266.7813875  349.4218239  54.19070931  -50.61568081  271.0083466  140.2549012  -21.92955877  386.2042434  265.4155562  31.69045547  166.789111  
146.0075797  612.6035915  -24.18177105  199.1916992  140.7461299  334.2049747  176.6878539  498.9980886  234.2619632  132.5583501  697.5946498  269.8884668  65.38512742  380.3171586  -141.7944487  -112.4151752  362.6746846  65.505666  198.5105441  -277.7745085  356.6923819  52.22443835  -52.21571185  277.5947638  136.4630944  -22.59919886  373.6913767  276.0130478  37.51737752  157.8818379  
144.460709  600.8426354  -21.92631497  209.7533522  148.9889395  327.4410121  191.3348548  501.4265866  248.5988992  133.6293156  684.7162301  284.6666491  63.86643517  381.5354935  -147.2910516  -113.8805415  370.547937  57.73211279  209.8428391  -284.9731892  360.9751161  54.30719637  -44.26406889  283.3286716  139.0841103  -15.2170261  367.5405948  285.0543427  49.19982209  150.8738568  
141.6511244  591.907307  -23.06944132  212.6343346  150.0913732  338.0430128  179.1280935  506.2085496  240.1423313  105.715702  666.3290927  275.8620098  69.10638133  376.6411224  -121.6044921  -103.1196744  363.9037782  55.63224595  212.2141112  -272.7416019  359.2446864  32.72889442  -55.74813755  284.7099558  139.3338995  -18.28602987  373.020838  252.6060398  19.83838743  150.2060397  
141.4151044  608.5142869  -24.99632354  210.3319738  131.7767273  347.7616293  165.4845353  502.9890782  242.2557048  119.6882518  679.9039908  273.3397206  62.84282279  362.5203029  -127.039422  -101.5402016  350.2043683  61.95576426  221.8138293  -277.2826567  353.9457389  47.80607297  -62.52526376  272.1038095  144.7459234  -14.26952149  387.4048029  262.3429212  19.47363363  160.4508155  
148.1886201  612.4426049  -23.25497078  211.7709338  138.6301575  349.9298575  201.9740527  516.2282145  237.0309118  137.563512  682.4572173  276.0914631  54.18120278  363.5985856  -133.7126349  -104.325419  349.8224164  70.6551213  210.58754  -281.0849598  351.1641728  40.71716771  -55.28638122  275.13941  146.4024659  -11.54361499  385.9711581  281.1741269  30.59564844  157.7327365  
151.6301946  602.5572171  -14.87180535  214.673631  141.6813621  347.1395957  207.0622277  527.1555517  241.6543018  139.2483878  687.526688  280.444991  62.02114525  371.2481106  -140.4263476  -108.8137026  365.991334  68.93637604  209.3781161  -288.173484  354.1143853  48.72685448  -50.60872307  286.2987905  132.5479845  -11.70786204  380.7662677  281.6608652  37.89950945  150.513769  
156.8557218  605.6878843  -18.75532337  227.2258133  149.4418543  341.3261089  221.9095824  523.6551313  243.1725356  157.7989145  703.3963004  277.6387116  70.93459438  371.4439026  -154.9093179  -110.4827072  375.7171171  73.77008327  208.638253  -284.1266661  343.5307873  62.53904827  -47.88655479  281.8465798  129.294794  -2.141118509  376.4748264  291.6438047  46.82096304  150.8239047  
146.641098  604.0750962  -25.30713279  235.1271141  122.8655139  324.5362776  190.4976428  484.8578235  228.4551991  181.095431  707.1524829  263.0012832  65.81793678  355.2108743  -146.9892508  -131.1990924  375.333911  67.53546802  214.4567176  -276.584204  331.620036  113.9163206  -40.22172346  269.2292011  119.4067125  9.145268809  399.7154561  317.0646573  53.48751407  158.9335464  
136.1785283  630.9428682  -37.11258527  217.8131401  112.0638393  325.1605203  173.8078201  475.6259206  204.040689  161.9844743  687.8719486  264.1998609  42.7602792  353.5180853  -143.603084  -132.5019099  352.604026  78.6971217  196.1689474  -274.4806534  333.1802258  112.0214481  -28.58685891  262.2961778  142.2492616  -5.360743028  419.0612556  321.6980007  53.85207166  175.6557967  
145.60312  617.5935869  -30.56805783  219.0552417  121.0563294  332.5841095  172.5935597  491.6301842  231.7470087  139.4574772  686.4024569  263.3809272  47.34288296  356.8459028  -130.6846946  -113.5779049  345.3055343  66.7325617  206.2220661  -273.1399632  338.6638416  76.39644637  -38.8859566  262.0546518  147.6768993  -18.05371346  396.1006572  301.6122577  40.30907753  163.4476576  
152.7135953  609.6532269  -25.08357656  215.7784312  139.6415893  337.2367266  188.3682673  507.7277082  248.8358192  135.8379109  684.6300521  266.5531802  53.75841942  366.7020226  -131.1630825  -108.3570379  340.5341027  62.76461824  190.6646357  -274.5600912  347.5695625  56.62984156  -34.88710338  279.2343271  152.3726037  -18.48243418  369.5542044  293.0429456  43.79650177  159.6987581  
143.1327895  617.6621751  -19.43990573  211.9607726  147.231522  336.5126302  186.9224143  492.5348254  244.19336  134.6524628  679.0747078  275.9408728  62.28164715  369.9238953  -126.8349572  -105.5890844  347.2116387  71.11908311  190.1939454  -277.7652212  344.6386062  53.27560349  -41.39270496  285.3461542  149.3937616  -25.28817461  377.929478  281.9584853  27.65037463  161.7341258  
141.7234649  613.6743076  -27.30363737  211.5450916  152.3025286  340.2905682  191.5556341  495.9259439  239.6823501  122.8379874  675.7239776  284.7532719  60.72258935  372.1452683  -132.6301026  -105.8806842  343.2478529  67.38701386  196.1644672  -282.6934497  353.8772557  47.27193472  -39.57474955  282.5773031  150.6380014  -21.8014487  369.5305679  280.7958849  28.80053737  157.116749  
141.7585487  614.9321193  -19.97398688  212.5626878  153.1770433  339.4941609  191.3218186  500.1856892  236.495806  114.9649872  672.7650303  275.6126054  62.84958304  373.9005418  -128.2056265  -101.8533176  345.395887  68.19963528  201.7274197  -279.8299441  351.0237274  43.02718938  -42.8547871  282.8896744  151.3501137  -24.49341586  377.6998442  274.896615  28.34392002  156.2170856  
143.4792201  615.5695983  -23.5023998  202.3423951  151.8381037  329.7886043  189.356962  495.8458469  244.7763001  130.8364733  682.714602  276.7189272  66.38609719  379.8373407  -135.9638895  -103.6417833  354.5924381  69.14005461  195.6847066  -289.8671122  350.1021791  46.01954711  -45.05991226  288.1967954  145.494314  -26.91801217  374.9413393  286.4760679  35.91784225  158.2222277  
145.6794538  607.1386228  -21.06513432  214.3886048  151.3241009  328.2382611  200.4395864  501.0192233  244.8799319  128.9306631  681.2598337  276.8486959  73.18170152  379.1968253  -139.6910255  -105.0982762  352.9846366  67.36947592  200.8694615  -284.0281216  350.6625298  44.80459226  -45.74671811  292.2602184  140.1770483  -20.64270175  373.8407806  285.3826265  39.97971659  156.3993869  
145.415224  609.727231  -13.61267485  218.2538923  152.2993395  331.9768591  202.3217068  512.6935867  241.0195811  116.289637  671.2211814  279.350031  64.21014085  383.1460367  -137.6887151  -101.0812266  357.3295958  69.65665555  201.817676  -281.2218801  356.2622823  43.96643801  -42.29880751  292.5907496  150.3770278  -18.78142725  379.0723696  270.2582783  42.20179348  155.9921527  
145.4138915  612.0955126  -13.78091681  230.2614447  146.7301252  333.384542  203.4825585  513.5642339  243.0999983  125.9892415  676.3453168  281.5095368  81.01766672  374.0909542  -143.0316133  -107.9165965  357.8564378  69.11228638  218.7727722  -285.7180706  352.9389278  51.58962993  -48.63813018  289.6581157  138.0081021  -9.735579777  375.7592611  268.3265378  44.59638903  151.5335099  
150.6807322  608.6526042  -18.37350699  231.9430795  149.5296784  335.8072115  211.692785  529.213069  229.3617639  117.1930073  666.4806754  281.3221422  75.37647699  374.4825281  -141.1039023  -111.0227941  354.0365144  75.59185468  218.7301593  -278.9110291  353.1575606  34.37305537  -53.88682886  285.7280349  142.8866829  -11.53256388  384.3934687  263.1198384  43.91107535  149.7668775  
150.7619379  611.3793164  -13.12665614  235.6538471  141.0139997  340.3755913  213.3790346  535.728898  229.1602247  116.1969805  662.9656632  277.2298597  66.07973047  363.7826859  -141.1435938  -108.0764296  340.2797053  72.46906335  222.1536263  -280.1474497  352.6723848  37.14536221  -51.37472337  282.2312322  146.973708  -8.136217607  392.2977486  269.5446883  48.48173933  153.3052265  
153.5774469  610.8411792  -12.63290627  228.0192731  141.5718389  336.3710718  222.1474331  539.2625162  229.1454461  121.3486972  667.7336254  275.4628163  57.3746752  362.3289624  -145.3367175  -110.9867976  346.4969296  69.27973992  217.8385532  -276.4178077  353.5309689  43.46419715  -41.31035768  285.4872025  144.8985341  -2.784768793  383.4585531  275.8187602  59.61940182  150.4338575  
152.6496478  609.8082072  -13.12228167  225.1632763  145.2067325  328.2893229  232.8545625  549.1008442  240.1001626  122.2526773  674.9830875  288.1652172  62.37464567  374.6088931  -153.234695  -111.4661278  356.1697135  68.5255913  210.968585  -286.138933  358.9413202  46.41007732  -36.96869896  293.3089403  145.0805686  -7.426626923  376.5554477  276.529955  64.70476329  148.3504729  
147.2429126  607.2766947  -20.19619102  229.9092115  137.2620832  325.3317717  235.9976741  545.1384508  243.6434045  134.4475932  681.2211963  292.8261436  53.35406405  372.2935696  -158.0028264  -112.0663935  344.1907578  66.87094342  214.3130129  -289.8520462  358.9112931  55.76542295  -39.99089871  284.3970281  156.5706975  0.7663504476  375.0213156  282.8642681  74.20103115  154.3942026  
145.5635209  602.16923  -22.3123481  239.9353948  126.4120215  315.2943358  239.5716275  523.9951521  247.8571051  155.2254767  687.8847456  286.9885228  69.3229448  370.9710853  -165.3327149  -114.4643361  350.3407416  63.49443405  217.4769735  -293.3385074  351.7453777  75.0990117  -40.56646873  287.3020239  138.5868672  3.077636704  379.9023466  300.9704644  82.72381892  153.7722676  
141.2261379  598.4245442  -27.01271344  226.1680478  111.3448438  312.9351467  208.2669223  480.3493616  212.969781  176.4929697  690.2498558  259.4856625  67.98193074  352.348124  -149.3849109  -137.4469451  353.3920651  71.84351746  199.7943563  -280.7615679  326.5039057  102.6534287  -35.53643723  279.7578877  129.2633973  6.830774979  405.6530968  320.3060694  59.55221047  168.4803814  
140.5245937  611.043773  -40.96302378  210.1180513  117.1854819  321.5105356  178.5352459  481.7084448  213.1498553  143.2076375  684.3004087  258.2541735  57.81738146  367.4470878  -142.1115985  -130.9838326  349.9457297  76.33215524  190.9242205  -273.9326058  336.6000375  75.55947821  -37.28109257  273.2678245  134.1899748  -14.44895221  401.3453798  304.6256586  45.17307591  170.7232232  
139.9856414  620.5600267  -33.78431877  207.769463  141.9307382  330.0857676  183.2811562  484.1508326  243.7405634  120.5862971  682.9075495  278.9061157  60.50608547  376.768243  -147.4033349  -115.9236272  354.0105908  76.13710149  200.2619101  -284.525787  344.6903354  73.50921593  -34.80350701  277.7314205  147.9595983  -17.24767024  383.1642215  290.421016  39.68547214  161.4339968  
144.9769051  614.4202955  -24.72565527  205.570072  155.7745239  327.9975916  186.6714257  492.882385  239.1801716  120.2265723  684.9938464  284.7512469  72.28782103  391.3307756  -142.2992072  -110.4322778  362.0500384  78.74401155  192.4869036  -284.2395748  347.1800674  55.46601453  -45.09051328  287.9830401  142.2118699  -27.78521852  373.9391466  268.9598008  25.55528326  161.2120091  
153.8861913  607.7932262  -17.58814911  211.5959587  160.8123967  334.3547206  205.1727866  516.5715129  248.5285649  119.1540961  686.8094295  294.8577756  79.56496955  397.2319358  -150.2632365  -109.2526147  363.4536048  78.10029707  200.4888888  -288.427414  359.011921  46.77103155  -46.37026618  298.5365564  141.5505838  -22.18910544  362.7691325  263.7896516  41.00949449  155.124288  
157.4359804  607.4420334  -9.047733477  223.2747937  150.0281288  340.9979733  206.1750369  518.9541459  245.5166598  128.5405626  678.618051  295.1775957  72.29316841  384.3722525  -138.1038436  -100.2459454  361.3278216  73.45028905  205.2466533  -288.2025729  357.9850407  50.17697863  -51.21519553  293.8692152  143.1044964  -20.80372246  383.7744856  272.1454704  31.9975606  155.6375984  
157.322617  605.7229896  -8.041606458  209.8724587  157.5318969  333.1917256  215.0890738  524.419857  235.7473963  122.7516738  669.8029745  284.177695  66.72670098  389.2895515  -140.5731237  -96.23508022  365.8593563  74.07119311  195.2330853  -287.0437586  357.0079841  34.18819491  -45.85041622  298.1398758  144.532352  -17.49878408  371.5610089  263.4037033  41.04321815  149.7986801  
159.1235475  605.1605464  -10.56739688  221.6756553  150.8110669  346.0054348  213.2222933  535.6762278  243.0827627  128.6136816  674.6227145  266.6648624  64.69855976  383.0424434  -126.9125903  -92.439831  363.1840344  68.58572019  201.2863228  -279.14113  362.878485  34.31682704  -50.85235172  296.8005764  134.9827518  -16.34356943  379.6031411  263.3874275  33.74969521  146.9495455  
160.3914294  607.3415627  -9.65488652  232.6017468  144.8991276  337.1779201  219.5588517  529.9484226  241.9311309  145.4626397  683.4847019  271.6801432  75.63662465  367.1165341  -144.2441467  -104.9797249  360.7093198  74.30029812  216.232619  -284.7507975  344.4623228  55.86008975  -48.0211369  286.7913336  131.9185103  -11.1869799  388.2164995  279.6513512  49.3169813  147.497698  
142.9525692  613.9650815  -24.19208392  230.6696308  124.9491596  320.1736173  203.87364  502.1246167  214.9098318  149.5667567  682.8504027  263.7562759  61.84607163  357.0319815  -139.1116954  -124.5242819  345.0963821  68.53352782  213.644779  -273.3768211  338.0589834  62.9909052  -51.5011291  274.3311747  134.9105079  -13.64718463  392.8281457  287.4454405  48.48150564  162.2918892  
139.0514602  622.8406294  -24.72958653  216.6769854  125.2767784  317.2599997  202.9749055  498.3403372  225.988787  144.0811139  680.3988357  284.3017227  56.0920496  364.4246161  -154.6843939  -123.3939762  346.5402991  74.17453426  215.1023504  -294.6019373  344.7446325  68.66838379  -44.36091774  284.5319738  144.7626398  -14.09549678  391.0309559  298.4629821  58.8974265  162.2424017  
145.1283864  616.6687751  -20.58590004  225.431063  145.8626537  320.7994826  223.4910258  519.1767886  247.3573143  135.9869344  682.1784892  297.9311237  63.42170402  378.3450279  -162.0390052  -120.0173609  363.6102777  85.39691179  212.2125992  -297.4768432  349.2728881  66.88202724  -47.41359605  286.8063871  140.9679857  -16.08503584  384.8226143  286.2859142  52.64428742  150.0835392  
139.8941981  618.6272089  -21.08896468  234.36559  140.3173444  328.3303215  217.0338869  510.7342426  254.1740284  134.4166888  681.7309665  301.3129546  68.63864667  374.4548312  -160.9844843  -118.2651276  352.4450719  80.68277103  223.3809381  -304.444413  352.7884275  68.53471983  -47.94263918  284.9958421  148.3006911  -11.41226724  383.3942199  292.6043184  58.52427713  153.2329503  
139.774725  603.6925075  -25.81631437  224.0586664  137.2111293  323.7497445  214.2631107  491.6228261  251.610342  138.1335726  681.6236787  299.1097634  78.26878288  372.0970054  -155.2164834  -121.2373061  357.1712471  72.81625216  212.5733771  -296.174627  340.8567808  82.39156904  -43.98592137  281.3843467  140.1616041  -9.43552531  388.4536092  300.419243  54.07721059  161.2310946  
138.5949362  608.4981176  -33.57623594  206.3591762  129.2960502  327.5707902  188.7168319  496.6358048  223.3089587  130.3806048  684.4716146  277.9536729  56.5499572  363.0724661  -142.1757173  -127.0441884  349.1603466  69.07282557  193.0369274  -275.2498417  342.2606912  61.60813558  -34.55485527  270.9829876  144.7854992  -14.39058947  382.1204033  285.6707824  42.6478603  165.3110407  
146.8771423  615.0452879  -22.04905436  206.5821813  149.2982398  331.5780061  203.6217006  509.6680777  222.1036928  110.274171  670.3943493  281.2607081  53.39270055  373.2969541  -137.9401751  -109.8311645  355.4717063  70.09663413  196.2466943  -270.8362166  356.6005972  37.08212976  -38.51744255  284.3757986  155.8549755  -13.77393532  377.0312905  265.9998451  40.6514818  159.4668225  
144.838446  601.7120479  -17.9236067  221.1666056  156.8907806  343.8743343  200.1723465  513.3960146  234.0670113  96.85436433  663.9702555  284.3401256  64.91246001  378.1080441  -122.4111473  -101.8016751  360.0535199  62.80502804  205.7893729  -264.9897518  358.779101  28.78072974  -49.20382396  284.8191946  148.0513147  -13.05457642  372.8323564  249.6124367  22.52654912  153.8299258  
148.2471172  607.7101487  -19.35961743  221.5563054  156.1496706  348.3011258  202.7067917  523.6428326  239.7551899  107.5161695  671.8638997  284.125003  66.88805203  381.3363374  -130.3109356  -102.0550617  359.1841509  70.29285111  204.579235  -272.6534803  361.8697829  22.9841508  -50.20519656  288.6639364  148.8259312  -19.84330554  369.6675999  255.0633497  32.61251292  151.9196462  
152.5064835  602.6734292  -16.23233176  231.7495801  149.7425889  339.5339696  214.1122067  525.7941772  244.559455  116.7478726  671.7697216  290.4628479  63.6637364  380.7850719  -138.0487612  -101.4113761  357.7074222  64.87796972  213.4475139  -280.7390448  361.5095945  35.60015264  -51.17547432  288.386743  149.9455017  -12.79447803  372.2497662  274.5402541  42.62150042  151.657017  
149.7063281  613.5985405  -24.82653668  233.1278323  140.3689401  326.3628187  219.3798379  509.670779  248.2476919  142.7159305  686.6053056  285.9403262  61.98966311  370.9926968  -159.95432  -109.4098777  365.2792568  70.06566566  207.5790301  -286.2912212  350.8695347  77.18369517  -40.10378177  282.3824413  142.9619744  -4.15932642  382.3130491  306.9229493  57.18497733  158.5863254  
140.3534028  609.3171831  -32.12895795  209.7054423  119.8715634  316.5595322  187.5027081  475.7199948  220.6170205  170.6270015  700.5827845  255.7695379  52.00203275  358.5047936  -151.4146757  -128.0759598  364.384667  70.29520396  188.6970995  -275.0066412  330.594194  104.2193918  -33.92040864  267.9040753  131.7433069  0.6413914851  397.6173281  322.1584205  56.30788491  171.9019526  
141.807443  616.3442629  -30.79902  197.3659917  127.010617  339.58761  174.7264925  484.1037907  215.0501145  145.7017802  687.0527806  258.8833339  50.65256829  359.6668481  -127.7986494  -121.339334  345.2855633  76.98862432  191.0281715  -274.0028019  338.0186065  67.25010167  -42.86842409  269.8754107  139.5118855  -12.1794151  392.5612405  290.6815193  30.66079828  169.0349266  
141.4187616  614.0059923  -26.64977787  201.1367047  138.2642362  336.1260056  175.0211298  491.3407783  234.8007905  127.1883276  687.5494503  268.0316502  54.09402836  373.3050428  -131.20749  -114.1596334  349.9578912  77.43619681  199.3731298  -273.1336633  346.2999531  56.8715218  -48.6762473  276.802767  142.893123  -14.87881392  373.7512103  268.54734  30.06952523  162.2000738  
141.2501818  621.5848515  -20.79458248  216.0934881  144.6351853  347.0394333  179.4817867  502.4811087  232.2561376  123.4470724  687.0951867  272.6934128  65.71096726  372.2937908  -135.3091753  -113.5444247  353.7216324  73.82836024  210.5742151  -277.0635021  356.6132249  51.97857197  -45.05213497  285.5668874  142.4741015  -17.06856529  375.5068373  269.1720541  34.1074675  158.3067605  
142.8224435  614.4604806  -23.54435888  216.223469  153.5912655  339.2591344  189.640686  514.9600467  242.2642668  122.5486757  684.7847015  276.1494726  66.80049165  371.0345026  -152.1734028  -115.6909975  360.7330124  72.46690132  212.4212909  -281.0425004  350.2237345  54.32845465  -43.02008208  279.8962328  140.0974449  -13.00198101  369.1013584  269.2470001  38.54785601  150.9035404  
141.5257098  616.7917337  -31.92548504  222.05851  152.9342785  332.7686977  183.307577  511.7000363  230.0270227  117.4860394  681.5548177  266.0052804  79.11876758  379.1040775  -145.5345404  -117.9719326  361.0020503  73.95887731  214.8710227  -272.8271737  350.7723312  45.10419171  -50.21922129  284.0146883  136.170307  -14.55319273  371.4532655  261.1115114  36.14845426  150.677381  
146.7029849  612.5560041  -19.26262949  222.8664152  143.9529575  322.1456997  204.9961909  517.1586562  236.3519535  126.0464342  680.5715409  278.2661248  73.51583819  383.9477885  -154.8351405  -110.1158669  357.6654998  69.70844277  213.7404046  -285.9613827  349.6252994  58.08651051  -45.55571923  287.3171383  138.8587781  -14.31749025  380.2055876  280.2540413  57.12336213  154.1586714  
145.578935  609.7406388  -19.92477404  215.8027406  136.2112204  321.9759106  194.453444  494.2058613  221.7055936  130.2704643  678.7959065  266.3883346  65.03222238  373.2432532  -143.0814932  -104.708378  363.7736354  63.55410143  204.5572892  -280.1162297  352.6180513  70.8008695  -41.3111108  280.0575825  141.7675881  -5.682064954  395.6658466  291.9284013  48.46470696  160.5327298  
146.3503097  608.1763202  -17.64145175  204.6416606  125.0364838  342.7586852  180.3717396  499.3944318  211.0759282  136.765146  678.8258913  261.0770335  52.20349789  355.7612912  -127.6241667  -110.7254372  349.0445045  67.30999339  209.0661514  -273.2689172  347.3775176  52.65345997  -51.58012394  271.6864176  135.155403  -6.813063302  400.0102342  283.9184336  35.69964452  161.1118344  
147.8561054  610.8123484  -19.55051917  189.74348  148.9909448  333.3438838  201.9730544  504.8536674  221.8791072  118.8433151  678.5640684  280.6272572  50.78481608  383.7297182  -145.9425967  -106.3409023  363.5572191  71.50615408  197.2606355  -285.9584557  358.667075  46.7687988  -40.58309493  288.7315037  143.1570678  -15.1843335  382.0907173  274.8623037  41.82485262  157.4472106  
149.3196401  601.767254  -17.87984857  200.7272316  146.7179279  344.9183086  191.9425498  506.82448  227.3339264  110.5796693  677.630272  265.6006825  62.167448  376.7633038  -125.8126284  -95.71722845  358.6535827  62.40164301  198.8828646  -272.4843928  361.7371375  33.22790508  -47.87182006  287.2028697  138.2760662  -13.89706467  375.2370953  258.4354811  26.3465392  156.2383775  
152.6830503  603.8233877  -16.8887958  214.0013391  142.5003466  356.2044795  198.6429158  522.8046242  244.5933902  127.0996507  691.0317352  270.2550953  70.93102103  367.1054509  -123.5424193  -96.17957859  352.7870826  62.18292375  213.3687007  -279.895597  362.3664614  31.18108647  -62.58672354  279.5160258  136.2109145  -12.63648142  371.6842605  262.4725852  16.60639176  152.39259  
149.3933454  606.846144  -16.45221681  222.5970746  121.0522063  358.9965881  200.9215477  520.5528472  245.0491364  160.4144586  702.7992171  260.772173  59.3623392  337.6197215  -128.5486194  -105.4254905  347.7660703  67.61776321  218.4608636  -279.5415297  355.3799129  57.70525183  -52.60626189  271.2009633  138.3445948  8.3823518  388.4557072  287.1655282  38.01370531  158.1933501  
156.9097646  603.8224325  -15.09393095  225.1559961  133.1488796  350.4806174  220.2239143  538.111202  237.8036473  167.0671123  698.296974  263.6215918  63.81089731  348.5367245  -136.2020668  -114.6156612  349.28964  74.38232718  212.1816  -277.7231502  343.0095558  52.01622615  -45.73954428  277.6719469  129.0224059  0.78892405  378.1841505  285.0588257  51.4824205  149.845926  
166.0505361  611.8521369  -9.092219798  225.5629062  145.5765774  328.6577004  245.6778007  538.1936514  230.8469141  159.8246448  681.2091641  265.1085058  65.31502572  364.8841523  -144.6483972  -114.2499968  342.7167672  76.6859683  195.3743918  -288.1362135  338.1700875  48.58294646  -38.6747026  291.059099  135.3746306  -12.71605141  379.4624498  289.5092792  60.31252648  149.6953611  
156.0297343  606.1192746  -7.575138879  224.5962161  147.8027277  313.2061336  247.3208819  529.2262213  222.3550493  147.5767465  673.4507077  280.8442328  56.91179046  365.775395  -155.2372748  -120.5177977  341.4249861  76.59443694  192.5260328  -292.4011363  330.5049362  60.69270241  -37.02030845  290.3719434  152.4225356  -15.70443387  385.5657342  294.3004304  61.90769415  156.0982465  
136.7132129  616.7529359  -24.59598493  207.6622274  135.6690863  321.4415239  196.711582  499.230634  216.6499935  139.6680997  673.4059394  273.6484983  42.3253648  368.3695367  -136.1016251  -120.7621439  345.4745213  69.18907401  188.5598201  -281.8177372  339.1504187  72.61038274  -35.09620634  278.3336204  150.2938211  -25.50682982  396.9536936  290.9564307  38.4274902  167.8760285  
144.9319501  626.2224118  -27.18862139  217.4184301  149.7459407  328.5955338  199.0460113  502.0928411  222.3309942  123.2452956  672.0918489  276.3906333  60.34188493  379.6082881  -136.7774549  -112.2149907  347.5970905  80.81590655  191.4178782  -273.4151586  350.0828141  56.99208065  -44.7180048  284.6535686  153.7988287  -19.24581277  386.5170661  278.3090796  29.16658973  165.984403  
149.980231  620.7300567  -10.27473175  225.3992592  152.8343678  316.2297078  206.6270835  500.8975492  236.2160847  121.9181394  659.7791837  299.6613519  66.21367448  382.6635435  -143.1014466  -99.56051935  357.6762118  74.55818616  202.8316494  -291.2158513  357.8488459  52.03041567  -43.26199294  298.3474055  156.334096  -26.01397781  393.5244522  288.4303597  40.6333311  155.2398369  
150.1946426  616.1218416  -14.44164746  228.9078156  156.5747638  326.4874018  211.3781466  508.6456452  243.8715325  122.8941872  663.582954  298.4530729  58.18914185  374.1931288  -145.6030726  -101.9793392  362.3050397  70.49457718  207.5061095  -285.2300883  364.9176163  53.75745486  -37.6913395  292.7637891  154.4219613  -12.63755291  382.1376603  289.9411795  48.12806194  150.2125332  
144.3463481  602.4899246  -20.45639864  234.0780911  145.9153321  326.8977212  198.9226934  502.7129518  250.1220143  120.6675682  668.6043454  304.2349404  76.14836422  383.1879298  -144.7005312  -107.0594754  367.4993111  67.62577603  218.4239941  -287.4705377  353.0047939  65.69903118  -44.80701336  290.6295558  145.2083638  -18.07413481  391.5890283  287.3476426  42.51463448  155.2931655  
143.7465106  608.2278974  -23.62539441  229.9036147  137.0641121  321.2081722  180.1988381  495.5589448  249.6634241  112.0941592  673.1388734  290.0730298  76.0037738  384.0907257  -139.0076423  -100.9724815  366.4041273  60.33490971  215.9184031  -278.558412  355.9086672  68.24954135  -42.47645247  286.2773067  142.3905641  -15.08746445  390.8300507  281.3869749  48.74170781  158.8635089  
144.9055269  612.4797973  -31.37103389  232.8403564  129.2775446  323.3878632  188.8639769  498.5888723  243.7410939  130.2516963  687.9399822  283.9780432  64.84306857  371.4011316  -144.5665711  -106.9182283  358.7983842  60.62473515  220.5453877  -272.4566631  350.3969756  74.08529979  -45.54440968  272.622016  143.0292715  -10.21475115  387.0363161  287.4180545  49.86702546  162.292092  
152.4366609  613.6721332  -30.88101216  222.1707306  132.2000388  319.9321153  194.3788521  501.0103134  227.7369104  128.1190941  680.9886982  279.9029347  69.32119069  378.8669251  -144.0221292  -106.5713778  351.6785418  63.60578574  211.0950484  -276.998338  351.9498655  54.88715559  -46.93488383  278.1023108  143.2249259  -13.38195839  384.9270116  281.5187062  50.30615246  159.4327955  
150.8738518  609.0539841  -15.4881224  222.7481076  132.0367899  336.4356926  210.1234625  515.7087092  241.0585761  144.4907902  684.0242319  285.0316824  70.37023302  369.940418  -137.3849551  -103.8534613  349.0675647  66.49926952  212.0311874  -289.2345391  352.9891286  46.83452699  -51.63825214  283.8153404  141.2085531  -17.57974347  390.1173281  286.3946226  46.20107446  157.6233766  
140.3426386  599.9135888  -31.85798872  211.6152187  138.8267508  329.1697173  213.8807552  501.1324776  232.2317543  138.7195442  683.4181382  280.3813976  65.82791316  368.8548211  -136.8452044  -120.6756503  353.4394923  66.73779935  203.2907807  -276.8045554  348.7558623  58.45916753  -36.49521632  285.181982  140.3057688  -5.381484201  379.8857828  294.1525419  48.54718522  160.0194188  
139.3947742  607.0062311  -34.56956405  219.7054312  139.3190143  337.8034956  193.2817507  503.5615779  229.848612  115.2577898  671.6688351  265.9185811  66.36615044  365.0432271  -121.8666772  -106.2004055  346.1476492  64.08824067  202.8085391  -266.0566941  353.6648117  39.69709033  -44.42044846  283.6776153  143.5032101  -10.61811224  381.2050556  268.8279593  27.05332609  158.4263305  
138.7201416  619.8164459  -35.07434179  231.0314509  133.1358163  341.5964938  185.6236177  497.8419382  234.6652299  122.2114075  681.2651335  268.4254111  71.9228172  358.9833291  -128.8324173  -106.8950155  346.9294926  69.35442063  223.0551084  -266.5014508  347.9589384  60.83536791  -55.7127417  277.3294601  138.5438839  -4.707667279  386.6750696  267.8635437  26.10661806  160.6941847  
152.9671711  614.2078617  -27.21743646  233.3852739  127.5587296  326.4567784  211.987675  509.1703466  245.861014  133.8119566  687.1258435  280.246333  65.96209435  371.4260086  -150.999095  -107.5527937  348.2626266  69.61604358  214.7699533  -284.179722  348.9366492  69.66104868  -57.5553822  278.2696206  135.814294  -14.20580982  380.4392788  286.5799772  45.64413959  157.4737042  
159.2720789  614.9139816  -10.37569961  234.0963613  121.9917138  317.4849817  216.2688872  519.7145148  251.5158207  161.9421593  687.9759536  279.4763932  58.48815709  362.7751517  -162.5761367  -112.4210796  350.9885741  77.89681139  219.3606768  -300.4105434  343.558377  79.33855736  -51.92852328  275.2352051  137.1769051  -12.95820685  392.1474599  299.3099556  60.71712004  151.2598174  
154.0932446  619.3609823  -9.956976866  214.5810809  133.403721  309.4943275  235.5737822  524.024608  234.6764387  154.7483243  680.4478854  289.488857  47.49289101  375.1596395  -183.9301259  -121.918631  357.3437341  87.05248049  195.6372439  -307.6757965  345.9799393  79.96147746  -31.96612655  280.2824822  147.5352859  -11.01262553  392.7037165  306.0667951  79.21314163  155.0282008  
150.8941704  616.0213897  -14.20960815  230.3659936  134.5248721  310.5121388  225.4735065  516.6679688  234.0594459  156.6199793  692.6536646  277.4332305  68.77500055  369.1445195  -183.6458935  -131.7622793  363.5929941  86.06613352  204.9298937  -296.3330241  336.938909  91.88023532  -33.03621715  280.5269577  131.9557273  1.586814422  394.4787314  312.4056727  81.09370063  155.3920413  
143.9016903  607.7211407  -19.64159834  212.7726073  132.1281072  316.8090761  223.6173504  529.6889333  227.5619115  153.7040183  681.1146314  266.7925036  45.87049871  361.8155342  -160.6409832  -136.2216132  336.7344355  77.66447516  189.8393535  -288.9400491  332.4659717  63.32403966  -28.09487365  276.6874177  147.6465364  -9.369159414  390.9059765  302.9518108  66.88067452  158.7741484  
132.7934268  604.5208784  -21.43750899  193.1439356  142.0963967  326.8770257  191.4608688  507.4064649  228.0582922  124.4308548  672.1334705  282.0309086  45.5726167  374.0952708  -136.6883398  -124.0915435  348.4500359  67.8296016  186.7240063  -286.1115171  344.3896095  49.16806777  -34.04744886  286.1089584  153.3813938  -24.00964372  379.8060594  275.0069334  40.79713158  160.8083631  
136.033281  605.2856324  -23.58693918  187.01727  152.2097075  322.2638558  189.0023898  507.2193219  238.969402  103.9253104  667.6856164  284.3893257  63.39043926  394.7618594  -133.8756799  -108.604537  350.534106  77.9091245  193.0259751  -287.8983789  352.2665814  27.39591366  -50.99811633  292.5384347  155.4703096  -28.1869609  363.4203975  252.790588  32.31859655  155.3382793  
142.7437767  599.4992889  -25.38612363  189.3838744  157.5234512  332.7240761  193.8368747  505.0389642  235.2579461  112.4222787  682.3245893  281.4676057  64.61770286  389.1771383  -131.0634196  -110.0532285  355.2229191  75.1045362  187.4350989  -281.8601359  349.7764727  29.55714978  -52.28436225  290.4547164  147.8597271  -27.47096971  363.9425591  267.066669  20.87818907  157.1978995  
143.189781  599.7750226  -27.53132587  195.7156792  161.0431392  333.9467217  184.6992433  484.8174721  229.220423  121.6140745  677.8805533  276.274056  64.18636377  386.6425484  -125.1213969  -104.7496369  372.4670893  70.90837523  184.6143504  -273.1025185  345.6933353  49.02360592  -46.70352886  285.5953501  144.530126  -25.64300032  375.2980235  279.9722587  16.73634323  160.3012276  
142.9456794  605.4640265  -23.87665896  200.0033992  165.9766558  338.4960435  185.7940922  507.5527777  235.404729  104.5225609  675.07135  274.2306992  57.7665311  392.9749903  -128.0510983  -99.30474054  376.1797371  67.8164989  190.7684467  -269.278718  360.6345016  36.66937441  -46.52098713  282.3986843  146.3937771  -23.6465671  366.7768021  253.8341608  19.53606377  154.5944818  
147.0399873  606.206542  -19.30121721  205.0784164  167.9455318  339.1556186  203.1319078  518.4591019  256.3377415  113.3798315  686.8385961  287.4793137  68.50144838  392.1657694  -146.2983953  -102.5705933  376.3229892  74.96926597  206.0682712  -288.9207012  359.4536563  43.66068782  -53.51940587  290.1970709  140.7692923  -22.13828207  362.3273524  262.967176  29.2215633  149.9420317  
153.8212661  608.0061271  -23.9677839  223.7977026  154.106446  338.0074908  212.3798187  521.1091981  253.9911518  135.0114232  691.6078531  281.7365967  60.36708367  380.431842  -148.360197  -103.997947  365.4195466  74.26873276  209.9481366  -286.0050824  355.8970876  52.99092169  -53.26417899  280.2873261  141.1277397  -8.469590868  365.5120477  276.1062742  37.38311814  153.0121765  
154.1205956  616.8449308  -14.68213037  234.2879232  126.9186722  331.0633725  203.8011003  515.4485153  231.9803776  160.5790791  686.5760084  273.7198901  57.88531584  362.4091189  -152.0610328  -109.752081  363.4880279  71.77494344  212.7733185  -287.4272276  350.9908821  67.02371063  -47.30803444  273.4082628  131.4066399  -3.9482196  393.1188855  298.5085353  54.91087282  156.1921251  
145.3882791  610.2670833  -23.05265638  234.6281248  131.7527013  326.5274451  201.9563537  495.5424798  214.631451  153.5488952  678.2534908  266.472098  65.00406732  365.7755468  -141.0295648  -122.7320365  364.3708532  63.83510433  200.4254718  -271.3828994  348.9370599  72.98361564  -34.73427055  286.1104972  130.9522482  -4.00861892  399.1472569  301.1712303  59.84310732  162.7070837  
134.0832965  610.9371237  -36.44504458  238.4945417  122.1182544  331.5483111  173.3844008  481.0516658  211.6197157  125.0019396  670.2259076  255.723109  62.3469609  351.7938266  -118.6315425  -118.889503  343.5237161  46.49229671  206.7613559  -253.6704452  348.1202207  69.44807548  -35.22820059  273.5176127  143.2928979  -12.97772054  401.9035175  284.5969493  39.406096  167.6704444  
134.9278676  623.5169911  -34.02406572  226.3218267  132.5353116  332.8511086  178.717555  493.3729564  217.3856279  119.0342962  679.066847  262.0354478  61.11553069  361.056101  -135.2701303  -112.6840059  340.4613632  61.83163931  211.1370389  -263.8282909  345.0818417  58.88655947  -48.46979604  264.5822258  149.1148988  -12.25266812  386.9256847  270.2888777  39.60543863  166.5032044  
139.0546744  623.4257255  -34.68859578  223.5976083  127.3571167  333.3465806  188.4931736  482.9477023  223.0863941  135.9286053  688.0930638  273.2195821  65.05847208  359.9935841  -145.5879121  -108.9856981  350.1580541  61.21478384  214.4226878  -274.3433245  351.704443  70.61631583  -52.51032344  269.3757007  144.5483472  -7.61615902  393.8225189  296.449203  46.42342237  167.2111669  
145.7509092  617.00413  -27.85248363  224.9182885  129.2900879  345.5335279  193.7455938  504.6844293  224.9350394  137.2124187  691.0010312  277.0347138  73.63431303  359.2153942  -140.6373133  -112.9573562  356.212712  61.7257309  214.5341916  -275.0083495  353.8274642  63.81781823  -39.05635143  280.2687992  136.2131312  -2.838495577  389.9794691  294.172948  49.96971265  160.0502902  
149.9738613  611.0687759  -17.83569698  229.293167  138.1016442  345.7480488  203.5511481  512.9312905  242.7414056  143.6578019  686.6455217  287.1417479  80.82516714  358.2683837  -141.6085415  -113.0191141  353.2037362  65.57044325  212.9183907  -286.0220826  352.4329553  55.49132709  -45.66770506  286.0436023  133.7410892  -10.39492506  382.8752407  288.4177924  41.56174812  150.6635844  
148.8788952  617.2407296  -15.07340094  226.0581982  122.7431569  332.9159134  204.8702669  511.2164784  223.2712974  153.3443093  685.2862042  277.5302414  62.30695453  353.0414373  -143.7540602  -122.4499781  334.118085  68.96760505  216.3789219  -289.6837932  343.27152  64.81598763  -41.82074698  283.9653349  144.4105205  -4.493895465  394.6547091  294.7175396  54.45493905  158.0643763  
154.3358585  618.2766099  -15.12569203  232.9201243  117.2326847  335.8345202  207.2318035  522.1259169  227.8132374  154.0945558  680.1692353  270.5646968  62.93367401  352.1588498  -133.4581008  -112.5088288  338.7659742  75.37505795  214.6804089  -282.9528902  345.0348812  55.99733393  -46.39689599  277.441162  146.8496514  -6.003044771  403.1880533  293.5652764  52.0197956  161.7090286  
152.8148402  621.1960477  -10.8487628  218.9801531  138.3248533  335.4994774  220.3079372  528.0771596  232.1725821  140.4826887  674.5879981  278.928719  51.19509003  366.505075  -149.5694249  -115.2706388  348.1132701  73.55253929  200.832591  -288.2470356  361.160807  57.44424115  -27.8406722  286.3950765  151.8125176  1.299471783  383.0999895  286.3723926  58.50323988  158.0537863  
154.8884794  619.9036391  -14.98172749  221.8908759  140.8895175  350.4066983  214.7817203  526.2837261  234.4903482  147.7389211  692.8094344  279.7823553  71.34506581  365.1488443  -143.6275311  -115.4606034  361.4810478  77.10486495  210.1906188  -288.164725  360.0746405  64.49852058  -30.79806044  288.2688643  140.9815502  2.711448347  393.4500194  289.7918072  55.4255549  159.4584741  
147.0283456  615.1736198  -16.9645891  228.1545046  134.3795209  346.5108871  220.8179772  525.6933924  244.9756313  156.374938  696.9304107  287.9289612  67.76037663  365.4672604  -146.3702582  -114.4556142  351.1072934  73.85518392  208.0014572  -291.6936746  359.1395157  73.8092156  -37.03232023  284.4846498  138.3861375  -0.2527785539  388.8419527  296.1134336  60.23367391  164.3002879  
142.9974798  600.4154864  -20.9995248  242.6332021  144.5970999  337.4218332  236.2117793  516.1922789  240.7571071  158.888302  692.9562101  275.1168936  83.1229575  361.2817473  -138.055551  -119.6004719  355.3758912  65.67711167  211.4754575  -279.0674474  345.7016889  57.13850222  -45.10341139  282.202158  133.3968614  -5.826161657  388.722537  297.6766192  56.96959814  158.9453528  
144.6968892  584.8592618  -30.14243143  225.7691809  129.3529565  326.8749611  191.7271912  500.0718613  227.7764752  141.3363242  682.6642038  254.5254208  71.08848693  348.9423835  -118.3166936  -120.4596273  351.242674  62.59755528  217.841522  -262.6048232  321.5507711  47.16769864  -68.19763215  264.3961636  122.2728274  -14.53019333  386.6368391  269.8729555  24.96923206  152.4053126  
145.6855692  612.925805  -35.18485352  192.6102144  129.7841993  323.0210929  192.3394114  507.273103  217.7475374  124.5745355  679.4538217  265.8119806  38.85599265  368.8325206  -135.1492752  -116.5923593  338.9472768  77.07117479  195.3484215  -274.2309008  331.9396561  55.39934457  -49.79171834  268.9026034  147.3126273  -25.17688863  388.9876316  280.0612483  34.74464532  165.3966166  
143.9568617  605.9478747  -24.99946278  209.8980204  137.8222546  343.5504896  184.2260519  502.1885117  228.1783188  114.2211381  672.2669798  260.993951  56.69261945  358.5551586  -105.3957843  -97.89647466  336.6738925  67.41249556  199.5068545  -262.9897383  341.4210833  24.1768532  -55.48205624  275.501848  145.7137905  -26.70947864  382.1502978  265.0733135  8.009455356  158.849419  
147.6111334  617.4615906  -25.0504346  194.2045957  153.6584321  334.3422375  186.5756261  502.578448  229.5949773  109.2610807  667.0302158  272.7812806  38.76282041  370.7381247  -125.6521386  -99.43399649  341.6561792  74.46436305  199.0129973  -273.6510125  350.824417  29.19092417  -42.82808126  285.0743308  157.6388058  -21.4632114  366.3493869  259.3969238  22.0739828  153.4084016  
154.6708534  612.0646102  -12.74185434  207.7833558  165.6285742  337.9740854  203.616277  521.328896  252.6538695  105.6047559  668.8831202  293.3664797  56.12998105  391.2217449  -141.7458156  -93.73367265  359.7052608  78.97419757  204.5061326  -284.6973706  357.1270399  37.92074406  -49.76047446  295.2508314  154.3914637  -23.78453418  367.831918  256.6232061  24.66504342  144.9216929  
159.5426791  605.2964594  2.679856285  203.7413062  168.5914376  331.0284317  223.0768245  538.9262234  259.8758427  102.4741115  656.0437887  297.7665419  51.46076575  398.606707  -149.096944  -89.15247554  357.6604186  73.16288664  195.1209754  -301.4214312  364.1497217  40.231545  -40.72940814  301.665784  157.3308884  -20.52914247  369.1902165  254.3772399  36.67270921  138.9041872  
153.7412395  610.2228617  -4.154712014  215.5003312  152.9718319  325.4737025  200.4354241  515.8105778  243.6361974  118.7539367  666.2570368  283.1933389  66.91522642  380.959048  -148.1883602  -99.32460447  355.4034461  70.05407892  208.6747017  -290.1368397  348.5158119  55.54902988  -52.16338938  291.7427896  149.9681845  -16.54334731  385.873391  262.6621868  38.29828729  149.3494887  
138.9021963  607.7919427  -28.49044344  217.7445018  131.721985  307.389897  192.70787  496.3040627  228.2303648  123.2318395  675.6444386  275.6249347  62.44827455  385.3954555  -154.9910362  -116.5239532  359.4872384  57.8331598  205.3933516  -279.1621755  345.6283137  68.9397161  -47.11599167  283.5181408  135.1675859  -15.13042058  388.1452441  281.2716271  53.66240679  160.2920688  
136.708287  619.8633847  -36.51941388  217.9942367  135.3884858  316.6627247  205.6060813  494.6990743  225.7050012  128.492273  679.4819405  279.8854359  69.89804006  381.6752077  -155.0560114  -116.5790764  358.3916936  69.27836681  201.3334689  -284.3496189  351.0944785  68.78340916  -46.69512127  286.4018334  139.5008396  -19.19049357  395.4401509  301.6682933  48.70717386  166.8855708  
141.8217102  614.7030004  -19.65519386  219.7289885  145.6881979  318.7926082  217.8050813  509.2372835  243.0747026  133.8832056  675.7656151  298.1615234  68.98424439  382.1110842  -160.1943491  -113.5875474  369.6884084  70.82381958  199.5670261  -294.9317714  358.4007097  65.10817083  -33.17143327  294.5949577  144.8551079  -13.17322002  380.7491107  298.5803977  58.14600717  156.0372238  
142.3500787  607.3849306  -21.18213336  239.4586471  151.2923755  322.3862075  228.7428297  507.536629  250.671024  136.5409744  674.5108117  310.5803814  73.67302192  378.3654336  -161.5374652  -111.6889892  374.1691656  68.21228431  218.2019083  -298.4563935  357.1699909  69.54900647  -37.80224113  290.2170103  143.3187542  -8.469631749  386.4404191  309.972358  60.52314779  152.4861487  
141.7945354  603.0975892  -27.30926144  220.6337087  151.1077712  315.9879088  213.3226117  493.6263611  238.957547  138.6418647  678.5303241  298.1295176  55.11821148  381.9639523  -164.8204158  -123.9466655  373.7789773  67.21838636  192.1426781  -289.416177  344.6744609  84.0037167  -22.74570061  281.5294662  150.4923294  -7.32615444  380.6476891  312.4903724  66.70363094  160.8420728  
145.0443748  602.865748  -30.996398  207.9492225  146.2405878  321.0138017  178.9788003  489.2485352  227.0093216  132.7262816  687.764762  269.0080797  58.28116935  379.3104831  -142.3444555  -120.4935707  361.4022225  68.63424241  186.5700182  -270.5020595  337.2281846  68.41378057  -40.29744326  278.6126835  141.9234955  -20.943733  377.1679735  289.3988304  38.03063457  163.4591469  
141.6794198  615.0137319  -23.9152701  195.2998507  152.5909074  333.2086416  177.8796467  484.5220045  225.8719132  120.2716189  672.396632  265.3383314  64.3059013  383.323023  -127.3254573  -105.7383732  356.824391  74.33406394  184.267483  -275.4757161  341.598721  46.92662088  -45.18479959  284.2603139  146.5246767  -30.91904189  385.6684968  274.6761882  22.59334774  164.6706979  
146.7059069  613.6819395  -18.22922807  202.487998  154.0687581  330.9373171  185.5486214  502.0660608  230.3031003  115.2080765  679.4083933  284.7928738  61.3331856  389.5259384  -140.7709285  -103.7109388  356.7613054  69.31124426  190.8130605  -278.8662942  356.7764103  44.45059089  -47.96371466  286.9419975  150.8830146  -28.07322047  373.8979811  263.7548436  28.2097248  161.6196215  
151.7414698  611.2249934  -11.17950376  221.796109  158.2474889  330.3189301  209.9294193  521.3494802  239.634503  113.1976074  682.4402385  289.3298854  71.63703639  382.5354952  -139.0391902  -99.58574103  363.153694  67.60503465  199.2272024  -276.0103845  364.8328092  35.93921879  -46.25669027  289.6347075  143.8053213  -17.17755669  368.4733141  270.3602  39.80298285  153.2529553  
150.0493525  610.9546757  -6.510789593  228.7605775  154.6024384  341.6314803  217.4040634  525.2948804  236.1952392  114.8924654  678.0005013  289.2776875  59.5176828  371.1605353  -129.0882435  -99.52119086  354.3293711  61.53996324  201.5133265  -273.2412872  374.0304397  41.65114842  -41.36964044  294.5936708  143.8075344  -9.858063904  367.3182488  267.5550424  43.23851272  154.7701192  
148.5797402  616.7720161  -13.2498742  240.6234342  148.9111093  336.2626878  215.3045325  521.2765776  248.2971755  119.1932753  675.4769622  278.5503369  69.18973614  374.1635519  -133.0200715  -98.53579131  359.5066943  60.66575909  210.1417913  -273.9780709  370.0657984  51.7507847  -41.34307018  293.7538627  136.5804975  -10.74110747  376.6904433  269.9014296  43.47289091  150.987462  
147.7877253  617.956376  -12.03585515  234.5843664  135.1635719  334.76738  195.2447817  513.9128204  243.4217463  141.6520389  673.3158882  268.5776019  68.45120967  363.0699563  -139.5410461  -107.7227601  356.5227137  74.0668305  217.0595483  -284.3010733  347.1938855  58.00451667  -53.14021724  281.6289246  132.4089209  -9.388435648  386.1088523  261.3746982  36.62331625  151.3732603  
151.5502682  624.8971659  -20.09125627  222.1236433  124.2079251  328.7838725  210.71743  519.1368448  229.7211689  158.6055067  685.3527379  269.5495968  72.54175941  363.8114235  -158.8501136  -122.0571976  347.7028214  87.28662909  220.2292605  -300.5474974  336.8951156  61.32042298  -54.85961033  281.9674913  126.9959797  -10.11417281  390.5752103  287.4930332  55.96146957  155.0523555  
149.6574672  612.3767116  -29.38476574  220.9967489  127.5919239  316.5319019  223.1888801  508.2053422  228.9683123  161.7865838  686.2509259  266.3840595  57.94633063  365.3124242  -159.9901457  -124.6174071  345.8750498  74.89937074  203.3490237  -294.7023051  334.3974029  79.04931273  -38.89514551  278.0404328  143.4643153  -5.249128447  397.8418183  319.1493913  68.46072415  160.9470078  
135.7970828  613.2584845  -40.61385407  206.6182598  115.79905  322.3498584  178.9191158  485.4402782  214.8297124  152.5963997  685.4502238  267.6999612  46.00929854  351.9199826  -144.8532967  -131.9201717  353.6664035  68.07515887  205.5290124  -276.146958  335.0136197  84.35247626  -31.31318434  261.3822622  145.7896701  -2.753576911  404.8160561  304.916784  54.10485395  167.8337692  
143.4493274  613.4966096  -30.01267186  205.2495239  122.4032795  340.358678  170.3002537  492.553926  222.8685305  133.1949815  695.6503585  263.3585626  59.93967312  361.4930536  -135.078968  -116.9631519  350.1901697  72.86317743  215.9481918  -272.0139454  347.8236273  65.07745975  -47.76765446  269.9794307  143.4680866  -7.78238715  387.6769754  276.3982487  38.36786037  163.5864403  
148.7596427  607.6676645  -21.38193757  222.6857524  130.7558125  347.023886  194.661579  509.7878611  229.6056657  134.3097613  689.6102365  269.4724406  73.199135  358.0898002  -128.83142  -107.6446846  345.0351397  70.88301466  214.1975163  -273.0681776  348.3248149  46.27205697  -53.05777637  276.0975149  142.9699803  -8.151856689  389.0456617  280.9914496  32.961131  159.5984196  
152.0873866  591.9099403  -20.03917178  226.7835076  141.8278582  352.3180313  220.1881376  533.3201742  245.9709262  133.9877947  683.2431523  279.7144207  64.3104229  367.7945618  -128.1302586  -108.394633  349.4520297  71.43464318  214.0224679  -277.7287678  352.0464212  39.80463632  -50.5289959  282.3045985  142.3043332  -8.484053963  375.9356787  275.8839218  40.33465347  150.7061043  
