1450.194831  339.187136  1446.777116  1261.87593  503.3620147  1711.713223  2670.297008  1442.090295  2268.955172  
1459.610224  339.6120703  1426.849076  1247.043994  433.8789271  1695.061448  2647.365288  1415.989498  2262.602591  
1482.435892  348.5041785  1374.22381  1255.078539  304.50653  1693.079285  2642.578753  1390.634665  2258.940667  
1471.65072  326.1375843  1398.08324  1235.683504  371.5336545  1767.235114  2589.41393  1408.635896  2282.807979  
1494.550192  359.6914507  1442.737614  1248.743962  437.2271897  1746.502422  2612.951197  1427.039828  2272.018651  
1448.3657  363.559913  1396.49921  1257.088343  387.5153625  1750.488156  2626.129708  1409.840998  2264.341511  
1460.75323  333.9143106  1393.360575  1220.722699  379.7586918  1744.280298  2621.668468  1404.925812  2272.414364  
1483.73031  366.9744839  1429.066742  1224.772459  456.620707  1758.913005  2618.39988  1426.533125  2271.844329  
1458.59168  369.6598996  1400.960529  1250.902789  431.9059557  1757.170101  2628.547945  1421.812223  2265.928722  
1487.177903  379.1882678  1385.166892  1238.903901  327.8345235  1746.963684  2652.226998  1415.134904  2249.970396  
1470.855187  340.9265845  1387.459891  1230.088168  425.2195562  1742.650158  2638.960029  1418.664461  2244.90801  
1511.37017  345.0519565  1434.586465  1239.266694  471.1474863  1757.311856  2611.681151  1420.347146  2270.753822  
1447.694393  331.4550518  1433.303364  1246.369478  433.9977498  1732.158146  2643.108391  1425.100129  2272.431574  
1485.830759  356.208411  1396.209387  1247.19093  356.291053  1758.040184  2639.025045  1414.305285  2254.24282  
1476.18715  342.0763774  1358.775314  1221.685234  384.7342249  1759.573127  2563.473594  1413.003626  2242.823433  
1483.142168  323.1739279  1410.712613  1230.440536  400.672168  1772.473833  2558.023013  1420.977153  2271.924965  
1473.779587  317.8247958  1418.306615  1231.943568  419.4592758  1760.241504  2556.779084  1420.9741  2258.01385  
1457.446692  350.0078734  1372.452134  1243.172337  443.2983732  1732.718812  2617.947149  1420.34875  2237.949087  
1532.873503  380.2750786  1385.398378  1229.16385  438.5554166  1764.818629  2567.801601  1416.02247  2287.13649  
1488.090325  336.3551833  1437.440388  1256.462742  412.3480732  1829.029401  2576.587782  1416.555454  2300.254031  
1427.365652  323.624768  1415.883632  1271.61014  374.4229894  1803.448972  2581.487607  1416.947667  2293.83743  
1490.4178  361.1969174  1400.196846  1259.522768  433.4730294  1754.170191  2660.264902  1407.744841  2272.761535  
1480.789328  348.258844  1387.496295  1255.794431  401.5672139  1786.69516  2594.216926  1403.055541  2298.897698  
1519.837888  350.3132292  1394.292632  1260.658179  351.5941501  1751.870492  2637.692117  1413.234208  2298.62001  
1471.528173  331.7596371  1398.426359  1255.680433  372.7350361  1765.552973  2603.136274  1405.778532  2298.649828  
1450.379884  350.2708727  1406.420059  1231.73459  367.3482293  1738.919528  2608.989123  1416.001151  2271.074224  
1420.457324  338.6804658  1354.100456  1215.89824  340.9052403  1710.603039  2630.75887  1413.776528  2241.093129  
1427.536572  361.3900876  1350.292534  1196.016116  400.1931054  1697.108045  2585.836426  1424.42103  2237.372732  
1467.857212  363.1128434  1372.526094  1209.053417  436.3136869  1716.867951  2545.47671  1431.042332  2251.97495  
1475.632446  388.5404064  1383.857581  1245.221782  411.4111626  1726.829364  2578.058191  1434.78072  2266.502994  
1473.902288  403.2442759  1385.919609  1232.514125  439.060997  1733.986668  2596.36339  1423.897542  2248.003054  
1463.978168  380.3001352  1375.043135  1232.113314  366.9906649  1720.435964  2611.339877  1407.134304  2258.965349  
1481.90114  343.8575234  1404.504098  1222.31913  412.7657381  1745.002572  2616.00696  1407.334249  2249.921255  
1470.969961  335.1511231  1437.099739  1231.487947  405.1984745  1748.850903  2624.730669  1409.588718  2267.856358  
1416.390828  319.839444  1409.035734  1233.942927  470.189694  1730.5389  2657.240371  1418.746919  2249.706425  
1474.726393  336.9565226  1414.943657  1224.408663  430.9574941  1722.361333  2645.353864  1409.889249  2275.927156  
1480.532169  344.8399758  1436.11225  1243.664732  445.0823753  1739.255591  2616.824054  1421.109217  2286.106725  
1400.912292  326.0711765  1408.433814  1265.155053  492.1514009  1739.725641  2633.71682  1432.217306  2279.936347  
1506.488687  353.0213524  1438.355401  1256.515184  495.8844354  1751.262132  2668.416955  1425.223406  2307.10415  
1497.189091  305.3942078  1502.169401  1286.162884  570.6185017  1790.973718  2685.615276  1444.292043  2328.97179  
1462.225838  292.595959  1499.90521  1309.129116  603.6426138  1808.86634  2731.232619  1459.32319  2319.528529  
1546.951217  334.0051916  1467.600089  1275.089803  505.273373  1796.342513  2749.579654  1419.101137  2295.574733  
1489.488129  310.1045808  1407.023673  1243.407514  361.1984616  1773.160766  2674.29967  1372.82326  2262.520537  
1503.192023  302.4103424  1421.9387  1239.180719  317.3168877  1740.748061  2634.059945  1382.638582  2254.950288  
1480.193537  341.8330502  1375.634517  1218.247783  289.0564793  1714.569207  2564.482025  1393.176897  2232.813933  
1466.274957  371.0355125  1350.880598  1221.124566  345.4027558  1721.177156  2558.916696  1403.013346  2221.999732  
1411.228829  360.0905435  1331.07701  1203.251022  360.8603353  1701.136605  2575.144272  1409.09507  2192.336849  
1412.841005  378.9628589  1336.44524  1199.92108  372.2124138  1716.529288  2545.703206  1419.643713  2202.619326  
1451.20874  344.6728334  1393.714969  1213.319858  401.9587325  1732.263366  2590.511006  1435.286376  2248.890939  
1450.230848  359.5241091  1401.240232  1227.220428  415.9708825  1734.463477  2611.586761  1436.523681  2257.479589  
1449.465727  379.5164585  1405.563417  1231.947163  449.5783636  1724.832501  2613.128233  1424.930667  2257.121233  
1441.211073  367.0962465  1376.12669  1223.186581  411.7295756  1721.11281  2591.738461  1413.389021  2248.110529  
1481.336735  356.038718  1397.18224  1226.908999  465.9004709  1712.197928  2609.891502  1422.582663  2260.224601  
1464.545224  331.8290824  1424.703941  1233.593537  436.3165518  1747.765725  2628.851689  1428.254083  2250.878377  
1473.255564  356.0702925  1408.165057  1257.966793  415.7666187  1748.145435  2602.891076  1414.791785  2258.185031  
1485.16476  342.6959946  1423.021238  1247.738286  412.5298545  1716.662068  2643.808588  1416.534719  2267.491989  
1513.362686  356.8805103  1428.153435  1237.419949  409.0354022  1723.626007  2621.915488  1405.273932  2287.200649  
1507.51734  321.7587017  1453.320629  1242.697863  388.8560421  1749.566973  2611.602807  1423.719705  2289.080895  
1487.531078  364.859483  1438.830919  1244.838219  398.4832879  1764.059015  2591.473071  1420.406752  2275.102035  
1437.78739  341.425579  1419.969389  1254.164858  412.4975274  1746.526312  2644.041397  1424.854756  2258.587243  
1474.265277  358.1010801  1406.401789  1239.101677  424.9228166  1733.216468  2620.340579  1407.406292  2270.051952  
1446.368563  344.3966586  1404.750013  1237.994462  393.6742629  1738.535154  2622.792363  1410.763244  2275.995394  
1491.574015  336.2723962  1434.391738  1245.337924  386.9073342  1743.493948  2643.34644  1412.026405  2312.419523  
1466.220186  352.2076021  1413.588867  1229.920326  419.8996864  1737.960857  2630.069941  1422.233048  2286.083568  
1443.112252  337.3016891  1392.232475  1227.846585  396.1352258  1731.202414  2624.896131  1408.58448  2251.4481  
1475.446207  370.1320791  1400.574449  1245.092037  413.6815969  1744.62829  2610.930866  1416.582142  2282.533505  
1463.816086  354.3610043  1373.899254  1250.56082  356.4365835  1754.227397  2596.991884  1412.798224  2310.300658  
1481.945283  382.8533513  1396.005611  1240.125304  329.1927014  1764.698262  2599.587951  1420.95626  2289.175323  
1472.716428  363.4236375  1371.296464  1246.466844  335.0093316  1750.306449  2579.987752  1422.308999  2263.777436  
1419.756808  345.7679142  1337.526898  1247.832202  372.7649206  1747.459331  2560.417988  1427.120854  2235.019815  
1483.878304  384.2425537  1352.189687  1237.489026  370.6035181  1751.071529  2604.831241  1421.09035  2226.402472  
1481.46537  386.8400249  1376.040596  1233.913585  388.3536407  1762.464012  2609.270825  1418.282798  2234.243689  
1502.070857  365.7975696  1405.729695  1255.690964  391.569642  1772.953942  2609.519082  1423.515566  2264.453661  
1458.125826  349.5426386  1385.878238  1273.726115  441.3916494  1762.311117  2608.337936  1429.140801  2256.057661  
1504.540958  353.5906061  1398.058293  1284.462374  387.5975827  1745.25708  2630.92293  1416.654142  2287.981757  
1484.609272  344.0548411  1376.295154  1279.874968  351.7676015  1787.4201  2601.176711  1399.439267  2282.840025  
1489.818521  340.7241213  1388.731672  1240.791593  377.5079646  1781.887129  2603.049812  1417.549011  2263.357557  
1489.602143  373.3976985  1402.11825  1241.420925  376.8964973  1759.765379  2621.780684  1426.202277  2253.193514  
1459.079045  359.7184537  1393.232784  1230.892201  398.6690076  1764.939878  2597.541315  1429.681971  2254.529913  
1447.612394  353.6811742  1365.986531  1227.700276  409.4179549  1738.395685  2586.643673  1419.247852  2262.858576  
1495.162899  358.4410447  1438.085221  1229.687814  444.5673666  1764.860779  2601.997799  1429.396215  2283.765018  
1466.556784  318.7591403  1439.582683  1253.075342  451.3362583  1770.075972  2581.971213  1422.492478  2292.343431  
1445.91999  307.8434635  1415.568978  1263.486204  482.4695876  1731.676775  2585.068411  1417.864207  2273.418095  
1490.833912  334.1490027  1417.228831  1254.160287  469.2933539  1722.203335  2613.222377  1411.026146  2294.944339  
1495.927517  319.5228935  1449.309705  1263.456343  424.2543097  1760.273323  2634.325414  1411.73296  2326.482128  
1469.172581  301.3035467  1446.806159  1274.078425  422.8647692  1760.306548  2630.106039  1393.468982  2305.82782  
1475.626527  303.3622761  1423.658412  1259.865117  481.3163664  1726.133296  2668.930542  1412.540638  2286.268176  
1506.339829  332.9919756  1413.983896  1238.819333  438.9641221  1733.913611  2676.037029  1402.211404  2260.63998  
1507.505803  340.5523798  1426.51163  1224.573563  392.4520496  1751.146061  2633.861219  1402.647509  2257.371944  
1479.755475  328.3063434  1408.957594  1233.12212  369.4449883  1738.298717  2591.430662  1414.149196  2264.347974  
1471.43498  393.2896272  1402.182744  1223.885932  412.6147721  1735.066234  2630.152612  1423.548484  2247.419271  
1457.947233  367.5452892  1390.479392  1230.572208  348.0219848  1737.388821  2649.591952  1417.680839  2234.103326  
1476.024701  382.5911191  1377.089499  1210.4389  388.5688176  1747.902034  2628.35811  1409.388264  2227.981264  
1470.971703  344.8780749  1424.887068  1227.21482  450.1421813  1751.095201  2640.607529  1421.388509  2257.845199  
1447.002886  342.4799854  1413.216426  1231.894016  394.1934096  1737.96085  2617.373379  1417.32802  2263.002359  
1447.597606  318.6598273  1392.646797  1233.133413  398.9484394  1698.591473  2617.505127  1416.300596  2247.21745  
1461.756691  340.7500792  1395.590637  1239.783526  377.5382165  1718.763862  2653.47955  1404.172307  2233.477145  
1488.995489  346.5092607  1416.656842  1232.256961  418.0073225  1720.909093  2669.348148  1401.531541  2243.810557  
1485.011596  327.0660561  1424.479806  1258.852892  352.6067135  1753.971465  2649.930682  1398.351111  2274.25964  
1475.974468  323.7507503  1419.18867  1249.686795  368.554449  1747.662654  2644.673193  1407.034944  2264.916331  
1485.598612  353.0193509  1427.552151  1240.338736  407.6773962  1761.953686  2624.228947  1417.095736  2250.094358  
1484.150346  363.7461282  1403.152621  1240.281765  412.6573599  1730.708584  2625.055121  1413.803052  2245.890118  
1478.231033  373.853549  1405.462156  1232.707186  403.6816522  1741.024981  2612.298361  1413.290535  2276.286559  
1469.42796  331.4500537  1433.462217  1241.767886  474.6121383  1746.873321  2624.945055  1436.397198  2295.406711  
1459.871655  353.3469549  1386.303371  1245.584727  417.7063848  1788.695395  2586.238722  1419.243207  2250.111928  
1493.207094  349.4260418  1365.334318  1236.269822  426.9353497  1724.902506  2587.717988  1411.919232  2258.163914  
1491.413523  353.025566  1392.801822  1243.540154  437.5078269  1724.318312  2616.490167  1428.511812  2255.201458  
1432.620801  338.1364972  1425.554286  1275.841914  445.9757253  1725.853992  2631.301292  1446.414912  2284.982783  
1480.147045  327.7227806  1428.793161  1288.779247  464.6005572  1705.711728  2682.251035  1443.85683  2297.870037  
1504.858421  353.4253202  1414.460853  1233.145375  472.6718996  1740.833738  2627.450392  1425.144039  2293.287425  
1451.905134  316.9616981  1410.393654  1239.35312  475.5551942  1724.453175  2652.063837  1424.513374  2254.658617  
1501.058019  360.477146  1412.81016  1242.696921  445.685214  1737.163439  2634.649232  1398.727524  2256.412574  
1484.305204  333.2015838  1420.699909  1242.653134  369.3003427  1741.391892  2655.715726  1392.378634  2283.099172  
1484.423741  338.6909981  1425.897607  1230.353682  341.4869447  1734.657536  2679.038577  1405.726586  2290.348625  
1496.262096  364.5975154  1423.095791  1244.965856  402.5878984  1745.540483  2629.243076  1418.253296  2258.13638  
1442.623258  314.5940558  1394.21166  1238.754105  429.511402  1723.644496  2590.099146  1411.519793  2230.732641  
1505.474496  374.8202312  1380.806827  1239.051492  443.8527793  1721.144578  2610.863737  1414.256562  2247.041199  
1465.099882  330.9560685  1424.225255  1244.117294  393.8692504  1765.402833  2602.165896  1411.151542  2297.292178  
1482.147201  340.7100744  1441.603468  1243.057759  393.0572587  1746.01244  2624.550435  1412.342671  2297.376381  
1432.962496  325.6556747  1400.437483  1243.604508  416.5904687  1745.330567  2644.368195  1415.644892  2272.269542  
1492.109514  371.6474833  1402.123666  1238.557396  420.1596283  1756.036823  2640.366791  1417.859404  2284.457032  
1479.077219  361.264958  1404.714577  1242.092439  369.5375771  1804.638503  2595.896447  1418.217106  2290.165781  
1457.023308  353.129598  1385.807572  1242.897837  394.7126213  1786.380142  2590.086439  1427.294651  2264.942589  
1467.921862  353.515624  1370.007023  1232.028762  410.7913889  1760.533782  2582.315215  1419.055632  2247.259808  
1516.18756  371.9296778  1392.25021  1250.730501  458.0234942  1763.39856  2593.819206  1421.338902  2275.518016  
1501.465721  346.7200914  1420.26784  1262.145159  419.5758613  1768.233991  2660.245855  1408.742248  2280.605435  
1469.176986  311.0480221  1419.275847  1266.846124  278.9116304  1784.307182  2647.858831  1387.294462  2267.839123  
1473.87644  337.6213851  1395.596699  1241.384637  307.6672347  1735.77451  2619.076138  1404.512282  2263.479461  
1443.712833  349.9188814  1356.288597  1230.230662  336.5877699  1712.832516  2604.908808  1420.825081  2236.03216  
1444.54076  383.4045297  1333.507809  1226.472141  343.5572181  1718.232235  2590.382189  1421.834465  2215.001987  
1437.695548  377.2188254  1331.894532  1215.190306  390.8838898  1710.769854  2579.597157  1422.935399  2217.283337  
1477.855101  351.4051915  1390.881832  1227.634559  357.4855324  1732.408931  2583.037388  1422.144274  2248.006029  
1445.07893  381.6511503  1402.516951  1246.830881  380.0809941  1752.936821  2597.243505  1423.220144  2259.407669  
1459.505313  344.1322843  1391.30743  1245.427397  374.0392188  1727.358361  2618.221457  1412.242596  2250.469839  
1430.87147  341.8771853  1348.119182  1253.174376  349.5771711  1739.484959  2600.21951  1406.39543  2241.491348  
1458.93303  337.9558724  1384.015943  1233.159297  405.2211199  1760.363634  2603.890799  1426.292069  2270.103396  
1465.023329  324.3032412  1433.179762  1232.801196  396.7950947  1752.028836  2645.320983  1411.537443  2279.300991  
1446.797624  349.3534517  1415.444556  1242.583051  447.1578337  1744.862386  2635.270653  1431.296788  2272.452827  
1486.302139  370.26075  1409.224645  1253.060568  415.8160299  1733.516563  2626.494597  1422.40766  2271.175825  
1510.717741  364.7397077  1434.233931  1241.45248  438.4252048  1754.666832  2592.885357  1423.487186  2293.809679  
1471.060211  326.8542908  1447.673503  1256.243267  423.7506454  1748.138713  2607.850782  1427.756263  2266.539798  
1473.157716  334.2244541  1395.571816  1264.294969  419.8859195  1727.270605  2598.538227  1406.160511  2232.918832  
1527.862027  314.4518784  1410.940233  1241.593041  416.2439651  1711.02828  2606.93435  1406.133156  2243.537471  
1494.230081  316.1887673  1424.968818  1246.72617  409.0079599  1754.238848  2630.321424  1409.919398  2278.459469  
1467.784034  327.8598945  1416.275879  1245.380135  409.0605897  1752.907203  2643.138894  1424.444502  2271.4549  
1476.906224  368.438687  1411.66388  1252.304524  396.2986462  1745.27346  2655.611688  1413.878953  2274.04396  
1484.461523  358.5902988  1444.05326  1236.444222  479.8896382  1766.545844  2638.316751  1421.600778  2297.389821  
1499.063213  365.1661449  1457.922828  1234.588715  485.2333671  1759.328826  2654.353712  1420.788128  2298.584724  
1443.92619  352.0811886  1396.51219  1248.390869  408.8385398  1759.239224  2657.561682  1417.886421  2291.295171  
1496.312051  358.8394452  1438.839863  1221.545898  519.1718718  1747.828084  2635.981919  1429.706166  2308.417641  
1464.37502  332.4226943  1480.555758  1260.763687  597.4104697  1794.773569  2644.199899  1456.753422  2325.112077  
1423.845059  318.4255454  1434.539204  1281.994664  577.7203405  1799.080722  2673.094511  1446.66107  2288.225181  
1522.20664  373.7713577  1444.552417  1275.112682  475.6119195  1815.695148  2717.827287  1428.337301  2304.567003  
1524.836303  342.570908  1475.792963  1285.942399  442.1761307  1858.889157  2694.826477  1424.414082  2332.95286  
1519.565691  362.4020582  1417.812414  1292.147605  374.342863  1829.817622  2634.116106  1406.838738  2310.239516  
1494.271251  325.2199058  1394.723221  1258.569939  329.887569  1788.575795  2612.530621  1389.098295  2277.735886  
1429.468624  289.5189172  1380.056747  1227.647062  300.3238637  1748.097987  2608.525817  1372.304739  2263.301974  
1448.345834  331.8014655  1383.493893  1213.476181  315.8336539  1733.472215  2631.35773  1398.795336  2240.360215  
1451.790215  352.208879  1384.792125  1211.733105  330.4569463  1699.239858  2636.660475  1414.041484  2242.892527  
1490.279133  365.0762241  1384.651474  1203.446879  328.9671523  1719.91234  2577.001109  1405.713501  2235.975122  
1439.13052  367.7252038  1361.901691  1216.099015  371.3990063  1719.515068  2584.824969  1425.957257  2210.471744  
1485.617871  381.1582252  1350.074282  1208.892632  381.9155544  1716.229164  2546.981533  1409.55322  2201.985645  
1451.564092  399.3681925  1346.211184  1212.336571  429.4128024  1694.209634  2592.725482  1424.274573  2221.662988  
1504.547839  361.3229023  1391.300794  1203.521007  425.7316343  1751.351234  2520.210117  1422.820601  2251.753626  
1389.548354  392.66429  1355.861483  1273.553691  424.3319175  1712.994041  2620.250993  1421.822675  2228.717508  
1440.6838  378.9745658  1289.939697  1226.133049  414.9051941  1699.046622  2568.458221  1415.099888  2233.043441  
1437.634576  274.6922998  1398.793463  1263.875383  364.2426399  1737.8518  2557.582915  1444.986751  2247.484351  
1453.140264  363.4129267  1435.644408  1300.857424  499.1965595  1741.357213  2646.429083  1454.423043  2289.547125  
1480.711284  325.1629042  1442.743611  1244.08383  465.4372636  1746.030925  2641.143327  1427.692524  2285.72188  
1468.65955  355.3305657  1406.090702  1246.647245  389.2955759  1717.612473  2627.375748  1405.576692  2255.887959  
1486.281065  350.3197948  1430.232135  1224.4373  440.5734501  1722.7335  2599.790087  1414.602683  2269.376352  
1486.392771  334.3821451  1452.356755  1261.156338  388.546607  1710.809632  2645.578591  1407.266614  2289.118621  
1502.281262  332.9713213  1467.239534  1257.948241  333.7612365  1742.315411  2661.960852  1410.440781  2297.822378  
1477.915716  332.1464428  1437.474132  1264.873728  362.5095885  1715.148635  2644.800747  1410.299667  2292.500743  
1484.636534  362.9884688  1409.0442  1255.636694  350.0944788  1739.10475  2604.832302  1415.00905  2296.079439  
1484.436354  360.3755735  1392.885584  1251.62481  360.5266318  1702.482585  2613.424998  1415.30961  2285.548013  
1478.575555  353.6088598  1394.860313  1248.28141  376.9337533  1725.09828  2596.698422  1416.137301  2272.897329  
1483.710308  358.3901181  1415.265897  1256.20126  339.6372851  1748.537617  2626.66195  1425.412125  2274.733571  
1475.173267  377.1448503  1415.226055  1245.842198  327.876115  1740.272122  2619.448377  1418.690706  2259.678252  
1482.801401  383.8331627  1402.307233  1240.184346  372.6952145  1744.875728  2615.042963  1414.847424  2229.428819  
1448.186602  358.1981548  1414.851011  1232.35431  394.2017537  1731.765028  2645.348813  1406.590116  2236.067809  
1477.065999  387.1677505  1423.161121  1225.231052  441.1565661  1720.102734  2627.551896  1412.487065  2259.326978  
1475.139812  345.0123731  1425.494763  1248.926887  398.6699557  1751.201446  2573.32474  1426.979197  2282.832498  
1471.534069  345.4476666  1376.245375  1271.060336  366.9832277  1759.526258  2544.065425  1413.178846  2252.944787  
1478.012607  365.0370222  1381.869641  1239.960978  437.5341772  1735.027085  2573.949458  1409.167516  2245.482856  
1430.593042  339.5801601  1375.00284  1226.951572  395.9051331  1722.137932  2636.778928  1415.418807  2262.404182  
1467.950851  362.7295952  1413.012947  1222.93215  413.5905532  1763.871841  2591.77507  1428.24863  2276.87104  
1414.676162  365.8695641  1418.755456  1248.970586  462.1500745  1745.350316  2606.148034  1429.542573  2280.271701  
1420.018421  341.5900946  1417.971165  1245.46495  438.6067687  1741.911374  2602.951637  1426.139656  2269.506342  
1477.115247  371.9796919  1409.557759  1255.350682  447.605394  1700.886782  2670.250013  1420.161218  2261.673887  
1496.558184  301.7391287  1434.132438  1262.345984  364.0682492  1740.773119  2628.014967  1405.821597  2286.074627  
1458.545299  318.133938  1450.489348  1240.937435  525.5305324  1782.718551  2600.475327  1436.598747  2299.376433  
1454.998245  364.1692815  1414.016768  1239.542505  487.5780702  1708.502255  2639.677161  1421.947729  2258.339286  
1480.545888  333.8355722  1415.411316  1182.19827  382.2920286  1764.363922  2532.623034  1396.923876  2245.204645  
1496.493426  349.7043277  1375.739568  1247.435172  327.8032835  1735.820712  2679.080175  1398.320236  2215.211858  
1519.174193  374.1814979  1403.403879  1258.143614  406.2313432  1758.540823  2662.013673  1414.461864  2263.101191  
1476.414128  326.7202499  1407.946973  1244.114114  489.1504951  1743.679975  2653.768233  1443.91207  2278.354373  
1497.535858  352.3461611  1394.989231  1250.184487  365.3986354  1773.182889  2638.73548  1416.686087  2265.867341  
1478.941601  358.2612742  1369.69882  1242.800676  352.0927154  1767.204258  2591.087165  1406.905837  2283.876789  
1458.413652  313.852596  1400.934051  1239.820493  396.7909649  1747.567698  2625.244579  1408.494337  2285.426273  
