1673.43327  999.6830581  1588.396668  1200.491612  1174.864214  831.1439357  2774.040191  1424.731712  2299.034776  
1642.169878  978.0537944  1582.370045  1220.101442  1107.43321  790.6168029  2763.656016  1430.49933  2275.386801  
1596.747478  964.824821  1593.828224  1241.266026  1073.937536  768.6454568  2746.980034  1438.490728  2255.738642  
1579.404258  937.4081354  1599.035554  1254.001529  1091.41721  766.0855661  2745.638859  1437.904312  2259.789953  
1656.861916  945.5789135  1590.524929  1253.023561  1120.879068  777.7882595  2755.360062  1430.838569  2268.215392  
1618.684146  948.9015239  1596.081655  1256.775488  1051.903547  772.8198275  2739.019314  1428.734396  2244.659081  
1601.704825  948.8271439  1608.877395  1258.63825  1037.695612  770.3416288  2725.948072  1444.618137  2224.554591  
1607.314646  939.9287272  1597.715897  1233.294056  1075.071691  778.2268887  2752.110382  1437.274505  2251.759368  
1663.727937  947.8017808  1593.505229  1228.715386  1093.111965  785.9019289  2783.668853  1439.804054  2271.499376  
1713.253595  951.6261164  1596.163048  1249.271635  1079.966923  781.089711  2782.033646  1444.025415  2274.506744  
1696.734054  939.0685323  1610.328785  1237.893404  1161.282847  765.6995899  2816.2136  1437.512009  2290.077283  
1735.152537  979.9266021  1561.618005  1252.811296  1104.312254  793.6136513  2768.011422  1445.899909  2300.843174  
1656.424036  966.8707681  1555.458132  1223.420515  1149.333248  796.6436504  2752.350318  1433.334295  2279.095716  
1629.751037  989.6010247  1592.556373  1196.431507  1061.912455  772.2118557  2723.98909  1433.820245  2245.820341  
1664.051433  983.3376805  1584.976922  1201.362005  1070.31695  769.4451389  2725.71749  1434.463801  2245.774558  
1659.85014  979.2785884  1589.941578  1212.529008  1055.68419  775.2324277  2735.39431  1437.313153  2253.207879  
1587.087423  958.5118179  1574.756013  1242.874775  1067.600144  779.8876621  2695.963734  1424.183155  2251.599791  
1588.293923  966.2721434  1551.306027  1206.48798  1063.900146  776.2658333  2717.803129  1421.517916  2250.709256  
1579.058772  958.3116422  1567.31228  1216.734756  1038.900068  769.3629464  2696.969549  1422.305683  2240.313959  
1571.90887  933.1556532  1565.133554  1224.191627  1035.722557  774.8755302  2693.561936  1433.209079  2249.231111  
1612.190607  945.260212  1584.256502  1229.135718  1047.048184  795.8200679  2707.425397  1444.457026  2263.157775  
1675.457031  954.274417  1594.460728  1268.678888  1127.215738  790.5224852  2708.078404  1445.118397  2289.640623  
1670.977874  940.7029484  1588.04898  1270.663679  1159.838444  792.6766385  2744.653565  1442.046321  2308.754032  
1643.497541  936.5440258  1570.190981  1260.90225  1133.602283  812.8573585  2775.663033  1447.061295  2297.509018  
1658.764066  979.197948  1572.773292  1211.340928  1098.337562  805.0920754  2800.574558  1440.362386  2271.571074  
1623.956688  960.3373697  1590.359355  1199.568937  1070.923703  764.1089994  2775.069342  1433.238673  2257.748383  
1664.306216  959.2114943  1599.928882  1230.601188  1104.528936  753.0179643  2750.859791  1429.52216  2253.676683  
1620.042213  951.5685084  1593.773569  1251.47844  1134.196438  775.1749306  2704.366593  1444.437277  2251.904525  
1590.063363  951.73423  1583.959935  1254.823832  1116.420216  811.7726217  2715.505901  1455.409612  2257.494161  
1640.445829  954.3026636  1584.091441  1225.203651  1082.061314  827.9281027  2758.79608  1447.885705  2251.950307  
1701.591246  961.4853011  1597.499833  1222.95371  1114.063007  817.0076424  2722.445019  1427.632435  2251.061914  
1720.001948  968.2790421  1613.313627  1254.607572  1133.707202  784.4533308  2736.832253  1431.82895  2268.829391  
1676.481149  947.7555817  1602.613435  1246.308103  1100.832172  773.1953421  2775.088504  1425.328454  2263.712663  
1656.265572  935.9127802  1565.702772  1226.458288  1121.407918  771.0022635  2769.291112  1407.615051  2281.42398  
1616.283275  965.7524588  1568.215232  1239.330609  1103.942346  775.0591123  2707.176934  1435.575864  2269.597674  
1629.58048  978.1135424  1583.812032  1242.505873  1110.299749  792.2757383  2721.552311  1456.310476  2253.831728  
1568.099102  957.6823945  1575.712501  1286.848477  1070.119922  794.3644797  2692.172392  1455.896585  2233.329639  
1638.352441  948.0996814  1609.083841  1277.033104  1125.613902  840.8132842  2712.822777  1465.856054  2253.867687  
1694.205787  974.0863144  1615.900617  1216.376777  1168.581122  810.7616127  2787.627353  1443.444724  2259.046736  
1669.75341  958.5273351  1596.705925  1209.084664  1075.960583  776.5774057  2804.305908  1416.990943  2272.631124  
1705.486408  972.8870751  1594.091994  1236.227074  1084.48703  767.6175808  2741.101941  1449.941855  2264.192238  
1661.258547  988.1326276  1589.308642  1242.970594  1113.779635  792.0932883  2718.095692  1458.444433  2285.121533  
1592.9143  964.4158849  1576.807127  1219.664715  992.8755375  823.7079105  2693.351677  1454.445517  2267.583564  
1593.885688  936.0977167  1602.467345  1242.364733  1047.731199  801.292472  2688.322939  1444.087644  2259.662396  
1615.979206  948.4131195  1605.505657  1269.126463  1104.380706  783.1448547  2708.242053  1456.221949  2261.760758  
1643.484313  946.1233777  1626.424317  1256.738459  1196.723149  752.4671275  2745.680507  1438.783121  2276.99255  
1634.496089  940.077467  1585.861411  1235.953083  1161.711818  754.5719884  2773.641593  1429.033009  2312.669166  
1639.600019  961.0419872  1615.75116  1253.405219  1114.065567  769.424601  2760.803064  1461.383883  2273.371173  
1677.711561  983.9751496  1625.342691  1249.922527  1131.562939  769.796094  2746.179472  1451.255911  2224.955762  
1592.290769  946.7835859  1588.219614  1222.132031  1033.462454  788.9297045  2732.921775  1423.919083  2226.492099  
1667.13389  962.3379252  1605.324516  1197.602418  1103.159896  758.724942  2749.938046  1421.714375  2246.147631  
1668.348296  946.076614  1611.545895  1203.82791  1130.057847  744.1705428  2781.292328  1426.852608  2282.652936  
1722.240643  979.5762702  1594.821707  1183.262944  1087.307047  745.0615699  2786.917863  1429.2081  2310.621003  
1632.271854  975.0651452  1591.832803  1215.316194  1061.74454  771.9034737  2747.935071  1438.657327  2243.814416  
1665.127677  966.9672606  1616.943207  1194.821473  1123.417397  766.3625236  2753.095002  1437.314841  2258.910935  
1694.446824  973.5122078  1587.312514  1215.277508  1065.711786  754.7538179  2777.060061  1443.82478  2297.191764  
1728.743947  970.8962408  1569.592236  1231.627758  1082.636699  775.8425818  2774.033872  1444.493965  2293.741574  
1732.37554  973.6688474  1577.759178  1220.294548  1072.208815  779.7909746  2790.31688  1428.825518  2261.543256  
1693.062976  974.3556255  1589.043218  1215.960811  1089.781043  768.9135041  2802.145587  1415.189959  2248.243665  
1607.300341  954.2072375  1597.471984  1203.65507  1078.427596  719.7916464  2777.881508  1415.11481  2233.14182  
1581.662376  932.6921877  1582.528346  1216.284173  1024.9477  720.1166903  2751.155439  1409.646391  2237.635265  
1595.303982  947.1289119  1596.178311  1238.326116  963.5250678  746.6383063  2727.242197  1430.818887  2235.059605  
1664.454799  977.0535495  1635.865878  1218.927462  1099.638663  750.4884904  2752.244407  1434.593476  2247.60126  
1636.917428  948.6528113  1590.638447  1243.075633  1107.555053  738.4112275  2776.620592  1403.041542  2275.295034  
1642.70552  960.8381182  1572.259005  1264.301158  1061.777843  766.7734676  2734.32388  1456.770279  2277.098217  
1600.049693  992.453115  1540.500673  1265.005474  1129.71493  827.3967338  2761.611881  1442.983083  2275.368039  
1596.549837  925.4500068  1535.413935  1274.741889  1110.259943  853.2659503  2698.487331  1455.635707  2281.465771  
1761.725194  978.9676406  1634.882421  1263.612326  1243.224693  813.1474177  2778.824903  1448.033215  2300.997876  
1735.914415  939.7672583  1562.50361  1269.431888  1121.528147  791.4683111  2756.611138  1437.814723  2296.788918  
1672.595872  978.0813713  1583.518196  1262.315846  1159.51158  808.1027779  2748.013063  1461.798169  2258.289335  
1586.888933  976.267119  1544.026443  1260.851484  1126.374151  804.1474767  2727.485123  1441.006292  2285.642798  
1658.765869  957.1902112  1606.675015  1217.972054  1182.186181  826.7364556  2708.947765  1430.670607  2251.180493  
1594.579865  932.1050385  1579.081582  1235.321029  1058.500094  745.1230847  2727.284237  1402.482052  2267.568618  
1678.922796  971.5360878  1590.873153  1210.101238  1100.147776  769.3741612  2751.332763  1444.068518  2277.924107  
1616.603124  985.3301741  1614.508799  1241.428537  1092.866539  777.6571435  2763.533517  1454.719725  2258.157288  
1600.174279  958.5711843  1624.859191  1248.996152  1112.542836  812.6755472  2683.000803  1436.09053  2232.895127  
1650.418305  956.9210949  1611.990989  1218.545438  1153.964626  744.3439948  2782.264071  1416.181575  2288.609468  
1664.917613  947.298076  1577.043887  1218.578484  1085.530299  750.3998515  2728.436611  1442.431754  2269.655301  
1605.100323  981.5168848  1573.866852  1211.778916  1148.564463  781.8337849  2773.389449  1448.163865  2273.563781  
1568.496519  925.1445629  1557.835844  1251.992073  1045.667142  797.2881717  2692.491156  1443.202329  2249.264922  
1676.641177  958.3974703  1629.160341  1223.957213  1152.58211  775.3037769  2748.641933  1434.425263  2267.087804  
1728.598909  979.3832353  1615.067331  1227.769765  1077.779255  754.8309229  2753.501116  1440.91888  2272.546521  
1604.166309  987.7971089  1603.799323  1241.633571  1061.921363  791.8044331  2777.728  1452.080773  2253.299809  
1649.367106  950.1722681  1598.388643  1229.592855  972.7999755  827.5585631  2701.931868  1428.347271  2227.385365  
1682.828504  979.5620918  1640.137362  1220.863354  1108.676173  812.1450954  2786.560773  1433.476854  2296.635137  
1630.300148  925.6741644  1569.225335  1216.161358  962.8520002  794.7112623  2798.070869  1427.363472  2301.464745  
1666.906257  995.9288084  1577.851373  1202.059677  1124.878356  839.0108346  2829.3616  1446.319487  2279.320579  
1495.122498  940.7525612  1530.124828  1256.683989  922.78056  823.3551901  2709.668833  1444.641171  2256.905885  
1684.58101  978.6000884  1631.846406  1205.796005  1209.654011  794.3893605  2733.590265  1439.180903  2257.819218  
1619.353312  920.4587113  1520.181764  1211.238255  992.0208643  734.6000355  2736.996896  1399.27934  2322.02613  
1683.492466  987.2547875  1584.685555  1217.508614  1004.336224  774.006245  2665.055511  1468.221428  2230.37278  
1517.894049  970.5934859  1528.10205  1263.441825  1023.527765  766.9556355  2744.333276  1416.316462  2245.169955  
1646.435221  907.3372525  1579.857541  1261.897114  1046.39393  842.607962  2668.625817  1446.528461  2205.33326  
1705.36698  943.7825083  1631.508773  1216.49092  1248.14211  775.8676964  2832.353885  1418.021347  2296.098799  
1696.429098  972.606832  1569.737213  1210.244068  1109.274505  787.4801161  2766.644766  1457.672249  2281.893794  
1586.739728  987.910426  1557.837263  1234.103139  1140.914549  801.1220904  2800.489935  1433.694052  2253.84303  
1646.599964  925.1932841  1604.408936  1278.919314  1133.867714  840.9985893  2715.732341  1462.4223  2255.035563  
1751.172906  995.2508353  1646.062997  1251.847119  1268.139371  776.9132826  2867.054937  1449.296339  2311.270331  
1689.464248  962.3990202  1561.591178  1303.69674  1098.951271  779.032762  2742.982035  1476.966514  2319.225005  
1662.593146  1005.889308  1575.757099  1258.068682  1264.084712  829.6115641  2806.065785  1444.188025  2310.437137  
1548.879607  913.2114873  1506.580613  1288.20481  964.5453572  815.7767228  2671.690519  1431.397122  2231.655605  
1699.93645  967.7453842  1622.36447  1213.073784  1225.055702  770.4009161  2729.995742  1413.517721  2243.847217  
1589.077478  924.4963357  1581.717187  1194.597284  1089.977479  713.0481011  2736.33525  1376.569451  2258.211866  
1678.874845  946.1062827  1566.151699  1195.604214  1076.413677  736.971876  2760.04158  1423.187526  2266.584259  
1600.141768  939.4324729  1586.520831  1232.199828  1025.754004  778.4452059  2752.076589  1428.438573  2229.318082  
1688.687397  947.779277  1655.106742  1203.959529  1154.619548  774.4227022  2767.441195  1431.230227  2250.975394  
1664.858831  965.6769417  1615.24606  1176.106689  1019.187125  754.6551257  2742.753319  1428.431879  2252.738756  
1555.092732  980.1016393  1593.832896  1244.186316  998.4023662  789.4713772  2716.197236  1439.784385  2228.069647  
1613.004327  928.754354  1597.383559  1247.838825  985.1971417  843.5296009  2683.964672  1472.29105  2254.757974  
1679.655803  963.0580609  1630.692899  1228.862326  1166.901403  796.4537551  2830.296196  1465.051743  2314.360192  
1683.725949  936.8668855  1544.382373  1245.750789  941.1266544  771.2574513  2759.071832  1444.791528  2319.739568  
1671.765229  1048.83464  1588.619706  1193.512835  1138.011816  828.917252  2759.460184  1452.082507  2235.128811  
1429.431421  943.6390635  1521.00342  1254.545658  977.83964  744.2044819  2722.705332  1379.317791  2246.153438  
1544.207469  947.0976556  1565.736327  1217.611795  959.131753  815.821758  2641.839707  1424.176279  2208.180925  
1667.085255  967.2400715  1626.078825  1201.496843  1132.808242  741.9513582  2737.08051  1403.348547  2287.552207  
1721.183096  1004.900802  1603.524861  1235.824516  1053.233664  753.38735  2755.606236  1420.83421  2281.994513  
1557.958215  958.5998588  1541.988021  1282.381171  1004.053953  822.1940321  2756.477346  1437.145625  2241.403348  
1733.785756  952.0143776  1648.980387  1241.941947  1252.982147  858.8892455  2759.224844  1451.613744  2308.526559  
1664.521151  930.0546445  1615.952996  1258.747208  1174.345794  782.1925837  2768.452072  1432.564629  2326.78919  
1617.930437  984.4867432  1596.319955  1241.7165  1162.25783  767.9021156  2745.06795  1443.791915  2239.493494  
1471.227786  938.768073  1549.619308  1257.659721  1023.074332  724.7906935  2740.874876  1415.663383  2241.732891  
1617.545072  938.6884887  1627.60885  1218.625268  1108.996913  788.6984143  2672.448442  1429.457009  2204.857031  
1623.394682  944.8231528  1633.871734  1216.857266  1159.174559  745.2015386  2789.246799  1401.129367  2273.266297  
1697.093936  941.8239965  1585.863302  1228.096398  1018.977592  741.0825032  2768.201158  1438.483817  2246.340611  
1601.672362  965.6585659  1623.10554  1260.746135  1079.636061  806.7695457  2784.133259  1453.830775  2221.89216  
1672.387564  934.9894696  1631.858779  1236.286525  1122.104401  799.3719113  2749.618129  1438.293338  2261.286103  
1629.763916  952.9635997  1572.813303  1219.831597  998.938181  751.357819  2743.064024  1437.263467  2258.336153  
1596.885605  968.3635148  1564.909383  1252.736627  1042.867681  784.4794987  2723.47658  1427.424056  2242.269136  
1633.698742  924.4879788  1588.701861  1265.752549  1093.372973  829.2437717  2682.108806  1460.565398  2272.882519  
1699.895366  981.9338968  1604.480313  1211.540599  1195.736187  838.60344  2793.255663  1453.045688  2273.802123  
1650.08667  927.5860094  1567.15891  1231.899425  1189.22527  743.969511  2833.639671  1404.68191  2311.016511  
1689.624154  941.258602  1559.306758  1212.768377  1047.144048  741.1483846  2738.801169  1429.530409  2289.799423  
1626.010018  972.8589127  1596.397498  1206.523206  1132.577298  762.7699386  2756.149695  1442.574318  2261.04515  
1572.376109  928.4311501  1585.575547  1237.837047  1073.458842  775.2562948  2767.303093  1446.284011  2279.954467  
1719.388522  955.0182775  1644.548183  1249.372968  1159.559321  787.0354164  2777.61037  1463.584378  2290.818673  
1717.57403  969.4022604  1575.976192  1239.55491  1046.026283  771.3826035  2774.939019  1447.941204  2284.565148  
1694.345  945.3483287  1568.807214  1226.225528  1056.976656  782.3639187  2715.522419  1438.123001  2266.165957  
1675.726151  990.6734138  1592.373047  1214.977315  1094.85986  746.6755659  2753.991514  1423.927485  2249.041852  
1595.373263  992.539457  1558.233735  1241.277832  1050.52826  746.4916172  2768.734189  1412.836989  2255.517249  
1676.934312  954.0664551  1632.00509  1226.214584  1182.05409  769.1203111  2777.549699  1415.073372  2271.014404  
1625.643835  955.3142918  1588.667327  1223.364025  1027.150898  759.9202553  2796.57242  1406.806768  2289.743345  
1676.269273  929.9281721  1586.749057  1185.836468  1129.239556  844.2024688  2777.683811  1413.367195  2291.175141  
1655.789109  1012.391641  1602.961076  1229.277067  995.6504168  689.9116614  2721.067711  1432.223968  2251.832893  
1690.647811  993.2584438  1551.264685  1228.697552  1114.318792  727.3631421  2746.359284  1439.443349  2276.030647  
1699.57448  957.027112  1568.075286  1249.626995  1187.789394  796.4099674  2823.283011  1455.692528  2284.163441  
1630.478826  936.2708003  1530.610671  1292.438868  1007.073173  751.3958109  2723.486572  1461.946716  2239.826123  
1636.113567  948.5447863  1583.277533  1228.172353  1143.678305  752.1796404  2785.950446  1442.540092  2261.120475  
1632.892458  945.9807116  1576.997452  1246.179739  987.6887134  752.5270081  2739.184714  1454.583383  2256.334142  
1622.030925  946.6492147  1604.103869  1220.5244  1085.138752  768.0709876  2811.818744  1433.86572  2255.27539  
1633.991908  966.1880517  1591.948147  1224.55429  1039.475617  775.1589234  2792.026111  1431.638676  2252.377817  
1650.683909  973.6188648  1578.257184  1205.315569  1112.548001  799.2175838  2820.757853  1415.276182  2263.427347  
1635.388454  965.004191  1566.628954  1219.411165  1066.346021  786.4939173  2829.564212  1411.942269  2257.537139  
1663.014321  971.9770504  1569.690861  1208.538575  1036.632818  796.4414448  2810.551312  1421.507777  2261.653641  
1638.211697  942.2648705  1572.648396  1230.66207  1055.459645  797.2505918  2792.760715  1437.29212  2258.746716  
1650.233153  969.9904125  1587.788868  1220.983022  1104.150942  800.8849286  2801.924243  1423.698507  2259.959503  
1637.465542  944.1094267  1554.962948  1233.074758  1066.918944  819.0289353  2747.744278  1424.714897  2254.208841  
1636.544039  980.400943  1603.635466  1208.458273  1143.5594  800.8892652  2762.413663  1429.328864  2263.286007  
1641.738035  986.3602844  1585.588786  1247.014079  1092.530092  779.9665146  2725.344896  1419.789048  2278.649708  
1642.177324  991.1381741  1564.095748  1274.369219  1067.002497  791.2309085  2703.430787  1435.162845  2276.6227  
1624.453573  1005.144807  1587.904622  1298.445794  1120.045934  798.3399189  2705.485987  1441.364361  2252.815348  
1600.197503  995.2622812  1585.083256  1286.906832  1178.139087  824.9714897  2725.326888  1436.528425  2277.769315  
1613.954173  971.495753  1584.835697  1306.892143  1102.894163  814.6500301  2686.297561  1446.276228  2251.74392  
1620.520697  959.0691649  1600.710431  1274.029502  1150.222179  819.9350612  2674.900858  1447.648632  2246.746623  
1654.296635  953.9905036  1588.784403  1246.320815  1122.215922  814.8977983  2728.476296  1447.743208  2241.595386  
1706.95835  935.3682051  1593.530596  1187.894875  1148.109614  825.3689641  2767.787577  1445.67825  2256.833756  
1728.342927  956.8041685  1615.406856  1171.009445  1102.535454  759.6255089  2734.667819  1416.333126  2238.817851  
1711.825478  958.7395766  1587.065976  1202.511906  1078.779539  745.4195275  2689.306923  1412.020189  2260.618359  
1634.457951  961.2659272  1586.008414  1249.762595  1038.06128  743.5429125  2682.613734  1436.359986  2253.175419  
1639.623837  980.3471834  1594.52588  1250.128382  1109.801199  795.3194727  2719.924144  1444.174372  2261.573939  
1595.104958  944.0182083  1553.097202  1284.723897  1065.133376  791.2307636  2709.657775  1449.372927  2251.736348  
1671.003642  948.1154766  1586.507231  1261.00446  1187.295465  813.1366043  2723.585012  1450.155496  2279.279598  
1615.319687  951.5919077  1578.668477  1248.972085  1196.455188  792.836162  2749.169041  1433.762993  2293.227247  
1611.732266  948.7779539  1564.578905  1230.034765  1129.488967  795.9800256  2741.627328  1433.101214  2296.59554  
1701.985219  962.8153426  1572.985256  1224.419409  1143.224003  810.0872933  2763.912032  1449.247669  2289.27275  
1680.474714  982.9352979  1585.031063  1207.642908  1089.953749  775.1148734  2771.361793  1436.691818  2264.830411  
1619.025948  972.8726836  1580.81578  1228.167794  1076.499687  756.1198115  2752.207257  1422.620954  2253.195263  
1620.332646  922.2081817  1572.413452  1241.165912  1025.268948  774.5820485  2729.421572  1438.435076  2268.818819  
1619.159649  926.5987142  1612.391227  1264.501777  1076.917961  805.0376469  2707.078517  1460.284448  2231.434804  
1642.670683  953.5185645  1643.277317  1224.245898  1150.514819  779.2747718  2749.56583  1443.942395  2256.508836  
1702.587878  985.7271917  1620.424865  1219.068231  1060.491521  777.4767066  2786.989178  1457.136838  2287.873424  
1666.921143  1005.233051  1598.632478  1211.363997  1066.515558  828.3158303  2793.334281  1451.163701  2289.418079  
1658.051711  986.098393  1572.297682  1228.928285  1044.493392  841.4751813  2733.144377  1455.141609  2309.430229  
1663.768518  1003.296955  1595.285743  1251.686253  1108.643603  825.2782561  2702.470198  1449.719848  2284.147468  
1650.053981  971.0704836  1587.391016  1224.371493  1112.439803  793.8310632  2718.295123  1423.237889  2278.650473  
1590.899101  931.4493045  1579.578742  1219.452271  1068.070486  751.5513771  2702.717993  1407.848377  2248.393103  
1624.999451  953.7426825  1586.769772  1207.88475  1098.609352  748.9663129  2754.741824  1422.831985  2256.540198  
1611.933827  994.8510564  1588.588147  1230.150195  1107.793336  755.4710846  2785.368747  1434.685978  2256.626891  
1629.059189  972.0821701  1595.675426  1244.917289  1070.766199  777.3321582  2789.884904  1452.817224  2260.370232  
1620.24441  951.8859716  1606.47417  1229.334216  1127.049852  764.5638314  2753.534785  1430.326939  2240.392133  
1642.516915  958.1429755  1561.509971  1217.687302  1110.149488  738.8381068  2727.868275  1412.30112  2250.048086  
1713.899933  997.5630222  1553.98589  1227.337915  1139.131508  766.6749462  2800.39834  1423.162814  2269.219956  
1646.983049  947.0099917  1563.434739  1250.623983  1022.049388  802.250372  2744.922172  1445.162318  2246.974215  
1650.026616  957.9957146  1610.375944  1215.607555  1173.539759  794.3530456  2741.451939  1438.727104  2248.547641  
1591.786666  911.8580185  1579.220177  1199.483584  1117.511708  736.4079942  2743.839176  1397.052948  2299.176061  
1622.13214  970.3181393  1588.67164  1217.948795  1031.310899  765.068823  2742.221707  1420.810565  2227.541142  
1619.088044  975.2515537  1563.955187  1234.255762  1091.408582  757.0002661  2765.766201  1405.927992  2261.967981  
1619.559474  914.4556582  1571.417549  1255.194603  1029.473874  800.025279  2701.378446  1450.442302  2257.899402  
1654.695359  940.4637152  1632.437037  1254.104029  1140.133343  796.2001883  2742.846735  1454.530272  2280.992061  
1632.385302  918.0074643  1586.301532  1264.892741  1054.460653  780.3110729  2735.757682  1447.573313  2281.625775  
1676.102258  1018.686229  1600.628527  1253.573288  1119.822591  850.8965129  2805.058456  1461.154174  2272.242826  
