1406.17087  281.4922595  1348.749148  1368.653395  -87.0869156  1272.026903  2342.799515  975.3415173  1709.896284  
1377.854553  279.6694902  1306.8225  1354.064677  -115.9380209  1276.853504  2302.358637  974.8418262  1722.116875  
1355.536208  277.3340269  1327.051725  1355.820793  -132.8777529  1295.260386  2310.004157  976.8465266  1723.4414  
1384.975412  289.3864965  1337.775628  1353.873019  -151.8971349  1287.830226  2311.445605  986.9777897  1728.857512  
1365.182811  269.4741848  1331.644835  1333.583433  -144.891878  1268.054405  2264.076979  978.7809182  1730.034675  
1381.940811  299.002503  1296.269463  1352.170284  -147.3342382  1276.552614  2239.866839  990.1594811  1712.20461  
1351.62046  285.6880937  1293.304975  1343.589556  -148.2174738  1292.803757  2252.94827  985.5651499  1737.65744  
1329.937778  291.9544961  1316.391417  1355.603675  -125.6865202  1279.202812  2273.888263  1001.922801  1745.151631  
1343.33397  271.2751036  1296.526021  1352.436088  -119.6755115  1295.866617  2228.440693  992.9006901  1719.217177  
1355.189611  294.2191308  1308.308376  1343.903558  -106.2928084  1301.67206  2239.676624  983.9278483  1718.255383  
1340.271  298.3977734  1287.299355  1341.193235  -104.3624865  1287.12482  2224.423573  968.7015914  1722.831821  
1387.73567  284.7208492  1300.916263  1359.625166  -109.1852338  1284.540813  2286.647449  969.5748116  1732.85907  
1372.495653  310.3098073  1314.99534  1331.616647  -130.2853152  1277.122662  2287.605635  983.6841583  1742.8182  
1359.022529  274.2001696  1320.386464  1343.020817  -126.9039975  1286.52746  2297.041364  993.1280865  1727.016987  
1342.329831  277.8875172  1313.407359  1343.944742  -121.0891516  1294.392424  2303.930258  999.996562  1725.752786  
1350.749782  272.0795214  1307.019124  1340.407221  -147.4543734  1275.207595  2299.968568  986.8774868  1735.944096  
1359.430146  284.1943344  1333.66643  1334.273897  -139.2273005  1286.299383  2306.320473  986.6198933  1734.51006  
1323.255615  277.1946579  1355.476816  1344.563051  -145.1034434  1310.226982  2290.302479  989.4975697  1732.137279  
1360.926347  280.7479398  1308.835331  1378.522888  -117.2460768  1298.091411  2267.22205  986.6900928  1730.611673  
1377.16632  321.5386924  1270.972994  1372.857481  -116.4246206  1279.618075  2262.262679  971.85393  1735.610688  
1368.841437  291.9597476  1311.43113  1346.628009  -113.5757882  1277.686757  2258.60087  968.0163489  1725.00128  
1388.45506  302.2585553  1305.573123  1349.612463  -110.0561988  1304.704789  2276.448538  1001.347295  1708.657554  
1376.682325  288.718233  1312.654078  1349.440882  -126.3397477  1308.307158  2300.109589  985.6310497  1706.527055  
1381.85519  286.5481488  1282.191572  1342.414064  -135.8811145  1281.97961  2281.533616  975.3144797  1707.464407  
1327.688515  285.2990192  1295.015955  1367.800511  -123.2716627  1307.807093  2278.807212  978.0807598  1747.761085  
1304.951317  290.6209306  1313.62466  1406.729431  -95.34752093  1284.22788  2282.438158  1009.220413  1777.965621  
1360.907707  294.2481245  1339.31729  1354.116828  -150.5543849  1265.609495  2303.715303  989.0372348  1725.944597  
1342.204746  288.6585297  1353.152415  1323.474185  -163.7573048  1304.23338  2293.910121  991.4011288  1724.602263  
1360.654312  284.9780803  1374.242313  1318.610741  -141.5609472  1305.94782  2280.180184  983.3590944  1725.624233  
1348.949499  273.8679602  1315.005063  1324.73432  -103.4264701  1251.84186  2269.494083  952.4366095  1713.785148  
1367.76058  261.1826673  1291.651085  1353.512932  -119.4897249  1277.399515  2265.568551  973.332855  1707.639309  
1364.687329  273.0938758  1294.663148  1347.70984  -131.9502678  1282.925856  2249.308702  971.6243991  1726.408045  
1348.181556  281.2359866  1309.427313  1343.778439  -118.7146568  1274.464434  2230.186579  966.9816915  1725.559728  
1370.683099  268.7364647  1273.859958  1348.113815  -144.5589888  1254.762217  2299.381218  968.1435384  1725.799323  
1358.943279  276.2656807  1296.516413  1337.214705  -137.3528255  1294.298871  2292.340942  1001.690771  1730.183392  
1326.671358  283.5626339  1313.888958  1354.689522  -123.5929213  1275.414322  2225.114262  978.413804  1735.009739  
1370.933153  302.1437501  1307.664536  1354.315027  -128.6041368  1273.769688  2274.807371  986.2642283  1730.357467  
1349.599361  290.8434008  1311.122548  1353.697257  -130.2397757  1310.030739  2280.128348  1000.797856  1727.184529  
1378.407868  290.3283117  1329.975815  1367.281849  -129.0131949  1281.948388  2267.554762  971.7614818  1718.313913  
1349.883979  282.9791789  1317.103945  1354.933653  -134.0417183  1277.519842  2306.928075  985.7844337  1726.205559  
1367.816347  301.9815149  1350.431353  1328.483308  -109.9612524  1315.683836  2293.476406  1009.472573  1725.714571  
1356.759876  293.3938869  1325.966378  1338.724119  -91.53251675  1279.18798  2295.732296  984.6880852  1712.84147  
1371.619631  309.3352669  1316.770885  1374.134082  -80.59981731  1307.892425  2302.090893  1005.716841  1731.776022  
1348.646408  293.6236668  1302.970774  1363.21766  -107.0934369  1306.466818  2289.639749  1004.808861  1724.562219  
1336.182536  290.8752016  1270.417108  1348.918987  -147.0747971  1302.460414  2217.420689  972.7850914  1711.290173  
1367.056052  292.6691795  1279.092003  1329.94369  -134.928918  1281.33645  2236.558262  980.4307748  1718.933599  
1346.834209  303.2284717  1299.472675  1337.482581  -107.3713827  1303.79668  2229.550352  986.8531232  1734.34616  
1345.664059  299.6827488  1302.710569  1367.490297  -142.2674816  1290.302258  2278.808331  978.1772041  1724.797308  
1344.751829  309.7229189  1330.10866  1335.618317  -133.8204389  1282.345162  2298.106598  968.5570021  1729.660616  
1389.53586  293.7438421  1304.902573  1343.311357  -107.6880558  1286.430868  2247.428201  972.4025953  1732.261567  
1359.414691  285.4682967  1325.138637  1317.343038  -170.7270184  1267.482955  2275.315829  977.1661169  1728.140945  
1353.393978  288.2358948  1328.645938  1326.060036  -131.8634307  1277.160768  2272.154515  977.7233282  1718.136143  
1345.109312  262.9343208  1329.449402  1359.024841  -159.8594952  1291.326597  2299.301369  988.6836374  1733.993254  
1406.521095  276.7396652  1300.244875  1364.049492  -145.1745028  1271.51619  2312.631045  984.2838397  1718.829456  
1391.222647  271.2474607  1303.180662  1349.228858  -153.571595  1280.109524  2330.359677  985.8537131  1712.611935  
1385.983631  273.406619  1327.001358  1348.620882  -136.9633965  1290.787837  2270.799048  983.7397132  1728.30491  
1398.849177  263.7706729  1313.86935  1340.068325  -129.4641357  1303.839444  2296.6201  992.0459999  1713.315993  
1366.421183  273.543547  1320.963235  1362.80996  -107.8665595  1313.343153  2273.561279  1001.766823  1735.060238  
1357.380019  300.4056871  1319.649052  1371.971603  -125.8331372  1279.189725  2291.835192  976.2362378  1708.623281  
1373.786171  298.3022627  1317.691767  1366.230073  -122.849631  1281.671491  2271.722742  980.6629347  1727.536409  
1370.612249  294.1707253  1332.630103  1352.901634  -105.5027456  1292.765525  2276.748728  1004.005153  1734.933484  
1369.703946  286.3098218  1321.899239  1345.342956  -137.2347279  1265.533015  2313.831112  993.6193271  1720.751949  
1378.850417  268.8811647  1321.561634  1336.119114  -162.0805796  1270.570279  2262.062669  973.3582119  1718.162613  
1402.162921  284.7166135  1333.872538  1325.816004  -141.1334222  1294.17704  2257.233628  967.9699724  1713.151972  
1359.12489  265.6281738  1306.254883  1359.706315  -92.7657646  1295.85167  2240.406502  972.8330278  1727.136496  
1357.717136  249.5638046  1285.161863  1369.167276  -117.2602126  1272.346264  2247.088185  968.0929752  1718.438128  
1369.470167  252.4520367  1280.013988  1359.90037  -131.9113716  1269.912541  2252.664752  972.6193024  1714.148606  
1344.227728  270.8103116  1308.506374  1343.112944  -120.2923524  1285.80962  2243.717067  975.9888351  1721.172724  
1346.985494  286.7107318  1300.550218  1351.159918  -109.3518538  1272.372614  2289.525307  981.3452904  1726.072672  
1367.476174  283.8211736  1313.949101  1386.646426  -107.1326188  1275.120268  2291.255691  984.9756117  1740.73535  
1362.535076  309.3252053  1343.506326  1368.825712  -109.5546943  1302.12425  2294.907435  1001.187215  1728.969718  
1340.494852  289.9803362  1320.075444  1356.76621  -110.1609858  1292.462016  2290.567327  989.2081409  1719.546089  
1361.386813  294.9375046  1321.080622  1351.439302  -108.0690196  1277.807104  2262.767454  967.2562043  1715.053613  
1376.676181  289.3293144  1312.613414  1359.87991  -142.6966758  1301.297883  2355.133426  1011.627039  1732.569376  
1396.305182  304.7256444  1360.940984  1317.185076  -141.5566836  1280.754916  2351.681093  1006.691773  1758.290104  
1342.931824  272.1337261  1326.811984  1335.258853  -125.6284113  1271.762268  2291.807232  984.1431158  1732.749464  
1361.165121  298.0195517  1332.884424  1336.802641  -144.1125702  1288.709962  2299.040282  985.1544988  1752.596087  
1360.934863  283.5099483  1311.243262  1363.327942  -102.9751704  1307.776915  2273.323295  998.9464083  1776.548036  
1369.523197  295.6443638  1336.281913  1359.719034  -119.0966046  1289.204968  2314.185196  988.2838833  1742.507523  
1351.543932  286.4814081  1318.329529  1345.993548  -137.9515494  1290.787938  2268.969352  988.7158891  1730.17226  
1360.40131  277.2009431  1351.169433  1353.667607  -170.3600647  1288.956622  2287.854883  991.3823691  1724.43005  
1355.724758  288.3491599  1392.507241  1329.290486  -119.3679437  1280.548438  2307.779694  974.0928386  1744.179771  
1357.891405  298.3013652  1302.4846  1358.965666  -102.7358405  1279.504591  2312.507517  990.7888686  1742.555566  
1363.970877  287.264537  1279.808507  1386.076255  -116.2716605  1296.416099  2288.529991  989.1112704  1742.817487  
1361.253464  304.4907865  1306.433845  1351.887315  -130.5851746  1294.267221  2263.613403  972.0046671  1739.437487  
1325.608676  300.0127931  1339.166286  1337.475887  -124.835473  1286.240498  2242.793658  956.5098769  1706.86593  
1320.80194  291.9276633  1335.336399  1339.401872  -140.6713553  1278.850863  2306.440819  969.8653002  1707.236229  
1365.648297  289.7132711  1332.92582  1337.224601  -130.973114  1275.854846  2279.660329  979.0061567  1717.672289  
1392.039218  282.268786  1326.792764  1336.627588  -117.60248  1270.239411  2285.989579  964.5706497  1723.523995  
1364.606206  258.8413971  1317.959217  1347.240098  -135.133268  1272.618104  2294.172059  990.2242928  1721.544911  
1364.220772  261.9944834  1310.69622  1414.633832  -112.5996659  1309.337508  2254.625809  996.4967546  1764.680121  
1391.451707  317.8297723  1318.396332  1388.528403  -109.959397  1276.362379  2275.661479  991.0015525  1735.573068  
1360.853793  299.4910899  1291.291706  1356.351898  -119.0738874  1278.521784  2252.512044  979.3620867  1701.914198  
1356.800646  296.4231607  1300.884386  1359.204507  -117.7317897  1262.413006  2292.966305  970.1167477  1720.173101  
1375.471696  307.7955286  1295.789175  1317.136633  -125.0090164  1250.305964  2330.679765  957.0590178  1719.409984  
1314.975301  267.8879998  1324.905472  1329.339509  -139.5511676  1310.022067  2312.761207  997.840101  1738.121516  
1394.123329  290.123026  1298.890127  1356.664204  -145.2767515  1282.117015  2299.783029  1003.337201  1736.5453  
1395.988908  297.5116498  1266.902993  1339.860165  -128.2974967  1277.880133  2263.280305  979.2623982  1707.890286  
1342.852593  274.4071146  1289.519575  1339.44043  -159.1137547  1271.664655  2303.946006  989.597349  1722.992373  
1368.874051  280.0144397  1316.018483  1336.532127  -164.1639354  1280.369685  2305.936346  1000.522779  1751.534115  
1355.751375  281.7590984  1305.491867  1333.116476  -131.7989269  1286.09924  2271.050806  980.7788048  1742.43349  
1358.789449  267.4396661  1325.513111  1333.883449  -142.9916934  1294.58506  2280.293123  985.0403786  1724.95731  
1341.638776  273.7786651  1313.082953  1353.931839  -129.4669291  1295.723829  2234.568907  981.5871941  1724.379672  
1348.502498  271.0809812  1311.235963  1357.68936  -137.1761869  1290.050312  2226.657672  973.8000522  1718.120643  
1337.467096  267.718584  1303.8088  1364.011293  -105.8325002  1303.482541  2224.76154  988.535656  1720.453746  
1360.153508  271.5482895  1344.992972  1342.495453  -105.0350148  1304.83089  2248.066021  990.8981623  1725.60354  
1345.489824  299.9596717  1316.407136  1340.017266  -97.29886839  1290.641262  2285.408417  989.5318496  1714.172024  
1348.263052  295.782482  1333.652647  1349.080942  -143.4237636  1313.772165  2314.972135  1008.53292  1741.753807  
1361.765407  291.3374999  1331.30281  1353.887171  -125.8605737  1293.597519  2273.478339  984.8371624  1723.328476  
1358.704839  289.8309652  1304.03249  1332.594362  -136.9786371  1274.998428  2301.354783  982.8461069  1738.504236  
1355.728369  259.9111387  1303.204588  1351.678116  -122.8095364  1298.437575  2300.031396  991.0899248  1727.547815  
1340.395974  280.1540313  1295.880648  1382.194498  -136.0835542  1281.839415  2277.38332  976.5913164  1748.074931  
1366.961813  293.7876555  1307.754019  1371.619977  -133.0625945  1259.961972  2274.043256  979.2367393  1721.437417  
1344.261857  262.1613148  1280.779014  1394.944871  -109.9139926  1283.363675  2234.045295  980.8235656  1741.723163  
1437.829544  280.0760653  1319.80927  1338.25327  -131.3201767  1289.587023  2283.776577  997.880355  1716.947002  
1410.65163  241.5940111  1316.638447  1323.802117  -147.7512872  1279.634066  2295.965395  985.1779235  1691.152333  
1381.917092  298.5477528  1312.928326  1329.405289  -132.7829627  1289.434905  2327.214046  987.220181  1714.477895  
1333.389812  289.5846396  1324.961123  1354.440767  -129.0358347  1291.710352  2273.161575  984.1007899  1742.61127  
1343.057519  320.0130949  1311.498163  1370.688964  -130.9815814  1292.364185  2248.447733  980.0918722  1719.542301  
1334.355029  295.5260698  1315.377948  1324.003253  -135.2103075  1286.520517  2257.896923  980.2235424  1702.956732  
1381.344367  282.6284461  1294.473977  1344.43379  -133.2043405  1272.800367  2263.432462  973.3944815  1699.139909  
1358.632578  278.5949987  1334.941976  1354.827214  -93.76841135  1293.434735  2234.981597  977.4646719  1743.578685  
1391.05246  289.3382582  1354.912191  1351.302191  -120.0386344  1289.310631  2257.697244  992.2171961  1719.65338  
1393.226251  264.3155475  1312.765547  1340.876463  -147.1914166  1279.673072  2300.215196  981.806515  1692.250979  
1370.469404  288.3486  1316.253633  1331.869249  -150.049073  1277.195254  2296.905858  970.6483179  1711.889622  
1350.414005  283.64941  1313.376043  1337.319863  -127.1185067  1292.610968  2291.164122  973.1355759  1699.584854  
1361.731463  296.4145377  1269.824153  1348.804169  -100.8831176  1272.902372  2260.500691  967.995027  1701.948668  
1374.789847  276.7424102  1296.661741  1346.08545  -121.4110519  1293.771565  2245.938778  991.2574491  1722.302429  
1361.00776  273.4521454  1297.951267  1369.030215  -89.81575588  1278.061188  2315.461446  993.5970375  1740.368433  
1371.82174  289.3341478  1312.737435  1398.35783  -95.94460346  1302.783314  2305.98233  983.3217951  1755.875424  
1362.916392  305.8814074  1367.097373  1353.169844  -117.6814625  1317.118057  2296.299216  1011.157938  1737.133972  
1359.524363  300.9046098  1315.373517  1335.328474  -114.8619017  1290.669668  2317.95518  988.9854734  1716.483788  
1385.63545  301.2010931  1275.811509  1346.691824  -155.3716814  1282.674459  2271.113283  983.6789235  1728.344522  
1348.442789  288.0656964  1295.752134  1333.088989  -135.2593428  1298.554315  2246.917391  983.0770628  1722.449212  
1360.738407  303.346161  1325.99294  1351.092129  -79.29266575  1282.256007  2271.862621  978.4555161  1739.139897  
1378.260868  303.1006954  1355.406762  1388.252924  -74.60091911  1295.018972  2304.858946  988.5529769  1758.495651  
1386.463514  286.6929738  1325.303257  1378.111912  -119.9443241  1285.31329  2308.972575  997.9036279  1752.364176  
1386.483747  275.2801616  1309.059004  1338.685277  -138.5043794  1265.536089  2300.79234  979.994669  1742.229864  
1353.977455  298.6069216  1309.644237  1331.977085  -125.0090029  1286.803226  2248.519723  979.0430311  1734.018525  
1361.281775  291.3350052  1307.183577  1363.654383  -112.3070317  1287.293966  2277.160384  983.3495609  1739.431784  
1402.315254  296.0912735  1319.025499  1350.997272  -118.6713331  1299.271469  2298.068439  982.4153894  1731.138109  
1381.936441  272.4508201  1339.231173  1352.041675  -122.8335489  1298.312316  2290.955765  986.6188528  1718.404589  
1370.84013  278.4799434  1329.824999  1345.92354  -134.5059753  1286.466813  2283.314322  981.4193903  1713.133223  
1399.951889  287.4478312  1326.535839  1330.568603  -136.8547988  1269.1239  2268.235923  973.0412788  1712.646279  
1363.613409  294.2162543  1316.617498  1368.190701  -115.6903242  1288.580708  2261.583799  968.2716401  1715.395315  
1416.49957  288.255288  1282.352404  1372.198855  -108.5121706  1257.18381  2306.571667  975.3285288  1724.430119  
1373.873443  292.5509386  1300.496399  1340.860406  -124.647229  1273.874841  2330.031387  977.7139334  1720.511415  
1340.222701  288.5803715  1293.216704  1328.172545  -130.587758  1280.355213  2268.126705  978.6071419  1709.604813  
1332.475425  278.6972281  1295.519363  1353.590414  -113.5019647  1304.378158  2234.080576  977.6797544  1728.294075  
1396.646137  294.9092189  1322.332699  1335.24662  -102.7292464  1282.964461  2264.738  981.5779702  1717.523589  
1389.895708  266.0237124  1311.054296  1360.428775  -128.0640741  1289.686023  2290.761882  995.715266  1710.863394  
1428.550849  299.6110611  1326.204112  1380.020668  -112.5784785  1285.072427  2299.979487  991.3966582  1729.321236  
1353.339382  295.3506621  1344.400323  1333.653254  -85.34706712  1286.826025  2260.465688  977.2110781  1719.629359  
1406.889682  290.680542  1312.784893  1381.554157  -132.0374977  1274.894804  2313.583934  994.3958597  1743.917847  
1433.818007  294.4612617  1334.231227  1332.261354  -116.6455568  1301.787662  2304.014196  996.2782319  1729.31755  
1367.28073  285.8373324  1304.504714  1328.102833  -131.3345625  1259.625235  2283.117848  992.8547371  1730.539523  
1324.578443  236.6310831  1293.413263  1315.091414  -180.0448578  1273.284949  2201.383218  979.6092877  1678.055443  
1327.30642  315.2531735  1299.479502  1345.080607  -135.4519736  1282.130511  2289.144718  987.9448044  1752.971846  
1303.535815  318.9869082  1327.739817  1382.737148  -164.6883009  1281.831858  2325.256981  1023.78296  1796.609773  
1301.5593  272.9503523  1313.879338  1374.637325  -151.7280575  1271.995403  2306.74815  1006.079716  1749.638609  
1329.062122  254.2528432  1292.17552  1342.951047  -168.3250709  1307.018957  2314.793142  1004.17876  1735.06427  
1335.747482  260.8371169  1376.02634  1316.77155  -136.2112942  1305.10599  2271.25609  970.4002121  1731.385177  
1343.340954  260.4808195  1347.922876  1338.222949  -95.66679468  1300.040833  2245.134361  978.380136  1721.881969  
1352.933037  250.1747541  1339.239359  1366.96352  -103.2343691  1292.38074  2249.260069  966.1612628  1712.912722  
1365.658446  257.5948665  1368.478833  1385.183755  -108.2852308  1321.871216  2270.910555  997.1557251  1737.181997  
1384.866588  294.0201293  1340.340913  1353.5302  -109.6368731  1269.823101  2274.867933  977.2869643  1721.680835  
1309.623655  259.8189646  1301.76317  1333.681124  -155.8635741  1243.870648  2273.014095  960.5332474  1697.977841  
1375.153567  284.152793  1311.329783  1348.069184  -134.6207771  1274.152686  2297.277168  983.9586701  1704.354052  
1331.199402  286.083853  1298.687011  1374.885085  -130.7042695  1271.028855  2256.848682  991.0140165  1734.608213  
1365.635163  300.4340808  1272.833388  1335.976581  -158.1978011  1260.416083  2290.65714  977.2124773  1695.211634  
1303.266312  318.676379  1285.656865  1305.235466  -176.6867718  1277.22133  2246.872632  959.4912867  1694.393373  
1321.968705  289.233909  1277.167695  1347.025954  -176.1547944  1266.132099  2268.453096  971.1545465  1722.306565  
1377.24882  275.1229813  1285.093051  1357.131464  -145.1385388  1286.886213  2285.991583  988.2530992  1726.598688  
1434.626092  300.8237667  1318.754128  1377.709504  -95.82992193  1281.995802  2230.005762  988.1743796  1734.780331  
1379.986485  277.2991234  1298.884088  1384.618195  -98.60755965  1287.028385  2258.573312  987.3046222  1738.359613  
1381.918343  300.8193211  1322.323332  1342.700402  -131.8328453  1293.466731  2373.996039  1005.927347  1720.146223  
1347.444273  283.366541  1326.840358  1317.179814  -142.417706  1296.567963  2354.999157  1005.58344  1729.468639  
1367.792096  286.5941254  1310.386747  1311.549089  -158.7835474  1298.185329  2342.985542  987.8062199  1731.734602  
1325.114651  268.9436824  1290.484847  1319.794285  -177.2300685  1283.797566  2308.591741  983.4910989  1722.734372  
1309.32927  274.7559531  1293.897112  1329.667131  -172.8972793  1305.786852  2278.606368  983.6548259  1713.327693  
1325.427979  275.5984033  1310.445938  1328.273033  -150.6167763  1297.894227  2293.887085  981.1048099  1740.696164  
1311.873287  270.929331  1298.233902  1356.717019  -132.2775604  1313.429327  2290.990552  995.6278785  1738.001148  
1347.416656  275.9852686  1319.281455  1344.580105  -140.8365004  1282.804044  2268.553493  987.0542893  1737.252947  
1334.599526  288.9836229  1330.67087  1367.105103  -124.4189091  1282.569613  2254.226185  984.2609357  1736.066866  
1373.289284  288.9059297  1318.49081  1384.171231  -108.1750136  1284.118369  2251.914643  987.5332288  1732.316611  
1412.978578  303.9435227  1342.734309  1370.78656  -107.640063  1264.714754  2279.150288  966.4840331  1723.60663  
1391.97081  283.4749924  1302.246443  1397.361192  -102.7661629  1279.4363  2283.313062  980.4612342  1729.320447  
1379.107279  303.2088296  1333.491236  1417.064305  -96.06173974  1303.011676  2230.184919  1007.398803  1766.447087  
1385.814084  316.6349698  1336.273942  1401.457802  -112.662205  1259.314134  2295.248248  993.9222928  1748.24579  
1361.994714  282.688797  1311.455  1336.972851  -158.0967644  1268.897308  2288.479972  987.1056735  1715.658551  
1385.736934  280.2969283  1317.74402  1313.993599  -193.3093742  1286.404656  2284.534784  995.3844834  1724.770485  
1341.585722  269.9179423  1316.744191  1284.345929  -156.390517  1281.266681  2252.645503  984.7989364  1707.040089  
1350.88803  287.624551  1292.490935  1320.550722  -173.6389853  1266.003235  2296.886788  975.1843488  1707.809981  
1309.925627  300.1275374  1285.136355  1323.593681  -135.5387404  1281.686746  2244.927937  969.6697744  1721.644531  
1337.590658  287.7829626  1323.229048  1374.00959  -108.8246441  1308.955556  2256.669894  995.8965463  1750.263095  
1416.723163  291.785677  1335.919048  1378.662929  -115.5565484  1293.803786  2307.027437  986.2275583  1735.746288  
1342.536645  276.5698518  1315.496384  1332.095663  -95.968396  1250.465762  2321.040822  968.1724299  1724.65221  
1353.200946  269.7184165  1335.964254  1367.198026  -98.14542074  1321.501019  2303.039014  1000.896408  1739.854627  
1432.338712  294.6227998  1337.376594  1338.570699  -104.8611049  1312.20457  2287.295015  989.948736  1710.609993  
1354.229932  270.4212597  1270.377366  1345.270415  -90.75577084  1267.954428  2238.922785  945.8992266  1697.571397  
