1229.990057  447.6892941  982.4021783  1184.31258  443.5958771  1282.539566  2111.897763  1192.160183  2040.854282  
1278.135123  473.6479652  971.6690784  1200.985903  473.1942836  1230.713608  2100.994689  1182.082677  2066.624849  
1223.117522  405.0115687  935.3230913  1184.886913  538.7602737  1196.241281  2034.644719  1189.213071  2094.173139  
1204.770166  370.3088077  940.0918345  1184.056021  537.5535359  1210.430567  2060.874191  1187.099096  2121.194657  
1276.506448  432.7604532  947.2469807  1211.87728  514.6487124  1209.051583  2060.55612  1191.019945  2095.184237  
1215.22613  415.9188213  931.0903538  1182.4799  486.3946947  1213.786788  2058.588958  1197.062859  2075.434124  
1191.833621  390.8250236  910.7482238  1163.10382  519.8679962  1235.451256  2036.990264  1184.644889  2082.056447  
1152.849344  402.1936595  920.9124599  1202.505736  506.7453929  1209.155812  2011.872143  1178.120165  2081.171662  
1265.794073  413.1376585  947.6227886  1194.38949  458.5953507  1247.732833  2068.970796  1207.858106  2037.582089  
1251.575408  436.9494112  972.6296765  1210.548708  474.1028722  1199.781986  2068.942682  1192.896653  2065.676312  
1229.093006  377.277752  960.8423411  1183.188102  520.5238708  1204.006469  2053.623572  1202.525951  2090.363302  
1217.187079  394.8336712  956.7317651  1196.093995  431.6012517  1258.006867  2087.114486  1216.489193  2044.510928  
1205.661698  422.3507063  957.0317365  1221.747702  454.4170582  1194.928103  2046.352771  1196.263982  2100.419338  
1233.651028  426.8281768  953.4573328  1198.288444  502.9276999  1210.315892  2047.519108  1196.311507  2067.360676  
1236.059598  419.6600411  945.4826642  1197.627534  519.077135  1210.591801  2025.951076  1191.577835  2075.309261  
1262.618334  394.9631985  925.0429168  1205.32086  519.6194862  1229.656164  2000.693285  1199.461111  2059.772498  
1228.971654  357.5637132  920.3671388  1211.771748  514.1590137  1244.612002  2003.278404  1197.679641  2059.922724  
1205.718487  355.5158313  908.821228  1180.552964  575.1736705  1239.668443  2006.933502  1191.605345  2099.234499  
1351.466669  436.7555042  940.9767401  1163.647141  537.5526456  1233.959185  2067.087492  1202.927549  2086.812072  
1279.659053  453.1678522  960.1324884  1185.052073  497.3926771  1217.366932  2056.724896  1192.49261  2085.405623  
1222.109273  455.4013691  963.9298711  1198.753926  476.7975066  1208.62957  2055.760865  1195.451784  2070.133012  
1233.494967  399.7013295  937.5829681  1180.312441  483.941253  1225.847648  2042.804896  1201.65758  2065.973186  
1289.505277  389.6804924  941.6918274  1154.559761  514.4590105  1220.23932  2055.835757  1206.760047  2085.998181  
1264.006339  403.0421872  939.2835462  1136.698586  523.4178773  1232.573715  2091.561557  1205.064418  2079.751837  
1276.159397  420.9794436  962.9539698  1144.021771  490.6152664  1218.250206  2103.89429  1195.155345  2073.489979  
1256.001676  415.8978698  937.4789155  1149.512842  506.1580993  1219.703433  2089.081706  1194.122718  2074.371946  
1256.290025  433.9188217  939.6459224  1176.125395  474.0190667  1221.008716  2077.603165  1199.315859  2068.849007  
1287.503462  436.8991214  947.9933187  1196.820159  462.9261625  1240.124962  2081.038678  1192.599926  2061.12608  
1241.129537  422.1453303  936.8165968  1193.256163  485.5397839  1227.91216  2054.567823  1189.893857  2060.984075  
1211.897303  404.7292103  907.6471128  1196.354677  488.7018754  1223.157511  2018.767636  1183.8805  2053.833526  
1189.6014  395.0708209  919.5470093  1223.426054  476.6766364  1228.690222  2012.563031  1190.145792  2056.962524  
1299.580438  428.2490153  932.9648416  1212.088076  492.8330772  1241.659316  2034.528406  1186.414867  2039.293169  
1239.160925  411.5417076  944.9043051  1208.83111  518.8952256  1227.705698  2043.081148  1192.654086  2063.047415  
1208.081862  381.8977954  941.2119798  1199.70622  542.0311091  1229.202455  2023.853418  1193.106479  2095.129057  
1158.679775  392.279403  952.6263448  1233.642857  532.9514837  1216.145168  2010.329142  1201.59393  2129.497515  
1260.945279  390.6889419  958.8777719  1233.661361  485.198125  1221.307827  2026.083511  1217.451881  2103.455305  
1277.884602  452.9741125  978.9846373  1214.73804  482.7790069  1214.283135  2088.792526  1199.875269  2095.41674  
1218.608265  419.4204271  958.312821  1215.051943  476.0947599  1202.383136  2053.817943  1195.403285  2088.347048  
1117.159739  379.5688199  940.2047131  1209.960118  496.9533104  1223.118295  2025.536703  1184.034133  2073.592075  
1200.389847  396.2282827  940.2743945  1191.137791  470.2784773  1232.681727  2067.643474  1192.385354  2071.635936  
1240.993806  429.0437397  976.0805061  1224.619256  472.5194173  1233.574083  2045.632849  1198.740173  2084.077657  
1121.242293  398.9023198  925.1669618  1208.908527  499.0482201  1219.542579  2008.869943  1191.535297  2107.921936  
1282.193738  470.1369484  963.1765011  1182.238246  431.9402603  1242.684963  2114.491664  1201.434821  2046.870298  
1196.366684  451.0798733  944.4306704  1177.447212  462.0785461  1216.980165  2078.896078  1189.14822  2065.055498  
1227.355148  457.2841327  955.5921614  1189.825178  447.5694024  1231.189009  2103.945304  1199.582762  2052.41948  
1189.738977  405.1782846  952.3945196  1221.290083  453.4817022  1248.673222  2051.095149  1194.517985  2062.356851  
1186.886375  379.065264  921.7926832  1192.27621  503.771035  1255.765774  2020.161896  1186.333089  2056.562476  
1339.173679  448.8514573  961.2434366  1167.387967  505.6873498  1237.101793  2090.492185  1200.97379  2066.731472  
1296.607734  421.0586008  955.5371344  1164.657486  506.3088305  1237.980788  2078.624982  1199.871722  2064.959294  
1205.914687  394.2948412  916.1883625  1185.117938  521.0728656  1226.312174  2021.014104  1193.238491  2072.568347  
1268.83454  409.4531095  960.8277758  1183.791798  483.2022958  1208.419302  2093.487129  1188.207275  2076.570769  
1227.306004  422.155446  968.1886568  1196.336707  470.8233142  1205.718469  2082.613661  1184.450331  2074.407859  
1275.914692  416.8588031  983.1055375  1200.844584  467.0164861  1217.902902  2088.697639  1188.047708  2077.32606  
1243.789751  415.186168  959.4210931  1208.220679  493.8581722  1247.234506  2056.984739  1202.228403  2086.148292  
1205.960221  371.1445411  949.5939753  1192.790222  495.4999018  1241.361605  2055.185579  1206.304096  2076.12475  
1187.654067  400.043235  940.2071108  1202.001847  493.2542128  1253.322542  2013.434698  1187.58572  2062.364128  
1282.529889  421.0695825  921.076768  1170.044492  507.9831808  1245.694066  2053.037458  1180.285295  2046.955047  
1283.218321  449.7362852  920.6075369  1180.808988  527.6002223  1233.775913  2030.991269  1175.664628  2059.597363  
1238.14067  409.1707111  909.0606397  1169.108314  486.0034629  1234.212974  2035.947325  1183.876166  2051.619639  
1187.768118  415.867127  931.7349813  1220.249447  488.0828831  1219.145539  2004.971824  1189.475034  2080.108062  
1309.607546  433.6251358  976.5166309  1191.287449  490.7367319  1260.342747  2101.879224  1210.823114  2066.068219  
1232.301705  397.7164549  961.920506  1178.668077  507.2522091  1224.640507  2095.036353  1200.32488  2081.257472  
1287.359826  433.3072813  975.6957047  1185.458483  505.2013718  1184.894401  2087.658995  1194.707411  2090.746798  
1224.793289  406.5081928  949.3347431  1178.053704  541.5657854  1205.343509  2047.696949  1182.933686  2084.161072  
1279.77817  431.6196697  969.473367  1199.411631  476.1542273  1222.878015  2100.0336  1197.835426  2074.819984  
1213.849146  362.2818448  960.8812491  1197.449717  477.9996597  1239.328537  2083.63371  1213.631009  2075.54784  
1139.32078  346.8996483  947.9647356  1195.737206  499.4871353  1234.610964  2039.15526  1198.008006  2073.97264  
1304.682864  408.1112475  945.1641288  1159.573552  536.8234554  1219.240879  2072.505206  1193.453021  2077.30519  
1222.76018  425.2552107  974.1209682  1183.68978  493.067443  1223.537899  2114.529884  1199.833447  2085.128901  
1262.414925  417.8327752  962.4810957  1179.42317  465.285068  1219.181971  2091.569615  1206.870467  2080.741967  
1224.492943  421.0395683  963.2562335  1167.740339  514.7403135  1182.617267  2093.538544  1194.769629  2112.426735  
1181.737159  411.5741616  951.1804207  1196.535712  508.9275335  1181.189278  2077.060584  1183.286522  2128.726203  
1260.511302  424.7495456  945.7636422  1193.504884  513.8145712  1173.381518  2065.889594  1186.48785  2101.276667  
1189.187446  391.0256428  954.868081  1216.545303  511.1651071  1204.108142  2078.727403  1199.066621  2105.508019  
1108.121265  362.711924  940.5974389  1215.394613  514.1785638  1221.767386  2058.003411  1180.003929  2102.959927  
1196.156515  424.6290902  947.1367678  1208.439389  484.0902421  1219.970832  2078.358284  1194.345922  2090.131877  
1225.864653  410.9198269  942.645969  1204.870754  503.5682613  1200.348395  2063.931578  1198.100731  2071.326424  
1134.388239  375.6852705  930.1882271  1207.412561  506.7444479  1222.614699  2026.256234  1203.19302  2081.735922  
1246.534847  440.8074433  939.5614784  1196.7541  505.4449993  1223.725894  2070.632202  1185.769268  2069.459029  
1257.833324  436.9809938  939.1441762  1206.918064  495.6580843  1235.656506  2064.518743  1204.062288  2071.801161  
1198.477451  389.670853  941.9734549  1226.707552  490.0711605  1244.508867  2049.92288  1203.95185  2075.870569  
1296.341705  418.255498  929.1190815  1206.918159  468.3741624  1277.949414  2037.459261  1194.525489  2026.808352  
1267.974519  426.1007024  934.4978942  1191.042514  488.7390925  1251.692326  2079.873825  1188.588123  2058.844143  
1237.127168  433.7627136  915.2319294  1190.740421  505.0727145  1262.577418  2052.815605  1194.262107  2042.955939  
1164.340988  393.8599884  902.7337031  1198.989974  516.5988576  1246.312162  2016.037548  1190.117235  2063.657499  
1282.744604  444.0749514  975.3187896  1191.691533  504.4510916  1220.638029  2078.347719  1187.945393  2077.243273  
1262.643217  436.7677432  950.833301  1185.273623  507.4005183  1218.552701  2041.967379  1175.69105  2083.39583  
1308.835503  429.8777729  954.4886338  1179.852162  504.1186928  1229.727953  2057.97008  1185.464364  2090.076527  
1263.133315  434.4588162  913.7666793  1181.97146  477.8842799  1252.085159  2032.920364  1192.124627  2058.058903  
1220.511269  407.0340388  908.5344647  1174.234326  508.460207  1268.332805  1991.467721  1184.56201  2036.536444  
1318.251242  451.3624269  924.0593451  1166.618907  478.2038417  1273.92535  2047.916019  1188.005107  2009.06989  
1281.450525  451.3829216  918.9200726  1151.959913  503.6140986  1254.575222  2065.96568  1173.605551  2032.446229  
1305.463623  449.8720118  911.0057109  1170.678698  499.8448235  1259.442734  2013.060531  1166.528812  2031.073281  
1349.678293  457.1702505  942.1786085  1176.841493  462.6233706  1279.821927  2068.634469  1182.103506  2019.597448  
1255.326229  419.2160863  926.0814564  1190.764976  464.6503354  1297.358013  2015.023279  1190.062974  2036.817379  
1214.943153  375.7748487  910.1378856  1190.585174  439.1974733  1314.84294  1988.526657  1190.216078  2021.633184  
1208.795047  433.6988021  915.9810836  1207.759248  418.5871821  1330.524602  1978.836419  1190.739241  2007.656563  
1238.485651  380.3901386  912.6595914  1185.762028  412.7547795  1349.27304  2017.879231  1189.450779  1982.870739  
1299.133899  406.5592697  966.9220226  1197.541005  434.4511536  1346.692432  2053.387139  1180.456787  1983.041837  
1190.160415  410.463399  953.5194346  1175.199922  489.2619647  1229.552247  2077.432169  1169.697281  2063.076942  
1149.759098  425.9439372  961.4497502  1174.685217  513.5744299  1187.054965  2112.431674  1183.259681  2108.902818  
1221.011547  404.1505462  979.40624  1195.762864  453.4972919  1197.894601  2154.269722  1217.064971  2092.748307  
1291.515088  421.9268739  983.1935678  1191.283721  486.2828706  1155.979698  2138.773359  1213.790201  2116.871355  
1210.639975  406.1453432  964.1219231  1160.787046  531.6584422  1142.819266  2101.930354  1204.641255  2122.834726  
1120.349812  377.2665581  949.856988  1175.290667  521.5166336  1131.84253  2084.963039  1204.766921  2144.837803  
1171.744206  409.4665673  976.7883236  1187.892146  507.1042541  1130.118735  2128.651698  1209.02255  2145.199141  
1203.051411  414.5597103  982.0258904  1191.275602  504.5864849  1114.298917  2103.139993  1209.860579  2141.321601  
1200.971788  388.35197  975.0575519  1188.273039  512.1802495  1144.268461  2114.298409  1206.316066  2118.778893  
1181.101425  396.7078444  978.8450633  1208.592362  497.1150344  1173.07215  2122.44492  1196.05405  2109.12776  
1204.903401  391.1441835  963.7016133  1199.695558  497.5189152  1187.554852  2133.135153  1190.562581  2090.227665  
1197.298778  409.1687673  972.3688693  1210.185976  522.5608495  1175.816587  2119.766793  1193.370724  2112.11239  
1113.128459  377.0307425  930.9958862  1239.669833  522.9453122  1185.089286  2031.989727  1204.58169  2115.598118  
1266.988878  446.7984537  969.5033449  1242.361069  491.9185443  1208.088831  2084.804397  1218.80754  2089.146601  
1232.20869  426.844113  961.5112407  1242.510843  526.191402  1195.3364  2053.289868  1208.171152  2120.08692  
1204.854824  385.8122066  964.1369589  1216.367915  561.6680224  1176.470033  2056.022131  1216.26125  2138.302398  
1224.518778  406.0308527  955.0512449  1208.439775  553.5107774  1213.628725  2046.716056  1217.889403  2103.699987  
1239.810034  413.8155904  967.3557317  1199.563001  485.1852833  1271.348984  2066.660226  1217.398022  2054.231269  
1212.784049  392.9121332  938.9439857  1196.542562  485.263857  1286.426031  2003.914162  1210.67107  2050.141306  
1209.165505  428.2639845  941.674593  1218.427955  425.9125654  1263.678537  2000.790059  1205.614824  2043.845733  
1239.559203  459.8384362  964.4397435  1223.373762  392.9602258  1310.334211  2062.090831  1215.596985  2011.135801  
1237.766684  376.0139048  923.310182  1164.037277  501.5282849  1268.620749  2001.365766  1176.001185  2032.397583  
1233.646633  441.5863405  963.767027  1176.651085  506.435062  1185.694032  2058.221192  1178.14984  2091.862339  
1219.615337  416.5574844  963.3179494  1185.672278  523.3878768  1186.403132  2037.325388  1177.842555  2103.345548  
1292.467424  435.1646869  972.5883294  1171.942462  516.0654083  1173.166359  2104.911039  1176.751315  2101.659987  
1253.757801  409.422802  954.2391143  1156.572164  531.2577249  1168.424511  2079.730088  1177.407047  2098.801356  
1288.423419  422.6461371  942.5102042  1159.924227  497.1370307  1200.476747  2077.288595  1190.698403  2079.545128  
1268.820315  414.5230091  946.4050514  1163.40494  494.6368715  1230.598264  2087.227625  1186.973039  2060.058083  
1178.307448  392.316317  914.6586868  1184.812269  499.7353831  1221.930739  2049.890364  1198.837916  2078.977722  
1163.292174  380.772811  937.0214788  1228.864503  436.6153897  1283.411706  2062.967533  1204.800225  2055.358484  
1200.314349  407.789118  962.4476517  1222.748859  445.5145119  1285.253425  2030.047599  1184.391159  2044.952523  
1305.095346  465.0487653  922.5874867  1141.108948  509.9688805  1242.047318  2079.951183  1157.513675  2057.861687  
1283.061066  417.061972  935.0460987  1133.872626  543.493028  1187.780749  2063.40604  1172.070848  2076.402168  
1269.790302  459.3503215  944.7582071  1172.399775  483.6888342  1198.935038  2081.590678  1193.047227  2071.011717  
1231.575026  428.1989762  942.6848216  1184.934331  533.861704  1163.79164  2020.87136  1180.048035  2090.764849  
1323.052406  394.9344728  932.7776472  1169.344272  531.6991079  1222.468702  2038.009668  1199.475234  2066.94511  
1309.676042  445.1214095  935.6253422  1173.759552  486.7233011  1262.133931  2049.174295  1187.151766  2041.740058  
1255.112202  419.0864142  911.6371723  1207.183418  452.4968144  1262.510582  1985.710609  1193.83092  2051.845689  
1296.963881  445.9950064  930.6623014  1212.556858  454.6047041  1278.127052  2015.354392  1183.971398  2036.726308  
1265.086284  434.3108931  923.3450388  1209.487523  426.6350943  1281.426941  2003.320411  1205.837417  2032.307522  
1118.95465  346.8888119  889.9610722  1232.245979  421.6216242  1327.452739  1947.978094  1177.553382  2006.38911  
1355.932588  451.102185  932.2177736  1176.314378  425.5719574  1288.077888  2049.447945  1163.353136  2005.036768  
1279.468939  418.1710058  933.1532318  1161.333703  513.1884813  1220.483077  2043.528422  1177.100495  2064.700226  
1232.180769  383.2361839  961.238037  1187.036325  538.926328  1204.920114  2028.06299  1206.033025  2129.889784  
1230.057747  430.1474778  974.9437861  1192.735699  562.9869922  1171.795784  2031.934496  1201.239583  2150.966724  
1234.808482  414.8008876  970.1039661  1175.893729  486.4048099  1187.718078  2086.879757  1206.0953  2095.094719  
1209.241159  420.2381569  964.8686533  1159.925075  531.982644  1157.528161  2095.43614  1192.379896  2106.685306  
1118.324532  390.2676513  938.4915489  1158.692859  531.4927482  1189.372424  2098.330234  1186.516599  2095.605506  
1127.418144  360.7576135  932.870894  1167.993096  553.7866349  1180.161168  2078.289165  1193.754433  2108.096792  
1291.634683  412.8393437  966.7463159  1178.759174  516.6668358  1193.3877  2115.490862  1206.988028  2083.435925  
1236.64209  390.8131856  954.0793957  1202.863629  522.2714628  1179.368537  2059.094482  1209.092128  2097.332648  
1260.15766  415.9816186  950.2349908  1219.39141  519.4367987  1213.688617  2077.57438  1205.929284  2082.169181  
1264.601828  466.3920915  973.177173  1228.267289  497.7582913  1233.501348  2069.728623  1219.329137  2080.55676  
1036.782207  329.2932674  915.3074874  1244.029562  480.472064  1273.293436  1981.32798  1218.0519  2079.489308  
1355.396502  468.6401452  960.4679005  1183.50749  447.7715785  1272.092041  2118.953637  1201.490613  2025.88398  
1286.215102  445.4475505  944.4231988  1192.256421  490.5768991  1245.350955  2055.918531  1184.770166  2044.241948  
1314.788763  477.9413351  936.8360175  1162.2017  510.5298861  1259.872565  2081.394011  1190.219973  2047.294795  
1257.035444  444.9456859  949.9308089  1200.685132  460.3748544  1279.7063  2065.814207  1204.793452  2050.820859  
1078.31315  348.2438112  923.0816576  1228.254362  436.3329091  1319.313972  1994.634034  1205.343927  2046.533768  
1337.631262  411.2578428  969.3542773  1208.07727  434.7676147  1299.064906  2045.75099  1199.839395  2043.234797  
1273.570954  415.0982724  944.6088635  1188.389316  516.5267289  1235.690604  2029.059906  1192.892635  2079.922123  
1222.860299  390.5264175  944.3005619  1181.056395  585.2896628  1141.774959  2019.035401  1191.767157  2141.507354  
1172.412768  383.1670965  953.714208  1169.881041  579.3376727  1110.444745  2046.742411  1193.91297  2145.307823  
1216.607575  417.7246515  960.1018237  1174.747457  501.469614  1137.789531  2108.395379  1198.134975  2108.752506  
1271.171374  430.3734914  975.5007903  1172.31076  514.5281514  1136.986369  2124.34297  1185.234901  2095.481694  
1197.224386  409.8090854  974.5156104  1171.145463  503.1778605  1147.042926  2141.911903  1189.168871  2089.580183  
1145.202113  369.4864389  969.9155817  1195.054072  490.675214  1141.760409  2092.52763  1196.092354  2106.718918  
1086.551519  366.4200093  942.3094631  1208.833369  483.0003697  1139.287334  2065.460205  1205.916499  2117.750036  
1232.139572  405.8979433  975.5732188  1217.658356  525.4110863  1146.676724  2071.811898  1185.650065  2112.949256  
1275.814767  404.5821632  958.3181333  1209.139554  507.0518602  1208.862718  2080.012154  1195.083378  2066.922415  
1192.087733  389.0368625  945.2885617  1234.99559  510.5274686  1209.973609  2044.996519  1185.382057  2098.118945  
1254.704386  421.5048195  945.2405543  1203.482577  506.4538855  1218.768611  2089.147051  1189.347246  2101.238942  
1198.098914  359.2572733  933.2610812  1208.141444  530.9547623  1235.643962  2007.501472  1210.23782  2096.331566  
1236.913514  421.7340217  945.4477039  1214.459495  502.4590036  1270.906549  2033.925963  1205.209852  2076.076471  
1259.116994  430.2440721  957.2116991  1221.197634  462.1361366  1293.0144  2052.456774  1224.015669  2058.633777  
1185.440928  387.8712393  934.0051083  1245.415296  464.1608331  1288.697118  2001.032385  1203.451009  2067.557534  
1304.523545  397.2331189  932.4717395  1187.718018  483.2083439  1284.425129  1981.461072  1166.361082  2005.480704  
1304.450084  448.2165791  909.0864249  1146.881776  511.7455659  1257.222632  2011.052891  1156.044787  2040.25847  
1348.204103  424.3575222  927.2054293  1160.484465  473.5003126  1267.563398  2027.758034  1181.009736  2030.874523  
1290.670941  426.2318114  909.5242832  1189.146991  516.5667951  1275.78736  1968.335005  1179.111873  2061.407743  
1172.035376  403.8030228  924.6716212  1212.46478  437.4650712  1324.704396  2011.982333  1203.378633  2047.543888  
1238.558789  419.8356663  934.1068535  1170.612936  509.3351728  1253.009025  2022.417721  1175.856232  2051.853399  
1291.198433  427.367683  959.1426829  1127.467191  568.3915344  1177.727133  2108.170914  1186.142505  2100.352958  
1221.673209  420.0374876  946.1652464  1159.702173  555.0557825  1155.691119  2071.144562  1192.754565  2102.514682  
1275.245174  461.8801673  947.695451  1164.968894  533.7276376  1150.209279  2086.209217  1195.338415  2118.878708  
1212.52208  433.6425995  922.3163785  1191.218102  525.3946588  1198.51533  2042.813599  1195.378011  2091.778057  
1156.694161  393.9388219  914.6311092  1204.713942  494.2476893  1224.928549  2013.960851  1193.539884  2086.04778  
1241.041443  383.6005898  944.5330745  1211.554929  442.28805  1287.716773  2058.562735  1206.409578  2043.397618  
1254.264684  411.8404546  930.8208239  1175.154766  514.6463749  1226.38727  2049.159376  1174.759143  2062.601874  
1360.933562  463.9316656  966.1786142  1156.767871  531.4131158  1196.137012  2111.875892  1198.332975  2087.191259  
1228.502808  406.0256387  935.7738161  1198.976418  506.4747322  1218.816063  2023.613124  1201.441619  2087.103422  
1367.190259  477.3676723  958.3524834  1169.157164  487.4785813  1228.008911  2102.781359  1206.988318  2077.256874  
1161.010365  379.0717065  922.501759  1208.984277  501.8943333  1249.997132  1985.573349  1204.351815  2096.069667  
1168.577502  386.6140615  921.9638646  1233.540404  432.8718544  1286.209579  2003.724218  1203.931517  2057.73563  
1234.070885  358.3907269  945.9306314  1239.513526  383.9660311  1358.576041  2042.293777  1210.814653  2009.806897  
1257.484319  398.1295756  942.0371866  1194.602828  492.7001102  1281.055901  2018.718734  1161.273677  2015.90476  
1265.928114  455.8894567  962.2321235  1169.530901  496.3784547  1214.409709  2092.004298  1174.197635  2065.78121  
1224.107504  413.053205  972.4123611  1183.034081  539.021685  1169.357372  2068.569734  1196.024356  2105.065469  
1238.605157  422.1605376  978.4865372  1178.108519  525.0001189  1162.644774  2117.746198  1202.019925  2105.94578  
1205.110117  404.6254818  957.8414354  1195.237067  502.4488529  1153.83473  2084.695025  1200.440741  2096.86604  
1133.243814  402.1866434  949.4923049  1200.517503  520.6778062  1150.983832  2091.642302  1199.654654  2117.46022  
