945.6509976  378.1544183  1112.51252  1607.712965  386.5417258  866.0498818  2284.130418  855.9946971  1790.772617  
957.4015707  365.9192553  1118.961469  1577.595715  411.9308226  891.7846015  2264.993449  861.5675929  1781.43345  
1057.956157  352.5850074  1120.040392  1609.521644  347.0948974  858.574597  2276.757674  880.4791602  1785.848081  
1001.231457  328.2572036  1087.858631  1628.140297  347.6600614  881.7967139  2288.857343  857.2407934  1775.656069  
975.4523501  315.6515298  1121.304037  1577.380449  373.2481942  863.4111402  2266.352184  865.9210108  1775.496801  
1005.767825  388.3235786  1122.680638  1621.744132  367.8712115  824.0632625  2287.490439  890.3419577  1791.744986  
980.8126173  401.5124567  1089.487148  1642.734342  366.6598864  877.4979514  2325.734687  867.8458216  1780.670473  
1004.20712  411.013509  1093.513841  1609.727872  373.5461677  903.5168541  2297.041792  863.3736489  1771.189209  
987.994029  432.9856564  1107.528809  1631.222767  362.1327409  833.2792136  2296.049573  879.5677296  1808.761202  
921.2040371  364.9444799  1093.824683  1679.519737  351.1845795  863.3301278  2321.320127  866.5085352  1809.982933  
1004.456777  364.2328601  1130.552387  1679.739251  350.4761875  833.557421  2263.124495  887.2986278  1794.788583  
977.7127745  322.1428136  1141.176517  1700.890621  357.6197086  817.6076454  2283.344998  903.7954387  1806.883892  
917.8022653  289.4365158  1120.711345  1703.9193  374.8943141  836.2819083  2277.410445  888.1222996  1803.203676  
1011.918771  352.7203737  1174.581368  1617.576759  439.7073853  864.4918453  2225.798581  892.8940029  1776.733324  
1045.390606  405.0735765  1147.892333  1577.282515  406.2907417  882.1780203  2292.249735  890.7800686  1787.316158  
980.8381002  353.610267  1103.711683  1617.449614  393.3883501  893.7331659  2301.069482  858.7806154  1797.492014  
1004.145025  334.9151606  1152.170252  1567.964112  373.5655699  882.6356061  2290.711101  884.692388  1802.30983  
1067.154447  356.167607  1151.207298  1581.729099  344.0907599  861.475083  2303.194309  897.8801649  1803.730067  
977.2838749  318.4189407  1099.094754  1631.676974  339.0304303  910.8095022  2287.503793  858.8029937  1782.771025  
1039.069105  367.6570574  1121.125072  1589.317937  360.2442101  891.1550062  2242.102321  871.2050909  1777.584763  
1066.335971  346.4390934  1105.377522  1613.048381  331.5146652  851.2874714  2260.648701  876.0074448  1788.786884  
984.36458  229.4103569  1094.355928  1652.384417  368.1264739  877.1353877  2241.579075  883.2427102  1790.648116  
1021.292353  305.7246532  1148.815051  1643.020255  420.4818716  844.4624725  2196.830333  915.2860355  1797.09046  
1058.658813  271.0760132  1134.996832  1633.938071  402.4657605  846.7067032  2198.296211  914.1584272  1777.805283  
1016.518163  265.772927  1112.154501  1626.795151  426.5025253  885.7844586  2221.679101  894.5947462  1776.42924  
1008.665543  278.8385578  1141.676732  1603.793763  469.5047414  902.9668421  2192.468841  907.0260312  1783.023401  
1077.552425  333.4058884  1140.296499  1630.521742  417.2048732  876.3494655  2265.448466  902.7096523  1801.116382  
1039.916478  326.3597364  1136.138137  1594.513305  394.7478593  890.6898806  2287.522495  886.504247  1796.599035  
1024.185808  384.9580857  1158.242379  1553.456842  383.8431869  890.6144999  2292.300539  886.7769348  1787.541159  
1092.959561  387.5927933  1124.487951  1587.195004  331.965181  855.6068745  2327.705073  871.1587836  1787.544175  
1035.031702  392.0907945  1104.42585  1590.820818  353.7563375  863.6256676  2341.371915  860.5206839  1785.372432  
975.2811447  402.4274976  1103.595247  1589.589109  371.4254411  879.5905133  2307.866299  860.871753  1787.224772  
1010.485996  429.6860951  1096.091084  1598.922654  329.5531267  861.0004232  2320.576737  869.4000091  1780.246649  
916.1678387  418.4236157  1064.603186  1640.862745  345.637015  893.4829591  2341.218188  851.5234593  1771.629987  
851.955137  456.1567699  1079.962404  1631.898547  368.8364692  890.1026169  2326.276225  844.1017637  1765.75941  
923.4121395  477.5903198  1068.144547  1644.642058  346.8945827  872.3069794  2347.964912  844.4533815  1777.419138  
855.5075389  431.3743576  1049.848409  1652.3194  340.3116037  893.127073  2354.722956  829.4834471  1777.577078  
908.2328348  426.9278496  1094.248313  1606.060315  369.2394634  880.934299  2310.184111  848.9366041  1775.974535  
931.8007165  415.6960045  1100.427901  1638.253404  368.4790038  865.5736442  2330.412784  871.6640144  1795.528099  
894.2043394  381.813223  1081.213536  1674.929603  333.571517  858.9158086  2338.60362  858.4868145  1807.532823  
1003.642386  401.3936813  1112.372457  1624.812082  338.2262322  861.8802591  2303.208041  868.1146676  1793.256174  
1023.304569  361.5242219  1127.539455  1625.678292  317.9605088  825.1980378  2289.782196  889.0543012  1803.148027  
944.7274016  307.673153  1093.931962  1661.61512  305.2342834  843.3112467  2306.382611  872.5337102  1808.613486  
1051.919634  357.4374888  1151.580924  1648.844024  375.5833679  838.7927492  2240.047537  900.7536078  1793.006965  
996.0577006  298.3465846  1141.371485  1662.683406  333.091381  846.8661877  2267.374169  905.2125744  1793.37056  
995.0016263  274.7492315  1120.507046  1624.546886  338.9500928  872.035016  2292.165871  872.0469456  1788.275908  
1059.385775  345.1265393  1169.392761  1579.506473  370.8189868  854.5682514  2262.436203  884.4338149  1793.393934  
1136.728369  340.1470052  1158.720264  1600.778747  362.3783718  834.035251  2291.880752  902.5882727  1815.688136  
978.9171992  280.3565503  1137.1671  1631.450964  365.7218328  861.0258615  2277.117961  883.069009  1815.581423  
1056.655985  301.1453627  1169.812793  1628.73336  384.8024586  845.9778268  2214.422939  902.5922837  1795.267823  
1038.560665  302.9971042  1151.824  1667.886765  393.1430638  863.2760558  2234.08247  907.8177071  1800.419826  
965.034858  309.5313913  1132.814832  1655.653669  402.5133489  884.0525093  2285.687744  881.4928161  1793.568995  
950.2102006  318.4212207  1133.603645  1574.543987  405.2960663  893.2764442  2255.623112  871.4157681  1780.06692  
1038.587521  360.8844305  1133.653107  1647.461607  379.7494155  855.816335  2279.628195  887.3158217  1802.798965  
965.0430814  295.4663832  1101.675811  1695.683611  434.7303002  892.816878  2265.921538  882.9418096  1799.530478  
978.4553473  340.4688574  1116.480276  1618.208481  448.4889806  893.2175356  2263.278164  874.7342551  1785.229735  
1103.317675  438.0535107  1093.633594  1570.84913  395.4057154  848.5091567  2288.058665  848.3600077  1769.673345  
975.6233429  407.368697  1051.51487  1660.622268  385.6554057  892.1984763  2317.958049  825.3317329  1785.930583  
973.8243956  391.4521088  1094.05504  1651.126824  397.0043476  874.7636966  2283.8018  870.5679429  1789.212277  
976.0650743  397.0629648  1086.803568  1646.632233  400.1877385  871.0670123  2281.472796  874.5089665  1777.092454  
925.5472183  363.0803572  1071.051975  1634.5892  339.3286677  895.5436679  2297.172784  845.4361933  1768.932094  
972.5370505  434.6041519  1124.399494  1606.806169  365.2942763  897.7764899  2299.676525  858.164782  1779.434533  
979.748335  432.1439035  1120.641525  1628.200593  384.0784376  897.5660886  2325.13032  865.2514482  1790.600197  
915.8415711  341.4015737  1098.251868  1690.728941  413.8922999  906.5659313  2287.324049  866.4477034  1801.07008  
1010.494922  360.8793796  1179.551615  1655.950824  437.3725225  864.9123622  2205.674951  912.05232  1799.775272  
1030.898732  230.3225253  1153.023272  1631.412511  460.8208502  896.9626587  2157.537952  915.1802905  1786.523298  
1067.967958  239.1221347  1140.57184  1571.860385  472.2230986  917.3322137  2181.452116  901.7928047  1776.932071  
1061.780067  285.2911877  1159.091052  1512.460216  450.9585662  913.1140397  2226.019556  901.9943006  1763.616049  
1076.810038  390.4401568  1137.924355  1556.451638  347.1482937  876.9026253  2354.373278  888.1010982  1785.780594  
992.8594137  386.3728889  1106.612261  1622.760375  318.4161806  846.3741132  2366.568257  859.6064586  1808.942569  
990.5088672  383.1905586  1136.877193  1558.594103  338.2644988  845.8403144  2326.915332  872.9584761  1802.995785  
1042.337004  385.880494  1122.878144  1586.498106  274.9880397  819.3007407  2336.37684  864.2710428  1795.407904  
971.5630116  345.1725304  1091.748893  1617.958502  289.870213  835.6757211  2328.658573  849.0085727  1787.201555  
908.9698478  361.7341827  1116.008578  1595.081501  340.1398692  823.3748817  2287.015773  864.7518176  1794.140447  
962.319892  389.6298427  1102.808598  1625.513043  349.0413089  827.4202041  2279.613452  879.372095  1775.322211  
862.9955631  392.582092  1064.094574  1651.214808  356.8990008  854.1822749  2310.313211  847.1230251  1772.165775  
889.7640514  382.2777529  1083.903393  1628.823987  397.7002268  889.8803739  2264.339682  863.0836312  1775.019092  
1014.727131  354.7504843  1086.505141  1657.971288  395.8750411  897.9004397  2261.211932  875.8207027  1785.80782  
981.9234246  308.8973472  1096.771593  1697.370654  406.7732819  891.7989696  2252.093881  888.6099734  1788.75096  
1046.627461  345.0319809  1162.006699  1657.159331  416.9282455  863.3264941  2212.308874  921.9966479  1786.250979  
1011.798461  300.8187029  1137.033919  1613.211728  358.1472085  869.5765462  2258.29375  905.0722908  1781.809974  
969.124498  323.7982453  1126.153824  1575.068817  303.7405088  805.8031709  2261.375692  874.7508522  1796.46964  
947.5463846  324.5349728  1161.39767  1615.197228  309.9236137  794.6820606  2210.668102  890.4445218  1813.127579  
922.3241596  263.3600788  1140.360844  1682.576939  332.4272002  823.8402939  2215.829906  915.5299837  1817.980581  
983.5809795  277.574843  1159.869088  1653.309882  371.1531457  841.1053503  2207.562628  898.4799855  1801.232794  
1102.942202  265.8892916  1156.166082  1576.352596  380.7355686  844.5462084  2189.05497  881.6891275  1786.731021  
1067.004473  364.4246072  1111.621083  1582.802098  392.2372135  851.911071  2245.252675  855.2058887  1768.305816  
1033.794819  391.3421984  1111.375568  1570.74987  405.9147189  904.199936  2314.096012  848.2486974  1758.35999  
1105.998555  400.6145451  1121.359715  1570.149267  356.0251547  871.429479  2322.311328  859.1515482  1785.6047  
1090.462652  457.7941436  1104.285101  1581.191507  350.249628  854.7635421  2367.015253  848.8737158  1795.217657  
1028.515472  417.3558667  1067.650842  1589.929695  360.8927547  876.2484668  2336.543602  830.6522333  1777.905771  
949.1345911  408.1453189  1079.841252  1592.436758  415.3792735  890.3529861  2288.806812  839.6337523  1784.188791  
957.2216971  456.8267021  1100.014004  1637.474281  397.9854727  876.6076193  2347.59904  857.6194289  1784.423504  
872.9069441  455.6127971  1050.343815  1685.146166  375.8110132  888.0143382  2333.468062  838.2400035  1782.510973  
886.1765312  446.404932  1082.350123  1674.167948  380.4306543  855.499499  2304.663831  855.7025238  1781.565168  
951.1050139  377.6271194  1108.982759  1692.320852  414.6668498  856.9085178  2239.785979  894.6750148  1800.884177  
885.7283649  314.4083177  1096.45953  1732.629965  396.3917407  889.5897409  2244.359855  889.2367949  1813.260846  
1049.899629  340.985006  1116.7385  1648.039414  405.0579204  876.6430488  2235.624363  880.3306952  1774.767844  
979.5730008  311.8318402  1138.721156  1634.715414  413.4629928  896.5565974  2242.240389  895.766902  1781.112357  
1020.978839  350.7700278  1142.349742  1657.087521  393.5285999  892.6515616  2262.827527  893.8141673  1782.219118  
1010.864608  328.0496667  1094.486048  1617.088554  371.6591873  907.757526  2285.055348  858.9771742  1757.939142  
1033.48609  390.1488118  1118.001241  1576.417829  347.638201  872.4654438  2297.378435  862.7528094  1784.494838  
1019.216978  362.3404544  1118.249994  1617.698539  317.6020409  869.8313562  2360.006888  876.7687703  1800.107654  
1050.644822  347.9310647  1123.101012  1634.066578  314.3701497  837.8731787  2347.346038  881.6302958  1808.257065  
1051.382692  347.6288161  1162.163396  1561.024093  337.7800112  829.5687856  2308.936785  899.1284258  1798.337463  
1075.77029  389.3791522  1135.270705  1557.051213  302.0670872  820.9440619  2347.421346  882.6681077  1803.551923  
954.9848497  383.0531538  1075.497428  1613.39897  291.0457082  850.7485174  2349.666576  853.3485395  1787.56696  
963.4191502  404.674015  1085.594126  1611.666946  344.2941492  868.0911355  2312.998824  869.7155808  1785.707189  
955.3114007  392.0816941  1094.332157  1655.888075  328.1197125  853.0915481  2314.433159  880.7989675  1797.925952  
845.1576584  367.8277955  1058.102138  1704.784417  382.0354186  911.6268778  2280.221686  846.7665401  1777.823659  
988.5733997  416.2028275  1111.236901  1606.87403  365.610193  875.2637187  2254.56879  867.2736309  1764.780232  
1022.928261  368.5427099  1125.815333  1602.484155  365.7304249  859.2764671  2287.383324  894.2728887  1787.458827  
973.2941515  385.021538  1105.210371  1591.70319  408.7930651  896.2676458  2327.19375  870.6096831  1794.838784  
1031.161756  380.2133726  1150.668241  1607.975167  387.940403  847.9190446  2283.935775  895.1223524  1799.845319  
907.341162  330.9853169  1107.083233  1698.72266  369.1599775  874.9787372  2295.765174  879.4775684  1813.210492  
1027.954508  356.2004593  1150.212562  1663.063437  414.742701  846.8329733  2251.641143  897.8976302  1801.957125  
988.0866525  275.6695982  1142.612493  1671.042169  424.4714395  871.3402194  2256.897018  911.8820425  1816.093631  
991.1359565  260.437666  1114.818293  1702.703351  472.8399121  925.2408623  2228.339734  898.1269862  1804.100272  
1063.046206  324.6263661  1156.29248  1624.523946  475.9717013  899.7927235  2208.653155  901.1729665  1783.621435  
1008.511392  325.0800236  1128.624872  1561.923513  380.1106932  888.1810919  2286.650098  875.5450273  1766.553029  
1030.4212  336.9595927  1125.800781  1551.998522  361.7192842  885.1570733  2292.990249  868.6237851  1770.049795  
934.3651102  335.7962493  1144.996329  1573.846688  378.0099477  894.7201262  2299.638122  858.5763271  1790.662831  
1012.541659  416.299736  1131.646125  1627.827047  347.5337283  852.2416238  2336.479874  857.8171705  1798.544573  
873.556545  345.7355565  1091.83642  1687.827337  356.4324539  859.2720522  2308.383718  847.4045683  1803.407004  
966.6523001  347.19432  1152.676968  1659.962891  407.2150424  851.7928329  2227.986974  893.7020387  1797.911781  
998.3687456  276.100334  1123.728451  1654.879924  368.4928453  848.9396237  2228.906147  894.6114435  1786.767552  
1070.452458  281.3501558  1111.280414  1592.064796  383.2470128  849.0101609  2203.515262  888.3662823  1768.443397  
936.543879  327.8435328  1133.984604  1599.582519  396.5155766  827.5188522  2194.950144  893.3240973  1794.922855  
985.558822  353.7630426  1125.53958  1644.587213  435.929208  843.0457421  2232.914638  889.8738581  1787.734375  
1003.512062  303.638453  1136.148214  1661.401383  449.9530273  860.6845897  2212.622255  899.3342426  1800.016127  
975.7175097  345.7424646  1138.504434  1648.07043  487.1923049  880.5136527  2200.968878  891.8271868  1785.424981  
964.5034739  356.7895825  1102.826406  1590.205868  460.2000792  913.2871915  2244.111258  874.5463359  1767.435867  
1014.214572  332.7574752  1106.791879  1495.414624  378.6577629  890.5082636  2287.339339  857.7573869  1749.815969  
1030.178884  434.4065921  1123.090871  1577.575005  353.9104332  883.9966994  2346.463984  861.2364124  1789.605003  
1032.649119  471.2188282  1106.700119  1594.257605  348.1586829  873.821239  2388.706869  855.051866  1822.556506  
996.3380329  415.3717025  1122.501868  1594.895164  354.7824296  870.2605959  2355.303242  854.1166898  1811.917334  
1070.179122  359.0665485  1125.760879  1597.401556  325.8423328  835.6991959  2293.65253  876.6987761  1810.059452  
940.0866662  314.7089054  1104.725453  1684.692383  301.8891791  862.0112338  2294.407872  874.1529938  1813.186147  
1073.323175  310.8341965  1149.591389  1638.266066  335.8575758  847.2664865  2218.344094  889.3971518  1781.395292  
1076.60003  316.6347979  1158.020817  1577.671585  334.2945034  817.7595289  2213.422868  894.1140149  1764.486584  
978.8191881  324.2077028  1104.068179  1528.963574  346.5132439  833.0624846  2262.001739  859.4214786  1761.754432  
957.3873697  399.8938639  1094.408021  1584.868474  341.3114656  853.8629643  2300.069739  837.4375778  1767.685201  
1002.589789  437.058074  1124.609117  1657.182488  362.8942823  867.5943123  2279.841131  868.2501246  1794.550558  
915.3298054  309.4390268  1091.844505  1721.078332  345.5643336  893.4057087  2265.800813  856.1074073  1794.573295  
1078.704066  366.4572189  1156.318272  1645.885891  397.7728426  840.4711565  2191.318895  900.5189965  1804.47914  
977.0457639  286.5582115  1130.699378  1678.660564  416.759407  869.3035962  2229.563943  896.0899971  1811.934113  
996.4503865  288.8217354  1112.117016  1700.534539  446.0057878  879.9981164  2199.314774  888.2366974  1794.013858  
1025.374755  303.6296424  1137.055062  1613.686683  378.9242239  866.5993783  2205.182023  891.1663632  1781.148222  
1029.174206  328.5240944  1131.279883  1555.429841  330.7658079  851.7899326  2330.856562  890.0190127  1767.55323  
1025.264247  350.5281931  1125.452306  1622.047812  360.8299998  875.4052322  2358.990276  881.1360893  1801.811865  
997.8931848  391.8579379  1137.132195  1610.19092  367.3842929  903.2701203  2368.778091  870.6817615  1812.91744  
1071.280239  421.2431851  1133.205845  1577.74575  370.2880461  852.232015  2344.027435  888.5023437  1807.960739  
981.7182561  356.9032565  1104.169232  1598.154654  378.0290386  847.1489477  2320.930022  860.8246444  1812.79024  
958.2695184  340.3726425  1118.843186  1590.519535  347.2875033  849.8697995  2282.932918  884.80238  1779.132681  
959.006596  405.2569241  1082.315764  1656.916078  311.7524727  848.0019832  2315.702011  872.4439764  1761.343227  
946.0943665  374.7865156  1067.316925  1641.799863  320.5407781  866.7864382  2321.130974  839.774722  1759.548904  
991.0564182  396.2688205  1103.627614  1627.286354  331.5103589  847.2424184  2282.564831  866.1181847  1783.176562  
902.5208131  349.4483351  1115.086707  1722.541861  369.3683116  883.9213116  2300.54679  891.3258169  1797.695187  
918.5109879  305.5277616  1132.853804  1701.313417  376.382276  898.7462401  2277.74143  893.467517  1785.932967  
1012.76976  296.6763503  1156.986952  1584.931599  435.4816137  867.1280385  2209.418305  905.1860083  1756.330999  
986.7140357  358.5848966  1083.929534  1556.328463  346.2985776  835.9769031  2237.596212  857.3274113  1754.32948  
975.6977209  368.1604352  1091.788966  1602.17443  307.680084  825.6050072  2266.323549  869.8373275  1781.626188  
1013.627763  372.8143526  1129.637013  1603.772768  358.2102114  865.4589832  2255.600269  898.0165102  1796.665602  
1085.143855  302.7985904  1099.323096  1547.124311  375.6829326  892.537656  2271.644203  895.2325167  1778.748124  
1043.24416  361.753816  1115.504237  1528.596631  362.0876206  871.9757181  2302.738993  862.8494973  1788.506131  
1020.721916  400.4879943  1112.809631  1592.560078  346.9582326  862.3078557  2325.783838  866.5079418  1785.367419  
1005.690502  403.8386698  1103.346705  1672.058797  326.1741049  880.4339249  2350.942505  853.0256692  1789.041863  
1050.063371  403.7761006  1133.492657  1659.281438  368.4273403  900.7168033  2299.061132  876.0505412  1782.783087  
1020.796134  442.5667627  1123.554916  1671.492111  385.0907389  899.2049773  2328.755245  879.0710881  1785.045786  
963.2650648  370.6839709  1075.671436  1625.711945  375.0098766  876.6355541  2333.68955  836.7102913  1787.468208  
994.2596287  370.3601317  1125.906221  1566.675852  389.1102274  845.2858881  2289.906765  877.182813  1800.391522  
1008.74052  323.0734808  1114.543775  1623.452466  378.2695601  865.2063842  2293.556046  887.0864539  1815.000566  
975.2230396  314.0849856  1115.769313  1664.401596  366.7258843  871.4442859  2262.369541  884.2147122  1809.932647  
947.9412812  362.7360778  1130.432367  1605.889223  465.3103059  897.6311844  2229.38757  889.5163823  1809.527118  
978.7556037  292.6085747  1109.284854  1593.766303  502.7054819  898.1107392  2209.53681  869.0474561  1813.839702  
936.5329682  318.5866829  1130.492329  1595.171554  445.8826364  873.5769698  2259.251355  892.1360545  1783.148213  
1055.063079  352.2849436  1141.404526  1588.525791  417.3028289  872.5813293  2263.726873  885.7721857  1782.920886  
1077.664829  386.6776219  1135.645464  1617.263006  341.0408761  872.6841149  2363.986919  878.0051089  1801.983254  
1014.276821  382.5800862  1128.731526  1617.094274  350.5981839  862.8677374  2370.431861  867.0669167  1815.242234  
1043.145652  403.412095  1136.811652  1589.212461  328.9100026  848.6042851  2334.139293  870.4776081  1800.416808  
1022.256467  430.398026  1099.24914  1635.09592  330.8003113  873.2781707  2334.324355  861.6743374  1779.005838  
972.3565501  419.9109364  1090.962518  1638.560009  318.6360821  869.9540558  2333.44354  850.7332137  1772.674101  
975.9649269  383.3182529  1115.409744  1663.691133  330.0183226  853.0078457  2271.911139  875.6073829  1790.658202  
835.2104769  321.3541537  1062.606416  1733.308082  321.7262915  850.3668711  2252.948059  854.5789371  1788.721272  
969.6037573  360.7909704  1114.822495  1690.803331  376.0064073  826.1333754  2221.002023  871.9675401  1779.972229  
993.3976571  351.4863303  1122.60855  1672.435566  383.7812968  829.8205873  2224.362604  886.5769476  1790.896216  
934.365201  298.0459459  1083.553552  1678.829466  450.2992122  883.4998059  2221.318069  863.7015923  1778.733104  
1012.000201  372.3082561  1138.279392  1633.542162  480.8405231  839.1772939  2204.536015  886.1843846  1796.499528  
988.5265494  402.4598168  1126.761998  1689.816979  443.5294977  825.8115115  2284.698242  885.8236906  1814.911032  
902.7426612  296.8769542  1088.863089  1673.410579  408.6871648  891.3966458  2276.3848  862.4861754  1793.743443  
1034.87101  330.2858361  1141.524156  1599.263073  420.3143914  920.8259888  2242.702813  890.9122217  1781.024471  
1009.25223  297.0914003  1105.15651  1631.840391  350.5252237  908.8677381  2252.89441  888.5683861  1784.608758  
1040.158364  311.1165339  1128.615572  1598.86307  355.4894602  874.7479145  2282.736913  900.5018125  1788.477518  
1014.860781  293.3096713  1166.106256  1515.142348  393.8949168  887.5153376  2281.383453  894.6661583  1776.530071  
1081.348794  401.2722321  1157.097137  1503.125904  375.6579808  832.3829241  2330.222131  889.536052  1797.423726  
1007.981629  366.7109982  1104.540092  1591.293196  322.6259538  858.2517214  2327.381604  851.0744483  1784.613594  
1005.940059  401.5843287  1105.312049  1559.488056  351.939159  873.4293176  2298.126106  853.2070375  1776.44155  
1000.939453  408.0259149  1090.99726  1624.929805  355.5813661  845.7789675  2327.559931  858.8367963  1792.013547  
938.9967112  362.8192037  1097.998997  1673.272914  330.3614197  849.2485574  2278.487444  870.1297837  1792.950142  
985.6726399  351.5352297  1140.397032  1663.727465  346.7126434  877.6903695  2252.162567  904.4537465  1781.912063  
