1432.31379  264.0907568  1722.497128  1434.571049  -218.9692635  938.6070806  2791.55635  1172.151714  2061.260378  
1467.552386  225.7857966  1691.795203  1471.714856  -225.4861389  940.5363379  2785.695814  1163.706704  2088.143273  
1478.513292  241.625911  1682.558149  1511.595531  -171.3295849  941.3562661  2721.474989  1179.854965  2111.656817  
1463.243143  267.2911139  1635.411059  1512.821378  -224.0969023  952.1147752  2701.060083  1168.986799  2107.535287  
1474.175882  253.1851279  1673.801798  1551.743326  -153.4826667  942.2436201  2763.55687  1195.464058  2130.998989  
1455.971038  277.3391797  1707.711786  1512.739489  -204.006423  920.710326  2767.446992  1207.883935  2129.907798  
1432.481637  283.4939823  1696.313292  1484.198149  -270.1549743  923.5799064  2762.356326  1186.757825  2119.688584  
1392.834963  301.5651425  1690.28227  1474.637349  -217.46891  945.7323288  2755.494665  1193.810722  2086.884409  
1455.719912  282.0475156  1677.342188  1464.069143  -246.5480203  949.3169429  2746.07799  1167.993772  2066.088656  
1467.79927  294.1744244  1666.642555  1504.325984  -213.9285215  958.8718242  2744.439045  1174.816686  2098.626061  
1468.350876  316.6539341  1687.527915  1518.961688  -152.5468751  954.1710651  2760.283252  1188.590322  2089.375474  
1407.27655  316.3069851  1724.765011  1533.784774  -80.09543304  992.3097287  2807.818802  1224.843242  2102.6095  
1367.718497  300.3276935  1765.210852  1497.911058  -47.02084993  1005.825439  2831.417257  1234.713025  2108.639444  
1449.291402  292.0991458  1737.128962  1491.092981  -143.3588634  997.867358  2803.839299  1169.672159  2067.316908  
1512.536422  314.6066405  1755.663671  1523.67719  -142.6599165  1011.062902  2779.731207  1185.90689  2073.462226  
1438.960433  328.31292  1743.881797  1482.733573  -150.18375  1016.269919  2765.993649  1203.662394  2087.755174  
1426.992867  359.0177299  1728.425805  1539.250723  -115.7328031  1025.885582  2788.05626  1207.432425  2067.092489  
1493.711712  264.4718054  1693.850531  1580.528408  -91.75668732  949.332067  2841.943877  1193.869794  2063.605804  
1461.471801  243.3842994  1697.125303  1595.688152  -40.06473579  920.7965447  2835.416983  1214.028706  2098.598533  
1465.374343  259.9620228  1744.300904  1484.753159  -111.7146703  920.6305127  2842.847309  1198.429904  2104.790447  
1517.94886  229.8466037  1725.349392  1421.399091  -236.9068069  915.9928117  2806.34348  1153.85027  2097.893188  
1454.131222  253.9278737  1692.477266  1474.221233  -198.1638377  911.1267971  2811.833596  1166.82166  2104.233516  
1499.975219  265.2735751  1680.821364  1415.4104  -267.1792994  925.1165233  2798.73664  1149.286407  2080.071865  
1440.126915  242.0967839  1664.870795  1442.936611  -262.7338945  928.217397  2758.797615  1144.282971  2086.521327  
1445.007518  260.5083655  1637.766646  1438.994678  -271.2447786  955.399006  2712.42287  1154.12831  2092.897947  
1421.453216  266.4927902  1664.440761  1466.522083  -221.5573779  966.1053101  2772.614707  1171.128355  2097.822857  
1483.533983  270.6961188  1696.858595  1466.159826  -211.5033968  951.8219563  2793.774517  1189.224897  2134.307088  
1457.041488  268.3658686  1732.331109  1518.631734  -160.0477461  930.5475651  2786.265479  1214.131637  2110.604072  
1460.428848  249.6818608  1712.437157  1504.721345  -171.2884266  902.1114849  2763.778437  1182.934862  2121.765518  
1429.630149  269.3788081  1695.792739  1465.4137  -255.5443867  905.2639291  2792.128676  1170.984794  2109.459577  
1460.655466  276.5407982  1728.168538  1457.846655  -252.3103385  933.4821414  2805.178926  1170.025382  2087.896786  
1447.018798  249.2715663  1718.859773  1478.039255  -184.9544269  931.9019549  2826.862053  1171.942608  2113.167195  
1384.561343  251.1035549  1700.988668  1455.874665  -208.4025229  919.3967025  2813.215509  1166.346625  2114.204366  
1440.54181  223.1937607  1652.210449  1472.36778  -279.6437338  918.3610436  2742.649695  1143.811075  2096.521209  
1453.82969  250.9250938  1644.724445  1497.971556  -295.9284232  932.1958304  2779.543665  1167.486814  2093.738102  
1479.195263  255.0838989  1657.885997  1472.407355  -263.5183883  933.7714712  2760.884773  1176.193106  2093.325331  
1482.632764  276.9036068  1659.277796  1492.400958  -245.427655  936.0964851  2782.646002  1175.324567  2111.096183  
1457.227547  297.9735803  1689.99179  1533.933273  -182.4799052  960.1136485  2797.468708  1201.796943  2116.494117  
1438.864195  308.464277  1693.443722  1529.346376  -193.6858951  955.8242937  2790.328514  1199.974644  2101.911848  
1426.836114  277.3856392  1676.177343  1515.659592  -253.2868951  941.3456171  2773.88109  1177.799413  2096.77531  
1444.74164  296.7104634  1687.408622  1527.016333  -163.5987166  954.7774008  2790.512491  1202.686057  2105.7161  
1439.420816  324.4196582  1711.472059  1542.490923  -133.3243983  989.0149432  2775.932654  1209.874357  2116.077255  
1427.353419  332.8851549  1746.99808  1544.374029  -124.5096668  1024.844467  2762.440558  1229.758478  2112.060351  
1347.983679  358.9511798  1789.579452  1552.428562  -70.35346863  1057.923085  2795.864404  1246.300315  2111.744874  
1337.572685  360.381895  1823.813107  1527.428792  -61.38353979  1070.814752  2782.285435  1235.075919  2083.87431  
1384.860243  356.7638019  1781.456061  1521.27922  -167.3138863  1059.30385  2759.384067  1187.864716  2051.746215  
1461.797747  371.4021573  1760.013678  1491.533761  -184.9209441  1036.154341  2801.748257  1201.821691  2059.780738  
1429.601016  309.5142372  1799.560203  1460.557874  -144.6955911  963.811454  2848.057004  1197.948594  2080.693776  
1545.423242  236.8953533  1763.054211  1409.697591  -152.0807609  918.944987  2760.948146  1188.785911  2086.193554  
1522.082448  246.5958576  1772.287184  1510.416075  -129.1269764  932.6990147  2777.628287  1166.003254  2059.273561  
1417.133637  281.5427961  1722.295687  1556.801092  -137.1466848  942.6722669  2764.726267  1188.702915  2112.890364  
1456.145716  214.2304644  1654.253026  1549.805887  -101.5789045  913.1634472  2765.401024  1209.699283  2114.025214  
1455.911855  281.6111779  1658.207027  1511.774556  -136.9663768  922.1205134  2763.853634  1182.845558  2078.320586  
1524.016718  270.8165845  1643.938815  1476.621681  -216.7392694  907.2258422  2744.980234  1152.712676  2065.074088  
1523.767365  251.7377087  1647.97686  1437.369618  -217.6537639  926.0197043  2770.555428  1175.103794  2084.507603  
1539.041092  261.0497854  1640.636455  1445.501394  -228.4657011  942.2864124  2748.359495  1175.344718  2088.776051  
1483.044362  259.2903789  1629.174959  1432.513988  -256.0330061  927.0798528  2720.85188  1153.170031  2085.145478  
1446.683429  237.6880955  1615.994612  1450.197663  -217.9982432  938.2918638  2706.393682  1153.954748  2094.623612  
1445.608721  229.551495  1636.060051  1478.054567  -225.2805281  908.9093041  2693.181944  1150.129316  2112.86627  
1435.719426  247.8593508  1625.689982  1460.96373  -227.8832954  933.131223  2735.021751  1155.07156  2092.052225  
1409.047746  239.6216886  1639.148992  1488.910414  -233.6069805  938.1947318  2733.933547  1165.536481  2085.465232  
1408.301195  243.7075037  1636.848235  1486.097024  -247.0804563  932.2919761  2731.873619  1172.663165  2088.845517  
1410.650829  272.3172548  1665.91974  1488.42661  -230.6045418  934.1499549  2777.924604  1175.480632  2090.879816  
1435.871534  281.673546  1670.09563  1484.454996  -233.05594  952.4028162  2748.794097  1174.475453  2088.587678  
1464.890996  276.2560672  1680.265232  1472.856056  -226.1717689  951.6265688  2746.577071  1180.632468  2080.39733  
1451.763703  281.2508572  1704.361247  1484.952304  -186.6989327  952.1475098  2795.673446  1188.167123  2099.650431  
1479.834189  260.5343446  1730.898982  1496.931703  -125.930011  946.7383121  2813.640301  1191.551717  2076.955672  
1480.997239  246.0180474  1695.102096  1509.817185  -129.4364853  958.8447353  2770.779149  1191.005163  2057.555268  
1484.007167  235.4042459  1689.976488  1499.209305  -138.3055514  934.2355184  2778.876436  1185.266257  2071.652065  
1497.278588  282.1885526  1697.91041  1503.655819  -175.7242685  947.7070849  2772.643613  1186.849098  2100.411294  
1445.852422  268.6179239  1715.727127  1471.588955  -156.9872782  921.6025318  2801.559074  1201.817782  2100.506424  
1460.411742  234.3645219  1718.049971  1514.358065  -135.3431698  924.9006338  2814.362959  1198.314122  2104.474038  
1471.054813  250.241117  1734.399052  1525.752552  -124.9447069  943.9897378  2793.627804  1208.988055  2125.407403  
1476.994494  263.0586558  1700.233341  1514.033206  -177.6177854  964.1456636  2750.73214  1185.349779  2102.335904  
1491.646932  290.9442423  1716.226311  1529.81309  -221.4697113  961.2028674  2738.596936  1184.498524  2093.719858  
1459.133855  289.6123147  1740.709212  1537.867291  -136.3370839  965.1120301  2741.738622  1217.663372  2127.597372  
1447.18961  298.5302275  1712.816384  1552.688589  -110.0236816  976.5929788  2754.569775  1221.037911  2113.57115  
1427.39039  286.9854145  1713.368201  1559.421024  -116.8816873  984.8862353  2797.185155  1222.34935  2121.697034  
1389.931002  327.7725793  1751.189316  1538.893144  -68.41102037  997.1352796  2816.858242  1254.948126  2159.08264  
1380.797299  322.886509  1731.140045  1459.961623  -151.484231  985.1913349  2784.57864  1212.533775  2111.122532  
1391.923305  286.1481258  1688.141422  1421.236856  -296.5998597  959.3198644  2769.417372  1144.008099  2070.657362  
1457.786764  278.930669  1675.015597  1417.07632  -283.209723  937.233558  2746.100792  1153.005642  2094.092968  
1421.600107  272.6376577  1684.47711  1442.438117  -248.3708423  929.7797367  2766.218875  1168.045372  2088.764021  
1456.516027  268.0078446  1707.331337  1486.611526  -219.8869404  959.1827429  2796.672072  1166.20548  2071.159833  
1509.808387  247.5889503  1667.684412  1514.049362  -184.137925  920.1027657  2712.457249  1166.772018  2080.023894  
1530.541241  289.4435092  1635.919001  1514.511182  -246.3969711  936.4038793  2720.799981  1160.573203  2058.026  
1467.874159  264.0328914  1705.024873  1505.027984  -183.9191282  935.103109  2820.167683  1197.187077  2102.0191  
1487.362421  249.6259779  1679.571034  1501.320852  -186.8572726  907.7249529  2768.541311  1191.669829  2094.730805  
1477.250554  240.578286  1670.324039  1487.626369  -214.6150024  905.8791149  2724.32287  1163.544512  2097.115065  
1455.923047  216.2266759  1649.672993  1506.917851  -233.3747946  907.6609029  2738.153975  1155.041407  2099.569533  
1441.141721  274.8900913  1650.881214  1501.662822  -239.9572193  940.472396  2743.613029  1163.933155  2106.033606  
1440.878272  262.9402751  1666.548237  1492.777925  -226.1774112  947.7893778  2753.091421  1169.568128  2107.158383  
1418.567633  264.8910356  1677.137527  1492.029962  -219.6839599  960.4589138  2773.148679  1184.648861  2091.847149  
1492.396155  268.6393889  1684.505088  1523.54061  -185.5329915  952.1225453  2783.697512  1174.330567  2086.015597  
1450.653515  277.5568614  1676.053773  1534.590952  -175.231525  971.6325346  2760.449669  1202.277524  2130.201806  
1418.996498  272.9891844  1704.893407  1532.211056  -162.7266695  979.5309774  2781.232716  1209.238034  2116.630164  
1390.56493  283.8904627  1720.798786  1515.192373  -163.5702827  975.0952213  2795.642512  1219.950333  2126.920148  
1427.766444  271.7646296  1684.988039  1451.683602  -172.8021557  944.2078463  2786.122839  1198.814715  2089.862048  
1477.781423  241.5219651  1640.657274  1426.418009  -288.3104351  895.7121205  2753.737  1141.706638  2069.760586  
1486.626649  299.0546846  1666.113316  1477.153948  -298.0403281  928.6657641  2755.653808  1149.056058  2064.422351  
1454.89347  285.5202434  1706.038078  1489.719504  -226.0931297  954.9311504  2802.479469  1180.787247  2092.45521  
1418.566886  283.9991919  1730.665241  1515.610972  -153.6543802  974.4295135  2827.063512  1212.310635  2117.850529  
1421.905551  286.112812  1741.276857  1541.334594  -143.087152  966.8738571  2818.505218  1217.719404  2115.813164  
1396.070677  324.2083148  1743.290834  1564.305558  -80.32211753  1002.463771  2820.832794  1231.161752  2123.5578  
1357.333231  326.0879661  1772.811772  1562.197445  -63.09310322  1018.843139  2793.019444  1233.962656  2121.658689  
1386.888756  343.6582493  1764.067997  1507.988999  -148.6024033  988.4194376  2806.447926  1211.266862  2102.779956  
1407.472309  319.7640694  1750.94507  1407.718609  -249.8180422  964.1691253  2805.911146  1164.348084  2048.925638  
1444.863204  259.3809378  1674.024326  1410.060249  -264.9684286  939.978178  2761.193833  1137.77506  2049.641227  
1485.654714  262.5174343  1661.900953  1484.608283  -218.2876078  952.9859432  2735.857825  1137.437083  2059.496786  
1498.603501  253.3867025  1680.25572  1505.883422  -197.2932387  953.1170477  2740.135298  1151.981808  2072.60001  
1474.812589  247.9288483  1677.221714  1518.611779  -107.5511663  971.6482563  2762.145865  1194.229689  2109.400139  
1436.316501  277.2031387  1712.749114  1533.696693  -78.86574463  975.1534719  2809.551953  1215.14065  2111.238731  
1432.434462  330.0635186  1761.80985  1516.50138  -74.95434542  960.2500181  2810.581767  1233.839861  2087.363308  
1480.407596  290.1312819  1730.123956  1500.819894  -174.9599297  941.8753255  2772.096378  1181.079447  2071.218534  
1516.194911  263.3784666  1706.109126  1535.9783  -164.5626596  944.4752099  2781.395165  1182.986937  2119.699951  
1473.1978  331.6898495  1754.055321  1566.44106  -102.6775042  981.4921789  2777.562836  1229.178592  2135.071951  
1425.162871  313.2205523  1746.794534  1524.278523  -90.0446078  988.6542164  2790.626075  1242.783529  2101.943675  
1455.430433  268.2375099  1739.129527  1472.973202  -160.8628871  953.278881  2806.986354  1182.989924  2093.371038  
1494.859192  292.8575362  1716.613798  1481.432414  -170.8457378  944.743912  2796.826705  1169.970201  2094.286014  
1482.667701  271.7019016  1749.330052  1441.68805  -182.8578303  936.4019624  2806.932219  1166.685454  2074.942854  
1499.946215  245.4222765  1698.60556  1408.873173  -234.1467259  941.3535749  2770.653456  1139.342459  2055.624373  
1527.806398  243.5970689  1652.814497  1502.223471  -204.4672023  940.0450527  2722.299489  1149.126291  2090.175076  
1441.184587  286.7881499  1673.618833  1503.908463  -232.3459111  966.2560209  2741.680238  1197.307756  2131.994189  
1421.336115  319.3330338  1693.613229  1542.31647  -115.6280983  995.6920843  2786.306398  1223.282167  2108.041638  
1502.226604  303.1632865  1708.909982  1527.460098  -134.6296282  956.3266295  2791.527234  1203.840118  2095.123774  
1508.664821  261.7982829  1709.101579  1454.323616  -203.746939  921.6459673  2782.553964  1177.217704  2097.130934  
1489.925648  248.4261871  1709.569846  1452.96978  -215.004247  918.1841896  2785.968671  1183.285557  2117.04459  
1460.515252  259.0887239  1713.402367  1459.698601  -201.8028403  910.9329095  2833.807789  1187.088001  2124.484889  
1487.79195  270.0189496  1717.302418  1481.633257  -204.3119694  937.0035379  2800.077949  1167.488606  2085.029448  
1491.409195  277.4361627  1705.53521  1487.739508  -216.381412  950.1637936  2768.970041  1175.122816  2074.401144  
1466.962831  236.4253255  1681.22942  1481.814596  -211.8500239  946.1074493  2787.364268  1157.073957  2097.484027  
1453.776707  212.9426735  1686.318654  1476.437309  -239.5091589  915.0350164  2776.937947  1161.229964  2121.280352  
1421.903095  242.2959564  1659.925736  1492.219686  -222.7196343  928.4984401  2774.943466  1167.524908  2115.537367  
1451.547544  259.6949695  1668.916283  1505.7486  -218.01092  915.2133048  2773.682626  1166.478288  2110.012921  
1404.669825  258.0859011  1657.262211  1492.283302  -244.9470497  936.9858021  2719.73492  1163.106756  2105.723062  
1451.259119  283.7761587  1669.633252  1526.451193  -198.7077312  960.4678547  2715.947775  1187.040533  2116.991261  
1426.867037  314.6114731  1721.092733  1554.001883  -115.2956705  976.1626396  2749.142576  1221.644487  2126.504942  
1401.015615  316.1865608  1724.358605  1535.933892  -107.6450667  979.1061283  2747.089586  1224.690001  2117.96387  
1420.480576  312.5218887  1683.292153  1549.780424  -157.086282  962.4817244  2755.294286  1205.989197  2098.746059  
1406.588647  325.9030041  1733.872772  1550.769946  -118.0943772  980.3792113  2802.009671  1231.47072  2102.270233  
1362.345909  340.0750508  1748.665102  1482.709742  -110.0040785  983.0364786  2829.098607  1225.175437  2088.237261  
1379.964473  276.5356247  1713.342287  1472.297061  -184.7087862  969.5423  2758.714589  1184.065077  2076.32009  
1421.263095  297.9597131  1685.854204  1480.963279  -217.3394638  964.6498487  2776.6101  1174.352561  2055.943337  
1445.580748  305.7137356  1712.218861  1503.193807  -180.732995  968.9050533  2772.40407  1176.147467  2053.14226  
1456.339599  275.6113758  1691.792303  1457.336155  -262.6472124  954.5329119  2777.11838  1146.755414  2065.063668  
1432.678161  277.2696401  1702.200223  1506.13742  -238.8115853  965.4410443  2805.187005  1184.037249  2108.439414  
1418.736096  298.8477504  1697.403284  1488.514674  -157.8683826  948.375594  2811.595975  1209.721243  2117.590253  
1410.54389  243.1399394  1649.153611  1440.07305  -286.5516241  906.258657  2771.953191  1169.758255  2091.507111  
1469.17974  231.5847029  1653.25347  1426.340596  -296.3118904  909.6562355  2754.881833  1164.242814  2114.709673  
1434.791768  250.6410954  1664.838424  1493.360025  -175.3141749  943.2046558  2778.334914  1198.964447  2127.082429  
1424.978684  289.830938  1712.098589  1512.101318  -103.7371505  955.2447246  2805.975559  1229.5385  2121.549693  
1417.572651  322.2357347  1742.771756  1539.774646  -69.79556603  979.0432905  2803.338979  1217.641305  2090.123566  
1457.893913  332.6524579  1733.502205  1527.176148  -133.4422227  993.4349603  2783.564792  1199.636252  2052.966845  
1502.436042  301.7119945  1769.452136  1508.926446  -127.5400933  957.2165077  2838.079105  1186.516138  2059.687251  
1512.961172  263.3664086  1758.675305  1440.803074  -199.6709183  932.6799905  2810.22543  1168.244388  2080.953059  
1493.557026  240.6570433  1727.256885  1439.752817  -240.7706771  914.7474655  2784.089029  1173.231994  2102.401054  
1478.034728  229.7111375  1720.66561  1455.168682  -196.0243566  951.557776  2797.375713  1176.112851  2088.991236  
1467.803681  237.4652685  1678.34796  1449.610814  -226.6514372  957.9342248  2748.045703  1155.674539  2076.998739  
1504.622016  239.3792114  1656.030895  1467.462223  -266.3476723  950.4663412  2718.783141  1141.194966  2083.401372  
1467.606935  250.3512652  1618.310247  1490.138951  -236.4796826  966.6503381  2714.52274  1141.772838  2073.831757  
1531.603769  301.9462473  1650.152089  1507.085276  -247.5318211  988.4609631  2703.866393  1141.976066  2054.742349  
1433.13115  292.1676423  1661.158452  1514.714605  -219.0622909  970.5145358  2706.947215  1169.136686  2109.876692  
1363.218329  248.5156909  1685.802983  1502.014326  -173.5279738  925.7385962  2781.113747  1189.25791  2101.175701  
1433.433143  258.6013663  1725.164948  1530.932096  -133.9851656  933.0668667  2792.684897  1189.419467  2070.981298  
1480.84394  217.4008229  1730.997006  1560.988835  -101.8361279  913.3247839  2819.628077  1193.276668  2105.147619  
1434.268227  227.9991188  1714.588134  1530.802884  -110.4817703  930.8972237  2794.514865  1193.958911  2120.890756  
1405.16051  265.8634517  1726.025001  1518.14668  -125.4205089  928.8784947  2783.973227  1191.285857  2116.714853  
1518.687329  289.8466365  1678.650964  1465.889635  -217.8040767  948.7277285  2721.76181  1156.287019  2073.613874  
1458.039925  262.3283371  1664.993496  1456.754888  -243.5573925  940.3769593  2697.348535  1158.966164  2094.482464  
1449.037323  279.5561265  1660.17539  1458.895022  -266.953393  917.9959801  2716.889694  1164.368192  2100.759017  
1445.244663  281.2654102  1666.794476  1455.552418  -238.0652485  940.7852365  2736.140828  1168.020173  2083.462405  
1464.803078  248.5775898  1692.830357  1490.414841  -230.8731475  950.0575156  2792.763464  1178.354847  2085.5423  
1471.732359  232.1907112  1686.262859  1499.707567  -214.8292869  920.9204032  2794.275268  1176.502837  2105.47586  
1476.419044  229.038018  1679.91481  1509.90137  -220.062093  933.3605889  2792.118701  1171.711118  2120.133966  
1473.570914  256.0039461  1671.336391  1522.648254  -156.235964  939.5844438  2786.453983  1190.540229  2137.753541  
1461.487961  279.7615659  1663.787834  1541.848532  -147.7062464  957.9507076  2732.912591  1195.148295  2135.193828  
1474.795998  312.7867556  1698.238812  1568.408395  -178.0475042  974.7022621  2753.408215  1210.219773  2099.284854  
1469.080217  309.6055369  1734.021411  1550.417405  -127.9752656  957.4311735  2797.218164  1219.656808  2099.215496  
1473.297  304.924709  1735.792953  1527.727059  -80.91180547  997.090819  2783.163536  1214.250059  2077.94638  
1460.56343  293.9017973  1723.248138  1558.816084  -60.8067583  1006.653616  2838.154207  1220.133308  2098.734885  
1361.269339  310.1617614  1767.777667  1546.835762  -45.99200137  1003.29771  2830.712153  1248.069861  2129.601313  
1393.03743  335.372796  1719.173262  1537.459307  -126.3313274  972.4800484  2761.632124  1212.249746  2079.340222  
1429.84706  304.3493904  1706.204941  1497.934345  -164.5136663  956.9863719  2773.517821  1194.039344  2063.218346  
1467.377895  282.1779422  1700.024283  1434.661813  -217.2648252  932.8819992  2810.23173  1170.666008  2085.237144  
1491.056052  257.0308954  1711.358147  1430.739368  -274.7381974  906.5579192  2813.536058  1148.909195  2078.936628  
1485.809276  248.4106514  1708.87857  1453.382965  -262.2714303  927.3209738  2782.708784  1146.45954  2065.367754  
1496.574724  226.0929811  1679.358705  1462.325831  -251.5544412  907.5327124  2801.981642  1145.626656  2090.522115  
1517.886335  249.1298503  1684.510282  1452.589422  -246.5507385  910.563297  2784.544056  1166.677093  2110.340597  
1484.343459  207.7725088  1634.568216  1481.626812  -215.6283199  921.368224  2745.720237  1161.659423  2105.165589  
1497.415386  209.3662977  1613.633347  1514.585841  -249.9116361  913.9285853  2688.198612  1155.216687  2127.016696  
1494.243605  271.0046205  1640.787955  1532.874447  -222.9553889  933.9690375  2726.606923  1188.676443  2119.954352  
1471.18974  265.097477  1680.066196  1546.862411  -88.62233523  944.1322643  2784.527661  1218.8837  2121.351911  
1385.076498  276.7821594  1705.838419  1553.071863  -71.25456748  972.1179903  2783.632183  1228.361993  2136.289119  
1416.685494  297.3020536  1738.222472  1555.594014  -126.9081295  974.8258728  2762.546107  1208.622481  2112.759318  
1404.69203  310.4204177  1735.172196  1520.266215  -134.8069661  979.5018868  2763.276976  1213.754633  2103.986929  
1399.732111  334.5643149  1748.483472  1468.896883  -141.2509483  999.4415827  2758.330012  1214.604981  2086.144523  
1435.703869  312.5270639  1730.552499  1436.454523  -229.6784192  988.3074644  2771.034158  1181.961438  2055.449032  
1451.201229  280.1303268  1710.907142  1459.348109  -224.5917988  954.2734796  2780.510235  1173.826762  2066.919374  
1475.216268  254.3585493  1693.738612  1483.472526  -219.1608503  940.6049821  2773.253417  1154.050466  2080.576908  
1446.119494  284.49825  1677.004532  1483.242964  -216.0901224  946.6244869  2800.459843  1155.756398  2084.412882  
