1546.706185  660.3454858  1435.978821  1570.728446  782.0353363  1217.531726  2966.521497  1469.202571  2384.361228  
1689.164842  670.1785369  1486.270548  1570.717649  720.3844777  1268.198738  2938.183424  1467.732066  2362.73779  
1616.355391  646.5148609  1408.405827  1577.54357  746.7653632  1256.775261  2939.014934  1464.775112  2339.765695  
1583.282205  598.4783744  1367.904484  1589.020605  765.4194697  1276.906004  2910.785919  1468.155698  2326.20603  
1564.942664  588.4760453  1374.883571  1553.287549  784.2957848  1256.422564  2904.065721  1460.460639  2310.739901  
1715.374672  630.3292952  1420.646221  1543.534271  756.2179776  1286.575149  2936.832032  1463.315736  2319.900516  
1635.464931  633.0246991  1373.622242  1572.365333  785.4158634  1296.892711  2929.944938  1466.856557  2315.973179  
1525.946291  608.246722  1357.81757  1593.269981  803.4203034  1245.580099  2931.86269  1458.35498  2319.721336  
1615.021878  647.1487027  1392.333993  1601.123519  785.1184705  1259.967946  2959.477698  1459.272941  2347.026294  
1592.963425  650.8760034  1383.180202  1572.048272  813.638016  1265.022965  2930.671029  1476.154197  2338.024812  
1567.893924  605.7249228  1353.354652  1622.306416  841.2777871  1296.10328  2899.760375  1476.143748  2322.449672  
1592.931019  645.93082  1360.044932  1629.129282  841.1983986  1253.631699  2929.443134  1459.296268  2326.906945  
1641.08808  642.9889224  1396.574624  1581.319445  786.5686655  1241.281834  2908.589743  1454.05444  2350.722017  
1572.172998  550.0392365  1344.698098  1549.472509  737.1388783  1267.803294  2920.836318  1428.845061  2330.455222  
1620.417929  603.3141782  1345.846084  1548.954202  765.2997579  1272.307012  2918.543391  1432.979678  2310.909001  
1675.96444  651.9583903  1346.941959  1556.79724  771.1500289  1291.501029  2935.003776  1453.801626  2296.376654  
1587.35377  578.9597363  1340.444152  1565.758466  782.165985  1273.665191  2897.689029  1456.99075  2312.649571  
1703.670545  606.6553627  1378.836947  1563.62369  732.5595519  1321.410746  2900.793855  1450.503569  2303.207155  
1578.665205  590.3323436  1326.125618  1568.386567  804.8697383  1305.94602  2904.749947  1461.343388  2283.971348  
1603.90885  582.7312152  1322.446228  1576.428527  747.9846325  1311.275507  2893.361466  1447.586291  2327.065229  
1604.349666  587.2863767  1354.710063  1570.219971  750.7109431  1295.414861  2899.823006  1453.696171  2332.983484  
1599.051592  572.6266192  1361.844988  1574.139343  757.5950057  1311.513614  2884.792818  1456.796228  2332.346568  
1644.615934  592.6361807  1361.856134  1573.92438  772.5301253  1299.271013  2909.268124  1456.398651  2328.166821  
1605.67671  615.8824359  1351.454264  1577.822516  799.9074885  1303.446023  2909.998326  1461.881913  2312.576589  
1693.007494  634.9384242  1359.304018  1576.145408  833.3578103  1279.797539  2893.030854  1456.326058  2299.991281  
1667.353694  626.785374  1374.274882  1576.100238  852.2770314  1269.656999  2889.715378  1450.970902  2311.626055  
1664.350886  608.3737421  1390.658177  1589.022155  804.6031716  1276.960553  2891.717498  1462.140914  2293.421558  
1580.905812  638.409439  1395.023043  1588.586891  811.9804933  1236.248435  2935.092589  1457.389227  2324.10598  
1657.680968  675.1394892  1430.848802  1582.590234  839.7602222  1242.055879  2942.819937  1473.734011  2318.323454  
1614.961461  658.7203618  1400.652741  1585.796088  882.3876209  1220.759762  2925.688306  1469.173137  2313.63535  
1600.833668  635.0762461  1399.260149  1566.092397  862.4211288  1228.247094  2969.745384  1464.578739  2323.861287  
1574.739724  609.3166172  1390.396558  1552.343947  850.7681748  1197.391952  2971.719224  1461.061741  2316.733641  
1704.960604  630.6995892  1435.632129  1558.878489  783.0387911  1266.022316  2927.731112  1465.650657  2303.251156  
1702.436312  583.4424703  1387.432972  1574.932423  762.9062726  1290.317097  2900.095392  1457.333501  2315.450521  
1649.272188  597.5099349  1380.994638  1576.711095  663.7441394  1319.371901  2915.687306  1440.562072  2357.120772  
1579.87937  566.1291787  1350.30036  1585.93782  750.062835  1276.971598  2910.705294  1443.066781  2348.099867  
1667.150121  637.5443287  1382.445353  1588.6093  801.8819206  1285.912396  2927.752627  1452.738096  2323.090657  
1678.617137  660.3615287  1420.178726  1593.879619  838.6881071  1261.120004  2918.309057  1467.716401  2306.329724  
1667.706807  630.7834319  1409.749562  1581.303395  767.3813951  1251.691  2914.276384  1457.470838  2313.016343  
1630.053783  606.6687749  1387.955265  1589.481833  718.9321745  1305.878655  2896.270621  1452.051099  2320.260043  
1603.310601  636.4563218  1410.524165  1582.896984  677.0411684  1308.540461  2903.77695  1460.523505  2350.541869  
1562.594906  594.415658  1400.77797  1588.030651  788.8608951  1282.792364  2901.581532  1474.088694  2350.080207  
1639.377782  666.8181535  1424.277892  1589.638879  813.9104709  1278.401836  2906.423529  1489.467238  2357.896098  
1570.671274  647.1184704  1369.112864  1596.49403  829.8291428  1269.205367  2949.557738  1482.255775  2340.345928  
1564.983781  648.3226591  1394.5897  1614.471863  819.175997  1234.61067  2964.821449  1478.833859  2340.188974  
1616.837102  651.1063624  1411.818057  1587.406308  831.55737  1217.494121  2972.226441  1476.845447  2330.055839  
1595.234347  625.5778911  1386.368946  1536.326656  753.5231262  1287.541351  2957.583858  1470.668295  2328.414122  
1580.358336  596.903276  1342.758109  1543.359979  770.2340425  1280.841869  2952.648778  1462.071202  2338.821928  
1671.051251  649.8311023  1374.623631  1561.426995  776.7444607  1290.560393  2928.686007  1458.003151  2338.403358  
1636.071803  622.2115362  1393.486034  1569.981189  758.2989575  1268.494692  2910.422116  1447.82674  2339.467336  
1591.661958  600.4856068  1384.84887  1564.234722  774.0153252  1277.013623  2923.698325  1458.493599  2342.471177  
1568.125742  580.267222  1359.394653  1577.195111  735.3343589  1298.408492  2920.47553  1458.476257  2346.800112  
1561.770836  654.0299108  1366.947786  1588.907972  797.7517457  1274.926834  2948.195397  1478.64427  2351.382694  
1600.996117  674.8340266  1386.735027  1580.467954  790.0715884  1233.58662  2971.235733  1465.173878  2358.388457  
1549.945796  616.4391858  1394.8738  1561.868373  806.3397434  1251.756767  2966.452988  1467.195218  2334.875129  
1611.601958  601.0583976  1387.212272  1557.575233  755.0759399  1273.178013  2943.589427  1459.64383  2339.374156  
1564.381057  562.0201191  1381.630783  1567.947781  714.1385106  1269.991883  2939.676028  1450.538268  2344.192745  
1614.053366  600.1290808  1402.803655  1568.523524  709.7847838  1275.872331  2922.893754  1455.308035  2330.717359  
1624.50284  636.4813729  1402.225768  1558.560448  714.339262  1278.004735  2932.660013  1461.958653  2340.560834  
1606.667913  594.2471881  1373.755233  1580.201828  776.8230349  1294.281042  2903.126921  1474.370708  2335.571117  
1534.495065  623.7693794  1347.268457  1584.668392  704.1360714  1286.91719  2934.050264  1463.598286  2351.286436  
1555.764771  619.5411023  1389.927818  1575.491438  710.9611223  1290.018694  2942.793334  1471.013037  2343.700225  
1526.348453  599.4829476  1392.639269  1564.581587  759.0761968  1279.261667  2937.11888  1473.945886  2339.921508  
1633.465836  658.7192563  1402.491946  1553.013262  736.4962831  1274.263656  2936.146807  1455.137508  2336.19188  
1559.259399  631.341063  1356.124445  1576.953024  763.6338461  1267.845811  2948.272655  1448.401009  2351.205264  
1562.879212  601.1645871  1345.12041  1581.887656  782.6272143  1259.372141  2937.52262  1442.339798  2355.227001  
1588.702695  639.8652767  1360.869976  1599.805665  805.8363094  1245.103795  2937.284373  1454.722407  2351.00199  
1523.046646  601.5856445  1337.962039  1600.013055  777.7912107  1202.090253  2927.930009  1443.522179  2340.601271  
1675.359325  673.4444634  1363.537658  1627.776083  791.293085  1256.042242  2855.582819  1454.164541  2322.785407  
1645.782413  692.5669751  1398.440396  1628.458982  784.4389865  1281.771683  2837.749719  1455.128623  2356.347655  
1649.596939  650.6088429  1394.523156  1580.843128  859.78076  1268.641165  2873.748206  1456.57957  2315.809309  
1664.232368  646.224425  1395.996875  1568.740067  876.7337456  1287.94677  2869.561256  1477.123192  2292.841688  
1664.072239  602.4413513  1394.964831  1547.937416  818.356592  1284.20104  2890.110337  1466.454823  2276.756182  
1638.197069  608.1170068  1376.363545  1553.878158  787.3251423  1274.632948  2941.732853  1449.293661  2290.864909  
1659.729682  593.4665677  1384.228898  1547.128178  820.151951  1239.989473  2962.7802  1442.277641  2294.977451  
1636.348726  587.4934189  1373.171572  1558.070308  812.0183163  1265.001456  2977.529968  1458.709428  2322.651535  
1602.164401  631.6635058  1401.616591  1559.254944  769.3401255  1275.107602  2966.528462  1458.962401  2343.977921  
1578.127969  650.508222  1358.156959  1560.02163  825.8572788  1266.473939  2962.088419  1479.285056  2322.398293  
1685.74676  639.2917005  1397.743212  1541.792071  812.3244579  1288.11895  2939.697927  1467.636597  2317.592426  
1653.623315  613.8532557  1373.361034  1585.776722  827.3516822  1281.313565  2915.152023  1469.805132  2323.220798  
1602.409588  627.4928646  1363.579456  1585.25101  742.4695937  1281.35683  2970.016383  1465.58326  2346.174709  
1587.723241  625.0566999  1360.548544  1584.151109  764.44618  1267.9351  2945.892639  1455.430209  2353.859234  
1600.665941  677.9367032  1395.157842  1573.254158  784.9610496  1247.360308  2966.338524  1452.57998  2339.783116  
1627.654668  671.3820326  1423.242352  1576.105294  760.3771394  1240.113512  2943.283645  1452.185398  2325.413911  
1589.053516  643.3744513  1390.254983  1588.323343  792.674786  1257.767941  2920.376593  1457.081977  2320.531166  
1647.898138  656.9231287  1414.6154  1629.031505  828.029222  1265.622496  2887.199418  1479.39963  2319.743562  
1608.954503  655.3350825  1407.367833  1621.18294  860.6527546  1259.199046  2880.330545  1483.033406  2312.548479  
1601.846671  634.6636383  1418.040844  1594.57274  847.7128757  1231.994201  2905.43046  1485.189273  2302.435899  
1579.511959  610.8375005  1357.188721  1550.315613  865.1751651  1215.207508  2947.427081  1467.694763  2282.655107  
1650.682599  582.3513364  1372.428284  1530.642094  825.6967889  1242.092972  2926.485558  1451.146487  2292.180613  
1626.466074  589.2032676  1383.014764  1539.393786  829.0458514  1243.39355  2920.061343  1449.066392  2297.359893  
1658.200367  608.7938455  1386.603833  1563.8076  832.3342143  1264.543537  2909.408666  1459.373259  2327.674299  
1619.032449  639.8153444  1386.911567  1596.796123  824.8620382  1326.040476  2869.758031  1455.325965  2341.404441  
1497.220121  593.1576072  1341.050063  1584.242658  849.9991445  1319.691573  2954.038397  1471.820603  2344.841117  
1621.91731  584.6011531  1353.904196  1532.738397  776.967103  1266.814172  2898.823537  1455.710929  2319.568932  
1606.349391  613.8279942  1346.284148  1544.378819  872.4230243  1253.684721  2945.95805  1462.011417  2311.194572  
1602.949983  603.8846471  1347.909152  1580.652376  867.0455804  1296.945651  2897.764193  1452.384578  2322.647813  
1666.823425  619.0367022  1411.547729  1621.289559  785.9760752  1304.750751  2851.438482  1471.989515  2318.778317  
1591.083389  632.7743255  1398.341601  1663.082219  729.8624028  1322.768593  2862.554124  1477.925128  2358.138203  
1522.559997  621.3912473  1371.998146  1645.367633  725.2604604  1352.518164  2895.746916  1474.906206  2382.531782  
1521.290509  596.8136502  1365.373972  1610.360297  785.00193  1312.097394  2904.299875  1485.827611  2333.777175  
1541.415189  605.4806159  1359.242222  1551.859475  806.9788308  1277.078982  2951.072893  1469.968274  2303.787142  
1601.55093  624.0023631  1366.869493  1545.937828  788.5488071  1259.392979  2959.218467  1458.866204  2305.951262  
1644.447843  632.8672043  1393.602229  1548.673789  830.8635411  1264.298947  2942.674185  1466.125737  2313.594097  
1580.667274  636.6493636  1410.270041  1570.82365  844.3399694  1273.693885  2934.048727  1465.368818  2338.542798  
1600.703572  660.938512  1436.085698  1598.401627  761.553445  1296.564964  2885.162954  1466.571458  2356.901665  
1589.156249  651.177654  1408.17808  1643.556063  725.1842424  1330.106946  2856.060806  1467.583537  2383.485042  
1522.23969  609.2054843  1359.022436  1623.105962  727.1364945  1302.323387  2914.170219  1475.179311  2353.813651  
1529.859946  602.0052168  1366.119238  1558.062944  777.1832755  1225.116092  3029.026857  1483.305802  2337.662472  
1629.593389  606.3171913  1376.992242  1534.556602  753.7707017  1261.908712  3052.70856  1459.323148  2324.334933  
1667.696052  587.0748244  1370.125839  1543.924686  714.8809884  1284.923489  2962.441077  1455.670673  2330.682442  
1613.710619  615.8878702  1370.903904  1581.747534  757.4707746  1288.906422  2925.427793  1444.344806  2354.043407  
1637.655568  650.0196915  1386.901135  1609.760931  739.8880006  1244.310322  2916.410415  1439.438151  2344.346247  
1635.287619  673.9637627  1420.566822  1594.114378  720.9580865  1211.548506  2939.196283  1436.728675  2371.291494  
1581.310622  654.5359599  1432.612656  1577.585877  698.9971836  1263.962176  2920.778867  1447.567291  2374.343102  
1547.663491  663.1827683  1423.097092  1584.323378  713.9460332  1273.14753  2896.812374  1462.384687  2356.783008  
1573.695323  631.802585  1399.292244  1554.304497  735.2858865  1245.99198  2897.323746  1456.053252  2340.744663  
1570.237434  632.0736541  1365.222641  1560.369721  768.5342941  1270.731793  2903.604185  1465.104933  2332.328706  
1608.503645  589.0490999  1401.396446  1546.919232  848.0477204  1238.529688  2957.826838  1476.765255  2290.020384  
1735.362786  597.4285426  1420.661687  1530.174131  792.8800594  1244.760569  2942.517978  1462.838926  2276.746439  
1702.303446  580.6389457  1370.151442  1531.300111  765.5905321  1247.895164  2985.031084  1441.444597  2306.875998  
1663.586865  578.4297572  1375.562035  1586.605307  728.8294791  1288.536135  2954.201384  1443.834187  2356.511701  
1606.965919  619.623944  1381.815034  1573.583961  693.5005212  1288.288632  2952.641673  1456.187686  2357.923443  
1572.34729  621.9064304  1382.687642  1578.484101  739.58977  1248.734787  2923.090708  1474.77733  2336.615459  
1594.138398  585.6902072  1350.753388  1568.016452  671.1830315  1253.152275  2892.054004  1453.718987  2337.052592  
1577.108716  621.5077183  1351.715843  1566.129004  715.7094737  1234.100487  2902.931248  1451.845259  2328.260837  
1685.460244  589.4378805  1368.970577  1533.70158  753.1751139  1233.7635  2875.725028  1443.374477  2296.29744  
1643.040452  623.1221283  1393.352687  1572.99553  787.2552011  1282.294203  2902.845861  1457.245257  2313.943325  
1672.771207  657.4849501  1410.957232  1565.9029  788.3516793  1270.338041  2884.95072  1466.701502  2299.484706  
1602.225131  658.1444176  1408.847754  1566.303254  796.6332402  1254.449551  2881.837364  1471.993997  2302.12857  
1634.283241  637.8925019  1424.162576  1550.789364  838.8756913  1273.576123  2889.633148  1483.214108  2304.580292  
1646.030162  619.4917845  1416.986238  1571.768327  829.3048896  1307.714549  2875.656196  1479.026266  2321.366196  
1694.260231  620.5634029  1386.294011  1590.452965  804.2005316  1312.192392  2897.32051  1464.675825  2340.272796  
1641.584856  628.1118848  1384.601415  1617.492537  780.4548986  1294.80262  2885.74503  1466.838172  2365.137976  
1561.292876  629.6883837  1398.847561  1612.844587  769.9805235  1285.604787  2900.82012  1489.183889  2372.084962  
1613.239586  645.7939365  1402.277182  1563.467905  781.6393956  1224.957402  2954.563665  1472.940466  2326.840154  
1574.898172  567.4284236  1347.404541  1569.442676  659.5082307  1262.577171  3027.503009  1449.256633  2363.981728  
1526.437898  670.9728869  1379.414924  1583.413774  701.9521359  1293.757427  3040.054949  1459.084774  2350.543314  
1628.163947  692.5881607  1381.552708  1602.500339  761.4647481  1290.14869  2957.033456  1453.987083  2361.546729  
1662.519878  707.0442579  1408.603576  1615.100672  815.3519088  1326.705493  2904.904906  1458.835502  2337.221934  
1660.460019  711.2844079  1449.282006  1591.653117  776.4016356  1293.302575  2883.880145  1464.056093  2345.227037  
1593.289602  663.5824292  1401.5444  1554.739045  773.8400484  1250.145453  2910.867346  1452.531658  2315.64533  
1629.017398  629.6596871  1415.550704  1557.227625  861.1719098  1200.840627  2900.633588  1461.702582  2290.359393  
1623.757606  607.4216661  1366.740262  1541.12172  742.6434958  1275.612385  2912.281223  1453.889197  2336.298549  
1576.953453  574.9189607  1353.872496  1544.487411  784.7217493  1306.030966  2929.299193  1470.264443  2291.30663  
1665.244338  534.3048209  1355.566841  1590.000956  734.1222538  1293.916686  2912.135548  1454.207066  2302.59535  
1591.646582  538.0892463  1310.12002  1595.960958  726.2812216  1282.668205  2953.135111  1451.812258  2320.892357  
1572.709439  652.2885007  1355.464203  1601.762034  824.6240815  1204.929258  2943.571324  1475.941245  2306.863823  
1595.0155  668.0563181  1408.451242  1571.531058  780.8207477  1222.373461  2963.542925  1467.207087  2319.004502  
1613.752746  690.4996533  1444.563339  1617.331958  820.1790963  1242.966767  2936.439213  1460.027128  2336.932609  
1642.579988  638.6900989  1427.896682  1622.781968  789.238026  1272.583121  2863.369647  1461.677379  2337.540344  
1490.843414  634.3457399  1361.107182  1605.569862  662.3690512  1269.184406  2880.829733  1460.68863  2355.817753  
1493.595225  604.9796282  1361.617344  1628.286414  651.7817877  1292.708248  2895.129579  1450.451597  2374.33066  
1552.281241  624.8309909  1384.651451  1603.769239  696.0182948  1259.318704  2925.256206  1447.178151  2364.898255  
1583.950926  688.0240555  1427.459635  1596.325442  811.182651  1223.209432  2888.906523  1460.554414  2342.554898  
1579.448022  642.1395791  1408.547419  1546.551072  805.2944275  1260.086985  2926.199815  1462.515359  2315.288572  
1614.148197  629.3986104  1360.242584  1543.063197  805.119081  1231.676128  2896.705736  1467.110012  2310.499361  
1546.596902  564.2420168  1315.906065  1537.188793  736.4733977  1243.161465  2942.846998  1441.619632  2309.078808  
1616.160654  582.2527043  1347.581438  1535.132681  710.2827004  1241.624835  2939.737037  1440.411436  2328.064509  
1570.508455  622.2430418  1330.868913  1543.242026  716.8548303  1259.55747  2976.085596  1451.639637  2356.742741  
1565.63059  638.5485976  1367.657934  1541.530791  881.7014054  1221.251266  3029.198914  1477.36542  2294.180239  
1663.513105  634.5043223  1421.085589  1529.14554  869.4359477  1230.30773  3042.518843  1477.010401  2285.164715  
1724.372514  598.5619248  1425.814722  1542.853924  792.9522714  1280.158108  3018.293779  1455.475578  2314.581248  
1726.085919  557.3693597  1365.728241  1557.635847  738.6819921  1293.35025  3006.69342  1431.949783  2329.731146  
1649.545843  561.5763401  1351.611378  1575.562886  698.158966  1332.586449  2961.956063  1433.148055  2359.809665  
1628.176495  615.0015731  1366.332184  1594.247166  762.7602693  1283.130678  2915.588754  1443.293657  2331.812911  
1621.541276  603.364608  1380.91679  1597.425465  723.2868367  1293.693959  2888.015739  1428.632766  2325.766327  
1654.137668  605.166717  1403.058588  1585.329115  717.6621514  1274.948598  2940.064025  1432.635031  2341.322577  
1629.006391  635.1790148  1414.191764  1610.652282  781.0482847  1265.9002  2913.778284  1463.07929  2350.675365  
1585.494586  640.3949953  1423.083579  1609.411323  803.3970962  1257.379338  2882.852711  1488.638382  2357.829631  
1564.198916  636.0514227  1387.957496  1615.909371  768.5353179  1237.08315  2902.195367  1485.098017  2379.3599  
1563.796746  662.3363583  1402.973381  1581.745347  841.3241799  1220.732596  2977.184006  1480.493315  2344.40393  
1659.331205  678.5700051  1421.862687  1618.848179  968.3155152  1234.187646  2920.670574  1498.213656  2276.831293  
1716.939518  627.1308709  1368.577306  1566.815734  879.8950699  1249.292956  2946.520872  1447.919741  2273.415818  
1659.158244  630.2162304  1359.885259  1548.777391  851.5289292  1282.566595  2907.347709  1455.046269  2303.341768  
1620.895472  642.0853692  1393.431093  1579.525034  768.3738518  1310.10099  2858.201089  1472.590295  2335.216763  
1622.552999  637.4517737  1384.264468  1563.109696  743.8373064  1322.060011  2839.392808  1478.403079  2362.539052  
1511.1996  630.8026356  1388.357668  1579.014103  694.5584104  1323.387069  2878.734915  1473.26992  2370.62311  
1510.522886  675.7985125  1384.283377  1585.771162  725.3980789  1287.901622  2919.751199  1474.552976  2360.997386  
1576.411754  618.7033681  1392.593412  1545.713471  734.493293  1250.836384  2944.039282  1460.933915  2349.459418  
1599.179194  602.4697294  1382.424278  1535.605731  780.9824424  1240.243282  2993.117593  1451.004759  2313.079035  
1664.133234  665.3476518  1366.977625  1544.098298  785.149221  1272.803893  2957.947706  1435.50211  2328.668949  
1665.719635  629.6179734  1348.138688  1550.278329  794.4463831  1293.7898  2922.722575  1435.438809  2305.525577  
1650.544992  606.0570514  1351.360023  1554.464834  785.6875044  1301.906355  2896.137266  1446.352185  2293.178924  
1682.618724  581.9059377  1385.350548  1554.857439  797.128008  1272.431222  2897.539408  1450.045219  2291.445483  
1608.779867  602.2759024  1401.07961  1608.448724  778.9109104  1304.297647  2859.555228  1474.730101  2343.199724  
1554.71715  649.6727271  1415.531118  1620.915657  771.388153  1294.710802  2921.976376  1477.341128  2344.529172  
1636.230684  651.0549611  1436.269735  1577.117682  806.7688747  1279.224666  2948.323604  1470.505299  2346.724345  
1571.16117  586.1649274  1361.23211  1580.320379  802.4485489  1293.691283  2906.742981  1473.109797  2319.516566  
1609.375393  597.5306878  1350.298153  1579.89187  707.1882484  1273.999237  2920.158492  1452.365988  2317.68385  
1539.903012  569.4686246  1351.015565  1593.669091  770.4558989  1277.342161  2903.184312  1480.336263  2322.912195  
1521.65922  582.7643899  1334.316642  1616.05898  667.3657956  1267.1794  2968.226455  1461.418036  2346.46851  
1559.860212  586.1873426  1374.378614  1598.74161  726.3391234  1293.26635  2954.604283  1459.004725  2344.808018  
1584.422539  640.4077172  1373.474043  1581.278445  737.0456969  1300.51458  2950.078338  1447.015024  2353.317755  
1619.307559  640.1013739  1386.093331  1589.367181  830.146355  1270.412506  2932.776732  1461.439226  2321.165261  
1603.724515  645.9366409  1395.388171  1548.960567  809.866719  1256.184141  2945.8602  1458.425923  2307.889404  
1684.976629  633.2172039  1400.069524  1549.541275  770.066706  1235.552781  2895.922399  1439.843987  2330.845986  
1667.286933  638.3576474  1411.629188  1560.340349  764.8681416  1238.362126  2914.801547  1450.579288  2346.888359  
1621.720843  623.81946  1383.190399  1554.675185  806.0588579  1230.725908  2949.553249  1458.797701  2356.725623  
1669.958547  648.5402619  1402.944242  1590.471639  891.0816495  1246.063302  2901.480138  1480.394735  2282.722919  
