1227.968533  -7.124947544  896.3951056  2076.828972  1173.150886  1690.053765  1940.224973  1447.014326  2260.545545  
1159.690391  -12.26239165  871.9590713  2104.645815  1138.057513  1665.228581  1918.838011  1438.142753  2280.518002  
1124.971509  -26.24629944  869.9123624  2095.070336  1113.949198  1680.748916  1902.104193  1423.935075  2267.843139  
1116.401907  -14.61236878  857.7528709  2086.983161  1101.155378  1667.883854  1892.922642  1424.04672  2268.113112  
1137.321455  16.207435  848.7550605  2085.896858  1072.403396  1667.79903  1907.359916  1428.695526  2276.83322  
1131.270146  -5.758088147  841.3073779  2121.547815  1100.475606  1674.644007  1894.721359  1432.969886  2278.882018  
1154.458089  -18.77162011  860.9805218  2138.013483  1152.765803  1658.884553  1912.006982  1432.83591  2276.62159  
1161.648826  -12.66925672  843.826223  2109.247049  1152.897015  1655.505779  1930.579011  1435.215414  2281.134379  
1136.462812  -23.5847599  829.195629  2052.73078  1097.341146  1669.308146  1918.854161  1433.041012  2262.147704  
1176.233174  -20.6952949  854.4662835  2052.800259  1091.855524  1677.219712  1934.758854  1440.859549  2268.324949  
1153.793638  -19.58830132  860.9185116  2095.978212  1157.271174  1675.724854  1920.473003  1439.43244  2255.522303  
1142.250516  -11.73222711  862.0595446  2093.945755  1099.521663  1677.272986  1896.062936  1428.408633  2254.078556  
1110.823846  2.207697233  852.8677802  2091.151998  1044.479249  1665.480111  1900.389959  1427.145054  2251.587864  
1159.081763  25.85817535  826.6915664  2090.836744  1058.161629  1658.119895  1888.057359  1428.203001  2255.602236  
1184.104807  -3.134950587  838.8416658  2103.352665  1057.165563  1686.993933  1900.142147  1434.975125  2244.998571  
1137.827845  -15.23560866  848.0831768  2087.753445  1004.088093  1675.251223  1890.770223  1431.634553  2252.193921  
1143.930388  12.16265433  826.8004909  2076.886386  928.2921707  1663.543935  1886.98834  1431.521426  2252.419394  
1155.237256  -10.12824882  863.5284591  2064.493108  969.3743528  1690.642416  1910.988034  1442.652649  2257.966158  
1144.381026  -7.869658684  853.8511957  2076.476689  998.8170407  1665.641932  1923.223343  1443.311811  2248.96377  
1131.05632  -31.94486139  846.676706  2087.555871  1004.742847  1682.204397  1935.701589  1445.696535  2271.637066  
1153.249706  -14.11014193  866.2428567  2099.920582  1048.004467  1690.545308  1915.350731  1433.683985  2269.213606  
1157.550602  -15.57768104  861.203114  2081.559696  1013.1437  1695.850265  1907.380973  1446.192041  2280.118913  
1140.049471  -16.06110686  876.3959107  2071.858109  1044.143185  1685.419201  1893.970135  1440.502151  2266.527926  
1154.695091  -6.102583196  861.3970964  2102.619451  1091.811075  1665.3633  1910.105861  1442.716001  2270.878941  
1178.100976  6.141742772  860.8715262  2158.069842  1137.606541  1664.082743  1918.16257  1459.291679  2292.175199  
1201.123387  7.303114664  894.6675382  2150.658008  1200.631528  1685.457329  1919.929567  1466.060827  2287.375239  
1188.818464  -4.220527512  880.8710171  2143.874498  1219.518954  1677.041549  1946.212506  1442.383636  2260.140482  
1186.871827  -18.61681425  898.0465026  2128.710748  1163.138668  1689.795413  1922.924718  1432.679687  2262.559026  
1186.302997  -12.62951229  877.9813865  2157.432179  1112.453292  1693.349959  1915.432627  1431.739832  2273.022934  
1195.409356  6.793553752  878.6325732  2172.026425  1238.151611  1693.983174  1925.343832  1447.463778  2293.581767  
1179.753216  -9.977217447  898.7240694  2087.92568  1191.885115  1688.754123  1943.931404  1449.060211  2269.34423  
1143.261932  -26.84961719  877.0867053  2005.956183  1060.999367  1673.966143  1929.840356  1414.100552  2240.74941  
1089.857215  -18.34412695  852.2652781  2001.129085  914.2430064  1657.560317  1906.203319  1415.848173  2257.800231  
1053.077042  -45.07511878  826.5958548  1955.738642  964.5683478  1657.216065  1923.388386  1426.666279  2254.892184  
1128.2426  -8.467147843  806.8743445  1970.710786  947.5650414  1657.530749  1903.115294  1435.063703  2245.411687  
1116.661158  -31.51860306  788.5300691  2005.053149  977.4583092  1669.192507  1902.446266  1436.09457  2249.973446  
1177.147615  -3.544995626  801.2904253  2027.470667  982.6008147  1671.957871  1884.197  1437.106147  2251.679545  
1128.399833  -20.02998452  801.4573752  2060.729041  1017.188893  1665.961881  1909.128263  1443.646743  2269.076956  
1142.72737  -7.929794126  837.5652728  2078.17568  1035.115667  1674.212377  1886.023856  1438.787966  2279.14288  
1146.536242  -14.36582156  847.4820499  2140.126221  1094.845502  1656.536748  1913.758757  1453.791507  2286.154974  
1199.068078  -24.24755431  891.7099566  2162.041794  1160.597758  1683.57571  1931.702258  1452.313876  2281.848939  
1179.047092  -9.479818636  877.5850397  2194.892703  1214.885766  1673.389812  1912.909083  1452.95659  2294.404481  
1188.959975  -12.79263209  898.5613297  2161.616051  1235.377455  1697.255402  1924.513245  1448.344434  2278.48174  
1179.151548  0.1294073802  884.7421325  2147.867284  1228.724758  1683.055021  1920.263627  1422.397359  2255.04038  
1145.664522  -25.58261364  891.6471961  2108.250208  1097.826906  1679.477959  1920.925827  1434.864934  2270.562769  
1150.217405  -31.26002443  880.1796738  2142.221116  1095.567726  1675.894617  1885.58511  1426.520794  2286.38549  
1117.64406  -5.791140823  879.8177096  2164.85669  1200.057677  1662.283198  1895.141681  1447.678378  2302.801007  
1162.200791  -4.172379782  908.4208082  2161.862336  1256.857826  1683.445119  1907.587214  1446.690218  2280.198995  
1172.494201  15.58303836  895.0121674  2177.648557  1174.604151  1686.363066  1884.097621  1409.236383  2239.482671  
1126.726085  -31.67094686  862.5506502  2132.454939  1064.391468  1685.705374  1910.587231  1414.176927  2247.837994  
1191.59653  1.888561344  856.668234  2143.675507  1051.844442  1684.350979  1892.120175  1429.825653  2255.790662  
1169.822822  -6.810668287  856.6944353  2165.063328  1148.675809  1687.970996  1868.740425  1440.72879  2262.065553  
1142.433692  16.37932983  866.0829652  2116.49572  1093.904725  1664.035201  1858.163981  1440.983461  2256.718092  
1118.629855  11.26943312  860.9666882  2105.196239  1103.990101  1669.699804  1871.803968  1429.874891  2264.481505  
1127.596319  32.75925197  869.7078246  2100.968138  1174.264008  1670.219195  1869.242814  1423.586985  2255.456272  
1139.007492  30.9840307  842.4788149  2149.968741  1208.743414  1664.384695  1879.274663  1453.596063  2285.537341  
1170.052339  4.269879942  871.7465035  2095.233052  1173.357014  1664.895722  1924.863318  1429.016895  2223.01736  
1147.739776  6.528541059  859.7489176  2046.123006  1031.709971  1639.364275  1958.513799  1430.202126  2231.32701  
1077.067123  -31.71770492  845.5262882  1940.118298  943.758211  1648.234375  1963.165246  1435.044338  2249.550536  
1144.562854  -11.85154865  847.8382176  1949.344976  997.3967443  1686.82446  1918.133518  1437.075519  2253.994778  
1169.276425  -12.32497054  830.5181608  2042.232814  1053.193043  1702.207936  1913.697544  1446.625059  2274.459904  
1175.322045  -17.83344  866.3895253  2104.601873  1155.563081  1713.753283  1938.451526  1458.121277  2292.721349  
1146.919657  -5.851543647  863.5929159  2112.174955  1144.869563  1717.527615  1892.638478  1441.33303  2286.956228  
1160.878372  -13.73463589  871.6518114  2147.05084  1153.649693  1716.193219  1881.189991  1453.75764  2324.154027  
1153.187804  -3.713253744  856.8830997  2176.494855  1240.82564  1725.477349  1840.112234  1440.453406  2306.073635  
1140.51996  -20.68529528  882.8326662  2126.600841  1136.870087  1684.916356  1894.014289  1433.183256  2273.308575  
1184.485422  -29.24157032  864.7765144  2066.154684  1054.325527  1647.84507  1942.79303  1409.872527  2227.523727  
1178.635553  -20.88840261  827.8937487  2080.389302  1059.349396  1636.60421  1948.721145  1397.537466  2239.044829  
1163.510207  -19.8410902  850.4582637  2049.047216  1122.809603  1659.192336  1940.315495  1411.711418  2258.553812  
1165.69387  6.994071088  861.6177966  2078.094121  1152.155227  1692.018318  1886.418683  1415.877111  2277.461798  
1169.316912  13.7752641  862.0246616  2065.723692  1137.672621  1700.156153  1865.002634  1437.664236  2282.492419  
1126.063187  4.836079977  842.7680432  2098.184385  1103.591592  1674.235384  1865.462888  1455.515701  2304.895204  
1160.720852  -6.938765623  849.2958057  2182.906808  1207.014109  1679.295792  1890.70628  1466.165356  2298.216445  
1188.97462  13.91313321  863.8992308  2188.012461  1171.649735  1665.518657  1872.638473  1435.505238  2258.598555  
1106.293428  -33.90752294  904.020636  2162.815021  1196.2277  1683.481224  1892.503637  1412.351138  2250.874533  
1133.355633  -13.04049008  877.0249189  2072.570538  1026.9614  1656.913309  1966.331163  1419.661778  2241.174565  
1053.056674  -55.48988477  838.9861026  1951.034485  865.9663934  1665.967294  1937.676544  1433.56984  2254.574916  
1143.022682  -8.857290464  831.2122766  1933.780177  909.6491794  1670.015634  1949.754786  1435.311963  2230.683801  
1130.452141  1.827179451  817.9860636  1947.960339  943.8974787  1667.09266  1946.390568  1431.679104  2250.717951  
1186.15137  5.465742309  831.4578825  1978.982064  1041.841366  1701.330107  1918.844884  1442.962908  2274.519429  
1216.655381  0.5551488088  852.36864  2094.330343  1164.560899  1711.683469  1922.301528  1430.987547  2258.705969  
1199.557813  -24.7228696  880.0345847  2107.622661  1114.006611  1690.843613  1935.706646  1432.632795  2257.526378  
1213.684966  -24.10257938  898.3775991  2103.21918  1054.912309  1688.259424  1935.00828  1410.284357  2252.569417  
1188.191461  11.61925696  883.3385683  2108.153276  1104.74806  1691.507028  1899.540985  1433.00197  2259.306577  
1185.865167  0.4142029697  900.8845862  2131.566779  1219.513471  1716.214869  1890.735816  1447.186725  2288.259971  
1174.172561  -20.67382539  903.5190014  2116.334159  1100.351738  1702.016036  1880.735368  1417.205722  2252.28017  
1170.261077  -9.542461168  874.9867035  2085.225289  951.8104586  1684.176516  1899.751923  1435.468603  2237.266572  
1139.895384  -5.46579517  821.7982644  2091.744382  903.9810298  1632.981778  1954.202893  1416.470991  2234.616489  
1084.193692  -17.50830298  854.1421222  2095.660979  946.8256788  1654.70439  1945.650504  1448.299101  2277.895399  
1117.551766  6.371171417  846.0545031  2087.738228  1041.759137  1654.698995  1931.65627  1445.828081  2287.97303  
1100.487054  5.625241127  816.0095475  2070.214108  1002.329829  1646.341554  1953.453556  1457.404212  2284.811328  
1156.599844  14.03798368  840.6534514  2031.4336  1083.69814  1669.074358  1940.160521  1448.90863  2273.770052  
1099.632821  -8.553021374  844.125957  2060.377283  1053.747212  1631.722763  1916.723873  1438.493491  2275.946689  
1152.146685  -11.52604742  808.5461592  2109.155574  1083.683973  1643.923773  1928.517188  1420.608327  2270.337728  
1122.512042  -43.67687512  822.5752731  2126.419009  1120.264749  1651.279683  1919.977114  1430.371105  2269.236264  
1136.166561  -15.31875134  834.8719562  2070.654183  1072.200743  1664.614152  1913.383978  1444.440383  2256.629544  
1156.4628  1.006311844  832.5385776  2079.78176  1086.825742  1674.134161  1905.604687  1436.985772  2252.823692  
1165.825353  -26.0809798  826.3886203  2133.210985  1205.913238  1662.903714  1955.971497  1465.739895  2292.459007  
1199.887065  -1.046537379  851.96118  2158.374095  1282.485394  1656.578154  1916.783983  1443.965766  2288.834364  
1111.429177  -25.34684707  843.2271831  2135.416463  1126.71143  1644.884265  1857.682954  1413.2684  2268.566381  
1134.921583  -3.901811726  825.1610758  2085.073556  1121.601217  1675.200752  1877.939058  1422.362613  2259.034243  
1150.444409  -1.375008303  838.2287782  2080.247913  1014.534676  1635.168188  1905.848395  1442.317662  2253.028444  
1150.467324  -25.51836469  827.6224413  2131.972641  1127.097509  1626.262842  1944.560008  1447.461721  2277.137217  
1173.814725  16.12434951  852.7247324  2153.897313  1236.002266  1644.483399  1919.34372  1451.415978  2295.859869  
1162.730329  -7.839893457  884.7577097  2168.685316  1341.626686  1676.559576  1922.373481  1444.681537  2306.941  
1123.040394  -22.61663178  859.1415368  2106.145588  1164.053563  1659.848541  1919.395232  1417.369607  2259.239698  
1121.146108  -13.19192013  842.6880145  2060.753371  1001.605293  1650.801595  1929.570506  1419.40913  2253.304147  
1142.454489  -18.26053509  823.578144  2058.110709  1055.306011  1656.794328  1937.980846  1419.733419  2263.936826  
1119.052487  6.9020116  842.8671321  2055.934366  1073.770201  1662.482809  1911.019144  1430.17359  2271.034796  
1129.316221  6.202182708  841.6305871  2046.752001  1052.845537  1679.770462  1886.10886  1448.275828  2269.932182  
1129.379002  -5.74071234  840.5886567  2114.168668  1056.569543  1648.205404  1893.966576  1443.617826  2275.724399  
1167.094621  -1.143161279  865.779362  2137.988004  1082.302592  1664.97475  1907.352988  1451.759262  2282.82162  
1206.073648  9.655204129  876.6914035  2191.467323  1122.960859  1676.80001  1886.713883  1456.228144  2294.917038  
1193.366957  4.077243176  872.7201263  2223.615964  1215.180697  1676.03141  1861.389204  1440.458023  2307.508851  
1201.591637  -19.83208322  879.2019928  2221.007021  1275.963837  1687.595957  1873.202939  1414.339588  2275.740445  
1210.897829  -24.19249248  889.9322693  2132.406393  1214.494617  1665.681954  1925.856416  1416.934283  2259.599575  
1163.805735  -13.91528864  881.4056864  2033.769784  1081.42762  1653.214732  1961.819274  1404.326129  2237.909237  
1114.35156  -43.78338275  895.74447  2002.815772  1028.17292  1678.667155  1968.408317  1418.144252  2229.414621  
1126.635428  -15.75749582  870.9769905  1990.040568  944.797821  1672.003765  1943.640732  1429.084186  2244.975892  
1135.352194  4.391509934  836.6635568  2034.419983  1055.507655  1674.77697  1932.148202  1452.081302  2273.900607  
1170.014341  -6.664725858  860.3536384  2043.542336  1072.448073  1695.006972  1906.644039  1457.296486  2270.983151  
1129.905079  -8.154805543  847.4004811  2033.911144  1085.753817  1669.701915  1937.919057  1455.646862  2268.585326  
1140.592845  -10.35528295  860.9063229  2063.049438  1036.630123  1665.818769  1943.528919  1449.767547  2277.595542  
1195.937227  -5.777601402  866.7368893  2117.94086  1127.326086  1672.671107  1925.106332  1445.336104  2293.392526  
1197.839627  -6.377098928  869.3213137  2208.347726  1251.697389  1700.814088  1878.586116  1440.358964  2303.460063  
1176.062974  -5.020978568  901.2617104  2178.582252  1200.621169  1720.097212  1897.812659  1452.603004  2286.019791  
1167.727596  -30.22661553  918.2456645  2117.884722  1132.340654  1721.095825  1891.192385  1434.706979  2239.375386  
1207.590744  16.12012447  861.9098835  2115.295667  1179.488509  1693.314215  1883.864399  1421.455515  2232.978265  
1203.91049  -14.76799291  882.8078723  2097.425456  1154.365941  1706.488739  1857.949653  1408.689126  2214.173283  
1138.12082  -19.8183968  852.3241091  2109.859272  1091.992814  1652.267139  1852.036587  1416.52582  2240.962128  
1133.651674  -27.77507476  860.8375257  2048.267636  991.9715655  1657.510707  1932.283508  1440.511534  2269.440503  
1110.621348  -30.60734151  832.2820837  1984.931343  904.8657902  1663.856908  1914.439272  1434.247439  2248.755747  
1045.927862  -33.24621846  796.2545032  1975.626378  820.8028517  1640.733312  1929.93304  1433.837968  2268.264737  
1089.228881  -42.60316178  825.4043114  1986.37085  909.7277168  1659.316244  1963.281933  1431.907881  2243.036924  
1116.742612  6.335701863  811.7001685  1986.848296  912.9997042  1653.314714  1936.333268  1441.3599  2264.538146  
1141.594262  -13.46790745  823.4693534  2070.37355  1009.009424  1683.909884  1938.223212  1449.191333  2276.028376  
1156.245654  -2.658095207  831.5507871  2130.89418  1093.781793  1675.710939  1909.93372  1459.386016  2292.539756  
1150.567269  -14.46895277  882.1354362  2188.954976  1214.067216  1697.279539  1912.556354  1470.430301  2325.688136  
1157.97829  -11.54376139  885.94712  2190.972553  1238.827908  1689.148319  1883.750787  1451.490708  2293.71136  
1172.761246  -24.57432997  862.3535329  2140.922296  1152.534891  1681.605056  1896.296269  1427.08472  2259.23458  
1209.43872  -12.96847404  878.8831102  2105.051567  1122.966167  1694.661385  1894.818957  1400.510185  2222.497465  
1191.642704  -7.749795586  880.4475823  2126.815213  1123.372616  1701.254651  1853.964599  1392.826325  2236.697192  
1154.20989  -39.76508204  877.483551  2076.714681  1090.663645  1711.830543  1870.894028  1426.743564  2259.159015  
1182.750153  -27.73855693  877.6494586  2070.334585  1050.093744  1681.777064  1869.130094  1450.184369  2245.189138  
1161.375823  0.6232941352  878.0142736  2063.286828  1036.949018  1675.286111  1879.114472  1439.368399  2259.745768  
1134.16138  -15.02194906  859.4321484  2123.965786  1120.696245  1686.941154  1863.839655  1426.005655  2268.164097  
1135.458252  7.449472441  854.1027936  2164.143016  1191.153936  1683.71738  1881.526814  1443.962277  2298.001642  
1192.698608  15.19449595  869.5628739  2157.938679  1201.252344  1725.101823  1868.356074  1450.361987  2284.205862  
1150.857138  7.047623725  878.7102504  2174.145789  1159.224122  1712.591407  1839.572545  1431.200929  2282.955439  
1136.34537  -2.35540671  849.1474998  2137.049739  1099.988472  1684.946502  1882.860596  1438.672976  2272.071327  
1125.607895  -6.107849797  860.5362824  2102.02409  1049.119801  1660.559059  1923.208834  1444.330818  2259.976353  
1082.32765  -22.01393967  878.7438956  1985.323447  892.487214  1639.178599  1978.213199  1420.762794  2243.371998  
1090.185864  -22.28154986  847.7427026  1972.677766  854.9631274  1654.939476  1949.669228  1408.802197  2232.584552  
1131.302051  -4.610583025  813.3639698  1973.72169  908.1204651  1646.144737  1949.785277  1427.689579  2237.842047  
1135.60845  -8.213428263  817.7502706  2037.31629  1040.846247  1646.339542  1969.823497  1440.557289  2264.794393  
1184.314362  -6.244462196  860.7205365  2077.01062  1077.328937  1685.285505  1977.580225  1465.658268  2281.086032  
1185.345091  5.244490209  888.3181529  2118.407847  1149.252642  1703.809382  1930.340948  1443.69929  2279.107091  
1173.57517  -37.846329  877.1950296  2200.462564  1230.215967  1701.580727  1901.354892  1432.98663  2282.410735  
1184.603256  -22.22592583  912.3459307  2185.680832  1191.981706  1708.946149  1872.946779  1446.855752  2278.220317  
1170.064777  -16.12846949  886.4492498  2197.203315  1124.106408  1673.96858  1889.500905  1428.107759  2260.722728  
1195.47513  18.30300656  883.3834591  2161.170113  1192.841084  1670.583004  1907.61366  1424.12142  2262.990391  
1169.617925  9.98058359  883.7049376  2142.11831  1289.478042  1705.608573  1849.967107  1412.9092  2278.900855  
1184.189275  20.38175473  867.2651203  2154.771304  1268.388915  1682.629288  1899.731108  1436.646657  2285.904112  
1145.351068  -23.4353309  865.57533  2089.953366  1169.999919  1649.809793  1902.611386  1435.70034  2274.563672  
1161.729847  -13.83922971  846.5149546  2030.446601  1046.568983  1649.471057  1897.88843  1407.8053  2248.991291  
1158.998887  -0.1404793533  829.7779631  2016.497963  1101.091273  1659.062732  1920.017012  1427.080183  2255.79318  
1107.459334  -12.44560201  826.7305022  1987.133123  1064.230972  1666.282776  1964.239739  1446.054558  2255.23263  
1095.918891  -48.18231045  843.4634549  1997.882549  959.5033823  1681.543066  1931.668081  1449.849334  2257.21694  
1145.750786  -15.42723953  814.8256809  2047.318356  939.5612734  1646.887561  1915.356546  1438.945727  2268.06547  
1115.33989  -14.74540832  831.0442704  2071.977469  1024.558479  1652.588525  1919.117431  1431.523944  2279.942878  
1163.682864  16.74303953  844.4626564  2088.190668  1117.28341  1661.256986  1930.359758  1450.574206  2288.841272  
1193.134578  4.555354262  856.4748783  2102.86502  1118.600182  1670.50287  1880.851055  1414.686703  2274.777852  
1168.221142  -14.1634319  846.3843691  2102.572722  1106.404678  1645.38354  1907.79115  1411.225626  2264.793066  
1177.424987  -33.99365216  846.4530034  2059.370073  1054.449767  1646.744652  1937.569994  1424.154097  2250.688353  
1242.576466  -24.44097861  846.9474257  2088.607959  1061.75385  1665.249023  1911.686713  1426.809125  2248.450727  
1189.001055  -21.69789575  849.4242953  2125.736672  1162.259401  1648.680329  1944.656468  1453.537938  2268.817624  
1199.998079  3.519520295  874.0675139  2135.125998  1177.96266  1679.660568  1940.849454  1480.317438  2309.373284  
1184.614918  31.9837282  902.7497015  2152.385593  1275.620874  1672.850177  1903.615895  1464.944176  2301.707862  
1167.578324  -4.569103972  882.6438158  2138.353524  1220.438286  1661.533681  1914.995464  1447.475693  2269.008487  
1105.820424  -34.78692153  850.5095104  2110.668126  1042.796822  1640.430592  1952.392403  1415.980076  2234.825985  
1078.783549  -52.13018653  874.9085438  2064.796553  1045.238275  1685.940423  1977.451259  1438.554543  2250.010757  
1105.546346  -28.43475902  888.7102367  2024.311491  1043.620655  1724.436441  1916.496337  1432.763045  2229.102886  
1113.908331  -23.8309695  880.594705  2018.490473  1035.044044  1740.057988  1865.363543  1421.367889  2226.774857  
1136.190078  6.316297654  832.1349501  2034.252272  1025.969587  1712.819593  1841.283681  1404.868624  2235.383042  
1120.232587  -37.77263074  826.3566947  2064.635138  1051.293092  1714.724131  1855.131437  1430.618984  2263.252207  
1170.01858  -29.57715102  873.1707389  2095.302343  1048.200971  1713.650271  1899.258141  1441.672038  2273.845858  
1188.389991  22.79911747  867.6956543  2132.206272  1127.174748  1725.627929  1887.779888  1459.535837  2297.434338  
1178.662597  -11.14943274  903.6257848  2187.192019  1306.519682  1731.984007  1904.647463  1467.210584  2305.762137  
1174.171347  -28.94267542  882.8228236  2153.616467  1186.352555  1691.585158  1885.576294  1433.301075  2259.606319  
1142.392472  -31.7040396  857.5440351  2080.356126  970.7381138  1632.348094  1907.265374  1389.179192  2224.307924  
1136.945564  -13.29904724  818.0276171  2110.17333  1037.58745  1653.430628  1865.992861  1410.427498  2252.101337  
1171.476782  17.06798308  815.5483082  2138.010403  1132.254502  1657.947303  1891.472715  1451.533149  2279.227975  
1164.40321  -7.035132984  873.3583215  2106.988109  1172.632743  1667.827917  1923.116443  1440.80905  2242.861633  
1168.248562  5.379090407  883.0031204  2107.509275  1001.651292  1633.237964  1949.899015  1428.380386  2261.409407  
1126.837384  4.888909976  850.7174599  2045.3832  986.1157486  1617.745804  1952.708991  1410.412797  2253.739241  
1118.563529  7.121344652  833.1119906  2053.096231  1038.24118  1630.333457  1955.309152  1416.286174  2263.124599  
1133.515239  -14.09813657  847.6306641  2057.925521  1068.327153  1661.213129  1926.035857  1409.471655  2255.947949  
1138.555923  9.274229139  841.4732842  2048.267387  1001.680037  1672.18913  1893.499462  1434.730739  2269.697882  
1170.949031  -14.64141446  851.5276625  2109.288328  1140.092079  1690.969398  1909.946209  1460.93452  2299.097089  
1181.657715  -25.74840697  868.4079276  2117.657909  1250.724426  1691.523343  1918.195666  1482.304142  2309.505445  
