839.5716201  -28.90039621  944.055551  1872.437534  -689.6989401  125.690029  1888.922145  485.0008228  1871.849796  
819.8304207  -89.94172264  951.5295861  1835.80616  -669.3291283  105.0798223  1845.134676  487.4571553  1886.641342  
825.9805025  -90.8459042  948.6737226  1819.903432  -694.1692419  103.1724895  1830.112479  471.4464394  1880.437347  
822.349502  -99.61796767  913.7607916  1815.447698  -705.3501709  109.6772438  1828.789176  457.5022687  1873.387831  
812.0127401  -94.17987529  891.7901361  1821.259962  -713.2301871  110.7704405  1855.572776  453.5493813  1869.285119  
800.6153278  -82.3704884  912.4202267  1836.06759  -727.224245  86.74990328  1874.525485  464.2995637  1880.058566  
812.7073272  -59.82952657  934.1791599  1804.072027  -721.5625275  120.8494613  1864.463811  469.4550375  1873.084044  
821.7693978  -50.88236763  930.1910487  1821.874421  -708.5546492  100.2981035  1862.17625  469.1773668  1869.723671  
805.6742031  -47.55580081  917.5618285  1832.655285  -736.1334694  110.3266879  1858.857836  458.2022931  1888.371729  
825.037774  -46.86804982  930.0800404  1807.09238  -701.1211893  128.973314  1876.44309  459.7018926  1851.868727  
815.393292  -81.84052292  933.7483759  1808.565653  -746.6691856  118.3490892  1881.898942  461.0123835  1854.509241  
858.7580163  -39.44577056  950.8201183  1804.584667  -698.6593751  100.0245212  1883.164853  466.3183146  1837.702345  
781.7749403  -45.93775602  932.3056139  1821.245667  -731.3373496  90.19788843  1848.039413  459.9317623  1849.014274  
848.600848  -123.2942245  958.4360684  1802.171522  -668.9441856  75.51191967  1831.790655  480.6656475  1848.747568  
774.5426309  -84.81599539  927.0283173  1839.908882  -687.6660805  107.4620818  1840.244385  482.660834  1868.281566  
798.9816436  -31.81650219  978.7032286  1877.017137  -650.6886445  106.4500709  1871.987171  495.4282141  1874.731617  
852.9263879  -4.948601407  1009.116595  1888.536299  -616.4766087  75.04625107  1885.719308  503.7015173  1880.993567  
865.2253147  -47.46149548  999.5660642  1871.520608  -672.298886  82.15930986  1889.495898  498.8600813  1886.333305  
847.4189213  -64.34653407  1025.363116  1825.303821  -645.0525588  87.19103368  1890.070236  489.5075786  1872.427682  
812.6880688  -52.46705775  974.2418432  1827.802538  -698.4828345  92.57305488  1838.997418  464.0958855  1874.784584  
853.3667388  -54.11775282  966.3728346  1836.686504  -681.6982756  96.65357136  1861.71484  475.4340951  1893.23966  
846.1386124  -96.68945815  965.0709472  1817.851611  -683.4582756  134.7484765  1862.648247  476.8910324  1880.631343  
830.3844999  -82.19416642  927.6059549  1824.879939  -696.2533418  163.6221143  1890.895224  471.7044547  1880.415687  
826.2123785  -75.08637857  903.5024841  1824.769897  -758.4889698  156.0442071  1874.660749  446.6595727  1859.781501  
831.6215569  -65.15626792  899.1001179  1817.834759  -727.3295402  140.0977132  1878.05083  451.2477809  1843.126213  
816.0238327  -75.09942211  881.4175795  1793.797005  -712.2490327  135.5378985  1885.517564  456.0849421  1861.597349  
827.3386335  -84.50573417  897.992642  1804.99277  -720.5908777  139.1170253  1873.179932  461.9082134  1870.661092  
829.8939828  -70.17649931  906.5244133  1836.735423  -731.4657853  139.9659861  1888.106817  465.4890734  1894.987841  
827.40665  -69.68459725  932.1936141  1839.30966  -730.4684135  116.4060043  1888.015504  460.0670854  1879.372076  
812.5582928  -74.86166252  946.66234  1832.051714  -722.7545329  107.0406733  1902.187134  469.5469345  1867.383334  
822.7051613  -68.7129132  946.5619317  1824.545513  -718.8109684  98.74112079  1880.493301  468.4591834  1865.031348  
811.2093566  -64.36917123  953.0650399  1842.949332  -690.3982455  109.0890929  1881.762726  477.5238527  1865.296055  
804.1123457  -81.82627475  978.5622334  1834.385833  -671.3642782  114.0273462  1861.216991  491.4914722  1873.175687  
801.8203105  -53.70470831  963.7558494  1844.057259  -680.6453534  126.8337646  1840.747796  471.1758856  1858.897236  
798.0342287  -21.40157341  948.7574301  1836.70911  -722.8509678  114.7872432  1829.197057  453.0558703  1859.692211  
787.630609  -79.98497953  930.9483448  1799.048058  -698.2379992  120.2479627  1849.756273  472.9006153  1884.130272  
818.3901814  -42.79501135  894.0716783  1801.876963  -683.4523053  125.7454781  1841.110936  461.9779148  1856.061376  
798.8591741  -28.99729863  860.5474678  1814.425638  -696.358242  125.8016519  1839.343877  460.5829147  1856.297527  
785.6992044  -75.32254644  855.5880105  1812.230501  -714.5833746  117.6836682  1838.042403  456.3913818  1868.53643  
797.7587302  -55.84172496  900.5441201  1831.760185  -711.1346262  116.1616425  1852.969202  468.4565664  1867.154744  
816.6148991  -49.85066374  925.0053204  1829.146623  -665.9944446  95.44327924  1871.068962  497.1479815  1891.65379  
852.056443  -36.6183318  933.2832761  1834.820478  -655.2638875  86.10134308  1870.285684  493.7103989  1874.898301  
849.4824861  -47.60531807  938.6613148  1850.531317  -677.3979926  82.89344761  1852.474549  484.6391552  1876.59514  
832.4085928  -56.74445051  919.996644  1838.679875  -672.9131483  106.887999  1867.968995  482.323409  1877.418718  
842.3859319  -56.71846781  945.6273017  1850.260405  -666.6988002  96.43640074  1872.317432  472.7839208  1858.940978  
842.6824666  -50.32386519  964.8851168  1821.657842  -704.3761365  105.8115661  1883.663231  465.7460761  1839.824837  
837.3214805  -69.65145049  943.7532424  1830.102934  -719.4890193  105.0320854  1872.910397  457.5520577  1843.029533  
863.7760749  -65.5977419  956.1387934  1829.642819  -743.9860748  118.4538535  1879.235833  446.3514926  1833.683408  
815.6765398  -108.2759852  950.5651609  1809.456799  -736.7489211  100.1930304  1855.212522  450.2724166  1850.850438  
812.2157311  -106.2102679  949.680995  1813.708554  -734.2525257  106.9153397  1831.134133  452.8627403  1861.00037  
829.1811721  -98.58397073  964.5914513  1816.016588  -751.0837022  112.0292698  1856.394166  459.2806531  1859.143678  
815.1517709  -53.16864573  935.9981254  1850.770855  -753.4647755  120.1092462  1862.790626  457.0632722  1866.197134  
804.454983  -104.965459  947.1216435  1825.037896  -742.8061538  109.0351893  1850.916072  460.752757  1868.103745  
817.1864738  -75.74562586  944.4565176  1817.349456  -770.8592522  121.5699623  1861.360048  451.9100924  1875.423055  
790.1062887  -102.1421793  949.9698269  1814.734636  -742.7402026  107.6291976  1843.710888  449.731689  1886.730582  
797.6572338  -114.9812086  941.0256169  1812.091736  -758.6886557  101.9560897  1830.126309  449.5149106  1891.642307  
824.8578651  -140.0997839  962.8550098  1818.158498  -714.3526443  91.19300294  1845.435995  460.2152506  1875.231996  
849.4597543  -90.43444587  962.2269705  1830.448627  -734.0452207  104.3785984  1838.46409  450.8366809  1867.850264  
834.0430284  -99.77877434  948.3992488  1822.907908  -748.4359448  105.7482902  1845.531702  457.8642364  1870.356412  
831.5920927  -96.77522859  933.3132052  1826.232198  -722.036256  112.5875794  1852.794928  474.5125033  1871.028622  
822.2572909  -111.0599936  944.8630967  1811.981067  -700.1553372  118.4604679  1868.733689  478.7679448  1885.877048  
833.5621661  -101.4849706  954.2679654  1819.076576  -695.4159759  103.3890464  1847.897853  483.0035456  1892.407108  
819.0866009  -81.46975248  968.7474382  1810.556116  -682.2852594  90.20689916  1853.308926  495.8415613  1898.99338  
828.7954371  -41.06251443  980.4421691  1819.988314  -645.1269099  90.03145528  1850.151089  498.094338  1896.487043  
843.307653  -85.06150363  979.6837168  1848.638514  -659.8998497  75.59147321  1865.221082  508.1274998  1887.732728  
835.9989589  -81.44138528  1004.229747  1838.416575  -636.0883735  76.38537402  1864.006812  505.6280691  1865.788201  
790.432185  -42.91130159  941.1549422  1840.130309  -680.4572963  101.9387766  1849.702259  486.5930539  1857.185771  
831.7905594  -51.35998017  947.3439175  1854.351104  -658.2455802  93.80195025  1866.374527  486.1312621  1886.182742  
846.6856699  -65.38219155  941.4033677  1852.465726  -622.780685  87.32709085  1872.066579  503.7152344  1904.867452  
816.0451956  -52.11280779  916.7234136  1832.70105  -635.6147691  96.13023932  1863.103331  488.9557441  1900.521599  
848.1778962  -59.02545463  920.0819969  1828.362089  -666.2096854  99.7677463  1848.672011  486.4991138  1904.498315  
832.6212623  -52.81358941  927.2652113  1820.053204  -677.8594853  96.1694427  1862.335975  491.7502393  1896.656691  
813.3620522  -10.60480247  949.2965454  1814.343523  -676.9673788  105.001544  1880.073914  484.1840733  1871.800691  
847.2001375  -33.85249092  966.1830773  1822.811618  -721.3423052  83.05439499  1865.38847  470.76816  1854.119065  
842.4473156  -38.71273676  956.243535  1830.478303  -713.9299279  85.02197392  1865.627966  466.0240053  1841.394227  
835.9503988  -75.83321564  945.0156537  1844.638093  -722.1014419  84.5675497  1858.560115  458.2042836  1845.592662  
807.1460898  -49.5815625  915.3815372  1828.376218  -745.5799607  102.1396012  1864.846753  446.2521709  1831.14268  
811.6042352  -45.51330939  904.3515755  1829.619479  -722.3440573  101.8396481  1874.232863  450.997288  1832.203704  
832.7486457  -67.49564203  909.6267538  1802.478534  -695.3482323  111.736799  1880.831777  451.7246546  1836.967995  
845.8988099  -89.46859484  922.8202806  1806.225105  -702.7289682  117.1033676  1871.781398  454.1792954  1847.596768  
853.3973376  -88.47737281  940.4210344  1822.530563  -731.3551879  106.9361465  1872.138811  458.3827805  1852.597581  
850.1922723  -75.81723349  930.860836  1840.098036  -737.5981736  106.9150079  1848.560029  461.2237991  1856.753581  
832.8769115  -57.46375683  927.8212126  1832.889225  -710.1839537  124.412049  1844.491769  469.2242417  1864.313006  
810.6823355  -39.83315353  893.736081  1854.688159  -712.6300981  142.8143856  1867.958503  463.8120709  1887.001111  
823.0157526  -66.86450386  910.4675031  1846.441377  -716.7517637  135.4761222  1864.843476  457.3841765  1852.445927  
822.4565032  -59.16770952  918.9736417  1838.416415  -732.1350325  133.3296255  1860.207935  448.2563036  1860.422789  
820.7400346  -121.5153081  946.8536226  1833.896219  -705.7632243  131.2304984  1858.559536  460.6495592  1875.374418  
823.8287323  -102.969263  960.6450778  1824.213176  -695.5229291  122.384002  1852.308134  473.0785162  1871.68415  
811.5059241  -49.76679769  952.9326873  1826.299389  -679.9707596  108.9232489  1851.59636  488.4385406  1891.423976  
792.1253861  -74.33748587  971.4496383  1830.562418  -670.3100359  68.59589192  1841.389293  492.0792822  1905.612652  
820.8031471  -12.05003094  935.5292475  1854.615446  -705.0269947  89.58035575  1840.077661  468.4734622  1881.924703  
819.2493186  -10.0951495  940.3684065  1866.396861  -671.4133795  79.58953923  1849.146875  481.8998923  1886.576388  
802.5424175  -40.34484368  971.7138046  1847.121028  -650.277385  87.77794771  1871.27441  496.3387659  1867.300346  
810.3551056  -48.17299356  918.9169874  1841.297496  -664.2143756  119.2547914  1884.353033  493.1725169  1887.575112  
818.7040679  -71.31512543  924.433215  1843.733313  -711.2926634  103.4191018  1868.245515  464.8518891  1866.190465  
847.1915982  -44.8343459  909.1417589  1850.158646  -723.7275406  111.8320156  1886.585733  460.6293188  1872.474598  
850.0732273  -63.04757779  925.0534544  1828.151344  -720.9673649  129.4404566  1895.186613  459.5006546  1849.605547  
856.0098525  -89.80520334  945.9618236  1845.842753  -724.5978399  130.65488  1905.080403  466.9409476  1861.979067  
845.2062026  -61.28418972  944.3125696  1852.149659  -706.6205596  119.4767755  1893.385855  462.8607494  1868.226179  
829.08762  -56.92131884  932.5508768  1857.551708  -707.3775719  103.765747  1855.216918  468.9629212  1869.057443  
811.4651522  -94.04416998  914.8284973  1833.253501  -678.7455383  124.1874454  1847.275159  478.8583179  1857.794047  
818.074175  -61.13358976  904.0884824  1857.774933  -662.1261487  109.4969445  1867.612786  477.1403719  1877.193075  
823.553895  -78.47873034  920.7997259  1865.444098  -671.3624134  101.4552648  1843.595117  471.5243324  1885.592834  
833.4167622  -113.7848275  924.3659733  1836.030576  -674.0257698  104.0673502  1847.993834  460.1047852  1854.859659  
845.5974783  -95.71017824  935.8514885  1785.267851  -732.0683545  115.0599138  1855.774577  447.1546002  1853.658688  
846.6770493  -106.7536675  949.1795077  1772.72834  -755.0391897  98.05344944  1844.855836  443.9319697  1865.802847  
827.3326863  -126.1764615  952.4447206  1765.329551  -750.6234007  105.9384571  1835.353682  443.1505202  1866.559007  
824.6153329  -105.0745191  934.4732591  1773.548929  -758.4831301  109.2154986  1881.72511  453.022901  1891.201419  
803.4700366  -83.49350398  966.4755019  1777.569981  -763.5443589  107.4791983  1877.946637  469.6071564  1884.498505  
803.5880616  -50.99535758  972.3917098  1793.265654  -703.9084982  107.4476718  1860.625329  494.2463641  1896.454721  
804.0272369  -66.44693415  990.9295641  1815.052982  -682.4872265  79.94426656  1853.601995  494.2014482  1902.502573  
813.3855249  -45.16346325  985.9739037  1831.415039  -695.7316964  91.72353741  1846.663827  491.1361571  1893.713309  
820.4512508  -40.09147526  1009.729159  1823.093505  -666.1079357  87.61117055  1875.271021  502.4844265  1874.937204  
818.2032421  -71.46687438  970.5829113  1837.901009  -673.5112453  80.23554199  1874.874673  491.2059348  1882.837422  
841.3565524  -94.72597552  922.4143426  1872.488043  -671.8286898  99.73199234  1843.538765  476.8350352  1886.728376  
820.4255907  -100.9592588  897.8682142  1861.589214  -651.6793572  100.1231777  1830.168401  485.9854981  1888.158119  
838.7847774  -42.99365777  875.7459653  1832.984785  -682.9230874  125.9176126  1831.751456  463.0530916  1880.832467  
805.025535  -71.30439703  891.1976018  1830.792849  -679.5685683  128.3665318  1869.13239  458.3834175  1877.398608  
853.5427206  -77.68019186  921.8888591  1817.848523  -710.2239425  111.8749683  1879.771503  462.7289807  1879.709244  
825.0125408  -52.30561056  904.4278155  1813.623755  -716.2924476  106.895545  1832.766693  448.8563011  1868.81423  
823.0008384  -63.7385783  924.3299704  1805.193157  -729.5706364  104.9611995  1845.753254  443.882972  1827.666501  
802.1277348  -96.73693111  938.5259073  1800.601609  -711.0277957  112.8686512  1861.755102  466.4897663  1851.521332  
834.1805101  -65.96305759  918.9926724  1814.905018  -731.2281548  109.1023362  1880.972623  464.8810822  1861.283904  
833.7996134  -84.53851966  943.7978697  1827.231383  -712.1523179  106.4335461  1883.918956  479.0137374  1874.036516  
780.5486997  -30.66837  955.7197833  1839.722578  -727.550669  87.74625186  1859.541297  464.5944098  1851.185937  
850.3832911  -44.55166888  949.6976301  1837.60451  -726.0055077  98.30885797  1871.822269  466.1779209  1854.232551  
824.5291251  -77.9177118  919.5749767  1839.365195  -716.8572427  95.05303461  1848.405993  455.4240397  1851.677117  
800.3370472  -75.28292031  884.2991247  1823.965792  -730.2287571  106.8811303  1834.673645  453.3170107  1844.659783  
824.4661382  -61.87758778  906.9489407  1813.631891  -736.8459385  126.9360211  1879.417982  466.4301418  1860.983003  
835.1858832  -53.86984631  921.8810151  1821.938728  -695.3872309  116.0998657  1865.848904  475.8409145  1871.678958  
823.213166  -47.958757  946.2014667  1857.995313  -683.0890613  116.0810752  1878.685866  485.897311  1893.837148  
812.3540805  -66.70877715  936.3299852  1907.045046  -608.358841  108.7186737  1880.548955  508.098012  1926.830096  
807.3917159  -72.80241361  947.820592  1915.089064  -557.1622466  110.0982093  1859.780518  518.5604037  1931.279241  
791.930431  -68.25963541  976.0934116  1843.549548  -581.4491403  89.04832707  1826.389221  508.487245  1904.129632  
795.2201988  -31.71640964  1005.159576  1787.957376  -682.89356  67.07214366  1847.196059  465.6411555  1844.801506  
848.2798976  -38.53948389  986.5164051  1774.925734  -723.3332022  69.94962021  1866.389699  447.8716436  1816.641521  
841.1051918  -31.0723294  930.3544987  1833.112991  -722.2365771  102.5817695  1879.155231  446.3697168  1832.889892  
812.1562742  -52.39537577  899.9573587  1874.116273  -687.4598815  139.1291739  1865.075536  461.2063198  1886.959477  
778.956962  -49.55263312  938.8355381  1871.907176  -619.3066135  160.5557963  1881.885204  492.333359  1926.370575  
788.7366931  -55.95718772  958.7415064  1876.310487  -544.46495  192.9677775  1900.265738  510.5006999  1951.677574  
805.1846592  -51.41523476  967.7014188  1887.48667  -550.1070966  186.0484657  1881.076633  511.9828703  1945.658857  
809.0133919  -38.36440352  999.9988966  1836.588564  -611.4271332  147.448145  1851.642873  496.8020421  1888.326782  
771.8162605  -59.08062421  984.3960296  1775.930066  -683.6870795  102.3670468  1873.364215  465.7260961  1829.290731  
860.5738409  -31.46226242  999.2538  1765.129977  -736.5068111  78.58369779  1906.813155  457.9198133  1789.452847  
888.4853579  -81.92657889  965.2481496  1759.853184  -754.3984546  86.19035512  1895.30646  457.4946294  1821.362979  
871.8765614  -90.87853213  967.7577811  1757.950783  -785.626104  83.92811428  1865.150189  451.1253298  1814.132354  
857.9360887  -84.11365407  960.358074  1753.121375  -768.9901816  85.26252239  1873.063782  457.8261295  1834.11657  
820.1179937  -85.88268804  944.0960986  1772.924322  -756.3953939  98.92408792  1887.857782  459.6748155  1857.201935  
802.8347967  -130.7710738  954.2194944  1805.878102  -758.6676355  84.02677916  1867.07379  471.5075301  1867.811014  
836.8357179  -118.1032449  960.7880218  1804.672023  -723.7033729  65.66166418  1838.255579  472.5248196  1856.092473  
795.8459137  -65.41220869  912.1451026  1822.505566  -769.4622918  110.561854  1832.941454  457.7444201  1843.956316  
780.5423947  -33.75027304  905.8810026  1843.743547  -753.0996566  97.0537251  1843.828252  454.0583325  1869.089202  
823.9723416  -37.91644237  968.2024705  1841.203746  -745.4556012  77.39642744  1854.524707  471.1251849  1859.598925  
810.8806757  -45.59741443  953.3631827  1840.007078  -709.7494307  87.29400987  1845.480785  468.1628231  1873.032554  
826.4345549  -82.48192874  948.3855068  1832.591506  -705.8857501  95.18732068  1853.069371  480.1565311  1887.535859  
809.5696877  -75.14207236  915.5788033  1838.322933  -718.7768679  106.568579  1840.188746  473.1964063  1888.025478  
825.4863546  -72.51923048  938.5694126  1823.220179  -720.7354778  126.1797532  1856.782844  474.711187  1881.338287  
818.5108612  -51.2953217  958.1169988  1843.164723  -735.380913  104.3919513  1850.607834  465.362788  1839.455833  
831.5119417  -61.63004628  940.9236836  1853.230695  -735.2787062  92.74305202  1860.523422  467.3435578  1844.434093  
831.9089858  -105.5137295  938.3846259  1831.954592  -725.8703142  91.28420407  1841.088772  468.2021267  1847.423729  
813.3308772  -89.98946688  913.4243071  1827.39512  -726.0361453  115.8911884  1837.409507  462.7809573  1878.1639  
840.0478845  -62.30598866  906.8639385  1845.644353  -739.8710216  124.3761912  1829.804175  455.0363206  1882.602009  
859.5624911  -65.35724634  907.258974  1876.771804  -710.7027701  136.0808292  1856.433964  470.1014181  1901.615319  
836.3111809  -103.2153903  914.1572686  1889.051578  -587.6521617  148.7609264  1879.871508  506.3732994  1932.154455  
829.6222778  -83.50372469  908.1828556  1901.712934  -536.1097003  142.1260641  1878.902497  511.2200147  1928.847813  
811.4403291  -85.64022454  927.9323206  1876.314381  -578.5704363  105.1234786  1845.800167  491.1981365  1913.374415  
848.8384715  -94.44936154  965.0119698  1853.37444  -635.5366833  98.26697278  1842.221829  486.7126508  1901.304825  
837.3886588  -105.3582135  974.6655367  1792.050833  -659.6821474  102.4123356  1838.550206  489.7237284  1891.085635  
771.818928  -54.90934634  947.7739167  1797.729336  -721.3271011  96.12951787  1830.352847  464.5589349  1848.726905  
815.4469282  11.25252059  932.3798601  1801.990565  -738.5737592  104.7968506  1849.023688  454.0825681  1827.250039  
841.9361117  -11.85880325  923.1276867  1786.761286  -744.8423926  87.59800292  1860.542307  441.8054898  1822.188131  
857.0239663  -77.16594522  899.6018278  1786.771757  -748.3457411  95.94933943  1883.895598  442.1533218  1830.335891  
840.9798794  -101.9042605  894.9254343  1787.987462  -773.902061  91.7301127  1882.682676  436.9180752  1853.14379  
845.8419051  -86.91916212  912.820828  1779.908913  -768.9662827  88.07068674  1878.728555  451.8957292  1848.644407  
799.6849732  -68.70714941  930.0800126  1778.693496  -803.4032028  94.72896505  1851.725567  442.4141779  1846.726699  
797.075632  -70.39871528  948.7145913  1813.214482  -796.4473719  75.13339855  1855.135291  450.7938385  1844.8847  
799.9950071  -55.41757732  938.9943389  1823.583671  -773.9363629  67.00631181  1860.473276  462.7313057  1873.783057  
825.6427355  -55.52546745  934.4439247  1851.017113  -728.11959  84.48625946  1885.478082  484.6122203  1919.413953  
839.3404651  -69.36602551  943.8945913  1888.097224  -680.4668287  120.523534  1886.536333  497.009007  1914.379006  
801.0614017  -84.40185397  950.518957  1919.873465  -579.8468007  113.6681354  1886.549271  510.3356048  1920.723578  
825.3963398  -97.26916481  984.8212335  1879.971154  -517.7002817  139.9269131  1904.191264  530.1800897  1940.101934  
813.2489468  -89.80372356  997.8919513  1813.167205  -600.5185565  136.4640363  1886.137587  512.0310209  1892.104838  
839.8619599  -47.75472592  988.7280832  1783.87003  -748.9673558  109.177884  1869.09178  461.3965508  1804.956931  
863.4615878  -86.18926179  941.7360785  1759.242173  -801.514329  100.2346727  1838.825858  440.4034223  1781.435394  
858.9474815  -72.43438045  900.769292  1793.33246  -824.8643845  104.4112415  1859.532382  435.0245581  1803.625838  
851.3525691  -49.55208737  890.2165179  1813.407625  -821.569969  86.62117884  1847.961715  433.8838866  1824.411325  
849.0817819  -41.74279508  891.2601737  1861.017984  -750.8182445  93.81278955  1894.301121  458.4403585  1865.963541  
825.5347041  -89.01725769  911.8893541  1879.656798  -634.5490902  108.7733941  1883.896799  498.1719091  1886.804825  
806.8926145  -85.73788377  913.7810854  1866.378222  -609.0230249  113.8049241  1863.539889  505.5471383  1904.771856  
826.937473  -52.54752591  949.0758883  1820.528799  -719.3116721  84.07050221  1844.702284  481.2180224  1878.484253  
816.6906581  -70.41578086  953.3052033  1769.021664  -740.6234887  97.91189012  1889.197535  469.314257  1847.894407  
827.569561  -50.25111616  960.3880785  1821.600781  -731.5927754  87.36608201  1878.03988  456.5813548  1872.410625  
837.9293595  -88.88233331  963.8792168  1863.564144  -655.0234257  137.4965397  1903.946361  487.1132622  1908.46187  
818.4733006  -111.3401695  967.90591  1862.384762  -589.8562349  181.7491616  1872.168845  507.5191669  1928.266243  
807.5550299  -93.24224849  946.3655954  1874.492462  -569.9202076  189.8044455  1836.221303  502.1357578  1947.94497  
758.0063813  -100.8737173  950.7361114  1851.460601  -630.7915182  146.7094805  1811.40268  500.9635017  1927.928099  
744.6562957  -67.39316161  940.3939902  1783.917366  -695.3969916  76.4741939  1824.47465  458.9862916  1860.768854  
820.8924736  8.871770765  943.0562017  1793.209816  -788.286631  46.82269868  1856.963785  415.1707648  1784.400533  
845.8002275  -56.64793258  908.4496153  1812.910716  -772.4318262  62.45035504  1863.750259  435.5241558  1835.403389  
870.5961836  -38.86207678  929.1295149  1831.79895  -736.5421641  105.6773834  1856.182309  465.9905058  1851.012868  
