918.4294732  -243.3427451  1337.034076  1400.046834  818.993494  1344.146285  2534.297338  1380.962525  2332.442297  
917.5494486  -272.7462783  1290.313343  1405.917912  821.4086842  1334.954332  2506.863261  1375.374643  2329.390718  
926.0788435  -236.4904305  1303.798455  1411.216098  838.9150333  1328.695184  2486.779303  1367.352769  2325.440076  
880.5508399  -262.9517009  1310.225519  1415.126779  811.1027027  1332.437679  2481.718097  1373.783372  2317.610887  
942.3113473  -228.8296154  1326.185859  1407.379901  891.3985969  1326.713482  2496.224767  1387.118711  2341.356798  
910.2912616  -270.4684107  1326.510792  1426.064696  897.5020272  1325.479621  2509.175058  1377.340193  2355.6701  
870.2354479  -207.9402271  1307.524655  1414.736778  846.8678691  1340.709261  2463.119632  1377.518977  2299.33741  
905.1244957  -247.0384586  1325.339755  1411.378395  898.6732257  1321.783207  2499.73291  1381.783678  2331.953225  
945.5857123  -242.6029795  1308.538014  1399.253124  874.6434468  1337.708847  2470.151761  1385.249792  2318.102727  
970.8549065  -271.5003464  1319.842898  1401.330942  896.3915606  1340.587038  2503.338262  1389.376502  2345.454979  
937.7490711  -247.8243966  1335.689063  1410.372773  888.2953649  1342.496356  2482.045822  1389.142472  2337.115843  
967.5034886  -260.8929362  1311.09185  1421.390889  837.0684838  1350.108408  2509.005938  1380.999547  2358.377484  
899.5495741  -262.1474511  1328.952265  1407.021271  874.044448  1348.011033  2492.170694  1385.130431  2337.428439  
896.8583292  -211.5500907  1316.239974  1422.054736  802.4042791  1341.90054  2479.608354  1369.208689  2323.837019  
884.5189275  -271.186157  1322.767057  1402.317797  862.3650801  1336.940149  2465.97183  1375.560146  2333.934907  
933.8308875  -215.9151244  1322.234253  1406.26963  872.9567716  1340.58333  2496.529774  1391.290397  2320.447004  
957.3136266  -261.2246843  1297.02498  1405.686767  843.0532386  1349.082678  2486.429999  1385.821475  2323.41627  
902.8590779  -263.1499644  1316.142261  1399.285661  896.144618  1345.067412  2512.967431  1390.87542  2341.864975  
897.2756271  -258.4330905  1304.272903  1378.066007  810.0666704  1356.142459  2474.943364  1384.971401  2320.659089  
882.994801  -259.5144527  1301.215785  1402.200144  893.107589  1344.713627  2444.433981  1383.876159  2327.892914  
935.9196371  -225.7812427  1302.983151  1408.052407  881.0131796  1350.434881  2443.942998  1392.903031  2336.713583  
956.194382  -234.1536579  1322.07315  1395.179204  926.6420302  1337.452974  2487.811167  1398.684047  2341.5559  
890.9320242  -240.6071957  1274.554512  1408.781923  822.1183562  1313.502731  2451.612542  1377.762048  2310.790556  
931.1861531  -270.6929038  1295.134403  1393.339789  872.9461289  1343.91734  2462.076647  1388.883405  2329.576039  
883.6306316  -242.7140358  1290.88909  1401.355935  884.9470464  1335.853863  2428.832156  1375.970723  2307.202293  
935.7364309  -261.8105525  1311.915672  1391.671097  836.2846822  1335.557971  2470.236399  1382.899168  2342.01097  
899.0858758  -253.6810358  1299.373686  1406.998931  861.9788243  1328.062108  2461.354647  1377.269933  2310.926756  
978.1735589  -247.0791237  1311.600773  1420.998088  862.5472191  1355.358962  2524.590958  1386.193527  2347.038859  
934.1488871  -250.6242506  1346.122126  1433.282423  913.7936004  1348.17428  2523.566356  1400.431031  2357.189391  
899.8290155  -236.9223403  1319.622493  1395.021384  814.2613598  1319.266427  2503.932975  1368.084451  2309.261112  
933.2596427  -224.2413331  1312.734714  1385.917977  830.5517477  1333.669959  2525.396022  1387.752341  2317.500188  
978.2454516  -266.6126962  1320.895437  1408.066229  891.566123  1339.353105  2493.773058  1371.555064  2325.672561  
962.394961  -276.8118287  1304.828812  1412.38033  860.8238586  1354.04419  2495.223338  1377.624374  2337.421191  
948.9911872  -237.7304111  1321.884104  1402.879529  839.894029  1353.525138  2492.728896  1382.980686  2317.818465  
898.454538  -219.0651072  1352.006682  1419.461065  883.7376849  1343.923748  2491.914556  1377.35626  2345.698466  
861.4899304  -271.992079  1290.638022  1418.420304  838.2680657  1345.793627  2467.967059  1366.449377  2322.79507  
876.6104888  -246.6788461  1313.61859  1404.077674  858.3248209  1338.607194  2491.04974  1384.523684  2325.306427  
941.2869917  -237.3055113  1339.69048  1409.517575  857.1866086  1343.11244  2540.956955  1378.893333  2337.546407  
931.034924  -259.8772821  1344.938837  1411.054079  893.2305423  1336.19518  2519.285138  1381.020357  2353.788746  
922.3594605  -225.2605928  1341.388616  1430.933771  851.4713074  1333.516218  2532.60438  1376.783  2337.651083  
881.2040097  -247.5261385  1311.794386  1408.07708  858.961722  1322.825464  2461.156522  1389.179677  2337.905412  
963.1737474  -238.5189023  1313.262023  1442.812504  869.7770837  1319.761212  2530.797632  1394.475347  2335.089426  
924.7540384  -266.5734928  1333.740216  1420.615522  885.4113343  1328.417225  2538.909749  1385.95993  2341.152828  
919.6068401  -249.5638443  1367.11227  1394.036335  898.3697483  1327.705456  2537.033277  1378.151267  2328.319435  
898.7692188  -280.6064972  1332.873042  1410.310296  857.1684982  1343.527428  2524.183046  1374.279284  2341.280381  
910.5682004  -232.5312849  1350.232222  1397.090163  851.6769662  1342.716892  2506.683909  1383.069447  2332.381987  
944.2431253  -243.2129739  1313.146391  1402.150108  810.6600923  1342.648033  2496.124252  1381.668665  2329.819307  
927.8314226  -235.0315069  1319.980607  1392.454434  897.4879599  1333.641955  2471.430839  1380.59961  2316.844951  
941.8265334  -251.0707348  1315.123704  1391.162728  838.1601364  1341.968112  2487.963616  1382.324075  2319.13309  
871.7372765  -239.5353884  1313.869526  1391.035555  874.2707643  1340.630609  2451.641905  1377.94024  2303.216082  
953.6136373  -227.3581614  1302.263671  1390.048997  870.6646988  1334.522561  2491.062229  1385.716806  2329.966238  
929.5128037  -268.5804012  1287.513587  1373.37073  841.4938404  1330.444768  2476.861589  1378.256673  2311.35246  
926.7719521  -255.1387906  1360.654115  1410.457721  883.8354963  1324.506685  2588.817572  1392.498407  2345.141621  
871.8210113  -279.3493792  1318.874674  1415.250439  802.3714717  1336.929484  2527.402926  1381.999636  2339.386269  
877.0251593  -236.4663722  1332.936729  1407.474385  839.708823  1345.095679  2489.222976  1390.391594  2317.821291  
947.6782328  -233.9036503  1337.824779  1407.915516  865.5978758  1342.630172  2508.638765  1394.146356  2338.60832  
906.8199165  -225.6504232  1318.691609  1419.696104  812.5768024  1338.506695  2484.171106  1375.893105  2325.471353  
908.9732386  -234.3450938  1295.552871  1404.169611  832.6369849  1335.343756  2442.260794  1386.914374  2334.304606  
889.6833519  -243.1906236  1285.776641  1415.623403  787.4405485  1332.439641  2437.662385  1370.650554  2322.020688  
922.7341213  -204.9175163  1286.183903  1406.174657  802.3009789  1333.875113  2449.111655  1379.525785  2309.502245  
941.0907711  -263.752396  1301.172088  1404.164987  812.9541025  1334.00516  2463.258987  1359.1697  2324.387823  
967.9240824  -256.9192482  1297.643973  1401.043847  851.6569559  1341.724328  2498.138509  1374.202928  2345.812558  
923.7867093  -263.2839602  1277.609875  1419.798082  811.0055539  1345.209185  2438.551961  1366.277954  2302.127715  
961.5978899  -245.1252902  1311.673819  1393.189413  805.3930146  1346.09752  2507.105584  1377.808403  2314.734328  
963.9952107  -226.4858465  1310.263814  1405.46207  815.3569777  1338.118127  2499.801242  1378.066098  2313.822184  
985.168422  -265.3082709  1317.255898  1394.846311  859.5444669  1339.441401  2510.5179  1372.419913  2340.952655  
897.9611879  -257.9939966  1321.283561  1416.925318  847.8347225  1328.797887  2495.700927  1364.257477  2336.876523  
932.6252762  -255.2949341  1320.75895  1417.985932  800.9157067  1340.424437  2483.229718  1379.103383  2346.007028  
885.8685944  -242.7102636  1331.909123  1424.518335  877.2639269  1333.249512  2461.680936  1388.878583  2328.291151  
967.7961996  -207.9568071  1327.359  1439.048224  842.0812482  1353.57386  2516.795793  1385.416192  2343.716535  
878.3853073  -273.6998302  1343.537601  1441.880959  933.8692457  1333.551144  2520.672268  1412.483246  2371.317215  
850.5756774  -258.0659955  1320.546249  1442.055981  923.913456  1318.376989  2512.96859  1408.633794  2365.586033  
881.8912473  -246.9892242  1287.014807  1405.50181  794.3693499  1352.067847  2485.988754  1376.025335  2325.640594  
824.5200555  -229.7561031  1317.455046  1387.078149  882.465444  1346.759603  2459.078979  1383.111963  2314.630256  
871.1709898  -272.9108499  1308.796824  1400.302463  835.2574337  1346.319768  2463.027167  1372.655454  2334.540292  
895.470567  -239.6644827  1291.191714  1412.888476  836.9588124  1333.255652  2447.199356  1374.994742  2319.064238  
920.288597  -274.1026405  1306.780374  1386.567535  865.5144537  1346.687209  2475.325918  1372.231036  2324.306151  
901.5993268  -240.7310543  1307.252528  1409.277163  824.8703945  1340.968794  2473.029858  1372.142518  2322.802621  
925.8215171  -263.701851  1302.772499  1399.50814  836.1184573  1345.154837  2465.821644  1377.320612  2310.174252  
906.7271673  -216.665946  1303.659593  1401.800282  868.0651428  1336.927451  2458.959948  1387.627599  2306.793557  
947.3032708  -263.4077386  1302.749897  1409.742814  859.0449699  1332.450176  2483.804034  1373.576344  2343.716341  
928.7744322  -245.1516091  1328.613217  1399.385105  884.3072477  1347.404838  2524.613371  1382.615921  2329.495693  
949.0324114  -238.482731  1322.506588  1429.202051  877.5376136  1348.845776  2507.996631  1387.401178  2331.002527  
968.1132282  -257.8741899  1335.134889  1400.143528  971.4597227  1348.668272  2504.922645  1394.445781  2344.055401  
941.3653943  -233.1743422  1307.011898  1417.588476  903.5211289  1335.593059  2486.731919  1386.36121  2319.013369  
931.123782  -232.5829599  1331.654013  1399.631268  906.6934547  1348.855586  2490.063211  1385.538939  2327.451321  
899.1918884  -230.288815  1311.489317  1412.647599  855.8756423  1330.310968  2474.926678  1384.54587  2312.141582  
882.6213564  -252.2242297  1334.219585  1409.652809  872.1445909  1353.014022  2463.405947  1387.854886  2325.653918  
931.6485288  -256.1862012  1329.082469  1412.213643  867.3605333  1343.735717  2521.173888  1382.340766  2332.340085  
925.7101787  -238.1548793  1322.05037  1397.574637  839.7570094  1336.495139  2506.053692  1384.860327  2334.782609  
923.9633796  -230.9775969  1322.765365  1403.659073  837.7042744  1344.42358  2524.445478  1383.021241  2338.649896  
876.9852287  -232.7141006  1317.655819  1418.965344  829.1024836  1336.333601  2473.481946  1391.588062  2324.571757  
909.2493502  -232.9660147  1310.458994  1401.97198  827.2627587  1340.195246  2473.850543  1389.320011  2317.380484  
880.7360428  -264.1381815  1318.665803  1383.896961  839.5054876  1348.011022  2461.688891  1384.505959  2318.333709  
917.0971632  -268.5410107  1298.393407  1422.898055  838.7270339  1341.945577  2506.453601  1381.524597  2331.583841  
975.2151145  -255.1910232  1320.238634  1410.443505  840.0861772  1336.924338  2521.672107  1385.394205  2346.329359  
883.7690297  -234.4395226  1309.907126  1411.771441  811.22584  1354.590854  2471.817303  1375.019422  2318.742931  
949.0193316  -259.5476407  1309.806818  1423.857166  841.095863  1335.579583  2488.758364  1388.794678  2359.800192  
927.9792267  -242.9491286  1328.204869  1395.278792  954.0054475  1303.229461  2494.507438  1383.800206  2357.89404  
918.8124754  -228.686929  1329.160731  1395.258333  923.2780951  1313.809676  2514.400304  1387.207761  2362.170311  
886.7083877  -262.7247932  1291.094217  1386.49939  939.1511957  1345.708028  2472.420975  1370.82033  2353.884547  
965.0383758  -247.6924447  1291.558332  1388.939695  906.5138853  1329.245975  2491.320886  1390.114934  2347.909134  
952.4248581  -266.9940891  1332.680372  1370.050754  987.5588233  1321.469943  2505.00957  1381.523258  2359.089656  
909.6612624  -241.0339957  1311.160161  1395.497354  885.8318074  1317.671071  2479.295405  1391.220125  2337.444902  
912.5357  -238.6755126  1304.664154  1397.567725  781.8536476  1332.510306  2513.245807  1368.291386  2304.579629  
907.1360956  -291.6399628  1307.271609  1411.204086  816.0488281  1342.047654  2464.644181  1378.720827  2320.544935  
901.9041209  -223.2677334  1336.471564  1414.354981  812.1200653  1329.731993  2512.869622  1378.556265  2315.76671  
887.5754078  -252.3590132  1296.92188  1437.750513  799.0157058  1337.795719  2501.684184  1371.967712  2321.21409  
927.9066985  -252.4591333  1329.738453  1428.7297  876.8795769  1340.157307  2502.897694  1388.994428  2342.359741  
905.2397841  -203.1935805  1326.566946  1417.617437  856.2216276  1329.807279  2490.854248  1385.846935  2308.538229  
928.5679491  -268.5317373  1317.734614  1401.896141  875.159297  1343.843589  2496.366958  1378.837849  2341.059955  
934.84867  -222.7783174  1334.696343  1413.850335  856.7201612  1341.335595  2489.494083  1390.307724  2328.36588  
946.7503005  -252.7668804  1327.88447  1437.694888  825.4954005  1356.589497  2493.00461  1380.438607  2341.242696  
921.5089947  -222.0401887  1328.441439  1422.845348  879.3757443  1354.180506  2482.582903  1403.350434  2327.965542  
941.2098256  -220.7743444  1337.561706  1389.786677  927.6947321  1344.215335  2535.06078  1387.856783  2322.578191  
940.2723085  -286.2617956  1330.705004  1385.362195  913.5897169  1339.697113  2524.525801  1377.995853  2338.132342  
907.5759773  -219.1613747  1304.306191  1387.096478  857.7047271  1335.167164  2477.318403  1379.33353  2306.735589  
920.9738463  -276.9790072  1283.629458  1409.075326  812.5219662  1349.902354  2460.988986  1367.524711  2318.618153  
914.9723119  -242.5551243  1327.552103  1402.689959  843.3914028  1345.942094  2472.693465  1390.317469  2320.141682  
891.9286903  -245.6142441  1313.816593  1417.649569  864.1342864  1340.689285  2471.712135  1373.244938  2304.073683  
886.2514673  -289.6093622  1310.969375  1407.703638  837.1633086  1331.690367  2468.795689  1385.337916  2330.111793  
854.0965738  -237.3800643  1322.499226  1409.585893  873.6415125  1332.787211  2453.21921  1392.022848  2333.662894  
943.0765468  -227.7977885  1307.916649  1411.510769  824.3696147  1334.308958  2496.350592  1392.626348  2307.946168  
924.5881718  -291.5098857  1300.84786  1386.619977  847.9928789  1343.030029  2520.949092  1389.287775  2335.637604  
917.1913738  -246.1516235  1330.820087  1394.194944  888.396924  1337.993798  2520.080099  1380.31884  2319.197669  
914.7731531  -277.5769751  1314.617084  1408.006042  875.2593087  1353.635126  2512.863543  1375.014033  2342.230353  
958.4981352  -255.6506168  1316.712726  1437.199529  841.7266883  1348.910922  2494.303862  1388.000865  2363.188315  
917.9230685  -216.6173537  1338.224823  1442.084604  879.2788686  1337.394012  2484.457229  1384.768065  2351.497349  
953.8367918  -232.6999204  1313.543944  1425.335343  854.6725997  1340.266767  2487.561494  1379.947171  2339.221481  
931.2851388  -255.2537807  1360.317347  1420.493279  925.9550593  1346.106249  2550.372516  1389.136149  2356.614607  
934.0000238  -226.8181136  1344.5507  1380.732818  831.7427136  1331.069026  2543.258129  1378.080143  2340.968471  
928.1528389  -268.2336164  1329.063495  1415.25659  861.3434286  1344.500865  2507.16733  1371.674838  2347.696566  
905.3483744  -201.979562  1326.846906  1442.308166  861.3463819  1326.9063  2489.943293  1382.202916  2326.285812  
871.3734499  -243.7129406  1344.368025  1436.172746  901.0850642  1328.517527  2460.703685  1386.429681  2341.544535  
903.5558765  -214.0818833  1328.844499  1421.777127  839.298826  1330.033932  2482.069236  1382.095632  2313.650873  
973.5388867  -258.8048305  1320.489488  1393.584026  897.7839118  1344.217036  2490.651257  1388.372262  2335.273098  
902.6717566  -218.217112  1321.836132  1379.424791  787.799915  1331.558292  2506.729989  1383.67845  2309.698745  
933.8886957  -264.9905471  1303.100414  1383.466205  817.450338  1349.33322  2495.288172  1378.856011  2316.143298  
912.7181606  -244.6716482  1308.480146  1390.396772  803.6931423  1325.550105  2478.882301  1367.143057  2313.781302  
946.4552091  -268.6671714  1293.827566  1405.002846  805.4465114  1337.320166  2491.567571  1364.558584  2344.495052  
894.8054196  -257.3818674  1304.085904  1412.233963  867.8579132  1334.799144  2448.670561  1367.810978  2318.134034  
928.1801008  -271.3785325  1286.780747  1389.626113  821.5340412  1353.424991  2453.466344  1355.102499  2328.521697  
882.7108344  -230.0556167  1302.650769  1405.640987  789.3608579  1333.779409  2477.819499  1365.654196  2328.157435  
873.8750624  -258.5985036  1308.38135  1413.267062  839.5601968  1338.11052  2462.654892  1374.241636  2330.952192  
856.9373434  -263.6143972  1317.472589  1390.166145  849.3597406  1332.081872  2479.867626  1382.410178  2311.589367  
908.4717635  -247.0004363  1313.025654  1415.052626  827.9898662  1340.400163  2513.049086  1387.045927  2326.090956  
918.8949892  -269.0475628  1321.38532  1404.975326  859.8278865  1339.072972  2508.881649  1385.845213  2332.272468  
881.7018637  -224.2315217  1304.78045  1399.739147  816.9766939  1332.602234  2468.238101  1386.234599  2315.905503  
900.86414  -269.49099  1299.52721  1400.08792  836.145154  1346.837073  2449.756306  1397.569541  2343.435503  
851.4840383  -226.3532691  1333.608048  1415.116662  861.4872119  1330.527714  2480.424848  1388.372426  2325.106417  
947.7633981  -228.4970803  1301.54377  1406.944782  855.8559404  1338.355587  2458.967031  1386.748411  2312.589755  
958.6162406  -273.9407221  1311.562286  1409.276983  941.199654  1342.316634  2464.888851  1382.415586  2333.729351  
918.3447184  -266.4894339  1292.423766  1414.638084  927.2457091  1336.386643  2471.453796  1370.343339  2332.599619  
945.8582921  -245.1960852  1283.400232  1405.078706  835.031001  1337.546146  2461.464287  1380.767169  2301.685108  
891.9170122  -281.1340933  1293.37486  1403.012437  912.2318619  1330.665924  2417.481042  1383.138785  2320.687197  
980.555793  -232.8518391  1302.760926  1421.499399  881.3134332  1356.087796  2461.363305  1387.457519  2314.22309  
973.8916832  -281.4695078  1319.078545  1412.687649  920.0977867  1348.944219  2520.188903  1376.257376  2346.15332  
913.2973173  -229.8049852  1328.453449  1423.352189  841.3499256  1339.618131  2514.31043  1381.316101  2342.196464  
930.8876696  -237.2409885  1313.763019  1430.158477  827.6968548  1341.033977  2495.940257  1384.646788  2336.27225  
926.5112893  -252.1718518  1327.59809  1380.922027  927.4188472  1342.690166  2478.507737  1388.383138  2312.328565  
970.8211046  -243.1591591  1323.833211  1393.436767  890.4547112  1330.710558  2526.981115  1381.257088  2352.577775  
953.446277  -272.3636144  1311.074922  1412.407729  852.0031005  1351.063533  2490.116079  1358.370148  2366.411585  
901.368139  -263.845923  1323.744188  1403.493872  879.2489527  1338.227513  2482.500522  1372.332987  2342.032979  
849.1277042  -232.4844357  1297.073454  1399.052698  812.1476674  1325.83556  2480.817932  1365.640187  2311.822193  
966.8612349  -267.6884657  1301.127174  1388.749196  839.8118827  1331.97918  2494.686268  1370.728067  2338.809507  
922.5170259  -264.7815331  1314.459131  1392.09282  875.280903  1322.842928  2494.294722  1383.850309  2346.168164  
925.2605553  -241.3509414  1297.887747  1416.510208  797.8689616  1332.185632  2512.274038  1368.491177  2338.269929  
942.3798239  -278.4142162  1313.642387  1408.899152  848.6918862  1337.838561  2490.713972  1377.413921  2348.760514  
940.0521326  -228.849439  1329.209305  1405.189475  871.9109098  1326.872568  2521.608232  1390.587571  2334.317365  
944.4790755  -236.619866  1304.119764  1427.739365  846.1210008  1340.496346  2511.111203  1383.806325  2334.762225  
928.7667745  -252.9341424  1313.231789  1402.21634  884.704596  1337.853915  2501.786547  1385.024389  2337.241018  
889.4488437  -177.7490692  1298.139232  1410.522925  794.2692118  1324.422229  2460.376489  1381.911151  2303.90898  
888.8055944  -277.4370119  1325.563402  1399.710166  890.7522469  1348.32145  2502.17563  1374.192185  2357.076131  
871.4425198  -233.0417559  1301.595875  1424.250118  785.0116265  1326.432046  2490.831878  1376.462142  2307.078497  
930.1218738  -235.4655073  1325.622851  1435.292414  870.0344018  1347.829681  2502.592196  1392.898913  2338.225729  
901.47181  -242.4542067  1344.791663  1426.031947  958.0813098  1361.327913  2501.316842  1399.594473  2352.874917  
901.5522231  -222.4825585  1342.829582  1447.630654  864.4050929  1345.769613  2499.243849  1395.949089  2339.754638  
897.481155  -261.2098713  1339.363616  1439.314727  863.2089395  1352.57124  2524.480257  1408.11704  2349.254991  
855.7773387  -225.9202594  1345.882731  1427.354232  890.2788738  1338.326343  2511.449859  1408.142206  2321.68022  
912.3769553  -216.3603772  1328.745742  1388.949658  858.4670497  1326.34112  2537.501525  1395.184454  2319.456967  
909.7566491  -264.1673773  1340.313556  1386.428835  880.0627558  1342.033572  2480.701827  1387.35808  2328.816101  
902.2678171  -233.8272443  1321.295471  1387.510979  837.7683759  1338.721043  2489.277717  1392.061139  2323.726961  
927.4147345  -248.270819  1308.197425  1401.165762  810.5922371  1344.292635  2528.20969  1374.330689  2317.120024  
960.2428762  -280.9913397  1307.062595  1397.898997  830.2106972  1349.197738  2520.362747  1377.863237  2334.697583  
936.5519787  -219.7577184  1339.97778  1387.700852  886.5533255  1340.789602  2506.968156  1377.827488  2325.328626  
933.9452628  -249.2464392  1324.529731  1421.681462  874.5841442  1331.503554  2456.568728  1369.469208  2326.476453  
941.499237  -270.6274189  1311.103967  1412.995172  850.4365509  1349.552833  2468.418319  1388.165852  2339.056008  
900.4708638  -255.4697916  1319.654828  1405.762591  839.0625794  1344.333223  2457.352803  1378.335027  2328.407378  
923.2070221  -228.3443097  1306.917786  1392.372346  874.3522109  1339.901833  2453.960579  1398.967954  2335.136349  
932.1704224  -235.6121704  1316.055588  1392.535947  891.2772453  1345.321358  2471.476156  1393.096683  2342.552504  
905.5525866  -243.1235369  1299.929635  1425.211362  871.0070334  1341.702307  2454.506666  1374.274967  2310.056174  
929.4189532  -266.7919473  1303.248796  1421.102786  800.6396841  1332.142219  2507.570432  1370.005686  2322.662942  
938.6751145  -269.9743137  1325.538706  1417.662392  868.9559888  1327.693692  2479.175237  1381.974252  2342.580287  
868.4047434  -274.3211418  1304.816345  1412.190124  884.1073959  1313.692647  2455.529412  1371.712343  2336.21163  
950.9095425  -229.9564127  1304.436704  1403.041421  868.1984885  1328.945726  2515.901772  1385.620725  2334.639719  
914.9596781  -277.0260923  1299.351698  1413.893256  865.7506289  1342.18856  2499.281115  1359.444673  2340.938492  
933.0096061  -270.764271  1313.764443  1400.900294  861.7749993  1345.187038  2493.933724  1366.57926  2339.264507  
947.3800151  -255.7635509  1311.20202  1397.806101  838.8386909  1333.06839  2512.853297  1386.796035  2328.691535  
886.3225627  -212.4596262  1320.324025  1399.349233  869.2391365  1338.254488  2478.528114  1394.402667  2315.499631  
913.4093211  -229.5183848  1309.937278  1419.431851  837.1022423  1337.488099  2504.838705  1375.387753  2328.782099  
