718.4152428  311.9375951  828.199858  2398.04819  -629.09049  151.6516215  1457.729563  681.5592184  2300.114386  
756.3584397  250.4871175  797.914633  2378.840198  -641.7058958  122.7699515  1406.520635  684.1033423  2302.968422  
781.93367  254.0058254  790.7193561  2394.283946  -663.0273949  116.7205794  1405.364165  687.9472349  2298.903467  
740.836022  278.7726955  789.0508326  2375.468905  -649.1333344  119.077499  1441.348339  683.3459709  2291.969265  
737.4726898  256.5651145  809.5254239  2389.116558  -670.1876226  131.5619813  1408.904617  678.2749924  2306.641499  
786.5884443  267.4577991  824.1656483  2398.410168  -668.836671  151.4476519  1436.331939  695.6556839  2319.454265  
727.4444602  233.3150444  792.8004871  2418.735882  -691.0791766  165.2082684  1431.88476  679.8248684  2307.408639  
826.9065578  238.884807  825.8145371  2399.650095  -665.2454338  152.5791541  1423.872784  703.8629781  2319.08387  
816.7425194  232.2087706  831.3479461  2413.528551  -696.2679449  167.8565158  1406.351768  690.5512207  2321.733026  
775.3842466  188.4704248  777.0205141  2371.344658  -690.2210775  136.5876548  1401.708305  700.8362372  2316.175679  
825.6691149  227.4719756  778.9880524  2383.088837  -703.3498545  141.1082847  1398.448467  697.7739392  2322.254623  
777.3228738  209.7555129  790.7036917  2375.272031  -688.892038  139.4393752  1376.05735  701.9733174  2335.750042  
770.8194578  215.8413694  785.180056  2394.521856  -727.8952772  126.4380727  1384.044758  683.7486124  2315.804017  
760.1111067  237.5259281  784.0620194  2384.901541  -734.4483626  126.4424364  1419.083565  689.9116524  2331.809288  
747.5602517  217.2184366  765.4797962  2378.443507  -719.4105775  111.0118432  1402.507789  677.9387881  2315.663636  
727.7801145  237.2835852  779.7143147  2362.716717  -699.4783656  139.0708839  1408.015091  684.1896755  2325.289065  
722.3165352  241.1081756  797.4703072  2367.36988  -673.0625378  146.3705565  1401.794233  701.8918073  2323.154672  
794.5451965  249.4218527  805.4198054  2410.5539  -688.7949743  133.3097604  1404.28185  692.938463  2292.835684  
795.9318755  243.6332253  771.6542271  2376.984353  -667.2842036  119.9105583  1411.397402  712.477824  2317.849014  
812.5827058  261.6658553  831.0029301  2400.996735  -615.8358025  151.7500505  1420.188166  713.7618319  2310.374654  
795.5752893  233.8043512  810.6394928  2402.549051  -645.4316096  153.6875748  1416.729373  717.3873915  2344.510359  
757.8901962  240.5520199  785.334532  2416.458239  -653.853122  144.9852986  1392.212123  718.7488275  2334.82045  
805.575588  233.9886484  758.1066462  2385.838569  -674.1001563  129.206874  1392.688333  721.9310622  2331.32613  
791.116775  261.9283292  771.0800829  2421.344343  -672.8336081  139.1537708  1395.443051  683.0885051  2292.540622  
835.3153403  308.2909804  809.7240177  2402.01635  -656.6675512  138.801586  1425.50017  666.3873841  2259.172119  
824.6791515  257.7948767  788.4044827  2393.836825  -659.5533457  135.8779025  1435.979572  654.7638114  2244.054683  
852.6492358  269.18183  758.0939613  2401.151755  -667.5222403  123.2245682  1442.66815  665.5762696  2249.649523  
854.8108122  217.3139787  755.7056984  2409.625786  -669.2351481  120.1210143  1401.250872  682.806189  2280.492495  
869.7039977  223.7879198  767.7612645  2452.010399  -674.5603522  113.5060665  1409.177404  683.079383  2288.413934  
811.9642283  193.5492222  761.2805748  2427.535295  -681.1920735  130.6813402  1388.170278  680.7155377  2296.082445  
863.600094  217.8874614  747.1979134  2421.705944  -665.7172273  111.0954649  1396.594775  699.4949489  2302.123644  
841.3661111  205.933831  747.4752691  2417.524432  -679.3938546  119.6672142  1359.244852  693.6643254  2317.748306  
734.7142808  205.5609622  754.3620644  2409.954724  -669.9346336  149.3462043  1404.697615  706.7207172  2349.555953  
809.5173932  202.9662047  776.0573902  2357.5307  -689.083404  114.14792  1410.21196  711.4891365  2337.950172  
810.4236125  257.4378938  821.0315508  2378.010169  -694.8611326  146.3852723  1413.192978  693.3187882  2313.367781  
699.3472984  252.1419061  794.7233734  2341.617497  -699.3858514  151.7256424  1450.166665  695.2760369  2315.6933  
720.8795716  197.0055724  838.037312  2390.180412  -701.8797162  150.756809  1397.996129  683.8413166  2308.227541  
715.1601414  239.1845125  801.9429181  2374.024589  -699.3738235  154.6391293  1413.194218  687.963824  2308.428961  
749.7826064  223.5408623  790.3673889  2361.31644  -728.5981429  105.6153665  1438.222526  669.8086969  2285.374145  
773.5875542  257.5268698  786.3428422  2379.085305  -694.7904157  137.0690544  1421.322016  691.0326531  2315.522881  
808.9861446  231.8658623  790.9079848  2389.991874  -679.1919692  117.2391286  1412.750223  715.3707665  2338.805171  
738.3567762  228.0282869  800.103138  2408.777055  -663.7114126  155.7073902  1415.21444  702.6238348  2337.473952  
776.2272148  257.9195835  802.0893923  2370.310047  -629.4782633  127.8691822  1410.173498  713.0038543  2318.593821  
755.4111776  222.6010387  802.262574  2408.970058  -660.2304297  156.7670959  1387.491632  703.0877025  2337.0881  
803.8888073  265.6618271  815.8218229  2388.246669  -634.5433085  153.7375969  1420.59507  709.4939769  2317.96295  
765.2276104  253.121894  849.7273976  2423.621913  -653.150285  156.5836371  1412.064488  691.8955276  2335.069178  
741.9997013  267.2286491  827.7682683  2411.583435  -662.2880853  160.3594616  1433.547768  710.6201793  2333.912544  
784.0096087  247.5303625  808.6514275  2396.960788  -652.4705887  129.8361284  1407.384192  704.0347682  2321.930898  
760.8176958  260.4741741  775.505673  2400.149129  -658.5599015  134.2862804  1398.813474  711.5080052  2326.258376  
807.9569628  286.6718737  821.3849014  2418.704042  -660.4564067  147.1265481  1400.329506  706.6640558  2323.54913  
799.2235723  267.6670629  818.2345719  2394.247759  -644.3441728  131.512566  1389.916867  689.0543624  2303.4065  
756.8081379  248.7208519  773.8726088  2380.29579  -677.4774551  121.2059362  1421.375645  685.3757269  2290.69449  
795.1460053  279.6759204  782.9289635  2347.287777  -652.5915694  124.1964873  1462.81676  680.8438579  2283.84622  
776.2437287  251.8014038  796.6525045  2373.913203  -655.672891  144.2494636  1430.929029  675.8058604  2284.619956  
760.9661988  234.0400329  758.930172  2364.414663  -684.6596829  117.7618148  1407.859841  685.0755345  2294.075073  
780.4825713  276.8751196  802.5272276  2383.997211  -670.9976054  130.0891494  1435.687721  690.1572571  2275.057853  
706.4907709  213.1310054  770.4659045  2380.811964  -725.2151139  150.1831372  1435.930047  678.2132166  2309.120371  
711.1558196  224.4198962  829.205879  2393.559525  -706.2008345  143.5885537  1428.919723  682.7555783  2303.952787  
725.9855448  238.7147161  802.3002995  2366.0159  -716.387195  141.4096539  1425.238348  690.6650739  2309.143185  
733.6981241  184.2168374  790.9597229  2386.558943  -736.9516049  126.345741  1399.53684  684.9610662  2319.632972  
674.575875  194.3425623  760.8071125  2386.995749  -717.3435396  149.8500916  1398.642251  699.4052934  2346.888759  
805.8726169  245.7054335  814.8731682  2395.731557  -680.8318159  143.0832991  1411.763903  678.5411475  2307.398369  
801.7593632  272.7100657  820.3621783  2382.145707  -651.1279289  151.0362993  1411.393303  694.405728  2311.05155  
783.8705576  274.1258917  827.7010221  2387.1971  -679.1010284  155.3985586  1461.691422  690.4780675  2310.355775  
713.5254996  238.0687609  840.1654929  2428.898527  -685.9635256  178.0638497  1413.816993  692.5874667  2351.720664  
776.8944288  227.3339753  793.7301013  2390.659356  -689.3548252  132.6809705  1411.346676  714.9506665  2349.844428  
757.7377796  245.4685997  802.0132858  2396.372826  -660.2555397  154.2962461  1392.882264  713.1467921  2346.909036  
820.5804297  297.5269513  777.0137302  2382.71668  -665.7845726  101.4807531  1419.029185  709.5181542  2300.213693  
722.6122701  227.3758423  735.4944296  2398.076803  -687.2112644  126.8892978  1376.086766  709.0294114  2339.128642  
796.3020677  271.9655736  792.7892958  2397.737168  -627.1136237  107.6981504  1399.869388  705.0519569  2297.054705  
828.4931621  294.5576684  853.0486546  2409.689093  -635.2768644  152.7910263  1440.206308  670.3453105  2286.227992  
760.9735968  257.3096711  821.1876308  2395.546988  -677.0371975  154.6448067  1435.279408  675.3156759  2317.53654  
762.7969955  262.1412256  850.7331485  2394.901928  -684.7399521  171.0821013  1439.795853  648.5688348  2289.037184  
835.7334149  268.1389828  836.0939083  2376.540633  -693.5273633  134.3003883  1436.151284  667.4055061  2303.373041  
812.2711349  233.2443155  817.8225837  2368.386567  -685.7582858  130.9980781  1421.853594  680.0819448  2295.960775  
813.6784057  228.3349332  763.9202524  2346.896309  -659.7859096  113.2660798  1421.382579  680.1490527  2274.019797  
863.2921393  243.3395037  750.7562513  2363.506106  -673.8586893  113.115808  1414.195415  672.2596576  2261.966119  
780.3561004  211.5315058  730.5996759  2356.422998  -686.5910544  117.209743  1411.146781  683.1546632  2295.143317  
779.9041972  232.6599715  745.0650665  2413.802125  -709.095576  129.1370095  1406.564864  666.2912641  2305.137027  
827.162903  230.3017637  772.7727794  2391.955261  -702.5232312  116.2865563  1418.196133  678.8174145  2312.577387  
791.3889737  216.0714311  787.3114781  2432.989077  -695.8522088  136.2986489  1395.744889  687.7921278  2330.810016  
770.3975079  232.0196645  817.4345702  2413.582424  -675.4209591  162.8047224  1398.378846  720.9135373  2379.071397  
800.2997539  249.8636543  865.3271766  2460.261119  -654.6253955  182.6233651  1383.580449  720.133396  2361.98448  
727.2268517  211.8054187  804.988361  2441.069803  -656.6762739  179.0149191  1384.355994  728.3370295  2377.511181  
791.5666064  284.2234934  816.3712667  2468.75384  -614.2917443  155.6099315  1407.920672  710.3577285  2316.174211  
714.6182553  312.6936899  808.1013421  2433.662988  -583.9292009  129.8850215  1453.088835  721.4184934  2307.651728  
767.1989355  298.9722824  807.2411173  2408.193155  -604.6420952  122.6783471  1461.751263  729.4121303  2329.249779  
650.6904256  262.1845058  820.7568802  2377.27724  -627.3669438  165.2195311  1460.619063  710.7648302  2317.082928  
733.2111559  280.4858207  812.4165725  2331.472119  -638.2919073  133.2272062  1488.96151  680.5013004  2267.60326  
762.8417892  281.2736396  819.783095  2306.315575  -673.6958831  116.181548  1464.342635  674.7855714  2264.420746  
727.7792399  254.5674267  808.2818757  2359.977645  -716.4506196  159.4406526  1413.274706  676.8749042  2300.087775  
726.3328558  275.4974345  810.6297793  2333.790351  -671.3611824  145.626161  1448.695033  683.1848039  2275.563794  
769.294383  220.9887553  786.5134793  2392.4657  -704.8241528  131.5806257  1402.561002  652.7367405  2268.280446  
775.8540926  225.4461746  747.3043039  2408.64828  -712.6928262  139.848564  1390.85621  689.4128422  2314.555678  
824.5761378  191.7728826  743.4022321  2407.471719  -703.0093236  98.5783612  1406.036913  691.9552007  2313.025681  
812.0815369  239.3351168  770.7772249  2425.772836  -711.0745723  131.3048995  1383.229131  698.1778522  2332.368773  
805.8277766  243.2965969  758.9256141  2398.593426  -719.1093721  95.0981897  1394.736224  685.1449951  2322.46219  
826.3983203  214.6744972  769.6795226  2406.788441  -732.6654433  105.8522656  1349.453052  684.2435949  2328.102442  
777.3909505  233.2125831  782.6129133  2379.074921  -696.0303569  101.113136  1396.834285  686.453709  2315.200242  
780.8988924  235.857972  785.9921506  2374.688745  -695.0781634  87.66103274  1389.346216  689.7844441  2321.740148  
721.7276183  205.4315607  712.4409388  2392.659182  -720.3495387  108.9147412  1377.022236  698.7194576  2348.488535  
808.1722315  279.2526531  807.6823298  2396.805865  -649.2654792  135.5060993  1402.67693  702.7336053  2316.813006  
812.1772536  205.5291164  789.9284101  2401.153771  -667.51634  123.1702046  1392.939966  696.1145021  2324.088319  
840.6593294  253.8691209  808.7016801  2398.644142  -680.31426  118.5288131  1403.829334  689.6332485  2295.102397  
787.8697808  207.6533275  787.833149  2364.969252  -664.1330101  142.5874057  1409.643082  689.6996125  2286.539713  
762.102012  268.632643  800.0657821  2360.869792  -659.9985847  139.9601601  1484.55814  670.8069722  2251.608841  
766.6850855  243.7884242  829.3331276  2359.817518  -666.6671925  187.312798  1428.589674  690.2734369  2292.884366  
795.6370234  242.0568276  805.9755097  2387.381403  -681.9884691  146.4358316  1416.982697  676.6287304  2306.932951  
791.4860964  250.8097457  787.854474  2397.4182  -693.9034812  159.6579843  1387.935051  672.7805899  2326.47822  
767.4164705  233.0804036  811.431392  2368.708734  -695.8266793  148.1958934  1417.63924  684.3140203  2323.9944  
768.0564648  239.0582608  778.3503206  2398.106692  -674.5366606  155.2389186  1417.986552  672.0411748  2296.054046  
788.9977285  245.2980676  762.9119958  2415.966552  -681.6759882  151.6994715  1378.89426  667.9960648  2306.618755  
835.5108432  215.6503906  735.22685  2411.35235  -677.7695845  108.1968684  1370.485048  699.6973071  2308.302761  
822.1972666  220.4950773  758.5227464  2446.431634  -637.1184237  108.798881  1371.849223  711.1034836  2318.574354  
763.9407979  263.6639935  783.8400029  2415.076457  -622.5809067  130.6180346  1425.552554  730.267886  2312.618788  
737.5819907  276.9336336  814.3854481  2362.296696  -637.9872785  103.514293  1457.428256  700.9627377  2288.245191  
732.0745263  248.6889899  816.9646548  2398.322863  -685.5836662  139.0927594  1380.625121  699.5102154  2354.338463  
743.226076  252.702673  812.7720081  2402.082812  -665.7473796  157.0746904  1409.502428  713.3845351  2372.213687  
747.7031448  244.9544584  862.1298787  2403.265271  -667.7656101  158.4527223  1405.926248  692.7334115  2337.577129  
662.6294753  265.8383906  844.834813  2397.655572  -663.2855218  210.3371341  1452.16508  685.2106011  2334.790083  
774.6873032  283.3732466  859.0566939  2384.029264  -651.6390901  181.8242792  1425.31042  723.7812056  2354.252456  
764.325902  243.4408357  875.4065066  2476.412359  -643.8800705  219.7559432  1358.219181  745.3364206  2397.470531  
731.6483173  298.7311254  873.1897381  2424.580088  -599.2612374  171.3097497  1414.748221  730.7567558  2322.789368  
744.2049914  288.5905293  845.2084634  2384.189032  -626.9587935  144.2440025  1452.378697  682.2754456  2267.942924  
737.5335847  292.627285  798.6239077  2352.041685  -665.5595277  152.0630743  1490.321386  671.7694751  2261.621122  
825.0562245  232.5396507  757.090477  2327.793557  -705.3032353  92.44636298  1440.985628  670.5754125  2264.980666  
800.6093324  242.4388177  753.5265753  2372.833793  -728.0538307  120.1176825  1401.327874  664.2319577  2282.058234  
808.0317719  240.5617859  752.9418893  2351.518538  -710.7665124  100.242181  1432.005024  672.9980189  2292.933649  
795.3126455  219.1699993  778.8705612  2378.318634  -719.1419208  107.6626241  1411.600081  655.1906038  2272.260988  
791.4857332  180.908901  775.1546442  2396.355719  -703.6249883  113.3625347  1393.357995  674.8520326  2307.259475  
825.3861736  152.6326682  760.724614  2455.429126  -688.3127822  114.7038889  1362.4744  717.2871563  2365.561224  
863.0154662  183.7271837  850.3478904  2503.348618  -636.5242052  149.8160686  1333.026917  730.0681656  2363.312042  
772.4254453  217.3711384  803.8496703  2455.202966  -631.3426081  152.7624568  1380.339295  717.6377616  2321.454121  
772.5260064  310.8580316  788.665315  2368.440268  -640.2877006  111.472317  1497.419977  678.5146756  2268.49633  
764.9021314  275.552225  810.3312959  2361.454478  -686.8319056  117.2209675  1433.582574  669.5372839  2285.675156  
727.0269113  279.5638206  787.3417794  2333.234099  -673.9795312  141.5326707  1482.738014  672.9044943  2286.586537  
754.1767699  254.0713602  801.3614487  2348.69425  -677.6603804  124.9054789  1444.342254  665.3089115  2268.57224  
807.6496649  251.6912401  753.3225316  2341.339409  -686.6800141  121.7538604  1460.175961  682.2071414  2283.200899  
727.1121184  240.9448399  764.5177534  2360.573815  -686.8837453  117.1891788  1421.117767  678.5434411  2277.488981  
749.5370357  280.6884262  782.6063958  2371.431173  -693.7642244  135.5608228  1462.537893  682.4917129  2296.294196  
774.0078922  215.835956  802.5537923  2366.588378  -701.8068786  123.2305454  1433.285161  685.4367333  2297.898303  
775.7264382  252.3042814  797.7997826  2364.733282  -688.8359196  145.0868732  1418.833319  693.3101072  2316.61906  
775.9302753  238.6504777  775.4140926  2357.498608  -672.2925482  115.4092301  1421.829141  699.5322423  2313.979601  
838.5661965  246.7459049  813.691227  2411.856878  -654.4577197  142.9678197  1418.803431  683.2632421  2291.166584  
725.5929696  200.0789021  781.9845498  2407.247198  -660.7937987  191.9763033  1424.643684  708.7960688  2342.775089  
840.8508429  216.370313  853.3181532  2398.653693  -653.4806741  183.9255452  1400.105431  710.4925904  2330.061678  
790.1908497  232.532399  834.69371  2421.723342  -668.8364679  197.918019  1378.591806  717.8077943  2338.299212  
808.9022071  281.5152361  842.7642929  2385.795928  -651.3833985  133.9584948  1426.622594  693.1574425  2287.76946  
718.9916897  259.4356327  770.4246045  2416.788693  -692.8248136  122.0374195  1380.47853  680.8268001  2298.237417  
745.9843203  301.3615138  766.0462635  2421.122051  -706.9973129  132.257095  1409.484967  676.2019222  2327.269845  
712.667764  286.3939968  804.9773145  2423.183401  -701.2427332  140.157802  1403.245989  664.0557495  2325.881428  
738.2240248  300.3180797  825.9651528  2409.867144  -705.6189001  142.1642562  1416.894857  668.5230613  2323.320426  
769.4539795  237.3199388  801.9988012  2388.767249  -726.8874516  125.6427768  1384.444098  667.9773787  2326.988172  
714.2475233  230.1458195  784.4021852  2407.574872  -729.8617839  149.420536  1378.094752  671.4615198  2341.16137  
805.6900195  202.4156274  812.2323281  2365.1348  -704.8329086  128.4115661  1380.692559  681.6882043  2321.94186  
767.9869977  213.3558294  795.4174621  2378.246706  -681.4645147  143.028131  1415.997552  689.8100132  2300.261521  
808.573611  272.1402497  822.3245552  2374.087723  -653.1555343  147.0244026  1433.776368  700.6514182  2306.850087  
765.2344759  218.2010575  804.2599994  2401.953013  -685.108338  144.8025367  1387.798449  688.2802555  2328.630729  
733.8817899  229.3148262  787.6523828  2357.547153  -680.5467372  131.985476  1401.844336  683.868886  2311.048867  
733.9294353  269.4853023  798.2912391  2369.625265  -674.7404337  142.5930978  1396.86957  690.2277923  2335.183627  
772.3432548  244.590297  777.389052  2415.25173  -699.3574976  132.3521365  1364.027652  676.0637699  2325.726637  
789.4068528  258.129189  774.3885639  2370.405628  -661.7766207  115.1668412  1439.366892  668.6211827  2267.342042  
779.1096447  278.401896  768.8983751  2352.882462  -672.4012449  116.5552737  1444.862688  666.7508603  2246.406883  
785.4573627  278.8916684  815.7263972  2375.772545  -664.8286921  150.9564628  1447.5642  661.226013  2256.841057  
798.1276918  285.6287896  803.0462537  2367.753856  -682.3807975  126.9785765  1445.00991  660.7258552  2273.131495  
821.2697721  251.4702644  805.7600191  2414.163642  -683.2113388  137.3606249  1435.086722  661.8667032  2280.737908  
839.9683755  265.9433508  780.6950866  2400.448361  -680.1555146  122.3863124  1411.277098  667.8217237  2289.314016  
861.1905156  232.0822756  771.8129901  2438.918255  -676.0874199  111.2286024  1372.109243  695.9747327  2320.533302  
721.4487233  231.7291046  811.185257  2472.916221  -633.6137272  141.8044198  1358.971292  744.7406695  2350.797769  
774.7163388  257.8637789  811.5474916  2457.120964  -609.685815  115.1580795  1439.520989  730.4038767  2302.562096  
699.7086145  191.763493  750.8231297  2418.701226  -666.1061285  119.0895593  1423.536531  727.494583  2336.390111  
792.3815715  290.8303943  828.455945  2394.908742  -670.2693645  174.3319768  1443.674216  705.0458841  2329.118944  
671.7258123  241.0814367  796.0184324  2376.65967  -664.0747225  163.2811384  1440.895716  713.6324926  2353.940408  
786.5163272  208.0737596  812.9166199  2351.287714  -676.1013585  127.28297  1435.728242  715.1314842  2325.437536  
757.3825806  212.345095  818.0769643  2389.648887  -686.0353602  150.9390978  1391.620047  706.7205702  2333.664658  
779.6867288  235.7692625  800.4514927  2365.99797  -682.8906938  131.2339796  1408.01366  720.585427  2340.371796  
780.604073  206.9008102  808.6999506  2395.067195  -699.6047138  124.0801298  1388.542611  694.6012067  2313.991265  
798.9764279  233.5476855  822.3676989  2399.411488  -672.0394444  156.7664742  1400.519083  701.5648691  2325.442402  
783.4781474  229.5514346  837.3728699  2418.788112  -670.7315027  142.5353479  1421.135883  677.8506262  2297.552136  
717.5558082  253.516169  778.5783915  2401.836973  -664.8110419  146.2223798  1425.35603  673.8311019  2285.901492  
770.650712  215.5447999  699.4257564  2356.338712  -682.7864843  110.9390171  1409.064512  711.3711077  2331.572487  
801.1046318  238.3829356  793.6218537  2381.68217  -679.3033221  131.6889786  1377.010435  686.0635222  2304.613073  
813.0835049  221.2981707  758.2177609  2399.542018  -696.4820448  109.148616  1375.688993  671.3230576  2300.211247  
824.4751365  182.315188  720.3967324  2382.603617  -710.1109973  98.55312811  1383.916236  692.6775655  2319.198624  
818.6785099  183.5928905  737.1276378  2391.687896  -688.6004541  106.8670394  1378.975104  701.1443791  2312.458619  
825.8250527  249.5919313  801.96299  2401.276009  -684.2427017  153.3189045  1403.152575  705.3486953  2308.658117  
774.1347182  265.4064902  795.5149458  2376.573289  -656.3768923  137.2439181  1463.203556  682.670646  2267.344447  
714.2084839  275.8518593  783.8380436  2372.230098  -671.4438826  163.4888045  1474.357125  654.3610376  2261.432953  
808.1686205  256.9061403  809.2789594  2358.300545  -681.1436748  132.0461382  1422.32426  687.3553415  2298.687278  
748.8001769  247.783116  826.0947247  2415.927343  -701.393362  172.556673  1408.982498  676.5587821  2312.997615  
749.0988307  269.4873485  808.5944291  2387.295633  -666.4108356  164.2799361  1429.945858  703.4784223  2334.643259  
753.3952534  209.8951383  768.8630699  2377.50714  -714.3852802  125.1683535  1391.622833  701.2185906  2343.861391  
788.7951527  252.0585321  815.8966649  2400.218743  -711.3309023  118.8968329  1367.398037  695.4510281  2335.108731  
798.5615885  285.990507  834.3389822  2468.095615  -652.7945812  142.4860722  1376.613195  709.8792357  2347.801359  
800.4292243  247.7462295  803.4487053  2443.339816  -637.3105789  161.1575273  1392.091016  717.5023952  2343.162552  
765.2949722  267.5356587  804.16278  2389.50618  -617.0379343  132.6236769  1426.911398  714.419484  2319.300462  
775.8738775  274.1645854  810.8213534  2362.315614  -655.858048  139.8318113  1437.846637  685.7671609  2295.335618  
763.046444  240.5647928  789.6067028  2347.09835  -670.4503619  117.7289956  1428.974389  675.386477  2284.432326  
770.524561  264.300249  844.5709696  2370.895262  -674.9385455  138.2042056  1444.903091  657.3532186  2271.513837  
709.6736917  211.3566836  770.2451363  2405.361137  -707.6068922  142.5645623  1424.791307  673.5351413  2312.770526  
