1565.074066  58.58171891  473.744093  1555.609789  -153.4041548  1279.713867  2875.536541  1379.112256  2046.817785  
1532.713507  36.89658668  473.5200032  1551.353239  -141.7475871  1288.525776  2851.354646  1366.193932  2040.286995  
1587.715163  72.50833278  490.9801693  1533.671441  -152.2032832  1301.020556  2844.833892  1374.057155  2050.808889  
1562.707122  39.70137587  498.3564631  1531.592223  -167.4234279  1284.708666  2864.643178  1372.748859  2050.912134  
1490.214298  -8.49558479  469.2999948  1553.960291  -169.466628  1288.737534  2847.333835  1365.267121  2066.953423  
1578.316667  30.36442927  484.3284157  1566.004876  -175.1567402  1286.386791  2855.053288  1372.0445  2051.751538  
1570.284488  65.11113754  490.2049903  1536.697784  -124.5053506  1292.556805  2795.179671  1347.123532  2035.155216  
1519.497339  51.7512081  471.347425  1530.721769  -118.1276331  1290.049458  2771.083677  1345.909178  2026.718302  
1571.010002  84.03636611  481.1618197  1544.191862  -154.6521456  1294.189039  2821.246672  1353.81552  2023.253064  
1577.190238  73.30290087  492.3264117  1539.850478  -150.8518133  1299.404622  2863.851048  1366.47974  2038.74871  
1564.98071  58.78763119  499.2165443  1536.070389  -140.7852411  1294.094334  2845.470665  1366.871956  2031.94118  
1553.225781  36.26150471  497.0654577  1534.159021  -116.5263186  1288.68981  2845.870224  1375.459282  2056.356633  
1587.725681  47.12087825  517.0477623  1544.971667  -161.8245982  1318.332782  2895.817292  1377.431633  2066.239895  
1589.928166  39.2127618  492.4935238  1554.766592  -161.8148832  1317.055209  2880.949041  1363.89801  2047.273834  
1591.067374  57.59053111  511.344762  1518.812564  -117.8990784  1311.874975  2837.683234  1354.921435  2042.905598  
1603.548164  71.03365164  497.3711372  1529.525539  -135.3508838  1297.705452  2840.7482  1359.660057  2022.802132  
1551.555396  41.72849534  489.440043  1533.354722  -169.7961214  1300.042252  2863.251032  1365.530986  2050.456398  
1576.075881  63.76505826  512.7493964  1537.10683  -127.9034089  1283.462793  2884.951348  1379.126869  2045.589717  
1571.188682  47.61038006  499.9144488  1531.733902  -129.7960852  1291.566213  2881.88185  1376.647507  2043.729855  
1571.904743  54.02733421  485.9527926  1545.148725  -181.3696063  1307.510735  2880.45352  1374.966903  2050.872358  
1513.571949  31.68590665  493.4951913  1530.392162  -174.4138981  1283.573446  2839.374318  1372.698511  2048.367457  
1591.802721  27.24637716  484.4500333  1570.513191  -176.1589275  1300.91465  2905.603744  1398.517687  2074.962451  
1574.341028  42.58579049  500.4649048  1571.680256  -124.523868  1289.421255  2894.181326  1383.68196  2060.203774  
1563.565812  55.57458503  500.4832262  1553.979507  -99.1327668  1287.781117  2894.453877  1379.44743  2047.54579  
1535.969534  57.06235563  486.6774518  1531.690257  -118.7802026  1295.321995  2834.823426  1367.377169  2035.124297  
1532.925568  52.43770246  490.5757584  1545.143158  -139.6145585  1312.662619  2855.062882  1370.056403  2037.782855  
1551.247805  48.66490145  492.6863321  1546.675767  -178.9546402  1314.787506  2876.445927  1375.548439  2055.376577  
1592.062984  70.83919078  518.1502483  1535.507219  -143.5287284  1300.131348  2876.405398  1376.346988  2053.389192  
1524.262795  28.98263016  472.7491387  1539.829502  -115.661645  1286.41166  2821.089122  1372.72176  2059.64312  
1600.315513  63.10580465  499.3004285  1543.132299  -172.0825389  1312.773016  2865.111891  1375.899431  2056.942958  
1549.866002  39.88751234  479.1743831  1554.823432  -162.1030885  1287.875021  2862.333018  1373.983677  2059.410245  
1560.571609  28.48488235  492.4845581  1551.800406  -163.6229234  1293.564964  2869.582023  1372.371529  2080.176103  
1573.233615  34.64371425  480.7346368  1576.586913  -137.3599365  1290.243856  2878.945354  1376.664859  2065.198258  
1582.365234  63.50397376  487.8512226  1578.794953  -140.6815115  1291.144726  2840.357424  1367.170819  2042.895739  
1597.382038  82.42224634  477.2539589  1545.600146  -124.4593447  1278.945659  2822.588825  1367.297213  2022.012009  
1510.278251  23.44732387  452.8503266  1546.723427  -130.6320113  1284.268501  2795.268925  1360.709641  2034.437621  
1528.793762  32.68880908  455.9905646  1562.809822  -171.3495247  1288.974927  2838.085955  1373.441551  2025.626306  
1543.557695  25.04515934  465.2755529  1558.826726  -185.1397586  1304.049471  2857.752511  1369.394787  2029.853918  
1556.451344  25.38954074  482.4987355  1547.553834  -154.2508974  1291.479836  2866.184349  1364.93314  2032.317312  
1547.566764  32.93075696  461.7287812  1551.973558  -173.8748277  1305.275251  2873.771946  1364.153543  2040.684471  
1545.069206  37.99299326  472.2386592  1544.364083  -168.5498415  1299.172401  2841.268869  1365.529484  2038.63352  
1603.131804  66.68681207  477.0407582  1553.414564  -153.1737711  1306.870969  2836.223639  1360.999577  2027.41224  
1584.380055  80.76014557  477.3898146  1531.224188  -106.6893243  1279.83552  2784.568731  1355.048058  2019.604624  
1582.001189  71.57930492  475.4880387  1536.999023  -117.2096617  1283.757789  2793.081809  1368.341543  2036.734251  
1572.434182  35.05158292  506.7827592  1560.604711  -131.513183  1287.985543  2858.910861  1374.401616  2058.715647  
1583.066  33.57443752  504.1548723  1565.092577  -115.1607393  1277.805528  2895.249468  1389.505838  2076.505513  
1569.457664  34.93637404  515.3415471  1543.431575  -131.8173187  1279.812765  2892.001698  1378.273153  2050.494996  
1535.154206  28.55991938  497.711652  1520.760951  -114.2392167  1294.677214  2843.61319  1357.254014  2056.288028  
1589.927474  68.27822742  481.2421932  1555.812965  -136.4376692  1289.0608  2834.432171  1365.903207  2031.444236  
1533.623101  47.3502024  491.7572375  1545.774617  -174.330915  1308.012956  2844.524537  1372.483724  2043.595566  
1542.081136  34.2716901  496.1286029  1533.495027  -183.4221838  1300.409811  2826.671766  1372.817891  2038.005471  
1586.55054  53.59536368  496.3701553  1535.744667  -176.1948776  1305.588396  2833.283923  1374.959732  2028.375265  
1586.783017  49.6785111  488.0387661  1540.457747  -161.5025958  1305.246852  2881.854903  1374.240918  2044.405295  
1554.564141  37.15624466  492.4359026  1546.198562  -186.8440094  1338.492454  2854.335679  1370.292725  2052.249764  
1529.543976  40.87924494  476.7449419  1542.903874  -159.5557311  1313.165897  2802.822746  1359.654062  2045.528301  
1537.015588  49.27088023  496.7620764  1540.578572  -193.6445805  1320.613176  2835.961211  1359.071033  2046.126881  
1590.43058  75.11642255  517.04917  1523.044992  -175.4886758  1298.63313  2841.784872  1370.806968  2048.675107  
1557.727316  38.93743169  480.0719789  1542.223503  -160.0527376  1290.211071  2845.732559  1372.640963  2042.668555  
1578.015991  62.71409322  501.8423396  1523.163132  -177.1569569  1291.837378  2855.780062  1365.273046  2049.220152  
1532.213727  33.60352706  467.1518728  1557.645022  -201.5692602  1303.549956  2873.710968  1362.516216  2067.152472  
1555.268362  56.68346828  483.6287959  1560.25167  -123.3150371  1296.211558  2825.413971  1361.398823  2080.308512  
1548.890625  74.05076181  522.2547896  1539.618485  -78.6428103  1274.399247  2846.72929  1368.117286  2056.371539  
1531.118752  32.85766802  488.06909  1529.073626  -101.8970253  1278.073268  2844.405694  1365.872194  2039.23314  
1528.160297  58.14802411  482.4978881  1524.162268  -97.5061423  1294.537913  2832.349032  1360.285162  2041.777419  
1608.225719  98.82202362  486.7471975  1524.310195  -118.8302797  1287.620179  2854.564016  1365.379057  2048.964955  
1549.040826  65.25740978  492.3466278  1504.658843  -140.2215569  1276.778183  2837.479458  1356.197841  2065.186369  
1524.109562  -1.216544363  465.8749675  1555.731367  -198.4876363  1309.416136  2896.532511  1358.417863  2069.105216  
1590.814668  33.44326019  496.1703658  1575.665448  -146.7065706  1284.33207  2894.884262  1366.546469  2062.352115  
1555.569129  52.91237022  475.6978633  1568.56658  -80.79977915  1280.311519  2793.279044  1369.693826  2062.905924  
1561.269008  24.86087805  486.6683265  1571.751394  -151.3089655  1289.598936  2889.544477  1372.13995  2050.534915  
1565.487573  45.71880393  498.473532  1541.160904  -141.5091454  1293.430382  2883.68074  1370.677419  2059.055177  
1530.433653  25.9959303  462.4457042  1561.643849  -134.8041785  1294.285177  2846.339233  1369.359241  2049.424876  
1595.325705  79.07486546  494.1182606  1573.805407  -94.0721144  1290.506506  2822.599372  1370.393682  2051.416216  
1577.277769  66.40432966  509.4034773  1529.21096  -70.79454814  1286.371195  2835.686662  1373.876682  2058.957442  
1587.956293  64.57305009  507.6679094  1509.948302  -93.11939614  1282.506136  2834.916142  1368.041738  2035.428341  
1558.873923  41.89040829  484.6076057  1526.492431  -150.7415546  1313.142868  2872.346676  1371.411265  2052.827539  
1554.768091  49.08895817  505.6390769  1541.659251  -149.6698214  1292.227922  2873.368239  1373.053402  2065.563788  
1544.613519  39.00720397  498.9463758  1515.413209  -130.4353924  1281.859007  2838.539339  1361.193225  2080.928344  
1571.882496  42.91083864  492.0528001  1549.455278  -177.4453167  1294.236104  2902.628584  1370.330749  2063.403103  
1567.154901  45.90537754  503.3605556  1550.185046  -148.159724  1309.065895  2856.191843  1367.667891  2042.062925  
1572.365003  44.06599344  481.9960757  1552.034677  -149.8102355  1316.528321  2826.674746  1360.676254  2037.676778  
1607.731717  92.94279593  496.8160434  1546.511398  -152.3023678  1294.043051  2851.601152  1382.008508  2032.737507  
1526.471256  74.01934271  496.676822  1531.49191  -122.1171067  1272.197596  2823.851522  1369.770085  2036.020886  
1541.411136  56.60204722  483.6903635  1528.819922  -173.9140089  1280.406143  2797.524736  1367.049044  2009.806881  
1541.500984  39.04441265  482.2170309  1540.388925  -176.8529278  1301.120314  2830.604583  1364.992284  2020.352796  
1578.150702  40.00403439  484.5419666  1528.456509  -207.0206805  1294.715514  2854.119851  1375.059283  2010.81502  
1530.735103  20.94778956  470.0517683  1543.313761  -194.4458504  1310.284937  2868.061561  1362.109144  2026.764207  
1547.909391  33.83931728  463.4004865  1571.054472  -154.7403668  1288.265553  2834.056601  1377.81021  2040.307538  
1579.093938  49.07578886  500.3479749  1574.228998  -148.7428521  1303.546208  2849.096245  1367.878399  2058.334466  
1583.526479  61.13450565  520.7284287  1527.027842  -134.4413165  1285.108778  2852.596523  1375.114866  2057.703103  
1549.55994  34.72228381  499.33295  1510.417588  -165.771695  1304.432863  2888.892467  1371.783629  2072.919653  
1573.1961  42.47590357  467.8114887  1543.736202  -126.2079523  1287.780268  2833.448139  1368.83207  2051.38917  
1600.316242  65.39992051  519.1289936  1517.766505  -125.1940618  1287.516502  2875.415623  1372.185472  2032.989122  
1570.551004  40.0051468  490.4910311  1526.551365  -132.7493274  1287.062049  2879.622093  1361.961084  2042.928557  
1614.590633  63.56204875  506.3573607  1509.935092  -197.2392067  1309.717426  2894.216574  1376.083801  2042.855861  
1513.94007  8.580133542  470.2888172  1529.775479  -222.9707664  1322.608932  2904.31563  1357.182524  2048.061817  
1545.622622  17.24377762  454.8014328  1575.576413  -164.7180862  1310.413082  2874.207032  1368.52333  2055.2353  
1563.772631  55.27601816  475.7068066  1552.359724  -137.9655587  1291.964084  2836.29264  1361.878929  2029.856441  
1508.638866  47.32340395  480.2086887  1540.148025  -120.8545942  1298.958285  2813.808498  1356.003257  2050.817999  
1510.368561  33.86300921  455.9056501  1546.119278  -134.1206911  1292.221598  2831.896733  1347.073059  2055.340373  
1577.419468  79.14438009  506.4987198  1548.220668  -122.7351114  1289.105062  2848.163886  1366.547008  2031.848264  
1561.284402  49.28963862  473.8520896  1553.172721  -109.8406788  1309.295353  2849.949966  1369.945492  2036.948804  
1614.590591  66.12719827  479.1319865  1557.07107  -106.5358557  1306.689241  2855.647875  1367.988696  2043.156442  
1570.55303  70.65088053  485.9763693  1541.897383  -150.9091267  1302.856238  2825.135413  1353.996961  2044.291601  
1536.799757  51.09485525  469.5690349  1552.530429  -171.591145  1322.582849  2795.929504  1361.535647  2055.90558  
1592.098417  59.43002865  490.1769847  1575.910679  -210.1320102  1328.615048  2859.299758  1370.040254  2035.766399  
1555.656  54.16099709  491.9168862  1559.982838  -164.2358744  1312.329398  2813.156679  1367.686686  2043.922245  
1582.176333  86.18308583  511.3787718  1555.105994  -132.5928488  1313.409785  2860.836658  1371.473579  2066.718404  
1555.980267  66.90282247  506.7227847  1558.043427  -104.0913765  1292.093898  2851.629538  1383.187346  2081.139566  
1585.077561  73.01096825  511.0110493  1526.670688  -149.5079067  1276.608721  2881.718161  1376.398605  2082.237987  
1475.242505  -29.49201444  469.1217631  1551.345642  -174.6945858  1299.451707  2892.241292  1373.976881  2092.258762  
1641.095743  90.12705094  519.4168649  1542.077283  -77.56244745  1268.916589  2911.662514  1372.474408  2041.785526  
1555.611527  62.30229565  500.1281035  1521.963722  -99.49404418  1264.469021  2831.536238  1363.287959  2033.210423  
1566.765311  54.30680753  486.7985572  1546.639408  -137.4657377  1287.212911  2843.148075  1362.759774  2032.764888  
1581.735201  46.40606566  477.9865964  1562.766409  -167.7876931  1291.052134  2866.870559  1376.501868  2026.176599  
1582.386252  50.44325629  485.5134272  1548.762422  -184.8610481  1293.413568  2850.909993  1370.031931  2016.958611  
1511.56717  -0.9241263425  467.7640984  1563.884299  -235.1927191  1306.705158  2885.227261  1363.56678  2032.297637  
1547.035496  31.25649944  467.4585868  1577.372868  -194.4170922  1288.587436  2858.199247  1362.025403  2029.953251  
1620.799944  61.75356882  481.1446648  1551.945064  -160.1845389  1276.052945  2845.940984  1370.206837  2019.216558  
1561.690913  53.51662194  469.0438526  1525.011581  -93.60768839  1260.968644  2804.802303  1367.090594  2016.368779  
1546.331747  37.9585875  477.8335344  1525.035068  -103.6348127  1268.030218  2784.639538  1362.792123  2016.401608  
1570.341375  48.48728803  488.4185469  1530.882157  -123.4714609  1276.929471  2807.63821  1363.362396  2014.722947  
1590.81183  67.42174114  480.0561635  1546.773803  -150.851982  1280.263939  2811.021299  1376.468972  2024.024023  
1565.490546  69.23646073  487.6288991  1550.858743  -106.740213  1286.197419  2822.807013  1383.821663  2056.811063  
1581.553053  66.52990413  481.5236968  1616.988244  -19.75199592  1279.464223  2801.834211  1382.82262  2098.195492  
1583.184367  71.50906159  517.3432281  1543.394612  -44.1545  1268.529104  2869.792227  1384.768789  2083.758833  
1565.934833  37.86909109  526.9660515  1519.622731  -186.3837368  1310.074716  2951.351692  1392.830975  2072.745439  
1576.598465  24.09335968  520.9530607  1536.757734  -132.3361878  1300.226518  2936.573369  1385.827838  2084.685831  
1560.068416  66.55360937  521.5085021  1511.396688  -83.69751518  1289.10209  2843.520794  1361.795129  2059.975  
1575.271101  81.78146358  515.9429225  1508.581233  -145.846088  1297.77513  2841.599317  1357.833177  2049.197337  
1553.04249  58.49425399  511.1370319  1522.739258  -194.8694571  1306.349947  2863.975546  1358.255377  2043.87759  
1539.760581  34.82104971  503.5274302  1522.974846  -197.834683  1304.17737  2880.09051  1372.101012  2050.288377  
1452.623431  4.814084128  483.5786843  1561.222893  -158.8348689  1284.107387  2821.106325  1364.25565  2051.364717  
1616.807844  81.63770646  504.7312487  1568.268498  -134.7113337  1292.961596  2854.15794  1372.107388  2039.817719  
1556.235841  62.79048745  496.0598508  1521.04412  -133.4483466  1291.642934  2830.855433  1368.948029  2046.076425  
1547.93716  36.22692165  464.6789558  1544.356376  -135.5506518  1296.933214  2859.557681  1362.860998  2036.554595  
1582.364919  96.27650887  479.2113644  1523.2766  -118.4261821  1304.766336  2841.054858  1358.757543  2030.223368  
1571.073931  112.9512926  504.4545292  1514.679527  -149.5655068  1296.785968  2829.370709  1355.629018  2026.429307  
1535.105479  32.92789101  450.2310688  1555.705379  -155.1776782  1306.926835  2818.190739  1359.032322  2053.888529  
1569.76631  58.62030589  500.1917759  1523.860882  -125.8391131  1307.858472  2850.054501  1367.250166  2054.07835  
1571.867326  83.15098944  521.2258098  1509.792048  -186.4077559  1306.017021  2869.868686  1369.138607  2036.262227  
1507.460288  27.55172323  502.0325905  1530.572861  -205.0689122  1298.774017  2854.555422  1374.548701  2042.85937  
1521.231775  12.26645362  492.3641456  1547.85768  -248.4353959  1309.231742  2871.369967  1372.244719  2039.142399  
1466.43132  -9.864845671  469.301965  1561.617687  -242.0050965  1302.073494  2820.518844  1364.372734  2040.542418  
1600.834352  55.9809347  477.5165493  1544.418019  -166.2433155  1285.557198  2832.703781  1366.432095  2034.435641  
1562.761349  37.77225652  479.7315814  1549.196984  -182.9017452  1290.95238  2891.096937  1361.642162  2052.806932  
1547.662048  23.32023899  477.4200017  1536.5307  -175.6830658  1289.991471  2874.276424  1355.819053  2059.936484  
1553.322288  19.27711718  476.1158843  1544.706101  -168.8716202  1291.856413  2853.999896  1360.595298  2029.403345  
1535.290431  38.79184611  482.2455368  1516.811395  -137.8607221  1271.445345  2799.044997  1356.864736  2032.109346  
1539.539359  50.81204273  497.3184462  1546.380872  -104.1005414  1260.296687  2831.71146  1365.314353  2049.887396  
1595.434259  27.48810295  488.4708311  1603.519701  -114.2443395  1288.575164  2906.968263  1388.384277  2067.094283  
1611.362829  73.74065478  529.8207875  1566.092505  -73.81623327  1289.872395  2889.666314  1379.004421  2056.06339  
1570.322495  69.66106712  494.6632503  1523.586696  -97.04820105  1282.443891  2810.429438  1360.427989  2041.325907  
1530.749672  46.24282626  480.4822065  1514.550864  -77.09641902  1276.288836  2784.755532  1355.484424  2039.822547  
1540.80481  55.76121686  481.6783363  1551.911165  -125.4753819  1295.51329  2858.839055  1354.411611  2048.766509  
1586.273282  86.47409295  471.8545764  1539.101522  -129.0469666  1280.670029  2791.13309  1355.239646  2035.708855  
1543.721614  48.06624968  482.9538343  1517.315073  -122.1383843  1277.862204  2810.722706  1367.835707  2053.989844  
1626.285663  54.0482763  499.1866207  1540.373093  -160.0711581  1311.307708  2901.664407  1367.607713  2043.551303  
1577.110725  38.85095489  497.1085258  1537.133096  -143.506973  1305.363517  2881.963454  1362.352139  2022.826995  
1575.668177  57.71525204  480.2332864  1535.847902  -184.5594442  1320.55309  2867.955847  1356.89137  2030.048197  
1577.831899  36.95191059  495.6109028  1530.295241  -184.3347301  1311.934524  2893.515869  1369.18342  2046.580119  
1555.750845  47.50275518  504.7902091  1509.878448  -145.872941  1281.774869  2834.6844  1358.327475  2040.546098  
1541.559102  13.59911406  474.6794047  1556.263062  -184.0677848  1294.260377  2873.668828  1372.525761  2053.597499  
1580.756169  38.58874609  492.2096494  1561.224542  -190.7247726  1303.107329  2874.082852  1368.63168  2050.656068  
1575.346418  43.66781248  497.7871204  1559.018757  -145.5069744  1299.972291  2848.16117  1367.626641  2061.030757  
1564.97102  30.97668146  472.9814235  1605.381506  -144.7562193  1304.059751  2857.627096  1373.78553  2074.030869  
1549.959588  44.64812342  498.637715  1600.733171  -141.2488784  1278.310068  2842.390174  1383.646198  2044.666175  
1557.317673  104.5100215  503.614546  1584.484337  -93.52449181  1306.588235  2825.912005  1371.999034  2063.760016  
1578.590411  82.15198943  479.9465741  1547.568135  -76.94597301  1287.385428  2830.187564  1379.725268  2034.666669  
1551.096149  52.50258504  481.1157269  1531.30966  -160.9466835  1289.440809  2829.861279  1373.797821  2010.993068  
1562.98182  15.90989591  471.8236165  1566.729543  -224.5264927  1317.196052  2936.479472  1379.658816  2065.618342  
1513.138999  29.79405146  496.8331415  1511.58326  -114.1949006  1273.19599  2823.716864  1356.066772  2047.909696  
1555.547575  75.46641674  499.8365394  1514.876453  -139.2129802  1277.999103  2805.699555  1363.139505  2041.990624  
1565.7307  36.22725617  482.3289164  1540.726016  -199.1105697  1297.521589  2870.195106  1381.118419  2039.285109  
1565.571479  51.87897431  508.6817296  1538.414079  -117.6253164  1275.16305  2894.121276  1382.179417  2036.494392  
1561.398038  47.85006624  489.8143179  1531.528352  -152.2393821  1296.687809  2845.777777  1370.182131  2035.257617  
1584.516729  56.0508335  489.2185761  1548.502948  -180.7518471  1313.426939  2855.519571  1377.763056  2021.527492  
1578.709796  59.26765167  480.2492285  1549.625222  -193.6508021  1313.971049  2855.610234  1369.948795  2017.477484  
1552.203301  17.12844372  480.3970403  1556.060643  -195.4166842  1308.594893  2887.058265  1365.018924  2023.782417  
1568.365201  54.37875257  479.8983586  1546.978931  -189.2716045  1330.80331  2852.586935  1361.56197  2014.22027  
1562.307984  40.7563073  463.4644867  1556.347183  -187.5196973  1321.183947  2844.732846  1362.715875  2049.8462  
1552.896163  29.80523762  490.5515115  1550.867201  -195.5214874  1310.314794  2881.70723  1375.517641  2049.897877  
1573.86671  79.05068381  496.3701573  1532.591633  -100.017505  1295.576288  2820.282752  1366.586991  2055.79998  
1563.385901  58.7232222  510.1590895  1502.219873  -102.1984394  1274.851238  2820.384838  1360.128077  2034.96437  
1592.358146  62.74011718  475.7560916  1541.624122  -162.0454466  1290.762752  2835.760286  1363.450264  2053.655691  
1533.478655  44.8727979  493.3552526  1522.207905  -163.6810334  1288.522409  2810.188813  1351.522289  2065.908979  
1518.105598  63.83954842  487.1976037  1532.23748  -170.9921091  1279.549353  2796.342796  1354.360499  2068.99396  
1515.145187  -55.06377673  454.2796195  1623.449334  -175.6267287  1313.656498  2951.101031  1385.317561  2088.8504  
1563.256669  92.35705954  526.6107133  1536.651505  -64.11954994  1283.39042  2790.13969  1361.709675  2039.584065  
1570.77322  108.4177208  521.9565099  1482.302078  -41.28170003  1260.264576  2783.333866  1363.082237  2020.803104  
1557.95284  40.01045334  485.7416241  1517.897797  -124.6892431  1285.065798  2842.984955  1368.050502  2051.680928  
1507.39402  10.25404419  483.2648163  1536.582791  -155.6601958  1285.945854  2893.207998  1366.100154  2058.913568  
1586.496982  85.31457317  511.7698631  1506.156557  -135.9886214  1281.769703  2860.443181  1362.630737  2050.368209  
1587.258368  44.09378184  488.4721477  1549.998333  -199.3752606  1290.296229  2899.802808  1368.825797  2052.539253  
1535.854504  -13.92792123  453.3082141  1565.820671  -198.9727058  1306.089743  2885.858874  1369.270414  2055.22871  
1559.741214  47.1976814  502.7758793  1545.404994  -99.37564841  1273.05858  2840.849426  1373.811967  2062.430908  
1620.392035  89.24536868  515.2349359  1537.844842  -124.7709712  1294.477819  2857.527738  1373.359147  2039.259719  
1563.808721  57.1352634  483.0479784  1561.398665  -133.0137129  1305.560242  2829.623085  1365.26508  2056.852488  
1566.03541  42.7410304  486.9154494  1573.703106  -189.1410954  1310.179505  2876.10376  1372.152313  2027.07482  
1570.016601  60.42296902  465.3096525  1546.44396  -169.2146424  1311.103915  2833.649791  1370.823827  2007.74877  
