1484.449896  233.81226  1729.067134  1238.844762  831.2670325  1441.930706  2855.521516  1438.094555  2206.553021  
1426.405121  269.5892449  1710.514652  1249.108809  732.2653289  1455.277796  2761.56217  1420.70328  2180.592549  
1377.94094  274.7127833  1655.799788  1255.784983  689.3003206  1409.570846  2739.434899  1423.923604  2175.882414  
1429.478708  274.7434418  1624.856171  1275.832778  628.9084361  1331.777702  2797.83749  1447.23653  2162.490768  
1448.083758  253.6051629  1613.015549  1277.000965  635.9195306  1342.040464  2810.758245  1434.665143  2165.99179  
1488.724667  265.4725113  1620.163395  1282.955562  611.4675035  1327.055815  2875.916087  1445.084554  2185.144378  
1495.138093  247.5976757  1594.591286  1272.166389  653.7525218  1291.661204  2900.195328  1451.901204  2181.92143  
1464.919465  250.5807638  1624.62714  1267.640654  632.898177  1330.389703  2852.856315  1451.222225  2159.305162  
1466.805327  244.5413631  1598.989124  1289.138254  599.8290622  1311.255968  2816.438703  1449.80037  2148.742411  
1438.429254  261.0028689  1606.828086  1297.249341  588.4637647  1336.877118  2787.728169  1440.625122  2144.170238  
1423.488306  274.0700213  1615.797015  1284.042338  638.2443014  1349.931776  2798.627803  1431.335375  2163.489611  
1394.395135  249.8819111  1611.030057  1289.788368  661.831456  1346.699889  2798.80612  1443.034389  2156.564457  
1424.334487  245.8437762  1606.642621  1290.545085  633.129771  1325.117002  2806.710637  1449.74927  2163.101254  
1437.76416  231.2697625  1622.145988  1279.990272  648.4405886  1329.734871  2829.625398  1444.565887  2169.451442  
1448.739236  265.4940398  1645.305252  1285.617701  659.0805479  1359.784549  2800.319903  1437.913211  2178.800924  
1455.69715  311.5853053  1652.095281  1295.269471  635.7783747  1382.729839  2760.386929  1445.728378  2174.381647  
1453.111076  312.3258777  1651.482331  1310.120808  649.7572851  1393.089771  2742.570706  1454.160173  2182.850317  
1459.204522  287.2200869  1644.779403  1286.414342  704.5665934  1379.911318  2801.81925  1454.173163  2189.631361  
1461.066952  276.4312101  1659.449305  1289.529977  666.0791083  1389.613266  2808.688125  1453.181458  2180.098624  
1459.133196  248.4370154  1655.066425  1288.159634  674.6408686  1352.443365  2856.039044  1444.411699  2168.752626  
1427.322626  278.1409331  1640.171955  1264.060573  672.2977155  1373.650167  2819.198057  1442.748453  2179.945116  
1425.996734  294.3012131  1622.373624  1292.794961  623.2194847  1413.278437  2781.417585  1439.700606  2211.286907  
1420.331721  264.8318386  1643.278571  1303.400221  662.3703614  1360.20719  2810.528267  1450.868028  2187.468487  
1464.31875  247.1193577  1636.261535  1300.117659  661.9152962  1307.216346  2834.440326  1462.864676  2185.100506  
1469.769234  203.2136481  1658.185965  1275.554994  681.5867601  1309.120437  2918.286744  1456.870991  2184.239287  
1465.009449  219.0556172  1660.334358  1274.436289  726.6586455  1319.437102  2886.176137  1463.747733  2203.864018  
1478.296173  251.7972851  1634.487717  1280.887796  655.2639686  1349.616973  2842.046121  1455.328887  2192.842858  
1481.838061  221.7082813  1634.910169  1274.414547  684.7269687  1344.534651  2860.351634  1453.079688  2183.793945  
1452.603112  243.3059934  1631.127305  1287.012057  683.265246  1353.072282  2853.774762  1449.142156  2186.254182  
1448.606956  243.5607868  1613.459539  1267.353639  678.2341864  1300.63246  2870.768451  1450.43603  2185.279389  
1443.625503  255.4873371  1590.01891  1275.721218  658.7717056  1354.698692  2806.01003  1446.084655  2179.714601  
1447.092835  235.3493481  1606.547809  1279.541075  681.6673427  1336.660497  2870.62792  1447.350734  2206.719488  
1441.264171  249.8295799  1637.626746  1266.192519  661.1284423  1353.834814  2833.84412  1432.569033  2178.887913  
1417.122247  262.5115279  1634.345593  1262.352996  706.0469714  1373.164191  2798.117384  1424.27763  2183.512898  
1436.797487  264.4728016  1600.327605  1284.64562  618.9296816  1370.542027  2786.835358  1429.982609  2147.959475  
1434.334681  245.809442  1592.238103  1270.70514  618.4541698  1324.904024  2803.560265  1448.693748  2144.431484  
1418.284506  248.531845  1593.561497  1272.305204  584.7226765  1380.76295  2776.810331  1429.675408  2139.437815  
1419.951397  259.8237126  1606.899566  1274.71636  608.1345705  1382.506771  2794.159624  1430.439232  2137.819533  
1423.0899  287.6803557  1654.371558  1264.768243  653.4581424  1430.894652  2775.360931  1422.420283  2173.608887  
1445.55858  277.2318594  1675.302543  1272.807024  650.4890642  1394.157474  2770.995719  1437.539645  2171.891902  
1438.551793  313.5917913  1686.239089  1286.090749  627.5127382  1412.678776  2759.832815  1438.89801  2178.892963  
1478.867826  278.8278862  1677.098511  1294.158932  618.6352097  1360.548185  2831.017095  1442.97689  2168.847875  
1464.072014  258.896689  1670.63709  1298.842973  656.6560971  1324.913484  2848.539575  1450.788358  2189.154417  
1466.086956  255.4585503  1664.553698  1291.36698  638.3603817  1350.155104  2812.239634  1452.986387  2168.621715  
1444.757989  237.4549835  1690.886118  1296.916164  653.8964683  1355.337291  2796.697303  1459.016698  2170.19381  
1464.868589  269.3014543  1686.255986  1292.580188  634.6191378  1355.323049  2798.947917  1466.471219  2170.179078  
1472.020074  259.0046394  1659.931477  1278.682658  652.9166037  1336.936493  2793.725389  1467.929744  2153.363773  
1456.387176  278.5172526  1635.13635  1269.627198  603.4964124  1357.136243  2791.296813  1457.876739  2154.55009  
1440.62855  250.5628795  1613.987072  1258.521483  631.1713621  1350.198808  2819.195002  1448.166649  2167.207005  
1499.756185  222.5505249  1640.594483  1253.763747  689.7301976  1316.349403  2906.507211  1444.019774  2172.812848  
1470.275902  235.7399776  1645.212868  1249.954361  749.5763153  1312.58926  2903.239472  1438.005529  2198.940127  
1420.543289  265.56674  1611.926634  1267.904505  706.1440698  1355.430307  2791.753039  1434.666372  2189.027964  
1415.269443  268.4720146  1606.318267  1285.149278  638.4454147  1330.656033  2773.26238  1446.309984  2176.008024  
1456.939092  270.4176584  1579.31044  1306.413167  604.7948369  1328.390107  2789.456554  1448.575694  2173.431026  
1455.850326  270.0632527  1587.560343  1310.324077  617.9763494  1343.72223  2802.048257  1457.480396  2172.430799  
1436.904115  247.8370548  1584.429579  1308.797982  643.4503987  1348.047469  2829.783886  1447.918977  2166.46633  
1459.169818  239.2978044  1586.763014  1292.255831  630.0849477  1322.846089  2855.894681  1447.408841  2168.181446  
1451.700373  193.4821061  1593.964049  1276.188238  673.965143  1291.932246  2939.948862  1432.506507  2170.647362  
1470.26613  242.7924372  1629.009682  1266.647992  727.0170911  1322.964896  2914.160733  1443.572469  2197.432747  
1456.413641  214.7411648  1614.663106  1260.081716  742.4381947  1281.384598  2914.130807  1445.202211  2182.075654  
1450.90597  244.8013933  1616.249246  1270.452632  674.8385536  1329.905395  2829.504907  1450.836395  2173.396478  
1439.978345  250.6550355  1624.278098  1277.397378  622.2005094  1360.443657  2801.461515  1439.476509  2177.096651  
1423.219009  242.456283  1641.673049  1277.359003  638.9445085  1392.996887  2762.864524  1422.427476  2163.537255  
1447.591694  263.089566  1669.968318  1286.872352  655.7530333  1399.064885  2783.714327  1429.994601  2176.328397  
1412.42334  258.5219903  1665.83188  1274.349895  672.9041969  1403.091198  2796.625267  1433.23777  2196.46424  
1395.416595  270.6981665  1680.979767  1260.925243  705.8985276  1407.326475  2806.665433  1440.399212  2200.665074  
1369.970839  209.6022517  1703.716595  1253.375789  724.0134042  1407.644588  2768.834558  1432.692879  2200.149708  
1411.633184  261.6669591  1696.394971  1271.75425  665.2206965  1416.789663  2732.957293  1434.849413  2175.048168  
1427.743352  271.6380834  1668.674156  1279.491858  646.8509818  1381.845296  2750.018175  1432.533384  2167.400757  
1452.527009  280.5697457  1665.961912  1284.066139  622.8208747  1385.448607  2755.006763  1451.322638  2156.111807  
1480.114421  306.4550276  1672.920824  1297.850921  630.1375805  1419.147081  2764.551112  1458.028484  2158.238967  
1460.888751  280.2140779  1667.297135  1289.491321  670.5093196  1408.652826  2772.964488  1455.625213  2174.801832  
1447.149904  260.3892397  1663.100238  1263.310315  702.6790774  1377.357149  2782.950337  1443.820233  2148.082549  
1450.229706  287.537261  1643.156527  1273.841752  627.0102821  1370.021142  2787.235261  1447.525153  2148.369932  
1447.619709  269.0258024  1626.390066  1268.071447  647.8404656  1335.513365  2820.735107  1448.467712  2162.120072  
1467.530209  243.6707561  1637.88033  1278.951259  649.7859056  1288.188656  2908.520347  1448.252365  2167.91155  
1490.723816  254.5378628  1642.452659  1271.854213  637.2707259  1288.570305  2896.449987  1450.961013  2174.841033  
1472.26272  275.1153526  1632.280955  1282.711227  640.2591209  1341.145223  2841.323591  1450.450434  2186.60761  
1462.927699  257.2680421  1633.186985  1274.589289  712.9853878  1344.405986  2832.631247  1458.041554  2192.092118  
1478.194704  256.9633621  1641.701212  1262.847823  711.6964201  1331.910956  2833.473371  1444.804752  2180.167769  
1449.26245  250.4113714  1617.82309  1285.447039  652.9865586  1302.313677  2860.9859  1443.116269  2177.626055  
1419.74893  263.1256989  1600.828028  1285.000258  640.6901045  1310.355136  2840.115697  1441.398829  2181.996167  
1441.889899  228.467809  1577.623859  1287.384666  643.3392422  1268.40509  2876.167978  1442.177756  2174.56598  
1450.128986  260.449933  1580.894888  1285.092076  607.794045  1338.842198  2811.669054  1449.748427  2163.947676  
1468.813227  261.7785728  1589.285347  1287.11563  607.8105253  1353.606506  2787.975753  1438.926355  2155.824505  
1462.759507  291.9802987  1600.244801  1293.685631  559.3306008  1343.887144  2762.442079  1429.845935  2160.397249  
1462.511977  262.490658  1610.135686  1297.109674  595.7295427  1354.425705  2793.27156  1437.865569  2165.819688  
1443.02749  254.4432758  1621.312027  1291.484695  663.5483249  1348.559829  2819.370594  1446.658626  2184.697038  
1480.322928  230.3836359  1646.947403  1291.878004  716.9466957  1328.913424  2902.624506  1452.456029  2198.866969  
1482.785437  279.7022478  1661.402064  1273.610251  691.5796017  1382.481514  2865.785547  1459.980158  2191.803426  
1462.011951  303.418805  1670.049244  1277.45884  701.8904997  1430.068276  2815.617036  1444.703769  2198.69657  
1450.950075  280.6507577  1677.178726  1267.089803  719.2587287  1410.246098  2846.549739  1445.751527  2207.355782  
1395.858052  263.2268364  1682.377502  1248.367581  717.0088391  1411.959561  2794.93793  1418.519133  2198.865354  
1429.815563  279.3931413  1673.854178  1256.710345  692.4353123  1386.577261  2792.650671  1428.238153  2193.426511  
1427.261646  243.9429011  1662.116987  1279.220683  700.3866517  1346.138625  2830.756743  1444.602852  2186.446611  
1425.248119  220.1711349  1639.888509  1269.9908  700.7504094  1361.496506  2836.306507  1445.761596  2166.435239  
1405.684518  228.287887  1614.940668  1259.9759  670.4791364  1355.55819  2797.839902  1436.974411  2154.219646  
1408.918111  223.2675074  1582.700391  1282.120005  637.2830488  1349.129761  2803.645997  1427.652285  2132.488837  
1424.268053  263.3969839  1576.096785  1287.47465  610.8997246  1339.695714  2814.060532  1414.625757  2148.884372  
1419.968444  256.7549836  1581.186137  1291.730011  598.0675189  1351.040982  2801.182442  1424.745113  2158.993427  
1431.590579  233.1757028  1583.538269  1280.886236  585.5998827  1349.804846  2766.168486  1439.391538  2151.757882  
1444.116304  258.518131  1603.491369  1270.146228  591.7083886  1381.072732  2770.706801  1437.025894  2133.520791  
1475.003957  294.9094412  1639.023785  1283.147865  641.8635212  1400.426021  2781.86011  1447.059576  2151.627427  
1457.094241  291.6085836  1662.139897  1286.35159  695.5840504  1391.906101  2798.638874  1450.061309  2182.748672  
1481.605157  323.1119539  1677.17007  1270.071834  709.3288285  1428.478133  2818.161953  1443.074242  2204.748684  
1444.694778  297.0773097  1681.495356  1270.243435  692.4795164  1440.769751  2741.385495  1438.843799  2186.636232  
1437.674828  290.9650504  1689.78107  1270.363328  673.0841176  1406.515544  2752.399969  1459.162914  2175.930668  
1446.836916  264.8853706  1662.384274  1290.913385  642.4111358  1370.181094  2773.774719  1464.553108  2184.146447  
1457.838332  228.7816084  1624.051227  1277.17868  695.4197253  1281.595503  2873.697396  1459.421139  2188.732218  
1485.578702  201.6589781  1612.237343  1294.567181  720.2067797  1265.591229  2933.283074  1461.195948  2187.925145  
1451.026162  216.9850627  1590.881648  1287.175065  693.8237527  1317.25709  2884.360715  1452.338597  2168.274835  
1449.143806  239.3649413  1606.438638  1289.93652  679.664676  1349.105787  2827.481379  1453.854673  2172.629248  
1458.925508  228.2243455  1593.468657  1269.439195  660.1328349  1347.422397  2832.945543  1439.96712  2144.035201  
1471.342523  252.1849795  1634.572453  1256.79402  661.3547861  1349.72392  2811.010026  1434.074539  2152.849219  
1456.959889  261.5022471  1657.700875  1256.990393  653.5307889  1364.983837  2808.721756  1434.971348  2168.951133  
1467.194086  240.8681679  1674.725572  1252.366448  660.571297  1361.933437  2839.667295  1442.791503  2170.912248  
1463.287314  269.9079225  1705.870209  1255.282614  661.96998  1406.496532  2791.877809  1449.495016  2159.919576  
1462.152786  275.1071329  1675.814835  1260.85791  652.8351768  1391.494592  2775.785067  1430.285284  2164.974034  
1480.2407  300.5787963  1638.74541  1281.942313  617.5211757  1358.583253  2767.841419  1425.105482  2168.578598  
1453.662882  286.4845492  1626.76231  1278.211103  611.027949  1341.902449  2768.974906  1422.202147  2185.367979  
1419.26957  289.7304006  1650.707581  1276.396059  686.5798623  1370.178555  2776.047818  1423.974264  2197.522206  
1418.218032  298.993919  1673.645568  1265.753573  670.6714614  1394.905449  2777.78501  1435.553341  2195.521703  
1417.891405  276.5672799  1663.996402  1266.610101  668.2758732  1367.96938  2813.479406  1438.905767  2179.006555  
1408.713579  331.3930478  1659.337304  1277.495041  631.9930767  1399.504322  2746.772217  1433.957602  2185.612901  
1443.729708  317.1805249  1633.08136  1295.048112  625.3914052  1349.481604  2760.682153  1444.879754  2176.841954  
1485.457774  275.7436989  1608.665544  1293.019337  643.951329  1318.691999  2843.592306  1456.185581  2171.281934  
1457.057854  276.5038771  1620.907007  1279.790459  657.8255119  1349.825215  2816.534008  1458.624943  2178.562638  
1447.754716  271.6656377  1625.522459  1275.339619  615.8223367  1386.71946  2804.37762  1435.403187  2171.894825  
1449.653748  295.2385172  1633.856523  1255.877022  583.0472596  1389.216496  2790.775686  1429.572942  2163.616053  
1457.010681  259.7430726  1636.13607  1270.720677  617.1512477  1390.978545  2825.196591  1426.654314  2159.760882  
1428.550274  207.6475996  1648.61384  1331.843123  721.5535459  1341.694247  2900.254288  1441.886642  2192.679948  
1444.121648  246.9472867  1676.643575  1325.819227  824.6025783  1325.643553  2881.100304  1457.677413  2233.955977  
1430.488721  201.8293105  1634.328233  1265.199861  806.1145425  1261.186432  2871.900633  1444.933276  2195.163314  
1476.493095  258.4162886  1604.648512  1266.617435  708.8080405  1276.886652  2864.106513  1451.638058  2188.00123  
1449.23054  236.0983222  1615.449501  1259.679392  651.7803499  1293.158782  2833.397083  1455.105611  2181.237121  
1462.385418  253.699435  1621.931956  1298.052259  630.5748645  1278.579121  2837.239048  1460.315323  2193.636285  
1462.588409  222.2102427  1614.194931  1311.651764  627.9937679  1286.419247  2881.179654  1464.574613  2198.163863  
1441.736029  249.1054794  1611.096189  1302.049586  627.6288031  1331.559034  2850.99893  1466.772133  2171.029844  
1442.883712  226.6552479  1601.154562  1296.932929  569.7916488  1322.780903  2835.740272  1449.592002  2147.36226  
1437.465397  229.2101153  1587.425749  1276.783104  564.3842855  1334.780214  2840.158289  1435.667603  2140.395316  
1448.638893  247.6530991  1622.623458  1280.790549  602.98511  1364.63324  2827.067605  1439.888555  2170.750579  
1435.294789  240.741753  1636.850239  1276.199455  624.9779926  1359.011447  2848.533351  1437.629871  2168.784718  
1448.515131  229.5553335  1624.759304  1268.863675  659.9127101  1329.975893  2877.964352  1441.133271  2163.457359  
1450.656104  242.5421544  1629.004598  1271.985273  664.2409671  1356.989921  2863.949803  1441.704606  2170.576508  
1448.511496  266.4967586  1654.767053  1260.533526  669.6268735  1418.951451  2807.96983  1437.265531  2174.964858  
1455.072707  243.0610432  1667.457965  1247.375957  715.9357815  1377.494079  2810.707123  1444.413867  2170.325728  
1457.147351  245.9568698  1678.864328  1247.756981  710.7260375  1348.59282  2854.93462  1443.514992  2173.220892  
1472.643493  258.1777779  1678.412321  1261.731419  706.0878319  1343.648864  2836.79317  1447.963878  2172.046524  
1434.278456  258.5447346  1661.5979  1275.015842  718.7729311  1369.082572  2847.345726  1440.919272  2172.274555  
1435.310153  256.5133213  1628.255313  1278.839069  678.9623291  1394.931896  2815.955345  1432.983342  2164.018816  
1397.904768  259.3465251  1617.018937  1278.101719  661.2171212  1399.487016  2796.388536  1426.200382  2164.185389  
1405.91118  260.2042727  1628.634286  1286.587607  651.0242457  1388.622122  2784.349868  1443.404222  2172.142082  
1402.361493  232.6697189  1647.232237  1269.607273  667.2519087  1390.785354  2797.751628  1431.886996  2181.965774  
1442.465367  284.074183  1640.902911  1268.707574  609.7423792  1411.518291  2758.657118  1436.492762  2169.616727  
1437.351731  258.4772764  1613.661748  1275.290054  636.8936244  1373.963908  2762.034221  1433.562106  2165.212894  
1439.602034  259.1338803  1633.353246  1281.515277  662.4208058  1339.115903  2795.685484  1437.861636  2172.606401  
1413.652395  243.4215387  1627.738774  1283.421671  675.019861  1352.627643  2795.297256  1443.628172  2180.780373  
1419.942297  273.7964096  1658.443463  1281.222797  669.1743801  1405.208229  2777.39888  1447.416756  2187.10491  
1450.31017  239.8265529  1658.60796  1260.953444  701.5684853  1346.993103  2816.27898  1445.036919  2172.870843  
1488.196142  268.8933745  1668.631724  1260.808751  681.4089382  1324.426947  2832.485137  1435.686654  2184.643394  
1487.564059  260.3506103  1659.191366  1266.264742  702.7604596  1317.815613  2866.325218  1457.79722  2188.761377  
1485.990062  287.3248479  1669.797493  1267.899425  678.4201609  1349.782799  2815.05665  1456.922947  2181.699689  
1463.50058  282.3816946  1654.45216  1278.300633  648.8581046  1386.096867  2781.030355  1450.656178  2167.968542  
1440.888659  282.3820926  1650.357694  1280.725513  624.3633789  1400.395564  2780.091391  1440.397635  2157.050731  
1410.732042  294.9044055  1644.132665  1278.927922  669.2677827  1415.016325  2788.118784  1439.332374  2170.374491  
1419.165619  247.1417326  1614.040952  1293.697679  674.0421787  1367.262297  2809.550506  1442.249527  2166.007063  
1436.915621  237.2152303  1604.959368  1298.574089  671.6450968  1353.017573  2866.769336  1443.930351  2165.043471  
1451.789201  273.1327955  1617.160334  1292.797826  645.2820254  1372.701225  2826.518394  1442.010268  2171.196418  
1456.959318  278.1344872  1624.31484  1281.853422  662.9736327  1387.852421  2796.596661  1442.970596  2179.980435  
1462.553432  288.5848927  1628.161483  1282.771415  681.4827363  1372.553016  2801.471278  1451.736143  2189.377885  
1460.859757  271.9050005  1640.343847  1283.445709  702.4408327  1354.685094  2812.31155  1446.780424  2193.136262  
1457.99867  267.3889504  1685.600946  1275.597201  703.3034088  1397.306165  2809.37659  1446.831805  2202.938129  
1478.897261  274.5362965  1721.188673  1277.00152  692.7831645  1431.211415  2768.591931  1453.495928  2197.99368  
1453.892926  259.2092981  1705.593238  1261.628982  710.7679432  1394.769534  2782.810062  1453.747224  2192.298137  
1463.445292  253.426932  1674.929715  1265.286536  658.5335855  1358.050749  2782.911729  1451.745002  2176.621603  
1449.248113  267.1462335  1657.066252  1268.96184  658.5360242  1342.916686  2806.631744  1452.075467  2173.108549  
1449.731034  250.7781677  1635.383612  1286.16482  665.6276153  1340.464651  2845.526173  1442.701252  2168.276927  
1462.034946  257.4398533  1657.674272  1268.104231  670.5123951  1340.189662  2851.379974  1430.846303  2169.377653  
1426.753388  268.9764853  1667.058192  1290.564372  668.2284763  1363.673124  2812.898121  1428.086063  2194.96444  
1435.669089  281.7004848  1631.659989  1298.95729  641.420144  1343.16775  2813.799451  1442.351274  2170.972885  
1424.192136  261.360606  1609.62636  1303.547763  652.0017392  1353.361956  2791.458126  1448.148727  2175.713391  
1430.567418  224.2377157  1597.318854  1291.943108  644.4238502  1331.399617  2829.092497  1447.656544  2156.160776  
1427.858167  240.53759  1604.378291  1259.756465  673.9928166  1352.404489  2821.008173  1433.973527  2167.877955  
1430.615404  251.1251989  1623.663803  1263.241874  651.0539091  1386.883895  2830.743864  1428.512861  2166.4143  
1431.38729  242.2999619  1613.856596  1259.972188  697.623782  1370.792048  2850.84117  1435.719943  2160.432298  
1413.447082  246.0891509  1624.286463  1268.776059  675.9195142  1375.933951  2813.436157  1440.743167  2166.695333  
1434.398793  263.1890631  1607.114871  1258.952926  640.3496169  1396.312606  2821.962318  1437.470764  2155.689211  
1424.09275  255.2192434  1608.527898  1258.76049  651.1641501  1368.034909  2830.235246  1428.59723  2161.041256  
1428.840967  244.6275669  1619.833147  1264.068247  672.5613549  1348.596842  2840.148808  1427.319523  2168.471572  
1437.914421  247.3037289  1619.693165  1258.981371  658.2727882  1362.28303  2829.744943  1427.832233  2172.156172  
1467.827292  284.7048347  1669.862359  1251.728439  677.4940934  1381.408667  2800.645543  1432.836602  2176.663835  
1478.074565  252.9220634  1658.676187  1263.620697  699.4315995  1316.113794  2844.774856  1440.726683  2186.825106  
1453.676502  265.1856573  1638.328428  1262.533786  691.7780147  1326.348188  2819.072626  1445.92723  2182.556288  
1439.107971  295.9096384  1647.880318  1295.290415  623.0833857  1362.415397  2744.339229  1444.402012  2166.607777  
1416.646415  283.2719137  1640.896472  1298.740184  615.09754  1370.190001  2735.789309  1454.533634  2187.77861  
1437.187239  253.3309782  1647.505614  1271.097841  642.0093121  1363.217637  2769.451823  1444.309373  2183.46818  
1464.933343  273.1670779  1662.484662  1275.929166  647.4868308  1356.30535  2801.158813  1451.362953  2194.248763  
1460.977944  251.6316277  1655.399454  1303.644939  656.3570635  1342.316094  2836.99889  1448.251212  2185.042161  
1467.33405  261.1930485  1640.349425  1295.352322  681.9592602  1355.888281  2861.427009  1453.44642  2165.53435  
1466.587601  250.0480076  1616.210184  1294.023868  683.197785  1373.623117  2849.541092  1449.778867  2153.956255  
