1363.347211  179.0768998  1546.025881  1125.965021  281.3880067  862.6675399  2907.368297  1364.397591  2243.823346  
1361.515493  199.8519942  1517.629734  1112.245039  261.8057077  849.9494848  2853.414805  1357.869613  2221.526767  
1375.167178  187.0426744  1540.895554  1127.30627  262.096635  869.9463295  2894.984374  1354.614833  2214.998381  
1313.71846  177.6698216  1524.288784  1117.240112  267.0811696  840.7995613  2888.128346  1352.492588  2235.708939  
1332.227125  183.1223526  1533.036939  1149.065799  275.0008086  851.8073274  2921.110713  1364.600024  2242.561372  
1310.290339  174.2205376  1489.552202  1147.404693  242.5850534  851.5915458  2830.803504  1355.483243  2253.038734  
1370.238753  199.4407041  1498.808148  1131.712867  287.3331612  853.5762417  2905.35024  1379.601936  2244.192806  
1351.937024  173.5192578  1493.302991  1130.520632  278.9517731  844.4195917  2920.919108  1363.305882  2239.280845  
1348.380457  183.4981592  1494.872332  1111.187572  276.4262392  837.6357832  2916.16151  1363.397514  2237.445745  
1355.774606  147.9421275  1497.504229  1134.912097  259.6104258  849.2542763  2904.782609  1353.609539  2257.549917  
1335.895563  195.5097222  1477.371149  1116.532842  258.3542842  839.0298893  2853.058435  1360.254392  2264.765109  
1356.007814  158.7517914  1506.343737  1147.653711  255.7773894  851.2508954  2914.545074  1380.755519  2253.173675  
1261.929382  185.7749061  1449.67671  1141.259386  313.8944558  857.5401074  2826.467576  1367.067828  2273.933405  
1318.524892  163.4337013  1496.049524  1139.643046  253.0577801  863.9353136  2918.941008  1380.854393  2270.809787  
1301.159361  155.1962443  1474.322028  1147.345345  279.8611862  849.3168809  2851.760916  1373.342808  2259.291881  
1340.702799  205.5605025  1478.678515  1119.788469  290.1629598  843.2331649  2849.368079  1371.228941  2257.539243  
1366.502793  146.2235984  1491.610869  1141.466832  253.9828111  849.9615839  2945.958098  1374.755076  2249.646618  
1321.014176  194.0059409  1475.243469  1113.145263  313.7030041  860.1009342  2889.991046  1371.313311  2255.903576  
1358.107951  179.5303414  1465.800765  1128.141201  329.3564621  853.3296975  2925.649392  1386.10454  2262.104963  
1351.304402  175.9419443  1480.6295  1124.230111  328.5494577  856.6808913  2902.664837  1371.263822  2253.13698  
1368.237184  206.0038485  1488.6496  1124.582035  379.6746719  847.8560979  2900.346382  1379.484071  2268.926877  
1375.644751  179.5444499  1519.279996  1127.846045  275.8567338  876.2960729  2928.285801  1370.486391  2220.575145  
1375.253784  196.6133137  1504.566774  1112.496713  283.651439  864.1937958  2844.636688  1355.769764  2220.814978  
1398.220253  213.4958273  1509.103185  1139.999083  232.4995814  848.3584639  2844.538749  1367.987921  2229.727217  
1337.353867  213.8567805  1464.151037  1136.07958  262.1948954  853.9260112  2812.962257  1358.453574  2224.972433  
1372.097421  165.4531672  1511.953362  1123.221704  268.2093814  852.567795  2923.533734  1365.789567  2203.592195  
1315.976588  217.5647884  1475.722133  1129.944164  318.080785  853.1871101  2862.089299  1355.895397  2245.73921  
1348.274243  207.2331609  1519.965422  1116.9661  273.6849347  847.880236  2935.101848  1373.956853  2227.342968  
1257.272188  127.8636665  1460.150106  1120.300799  282.7955793  840.921127  2845.97719  1352.711811  2239.367135  
1304.898813  215.6994068  1494.13296  1116.66349  291.7609452  850.1419907  2886.234513  1362.241067  2229.588115  
1332.712634  155.2523472  1485.370565  1152.391145  234.5953897  846.8550012  2864.673051  1352.546379  2224.107085  
1246.085481  216.9801971  1466.078396  1156.37978  275.2263873  856.674673  2831.4777  1363.13401  2240.55235  
1318.034566  194.6120749  1489.838547  1162.133421  246.2824368  848.7191197  2864.696878  1372.470617  2228.450741  
1326.253738  204.0451188  1487.721602  1121.665942  259.719395  852.0381943  2855.280385  1351.080034  2212.457127  
1287.866035  167.1631021  1474.746331  1116.779814  241.9697391  841.4423734  2820.463526  1358.185625  2205.45473  
1298.253618  133.0415552  1457.878486  1123.100057  227.3101552  846.9103852  2784.058417  1357.601724  2219.395413  
1332.031049  193.3984819  1504.684015  1111.224057  230.9074602  863.8236646  2834.174976  1351.749863  2214.448153  
1344.28408  157.5959045  1515.707794  1142.472767  274.2196883  861.5226923  2951.487453  1367.139805  2257.085672  
1314.667332  189.978901  1504.941012  1117.43575  289.4568135  837.1861699  2895.052004  1367.090993  2275.503101  
1330.540174  225.3793659  1500.049898  1114.354047  328.0121883  837.0283057  2925.05658  1376.13791  2276.432516  
1330.469011  175.6372528  1492.318392  1148.562897  269.6614396  834.6949133  2901.245391  1389.505472  2266.56205  
1362.544742  204.3692006  1500.533349  1116.513402  286.0451181  836.1718554  2906.527477  1386.495195  2255.045789  
1394.056649  132.1796458  1458.748931  1106.416312  208.6377856  822.5649525  2872.364535  1375.152079  2257.957484  
1368.065965  195.3312862  1500.545371  1120.919812  292.0175792  848.8790709  2886.210724  1366.805195  2251.125823  
1401.340829  146.1309278  1512.173637  1115.554295  245.300361  842.1958427  2939.824532  1384.798086  2246.842268  
1369.648953  147.6893723  1506.957295  1128.489887  270.2220324  848.6596641  2916.114437  1363.574292  2246.236195  
1370.323182  170.734725  1503.739969  1135.01294  262.0801941  840.8682447  2915.761385  1375.255919  2257.09159  
1347.034962  172.9868721  1489.260803  1121.789753  245.2668252  840.8125844  2875.996302  1362.787367  2254.432575  
1341.777228  203.3098598  1465.293694  1117.3802  270.4994877  864.8544993  2859.757951  1369.823555  2256.46991  
1413.051903  156.5075119  1529.215783  1134.881192  319.3739581  876.6295063  2921.418348  1376.874039  2221.56361  
1329.988742  198.0075494  1478.464062  1105.719059  261.3104357  851.2018638  2850.606458  1375.345988  2242.741692  
1324.127942  197.9428375  1461.139546  1115.363629  288.8183985  844.8137409  2843.413906  1382.417628  2259.642688  
1391.435072  161.4693183  1509.628394  1139.38428  242.3950686  851.2633989  2894.223617  1367.007741  2232.172992  
1366.963581  201.8103015  1542.234673  1137.350985  282.931353  860.886547  2863.606572  1356.628503  2226.800235  
1360.421169  200.9273219  1514.577448  1125.347931  232.3548077  848.0133544  2910.29076  1378.31946  2213.688899  
1374.893475  144.7034445  1495.925624  1126.228144  262.5987503  853.5425962  2881.832774  1358.398884  2191.969716  
1383.441833  194.6934184  1505.965428  1162.122624  280.2353151  887.2608244  2932.372661  1365.912355  2222.921863  
1344.173051  135.2902092  1542.613207  1160.455255  267.2600307  858.8185086  2925.4001  1357.180753  2255.718844  
1279.208345  130.499958  1527.053555  1164.423103  268.8579633  846.029256  2903.55805  1360.357462  2258.480603  
1308.875555  206.615407  1545.163106  1145.973047  318.7511756  854.2137304  2913.693146  1359.099225  2264.002683  
1344.522447  180.4236648  1521.359433  1158.803473  240.1303385  848.1957364  2878.568092  1366.253817  2247.666627  
1307.156564  190.5527533  1501.466908  1152.764758  265.8112226  864.7186544  2841.419766  1354.469598  2241.751636  
1354.722465  196.5510166  1510.040245  1128.491202  321.3299413  868.2288371  2880.691356  1358.933775  2228.585422  
1378.987688  203.7293696  1526.400484  1152.322468  312.3448194  867.7173167  2891.167914  1352.985991  2224.119054  
1363.865346  148.2207042  1516.590096  1143.586252  227.8256677  860.9795995  2885.640502  1359.516891  2220.758555  
1324.781728  173.306346  1502.234044  1134.814811  286.6245511  859.1569692  2882.173472  1358.181342  2248.387371  
1364.364188  190.361072  1551.998674  1128.618648  238.9005692  856.1438413  2935.65511  1364.691617  2241.34773  
1387.683375  206.0117122  1553.815791  1135.670487  289.5964888  856.3300464  2956.621307  1369.005046  2267.371137  
1331.435371  160.5657233  1508.572129  1126.349704  298.5328311  841.5740271  2923.207083  1370.582057  2263.6547  
1322.298429  196.6902268  1469.875354  1111.972919  341.2560572  837.2499423  2871.494661  1358.624066  2251.767964  
1266.482142  162.0608143  1443.312516  1088.685797  289.9234351  829.9246799  2867.521465  1370.447224  2258.932086  
1383.058697  169.3198922  1485.742986  1119.101145  254.6470973  842.9820893  2854.762328  1359.797937  2236.570849  
1369.961251  129.1193801  1508.748177  1118.510436  272.3369944  858.9632283  2928.301815  1350.111108  2221.338854  
1380.842648  188.4399253  1522.891073  1111.614125  224.2189362  858.9959775  2857.962382  1352.221786  2202.409981  
1418.276956  168.548954  1545.717588  1133.751189  270.1844398  862.7857285  2946.759198  1348.700739  2238.875694  
1307.699723  134.6767291  1496.188071  1129.05384  239.7253721  856.5244749  2875.443484  1333.71137  2242.189663  
1309.426872  183.2753748  1489.580293  1117.007695  304.8985186  844.7980858  2864.774828  1355.388284  2234.883539  
1310.667145  183.6633002  1460.074245  1133.94425  249.2280208  840.3550554  2902.268277  1382.003585  2262.303138  
1319.940442  175.6700414  1458.208016  1128.714332  257.0095466  825.0379436  2929.07172  1392.491983  2266.900292  
1344.287846  160.9648964  1478.101845  1126.508553  282.3301235  850.0928141  2919.199223  1377.276312  2249.063935  
1337.212474  207.1996062  1521.676629  1099.23774  295.0500791  845.7538165  2900.998426  1370.657764  2241.063106  
1387.27717  209.2932098  1521.550185  1124.184962  297.681552  828.1476041  2890.662328  1370.281412  2249.162318  
1350.313972  205.8829112  1498.814903  1122.470834  298.4216655  844.1120241  2885.45248  1364.609609  2257.30872  
1349.231032  150.2450251  1513.506023  1161.186858  231.859259  867.8060404  2940.3001  1374.503731  2271.066012  
1328.152155  159.8322892  1546.629106  1152.956028  241.6945961  835.3298078  2868.351948  1355.385332  2257.27512  
1286.317902  204.7217124  1535.850362  1143.373575  322.0317881  845.7637409  2842.661882  1362.038555  2257.336905  
1335.32979  192.1476845  1508.842745  1146.137188  258.6282694  849.6886109  2858.932456  1379.144719  2238.259024  
1342.352627  197.7517282  1528.835385  1132.782286  352.4277294  875.1590613  2876.753183  1363.684808  2231.204765  
1392.57293  206.117333  1542.822598  1121.84911  295.6187845  874.9749986  2901.51782  1374.332255  2243.633032  
1380.32211  150.9278225  1530.283525  1133.645103  272.0555021  871.0562857  2865.93975  1348.1719  2235.692032  
1365.001849  204.1135501  1498.940136  1115.185176  311.9472417  870.9858781  2819.333645  1353.042935  2236.023485  
1362.455013  174.4490101  1509.545749  1160.439339  241.3699971  879.9184716  2895.561991  1373.659937  2253.146981  
1359.367669  210.1686381  1518.46537  1144.317445  294.9316396  870.7219784  2882.281041  1370.14942  2243.965502  
1351.854879  192.279345  1519.491396  1114.71504  275.9385593  867.5929229  2941.918148  1372.089748  2246.700152  
1364.778523  149.1527129  1511.978312  1107.071551  262.8269195  865.7751975  2914.631955  1352.70747  2223.148991  
1356.346792  194.6774381  1514.507689  1092.939388  314.5579894  856.9008281  2925.489425  1358.398555  2228.260902  
1370.334237  202.4433094  1494.313078  1121.313062  276.458612  852.073326  2948.121027  1377.142079  2263.322575  
1345.960805  168.3934179  1491.357349  1128.434656  267.768466  846.8287933  2901.849571  1369.250116  2245.549746  
1309.163349  178.8837096  1501.107401  1102.826897  256.0305794  846.1805488  2852.237743  1367.876576  2220.853598  
1374.948589  180.2673284  1507.250736  1136.691596  302.9329752  862.7364068  2905.177033  1375.493096  2230.694808  
1313.964969  174.0871991  1462.957541  1137.235178  275.9930653  848.3205158  2852.538296  1371.026876  2245.056448  
1346.43534  197.5685183  1476.953115  1139.586245  274.7290874  863.9913438  2904.546211  1386.051373  2277.43538  
1321.702697  164.6420845  1487.471496  1159.611101  289.0561063  844.1395132  2888.511498  1383.287625  2265.425465  
1318.042673  189.2586254  1476.896103  1179.918591  326.0895495  845.3709011  2903.00762  1382.194835  2282.132969  
1327.428128  185.3409243  1478.037094  1139.48891  254.0115187  821.2613921  2896.411012  1379.677028  2266.724219  
1398.823085  198.3966009  1503.625732  1129.689204  239.4210961  831.6815216  2885.409001  1367.47837  2259.782856  
1335.247501  138.7125113  1499.489403  1118.015362  257.923019  843.0568781  2853.617799  1342.142534  2216.354718  
1395.962  192.681493  1518.906752  1093.883274  274.8819332  849.7120916  2881.090287  1346.572401  2209.353831  
1324.038873  147.6051538  1491.105178  1141.022217  244.1295079  867.6421734  2906.16124  1359.455389  2253.211225  
1317.504628  229.7357025  1497.115822  1128.798534  295.4442304  869.6152555  2891.700061  1378.508836  2262.294984  
1329.09001  206.9608549  1493.959332  1134.054636  291.1100126  846.9716166  2925.659066  1384.58529  2266.222821  
1378.094236  194.10172  1524.031972  1120.785325  267.1879078  858.4369735  2920.74026  1360.233376  2240.624941  
1358.947585  193.2658079  1544.134307  1124.724702  261.1512549  839.0897107  2919.293651  1369.251795  2250.151532  
1355.535714  139.0198615  1510.385494  1138.525945  237.1748777  840.6989713  2863.958853  1351.973412  2238.93356  
1331.112236  209.4221449  1531.902882  1126.900228  292.7335841  847.8291073  2852.494098  1358.320913  2235.115156  
1380.336314  147.2161666  1517.306225  1134.034701  216.4949689  840.5945281  2893.583504  1371.179269  2225.963174  
1282.199364  165.7091962  1466.791377  1127.15518  255.3918672  837.1759395  2826.208389  1359.407041  2249.59976  
1327.678028  201.9750112  1471.49874  1117.333269  271.6269492  835.8841073  2888.096426  1369.709748  2215.770576  
1334.761782  160.4047272  1444.417231  1139.558858  256.1369964  848.7535671  2823.642217  1355.124776  2232.114577  
1329.964352  200.5116951  1473.813806  1129.935606  248.9064376  850.3233015  2876.98827  1353.267511  2241.618903  
1300.974477  122.5509132  1480.298099  1133.624086  218.9559649  857.0973751  2869.921706  1347.411763  2219.184941  
1340.905696  224.5021531  1518.419439  1117.804983  245.7469455  871.3849053  2874.606406  1343.07233  2203.483565  
1348.344154  199.9245929  1503.148882  1142.801173  263.7414296  860.7919762  2887.920472  1372.985094  2237.494135  
1329.236354  161.4112476  1488.298944  1183.506754  251.2741978  878.6221612  2857.924815  1389.107055  2269.120246  
1314.313875  191.9103358  1503.09888  1147.765667  292.5244023  880.5026863  2826.920104  1385.285939  2248.804681  
1324.969954  189.2284549  1506.739159  1112.370674  305.2940343  865.9849787  2892.425866  1378.883321  2226.460984  
1350.397306  184.1786109  1494.59906  1108.083309  246.208474  844.2197994  2903.0705  1360.516582  2248.020867  
1384.458738  215.8655057  1538.709063  1093.82586  278.3177068  845.7585964  2972.805302  1355.952102  2248.820773  
1332.005767  149.9583118  1516.753119  1116.678139  256.0867912  823.0637109  2912.726744  1352.496429  2246.428056  
1293.394919  197.6727804  1479.343243  1134.877385  303.7880955  826.2911967  2851.97338  1356.835103  2270.298617  
1349.737934  165.8675661  1499.981763  1133.846372  259.3346768  840.2897161  2924.042257  1370.407374  2248.97533  
1317.970487  157.5592251  1503.142154  1106.556274  291.7422052  831.333099  2853.452177  1352.792806  2242.15932  
1309.35349  183.6708619  1470.143714  1109.261232  269.3509578  830.7541552  2805.567793  1359.285416  2230.938528  
1347.404574  170.61723  1479.773311  1142.260307  291.3198915  854.6110766  2871.738827  1369.988202  2212.554887  
1341.410782  159.8517323  1446.300575  1154.998366  249.5283269  839.47497  2828.818762  1368.124849  2237.695175  
1339.349415  196.499088  1482.741817  1127.242975  288.7933905  852.7910631  2856.81053  1363.230122  2239.059598  
1323.572228  149.4173678  1494.031208  1125.917218  215.2020861  838.7717676  2904.119832  1360.126376  2235.224364  
1344.86522  173.3577449  1496.177502  1141.722255  280.8827402  847.8080757  2838.812413  1350.586694  2248.29961  
1324.658333  164.6500557  1498.831365  1156.902175  326.269695  874.9752869  2870.8641  1380.531012  2270.444848  
1326.969984  202.3488525  1516.652142  1151.658129  337.5898156  881.4667729  2863.637018  1378.465141  2264.594044  
1325.324041  161.745288  1533.286353  1126.960163  297.9052472  866.0172062  2963.942  1372.031789  2257.121215  
1373.87533  213.6906658  1567.193086  1092.49083  276.4771893  849.1593897  2944.128327  1352.243568  2225.921378  
1430.300418  185.7726695  1569.58138  1095.04139  249.2216815  865.2507217  2962.584439  1354.232966  2224.64831  
1386.441157  159.7777801  1533.355737  1109.869581  285.3735366  856.6063817  2876.772395  1339.429578  2219.183206  
1373.423841  153.8465519  1519.339985  1116.46471  250.2831248  840.9564013  2900.550949  1356.51566  2262.645852  
1340.954125  160.0031293  1490.748069  1140.831805  282.5034475  843.7455145  2876.397781  1371.329868  2260.274909  
1295.341695  206.712341  1463.977618  1124.859954  345.3276513  839.7439001  2876.760253  1366.149722  2249.569328  
1330.700679  176.7464026  1474.175852  1113.311017  278.0940059  840.5416178  2868.885445  1375.601722  2246.425081  
1361.889273  183.2699619  1486.813661  1151.609566  277.7487046  854.2816979  2874.266746  1386.3553  2260.045723  
1324.421364  201.9894998  1498.386648  1113.982242  288.9040355  864.5096958  2885.010484  1367.26336  2237.509813  
1364.879229  226.9390633  1505.008086  1105.254154  291.0395515  868.9704542  2916.497298  1376.18498  2226.984534  
1347.6375  131.5095192  1487.112649  1112.021407  223.0686205  848.4275043  2879.037998  1369.52477  2205.546395  
1328.378161  215.5708195  1490.524798  1118.206087  260.5929809  850.0372741  2881.001091  1378.798699  2247.956969  
1312.486546  184.117632  1499.396046  1134.475587  212.0024804  836.6642973  2883.856665  1369.924865  2258.297272  
1330.214783  159.1857917  1508.269981  1174.066517  300.1150675  855.3324674  2868.686643  1369.381425  2243.410657  
1296.876889  199.3249442  1521.929598  1190.14273  313.1497271  888.3709062  2883.251485  1381.936238  2270.486203  
1330.222926  203.3658842  1544.099144  1186.663585  351.0124598  895.2315037  2874.315801  1360.189328  2264.120423  
1279.786742  218.208078  1504.886811  1134.988213  307.9552347  866.8488287  2841.747919  1351.762785  2265.513281  
1320.426367  221.8586227  1518.812372  1108.76755  280.2394546  838.7138441  2949.376851  1380.951629  2283.53673  
1309.417674  185.5628612  1486.48454  1107.36049  297.6408679  831.6743477  2921.152691  1364.937047  2279.945991  
1338.736876  219.7817993  1494.948148  1077.427809  255.1762867  822.6510762  2900.141811  1351.906708  2264.930162  
1343.559725  166.0870344  1497.088925  1109.024251  266.2442172  827.2218016  2938.507757  1366.472331  2246.113007  
1300.365511  203.2569202  1494.950029  1096.850399  286.6976843  848.7321551  2910.608618  1355.083672  2234.516402  
1381.399876  180.34361  1504.224642  1102.613927  310.3003776  832.4673088  2914.733322  1376.921423  2221.194561  
1407.580071  162.385789  1504.324717  1120.734428  239.2816962  845.0828441  2895.194959  1349.139198  2202.714061  
1398.05611  178.9274526  1537.224965  1133.144443  232.5199125  870.3267801  2909.127748  1348.510266  2223.8052  
1336.585745  114.45297  1510.510468  1156.60332  228.4002642  860.1565312  2855.411456  1354.327917  2243.873837  
1293.760069  213.326005  1493.87445  1156.534886  280.4300229  855.9782244  2804.469187  1361.800908  2252.832911  
1365.96698  185.6764465  1481.746108  1135.66331  291.5394029  847.4122073  2855.618338  1365.579446  2251.511257  
1355.639591  163.1190108  1455.747493  1168.560694  259.6442443  846.3179572  2830.001535  1377.725171  2254.041541  
1329.485293  233.8375901  1484.208626  1196.617387  294.9154111  888.0150859  2864.89634  1388.261185  2266.021392  
1310.093608  157.0271816  1506.08332  1166.948883  296.7153964  884.0397155  2893.403188  1386.103444  2264.937151  
1310.121304  191.4547638  1532.493565  1115.985404  313.2307633  866.9488662  2870.528374  1349.163861  2222.107029  
1303.592547  220.0793271  1520.226176  1076.320462  337.8686364  857.6573692  2892.480784  1350.148075  2233.467992  
1336.730904  194.9809101  1498.687677  1115.680874  265.243944  854.8314089  2911.221323  1369.041719  2245.782658  
1319.334844  194.8439171  1473.179034  1129.549284  276.29363  843.4207304  2858.207589  1363.321568  2255.565658  
1350.890602  181.5716436  1462.331854  1137.376297  222.15454  836.3569412  2850.728924  1362.977199  2251.466827  
1339.874663  152.6180081  1473.3861  1158.95463  238.0389496  850.0038611  2877.716787  1374.158614  2247.446639  
1340.65424  217.111899  1525.68625  1132.343379  236.5031967  852.2038465  2961.826065  1359.015282  2235.144839  
1358.61796  201.652527  1516.742184  1136.812398  229.358311  836.1854625  2958.613638  1366.473511  2247.46897  
1319.805702  184.2933239  1468.196657  1107.54243  264.5138868  817.1401652  2867.823775  1366.315166  2237.057124  
1321.763955  165.7077772  1427.839904  1091.767269  266.7761277  808.617049  2868.378495  1370.182184  2231.504927  
1333.46549  154.1364002  1457.474354  1120.416915  268.0507595  826.8432336  2873.146126  1352.387997  2242.593042  
1380.916767  188.3848269  1507.614918  1125.730826  287.4840317  843.116768  2938.266663  1357.964232  2244.813203  
1375.732955  115.0963429  1529.754876  1137.598421  250.6323986  846.5344688  2918.650246  1352.899591  2234.135621  
1373.143418  197.42647  1545.360044  1124.536842  283.6884832  860.0059798  2917.213772  1353.642859  2249.758237  
1315.708579  172.9026854  1490.128038  1118.744629  260.4824005  840.6636114  2902.765065  1364.10776  2263.061086  
1309.799939  155.8333118  1482.886113  1119.308179  271.3241735  836.5171999  2882.298254  1370.95659  2230.156505  
1367.969438  163.1299204  1479.956998  1124.756549  268.4687664  851.0881162  2885.354462  1368.525203  2252.314975  
1343.16854  191.4891972  1490.929896  1115.019032  331.4871238  851.8214134  2901.151229  1369.137361  2246.124936  
1379.559478  148.8309541  1501.812953  1135.483868  251.2785619  859.0015418  2893.092408  1368.821647  2234.968419  
1358.094241  200.4553077  1521.494608  1117.084133  260.9307874  852.4805185  2903.469005  1366.944734  2258.548125  
1341.419686  181.7429187  1503.967208  1130.132384  272.2819249  858.2300368  2909.93559  1373.457148  2256.551911  
1359.399006  181.8854477  1539.106085  1158.796853  266.6953969  890.1207285  2887.441697  1379.679778  2252.810519  
1320.711905  174.9019939  1544.620414  1157.549605  304.9446956  880.6837916  2973.963371  1396.722311  2258.396859  
1263.356518  211.2675589  1490.082466  1126.699532  330.4217438  843.6650284  2855.927246  1359.692932  2260.123805  
1357.956843  193.5255172  1501.035508  1100.025741  268.8710398  838.0648501  2877.484769  1357.769756  2231.542207  
1387.1461  178.4027913  1500.186504  1124.790704  230.7633702  850.8591647  2848.992226  1345.393184  2220.308088  
1330.43818  179.2747349  1498.55897  1141.552017  271.9874237  850.2587288  2854.898786  1356.598818  2227.119845  
1327.511336  203.0450577  1493.892466  1151.310297  316.4986846  868.1289212  2830.997434  1365.029617  2253.120801  
