1053.008868  -92.51196107  858.8235268  1532.706652  242.5529913  1675.322463  2097.946777  1318.56512  1983.363173  
946.7455652  -132.4971226  841.0634694  1535.592135  199.8280706  1680.595104  2094.624079  1297.465998  1982.890269  
956.9954247  -101.769724  817.2459947  1529.164717  219.6361298  1684.960325  2080.903162  1294.619614  1961.295005  
951.174384  -92.40715795  787.652758  1535.254463  213.2277676  1645.592953  2047.912391  1281.835297  1981.396102  
918.3575225  -105.172272  789.5039556  1566.724622  203.6259699  1670.60165  2095.185607  1284.179962  1960.857708  
970.5229922  -91.97552106  793.7927358  1548.55026  162.5969625  1665.690974  2050.009299  1277.494327  1951.991518  
1016.950853  -73.36527359  824.6215921  1553.004762  114.9023938  1674.872498  2066.357292  1274.5794  1978.647893  
989.9172797  -70.28057902  812.7269808  1570.059882  158.6043207  1666.137036  2036.897246  1280.15216  1971.280307  
964.84502  -71.82264226  812.2147644  1568.434835  200.4320531  1682.193065  2055.219307  1286.749675  1961.71345  
916.0607238  -98.55540397  810.4929429  1565.970639  189.787427  1677.378614  2047.958574  1283.221064  1961.630262  
1021.241874  -72.53482644  837.4224108  1593.036529  167.8624224  1674.394853  2065.02568  1291.109275  1980.166732  
1024.824163  -93.42326365  832.0762037  1570.731083  251.6185286  1694.423829  2094.686499  1302.974587  1983.020826  
950.3651614  -99.13638706  805.6775402  1537.704192  220.701449  1661.565623  2081.850673  1292.920367  2008.801865  
923.7251046  -132.5813179  812.2398576  1532.987957  178.009955  1647.249941  2078.43937  1297.068762  2026.419201  
954.4871134  -112.5894624  818.9280195  1519.114292  246.129754  1676.32995  2076.082209  1305.995586  2003.815104  
962.247847  -89.74393229  806.4906921  1535.670574  216.2390663  1668.298568  2036.321513  1287.029238  1988.141015  
955.1575037  -125.2541503  805.5134704  1551.773759  183.4297005  1673.398802  2048.390097  1294.214424  2005.121271  
1018.728856  -83.02167206  817.8178084  1578.67257  205.5996182  1692.203003  2050.919761  1290.836596  1981.562353  
945.8108935  -140.8326434  837.4194248  1525.933027  215.4501744  1695.54103  2084.188746  1294.903403  1980.715652  
1046.39068  -91.69950064  852.5150785  1524.06215  178.7599586  1694.814212  2114.217395  1310.714887  1973.677101  
985.9947556  -121.6673913  847.8400384  1541.702845  171.7525574  1682.67676  2089.798687  1304.683648  1981.98589  
976.9519872  -113.8850826  840.8421106  1545.829007  191.7354914  1670.34279  2072.768956  1303.804459  1974.785411  
969.5088438  -88.71372616  833.2402695  1551.102015  192.2593866  1667.374535  2058.320102  1297.143292  1978.706626  
949.6133859  -82.52754797  802.1368687  1569.330976  188.5314466  1674.672173  2061.92826  1287.212884  1951.400031  
986.9190639  -58.5154115  808.8140934  1547.8637  180.226497  1657.598375  2021.589728  1292.324793  1959.320086  
1071.480154  -52.48110403  849.1466989  1589.148057  185.6305691  1688.948649  2081.953177  1301.9317  1974.35284  
995.2656999  -119.4110906  839.856214  1568.751669  220.8936705  1677.58495  2113.427253  1297.343929  1998.80932  
949.5526079  -130.0182436  831.0639731  1564.816647  276.2361424  1696.136959  2120.897658  1293.303452  1995.735124  
892.7942952  -112.176259  794.1225203  1538.534182  171.6056951  1686.310245  2110.280843  1285.455487  1969.71153  
943.8686493  -79.21581578  795.2219082  1546.550718  169.1963698  1650.231537  2025.107458  1280.924095  1945.333969  
987.4129166  -102.1136174  799.6148754  1586.2812  140.2908161  1642.343973  2002.458877  1287.125298  1971.721871  
974.6190507  -104.7626944  819.8902149  1553.623468  187.0826477  1652.749073  2073.830872  1299.355003  1986.787279  
958.4700036  -97.10209897  811.4125655  1556.999496  159.5494396  1650.645535  2072.081374  1286.41246  1974.23363  
973.3670386  -108.6288106  825.5734817  1574.157008  159.4577245  1653.278867  2068.948303  1308.136855  1989.794158  
983.7964143  -94.79269198  817.9106798  1552.538253  223.2403084  1674.907405  2085.614823  1309.585236  1974.981214  
940.4676308  -95.0745549  785.2632949  1554.059259  187.1987246  1634.888403  2026.215325  1300.293249  1966.815274  
887.9583876  -126.3060823  780.2118384  1579.122853  189.7895833  1620.820515  1997.507713  1292.514153  1964.750871  
924.1015657  -102.76652  791.3007225  1553.497961  289.8651577  1657.107559  2012.607811  1292.506235  1962.061733  
984.6724323  -78.24820047  829.652109  1547.356843  273.9065203  1678.866909  2116.958596  1295.21941  1984.000335  
1013.270849  -87.15867295  844.4139884  1539.599611  258.6949563  1706.797222  2155.5922  1302.184399  1996.589309  
1021.478904  -83.88095744  851.1465786  1539.678837  169.8021944  1687.423106  2137.525312  1284.889403  1998.349879  
995.5883667  -73.34676373  823.5725085  1566.902743  202.1001303  1683.99022  2066.739767  1280.726936  1973.637519  
916.1238174  -133.3977469  808.4408751  1561.811773  202.2251129  1678.745712  2054.716601  1286.018294  1984.869474  
986.3469  -98.40556324  829.1454196  1502.119422  226.6151322  1692.384323  2102.250156  1289.379615  1993.550524  
962.8966109  -94.91599019  799.3082815  1476.330644  196.5869442  1699.247837  2089.611202  1279.063185  1970.875204  
1004.110873  -80.00276053  821.6082949  1530.207607  188.56029  1694.62863  2084.66253  1294.991666  1962.141839  
1024.319352  -65.8859849  818.0668669  1575.495633  174.3512282  1676.326308  2043.752974  1288.248673  1980.673554  
999.0862674  -68.53737681  800.336569  1563.226555  193.8575404  1667.445856  2024.182297  1287.197297  1965.685991  
966.6623767  -103.5088139  802.9640833  1554.756071  155.6801913  1641.365573  2054.626882  1284.671596  1967.010412  
959.6296037  -99.21345715  837.8967988  1574.810879  166.7929748  1671.55182  2046.118404  1284.16456  1966.600403  
915.9088559  -135.9565187  831.524  1568.156011  265.4846753  1709.93027  2061.530465  1286.092989  1979.317369  
920.5223361  -148.5772541  830.2193248  1512.094101  290.9807652  1741.087369  2134.344695  1299.278394  2003.74216  
998.6252493  -61.80713135  813.431779  1529.212056  201.8070621  1683.561494  2088.865261  1288.385857  1998.742494  
975.269123  -89.60469463  815.3562898  1573.911321  175.3462904  1647.204609  2069.909106  1285.232397  1990.496369  
957.5373176  -94.52880275  812.7714404  1539.367577  157.6173117  1667.73755  2071.151079  1284.606465  1974.934042  
899.8460557  -119.5059778  798.7521263  1520.149002  192.2077866  1679.149137  2065.291581  1293.232139  1947.278883  
1084.557051  -44.13712587  841.6526681  1564.456402  138.9084877  1642.609352  2067.552478  1299.338765  1973.522224  
961.4717937  -128.6192315  828.147327  1561.613716  174.0388582  1642.956017  2092.031059  1303.329199  1981.748135  
883.5409295  -148.2604604  819.7396892  1572.090022  210.5353051  1667.032004  2103.085928  1290.829249  1992.495239  
968.0298652  -133.1145373  828.9798584  1574.814749  302.4780917  1701.16344  2109.509827  1297.841647  2007.624745  
924.123884  -121.7309311  803.8958985  1534.968584  242.1752901  1707.597882  2080.071643  1288.252929  1992.033753  
996.7247464  -85.22621312  825.2118592  1521.795718  178.120054  1657.498029  2055.349466  1295.616384  1973.756255  
1007.694987  -91.61201019  842.5728618  1560.578305  150.4304655  1673.050847  2092.614448  1294.667075  1961.281259  
1036.126457  -54.93510203  843.8347007  1565.330927  178.0731244  1678.352592  2102.281152  1291.03067  1971.896649  
1036.640241  -79.24670259  855.8777652  1586.780104  181.4215337  1682.31666  2083.47159  1308.378546  1984.767147  
1002.529579  -109.8594537  853.48349  1544.719864  191.5774313  1666.795681  2102.830241  1298.651985  1983.074478  
1004.663979  -83.86239324  841.3956302  1545.404126  169.8761659  1666.417533  2119.584382  1292.759817  1963.371808  
1018.176206  -65.94029278  851.8399886  1572.625612  137.9182202  1690.851678  2107.862132  1288.55681  1979.37785  
1004.970292  -76.0633316  854.7352476  1552.969828  223.4176421  1711.619197  2102.571838  1294.388955  1973.460379  
925.6897779  -112.3098352  808.0683035  1530.575473  175.4145062  1683.285787  2085.488248  1281.942594  1971.7754  
1018.13121  -102.7415047  842.3823195  1546.791775  159.550809  1671.022164  2093.546841  1304.473861  1975.088886  
971.3846053  -122.8618551  832.3227063  1584.429783  192.4249698  1685.362185  2060.881973  1299.527133  2003.790653  
1015.745443  -105.2071936  835.376074  1555.47146  253.1647677  1714.711232  2074.075217  1314.842317  2001.77992  
967.8330152  -100.6019136  812.5135529  1529.054179  207.2888519  1665.162078  2038.253206  1303.39859  1992.98182  
860.6286562  -152.5515785  801.0226327  1552.745717  205.405068  1659.305356  2026.422786  1282.209994  1987.799026  
912.0354811  -158.0773419  810.6736856  1539.494625  249.2856002  1672.214541  2057.632027  1286.179895  1984.183717  
992.9254665  -69.13657589  811.4086492  1527.804975  279.4599746  1694.793363  2079.281872  1282.902431  1981.689479  
895.2348985  -80.19604163  791.4568452  1550.859129  221.4161191  1667.411409  2049.108294  1283.993898  1980.479923  
939.9258944  -102.5626648  802.0619164  1569.822125  183.6560184  1663.022931  2044.102318  1305.842784  1976.436975  
990.1744807  -63.34396146  800.4002455  1586.866665  175.2791333  1658.833461  1977.328568  1282.522195  1957.840428  
967.8783291  -94.62989948  812.0993152  1567.644758  145.2025314  1678.652432  2022.985087  1292.335854  1969.314447  
927.6576533  -75.06571528  795.9811812  1529.526229  174.5959659  1676.367209  1981.789529  1292.563706  1957.627281  
948.6296523  -81.28441114  782.4443984  1552.868147  128.5196925  1655.474114  1987.396841  1289.544468  1971.053136  
927.5236412  -98.98790971  780.5231803  1553.147555  196.0002505  1655.413362  2000.440212  1292.42675  1953.548882  
993.0769399  -48.78131264  799.185285  1569.376778  218.7413193  1649.533571  2023.05243  1286.938206  1968.87899  
949.4172326  -100.1070973  816.2668953  1563.878566  169.6277776  1660.35891  2104.662868  1296.943856  1990.059842  
1016.167601  -76.85682247  814.7692386  1542.839778  127.0703156  1643.09962  2059.159376  1288.051195  1975.760191  
996.689027  -100.4587536  825.4549487  1531.33731  98.10698134  1654.586348  2062.57267  1278.535105  1967.555959  
940.3855485  -121.5619369  817.3351158  1527.492104  130.6116961  1662.289496  2073.228844  1285.610963  1964.435435  
958.0344884  -124.7180845  814.0701114  1555.445214  188.9046948  1653.371156  2063.293947  1284.467252  1970.656576  
969.3484129  -150.5370383  824.5649407  1530.993052  223.2193114  1677.856645  2078.456618  1287.045388  2007.199312  
989.1118279  -137.1731238  832.4853641  1509.367639  233.2647856  1684.37871  2130.386114  1296.66269  2008.071597  
938.405036  -128.5781019  835.9926137  1535.85394  196.662642  1684.825334  2110.088886  1285.535803  2004.666783  
974.1884908  -119.5083829  820.9397661  1522.928853  235.053644  1697.785283  2114.874374  1292.011445  1980.677031  
901.0498514  -129.0826631  794.0679258  1530.187653  272.1113096  1702.763613  2059.299267  1287.781835  1991.743016  
993.8745974  -81.15843662  812.9338876  1549.122743  240.2600857  1690.57685  2092.098453  1306.926279  1983.843219  
1032.885654  -95.6169616  806.8056798  1538.111465  269.5881601  1680.732937  2066.066084  1294.554747  1989.917053  
928.4054195  -116.546402  790.9433969  1520.56149  239.5383775  1694.827309  2119.831036  1264.488381  1966.114855  
973.3595619  -63.26478642  792.5920183  1509.883102  189.05318  1678.978475  2115.250631  1271.303421  1961.564279  
971.9033564  -71.97992351  800.2561635  1569.858457  157.7479795  1653.92634  2061.228604  1276.755891  1954.409694  
1008.629374  -78.1080819  807.6228259  1565.076565  170.507921  1642.964296  2055.509436  1287.943581  1962.023361  
979.7852037  -94.81889069  824.9775161  1546.348022  160.7511326  1657.897674  2072.54488  1285.029256  1955.596961  
1011.257662  -78.32671991  830.5251457  1542.524027  111.1103896  1666.507614  2080.338921  1291.892536  1951.096879  
944.0044188  -104.5048525  827.7148114  1536.985213  150.4722221  1661.422241  2063.743743  1294.132051  1956.277367  
969.446325  -81.01103646  843.5289476  1550.993377  156.4399113  1672.820909  2053.693871  1291.78819  1964.187535  
1025.907849  -68.35184374  846.296403  1556.698636  186.4544762  1686.946671  2079.181291  1304.712051  1984.522733  
967.185081  -125.7082756  840.4407433  1573.56252  254.1327824  1687.891625  2087.270816  1314.390742  2011.073643  
998.4532862  -107.7859922  835.6511498  1562.27515  299.8750366  1706.965497  2091.182719  1317.259482  2011.57048  
1035.732166  -85.93110694  847.7741707  1533.878423  259.6234551  1720.070839  2115.594494  1304.329162  2001.464633  
1007.286856  -85.61023291  851.5228138  1534.536545  173.4349991  1699.859628  2128.05796  1297.663625  1983.25781  
999.3740867  -74.95077013  843.068931  1550.327196  154.8945906  1679.947345  2086.237922  1282.767962  1986.937739  
977.4489706  -88.30843169  823.6682343  1568.702308  188.3544378  1662.961673  2062.113341  1286.212216  2001.49514  
974.4793746  -62.60949471  823.0515071  1580.675353  257.1370584  1660.438053  2038.452101  1290.58912  1993.931905  
951.365224  -92.23598495  826.3412049  1567.384987  230.5410152  1680.647696  2101.67756  1292.389705  1977.619973  
992.8384721  -79.68936256  832.819265  1552.028171  155.5196697  1666.854831  2115.227003  1294.044446  1978.207772  
1018.396705  -87.82695192  844.8926192  1600.329579  151.7345037  1673.209993  2112.676609  1308.108018  1973.5864  
948.1470613  -137.7425593  842.1037736  1595.076715  189.5368329  1652.169141  2060.785575  1303.537112  1993.834676  
945.7317387  -101.7797229  834.6564603  1562.319857  265.5606594  1700.801752  2080.821224  1299.443771  1993.304767  
936.7977965  -108.0069372  796.8183403  1521.031705  214.2952708  1680.309747  2040.206722  1287.579176  1950.923948  
946.3297476  -106.1599171  802.07041  1541.642563  166.4811049  1648.525003  2053.044927  1289.366669  1957.258242  
959.0141121  -130.5613918  816.3068722  1563.536134  248.6117239  1665.880458  2064.789051  1298.858919  1978.477114  
946.4701613  -133.7359309  838.2054451  1531.345735  280.8140621  1715.927394  2136.205486  1296.585695  2008.192959  
1033.595214  -88.35270569  834.1555689  1547.340698  215.1369069  1686.745108  2156.568021  1299.371245  1994.010066  
1067.313566  -68.08871758  836.3344757  1553.700823  195.0918763  1658.535552  2110.621195  1302.418437  1994.630495  
1021.504274  -67.22366639  831.8890033  1560.743456  227.1855162  1672.594033  2078.67539  1300.653202  1976.112021  
963.4619345  -109.6689321  812.8639856  1549.32257  172.0282016  1663.408722  2098.600248  1286.58434  1988.431817  
961.8681996  -108.9399195  804.0310323  1546.23769  198.1468836  1658.701843  2072.944739  1291.76448  1981.206555  
984.9071283  -89.37252254  793.2717642  1559.293642  192.0057884  1652.603559  2032.809659  1294.374968  1990.912904  
976.4889247  -85.86447288  797.4412162  1571.713755  180.8953726  1655.481639  1993.469554  1310.912067  1975.712657  
960.2062645  -76.07233794  796.2375183  1569.695864  163.5675876  1636.400248  1957.905915  1289.933579  1973.289789  
1004.253126  -66.69381078  826.8350484  1544.770713  202.6983307  1680.278162  2039.0019  1297.719579  1969.785096  
945.7585557  -111.1127525  849.3600604  1548.159956  208.2632137  1699.653403  2062.274661  1283.983078  1975.885328  
1027.556129  -70.16852178  836.5224433  1529.692095  239.3079395  1700.409859  2117.960737  1293.926477  1964.903789  
913.0365354  -86.63692395  795.0029301  1510.177174  204.3976035  1652.52823  2075.272023  1278.423373  1965.163686  
983.4402273  -76.84562818  796.6228519  1538.462598  173.8891018  1650.761399  2096.066422  1301.352018  1961.084972  
1033.380272  -69.20007867  802.5933977  1609.377462  162.2183625  1640.189476  2038.277929  1280.171848  1970.791158  
934.9312211  -115.2555497  779.1854385  1542.302984  216.07087  1657.089863  2085.725276  1292.835132  1970.941784  
949.031898  -70.87115634  789.7153756  1504.456209  162.7948461  1636.856217  2070.303113  1286.626923  1967.689413  
941.9526614  -102.0780235  797.8264546  1573.133031  162.9172964  1654.26073  2022.33411  1285.502353  1970.290264  
931.3774187  -130.1335567  807.7707175  1541.163318  203.7574079  1664.803362  2041.232154  1290.9139  1951.331871  
988.8562345  -82.55552392  817.8318858  1554.582082  162.8275931  1674.867901  2037.012103  1284.261856  1956.440903  
954.7533761  -116.2319692  804.9980831  1542.588841  157.0820232  1663.083743  2030.145295  1290.281218  1966.908539  
949.1437762  -113.1295753  804.102873  1529.129492  199.0228385  1667.183569  2033.441992  1280.612021  1960.303131  
945.1253708  -75.45841454  802.5574608  1548.924101  161.7774828  1661.911482  2048.114483  1274.237554  1952.463354  
909.1175743  -138.7427619  799.1434414  1563.34035  202.9969218  1665.902114  2044.167965  1292.555758  1972.941542  
1006.310922  -98.17447149  829.7842332  1587.217016  242.5848299  1692.006489  2075.829955  1291.553678  1995.374023  
928.3118445  -147.4660273  830.3198286  1536.750409  241.7911325  1715.600553  2174.749297  1293.80531  2008.096267  
1080.023668  -65.59621344  852.9967563  1550.43451  185.7185656  1657.760713  2113.193244  1309.91081  1990.359504  
967.0618388  -92.40522458  842.4534051  1585.478697  125.5914469  1649.399347  2072.390949  1275.544719  1979.83416  
999.0912284  -78.01030696  846.0741454  1542.542297  157.3149569  1684.677334  2096.102728  1295.822209  1964.272588  
925.8964619  -100.6145784  828.9160566  1543.686551  166.0946281  1691.768206  2049.853779  1290.461086  1954.737237  
998.2378238  -100.7995127  842.969463  1558.47442  128.3464639  1691.183275  2082.863934  1296.682627  1990.965317  
1004.684508  -106.7286226  813.1110235  1555.920478  165.9739568  1677.292557  2067.88443  1294.528975  2001.400868  
951.8249402  -87.38436969  792.784554  1553.380325  162.1677297  1656.705064  2044.025644  1279.273065  1999.963953  
917.1611835  -141.9160281  788.7038748  1544.125215  193.4898334  1651.534125  2056.561775  1290.990607  2012.573906  
1036.009548  -93.41400237  816.7695002  1511.59649  242.110341  1660.51999  2084.304891  1298.784764  2011.000347  
986.3601018  -68.89960195  804.303363  1522.936293  160.0527864  1639.939242  2065.083623  1285.011351  1997.947605  
929.9447142  -121.3172953  800.8715936  1538.544964  170.4098583  1661.741324  2063.365574  1292.53477  1984.607789  
981.5845834  -111.2613129  820.3322718  1555.10077  233.6408304  1694.023463  2045.975745  1284.730297  1983.119368  
893.6158024  -131.4431592  772.7724746  1542.572835  255.8412257  1709.878986  2065.870955  1283.376676  1969.178733  
1001.253423  -68.26800875  790.8014924  1562.192062  171.4181264  1654.501783  2021.098475  1306.171139  1971.175915  
1013.836571  -73.05746656  827.7351898  1602.248314  129.019717  1651.536035  2006.573122  1298.782765  1985.182353  
965.908481  -88.01075514  826.666765  1561.172337  223.0115322  1693.360422  2047.031384  1286.704947  1970.242197  
957.0567991  -97.889669  832.3568086  1530.191961  201.9687428  1702.965271  2134.874379  1272.308905  1965.725495  
952.8226737  -66.56004521  826.5966671  1538.286019  201.7283859  1681.173807  2071.097731  1272.609376  1954.485411  
948.5922721  -97.26898263  819.9177568  1549.748982  151.4311036  1661.437682  2036.610579  1283.893007  1962.0999  
989.4276837  -93.15080269  844.9133872  1548.228582  150.3884733  1688.310467  2090.255193  1275.996345  1960.511173  
993.4470246  -102.6663026  816.7665649  1530.61908  194.0443601  1691.180493  2111.51935  1283.588589  1987.567059  
951.3177927  -101.1961044  824.7341877  1533.888266  131.3728333  1667.295492  2103.473476  1289.410321  1978.464373  
1010.465932  -87.00959091  829.7145415  1550.759832  135.4542829  1648.931846  2064.286279  1290.105911  1965.552228  
1025.033174  -113.8369416  855.1166148  1558.121296  140.2041162  1664.645189  2104.932171  1301.464259  1982.830264  
1002.346683  -126.0978737  853.5629952  1551.477873  138.1137557  1679.669518  2115.139995  1295.455505  2014.217757  
976.1014459  -110.5055011  846.3675838  1539.005297  235.2450149  1710.306767  2101.958191  1299.797381  1985.564121  
955.723313  -124.2374324  848.9721542  1525.371662  246.8223896  1690.912358  2117.896212  1295.134539  1983.071232  
1002.72005  -87.30171155  836.0165908  1534.496527  206.5578469  1696.564013  2095.201065  1291.477984  1961.157671  
964.499258  -122.3792743  826.5185427  1542.074601  232.8479462  1697.396998  2088.215456  1296.849158  1973.198734  
944.7729893  -85.41008767  811.3080657  1583.136618  265.008225  1698.706424  2077.190554  1287.061976  1995.57064  
896.8418548  -111.383413  809.8266909  1572.654818  280.9700379  1694.114391  2071.572349  1314.793815  2014.79421  
1021.934597  -74.11016824  834.4990563  1576.84303  287.454825  1685.321544  2051.998905  1310.661107  2018.504112  
970.5659154  -80.51474644  790.7731214  1553.356206  264.9927685  1678.507346  2030.716282  1289.730059  1971.976709  
923.8761107  -104.5311774  781.6461235  1526.132868  245.2830304  1667.962426  2038.820608  1284.29225  1961.29153  
911.5531784  -81.29622302  784.5111968  1506.13554  232.033278  1668.97315  2029.270785  1273.258456  1936.098169  
934.4174069  -96.93667211  790.121992  1546.421311  208.1548004  1662.040562  2002.913611  1289.582805  1936.947779  
974.9128256  -92.11959048  800.3275224  1566.835952  189.3734194  1674.593919  2003.434111  1290.156151  1952.493441  
986.4825896  -69.283067  790.980191  1561.603911  238.3068277  1676.79387  2014.241569  1290.935309  1956.976773  
935.0626458  -113.8359425  792.3768995  1548.904039  221.9568191  1664.277635  2079.475085  1302.612939  1965.593149  
1033.213712  -50.93318714  827.6604469  1597.757037  199.963869  1672.297753  2038.181184  1294.710661  1969.08645  
1000.939416  -63.23558445  817.6633087  1580.516732  194.545498  1674.624346  2013.412  1280.79592  1957.842229  
932.3903208  -77.6034755  809.1615805  1547.962257  127.801367  1684.386544  2034.582324  1274.388999  1947.539669  
1038.459863  -59.94202564  825.6032995  1531.20257  -12.34007856  1634.425649  2080.755891  1292.720692  1979.463433  
991.4208471  -107.9514994  827.4826346  1550.856358  89.33847498  1614.552529  2050.990245  1306.891522  1986.129414  
886.0024698  -171.8998174  832.356921  1558.694156  213.8822755  1684.947919  2133.123023  1294.772373  1967.42532  
950.5575689  -105.4977447  833.7782893  1513.803715  220.6137625  1696.855088  2153.776178  1281.427307  1991.036832  
965.8115759  -88.30270336  814.7417834  1543.860752  173.2946711  1662.338388  2060.772734  1288.727021  1999.664458  
912.0010374  -121.2212896  809.1846401  1553.485247  221.9863506  1666.366473  2024.262671  1292.741601  1984.179329  
996.3256185  -95.61390444  829.2026415  1556.949825  258.9868806  1673.325153  2073.332543  1293.258422  1991.743897  
1019.660229  -101.8722454  845.4212448  1569.126052  233.5649917  1685.80066  2111.512951  1300.609086  1991.22675  
963.2018396  -116.5238058  837.9376377  1552.764378  223.3857363  1702.707675  2116.359567  1288.923073  1992.091857  
996.9562455  -94.49254377  813.3008043  1528.869161  163.8528237  1672.910365  2100.081247  1291.795338  1991.092371  
1034.706849  -87.37873206  813.8084875  1542.985701  202.9713039  1667.457468  2063.628496  1297.988512  1979.597515  
