1243.74691  -20.32343245  1046.177202  1077.583965  -163.672189  881.0831343  3033.199725  1134.227298  1789.096737  
1217.72691  -64.40736489  1046.870318  1064.65424  -271.1314436  912.4002942  2952.177449  1106.162595  1773.383464  
1146.654636  -108.7555109  1033.079164  1077.616053  -351.9593829  930.0067928  2908.982327  1089.113229  1768.979787  
1158.134474  -36.15163878  998.5151074  1084.240152  -407.6999853  936.6580859  2949.689671  1109.933862  1776.760293  
1108.431664  -100.715608  1001.335922  1118.563315  -356.7879785  961.8752667  2878.180137  1122.820224  1788.05647  
1162.045194  -57.56183021  1005.798182  1125.524922  -342.9426  965.4581566  2887.94624  1133.880371  1797.076761  
1109.076425  -83.86611418  968.7275188  1088.991126  -415.0835645  941.1751593  2893.062958  1109.744209  1792.19349  
1109.621517  -48.82814862  978.8821088  1101.042969  -457.3131656  966.1053962  2905.154967  1121.427723  1795.226689  
1107.339815  -40.61373295  980.0547945  1091.198287  -484.4665781  944.7879081  2951.863805  1120.620914  1792.57336  
1134.811812  -54.87432799  1021.743731  1088.017836  -428.6759008  960.4254759  2944.841582  1127.039384  1794.658514  
1141.266577  -43.73618274  1015.814924  1054.021577  -424.8902657  960.497683  2938.966591  1106.051186  1786.916534  
1097.824361  -28.7938228  995.182238  1097.160847  -430.2862082  945.8389611  2939.39812  1108.106208  1800.831119  
1130.088498  -50.75238376  1002.716503  1093.882202  -400.8134529  944.8615779  2927.164347  1121.799135  1820.630553  
1145.687683  -64.61158984  1003.890714  1105.422303  -397.3770258  953.5294896  2909.760779  1124.080817  1806.230882  
1126.684004  -72.71925652  997.9246256  1110.847498  -375.9107822  962.1571497  2968.653437  1130.455851  1800.64347  
1177.081497  -47.66870212  1013.800023  1059.001534  -350.3776983  946.7553671  2941.41467  1105.289174  1778.800402  
1170.970193  -53.4330144  993.8137787  1068.970793  -369.2668941  944.9948809  2905.592346  1095.883326  1777.818796  
1127.443952  -95.13957995  978.535429  1070.134153  -403.0519333  963.22766  2867.187143  1103.293274  1774.761013  
1130.873319  -67.2727816  993.8700924  1080.913411  -418.4760959  978.1198095  2908.967116  1116.345118  1793.421176  
1142.275545  -76.45496957  1020.324993  1083.898658  -386.3177275  941.887677  2938.31689  1120.349797  1798.020458  
1167.654049  -62.10545067  1018.059026  1095.606633  -324.7123002  918.8612683  2984.478936  1119.840345  1799.020776  
1162.437009  -100.8621425  1020.799195  1113.904207  -274.5476615  903.1511598  2986.224557  1132.829469  1823.022953  
1195.40149  -61.57258903  1031.508831  1143.362661  -312.7830383  923.6991158  3014.330815  1144.878827  1829.64033  
1209.729229  -68.1311229  1046.216898  1111.059537  -283.4728372  910.1938475  3053.586195  1137.073575  1809.555252  
1197.663351  -32.41340925  1021.036062  1109.731342  -288.0229534  937.3761577  3048.664378  1138.710538  1801.683322  
1126.877887  -103.6314013  1035.446175  1124.141441  -273.8032854  890.4771609  2954.296679  1125.274169  1800.894531  
1225.715276  -51.82949503  1052.168772  1087.234953  -254.1241236  917.446926  3014.212374  1138.298368  1795.707691  
1203.67605  -59.86780834  1031.086437  1088.23034  -244.3754612  887.0272702  2972.50579  1112.52805  1797.488815  
1174.396446  -91.50104543  1019.915582  1072.955593  -286.9523855  895.6013417  2973.021855  1118.929656  1791.563149  
1176.312131  -77.45846685  1027.127598  1085.979135  -329.3558555  923.8988313  2952.574134  1127.120717  1779.586584  
1215.586307  -46.37222044  999.5616136  1056.977327  -339.1702056  919.1580554  2956.279952  1124.903764  1774.963111  
1157.796125  -56.82972325  993.148239  1087.548473  -319.0838924  918.5496027  2883.749424  1107.468084  1784.904826  
1145.983098  -53.62572347  1007.539863  1070.935053  -334.4150218  928.3857135  2864.474938  1103.662087  1775.741692  
1153.121798  -67.51823705  991.5661474  1075.230743  -363.3419473  930.9784439  2841.979281  1104.085343  1769.350345  
1101.755556  -90.2657978  981.8086653  1089.224431  -379.4016588  928.5685757  2830.402818  1102.727933  1780.761631  
1128.091889  -36.40609292  980.4694027  1107.041733  -463.0107662  946.3746936  2891.930915  1112.006221  1792.979838  
1141.274246  -51.11045502  997.8899865  1091.174888  -391.0279553  959.2241911  2973.334188  1121.932678  1786.262261  
1126.00101  -83.36607677  1003.611738  1074.695925  -406.5642887  941.4027319  2940.595774  1104.802551  1781.063864  
1134.485616  -58.15250401  1027.307019  1090.902631  -430.1424669  953.7777486  2943.843434  1111.209775  1784.635615  
1100.224586  -68.98858275  1014.158836  1097.053254  -473.482837  973.846295  2943.517277  1123.859027  1789.66325  
1152.830903  -50.89125516  1013.713804  1064.664283  -394.4068042  941.9715363  2955.671677  1110.530777  1791.913027  
1128.583551  -68.74343534  1020.47382  1085.76597  -406.0523542  948.7627378  2924.066374  1110.061568  1801.839789  
1150.892165  -39.08966256  999.2784848  1078.496869  -441.8676814  955.9302672  2946.324603  1121.373702  1795.522419  
1177.171846  -70.16316369  1013.266019  1075.503242  -368.3772816  948.6907953  2948.990265  1134.362307  1787.902877  
1151.416045  -63.79631811  991.4271876  1056.432413  -329.1499822  946.4973757  2947.389368  1125.064809  1763.440397  
1181.813191  -51.34949288  968.5484492  1071.003849  -359.198517  932.3527529  2910.477148  1105.288342  1773.530426  
1136.500454  -74.45630029  1003.852741  1088.993555  -396.6287788  950.1931068  2995.811685  1124.161819  1795.201549  
1181.67224  -56.42823014  1006.265026  1072.594271  -353.823711  943.8545901  2971.126512  1108.417671  1791.404305  
1186.375082  -73.24560866  1030.310944  1078.775812  -335.8378981  938.0554056  2983.131568  1113.184207  1776.073698  
1116.11278  -8.75989034  988.4925604  1106.11579  -345.5302956  930.9609615  3018.756185  1127.610152  1815.068359  
1202.080072  -69.98237125  1049.208501  1122.953629  -312.1469386  945.653957  2976.277453  1140.372247  1800.784009  
1157.290588  -40.90424241  1026.73093  1096.071431  -289.5025557  940.4653508  2942.357999  1121.325302  1790.404257  
1140.534179  -67.8090546  1004.323941  1079.98196  -369.2273585  923.3262457  2947.053334  1109.652125  1785.618739  
1137.129694  -106.9149099  1001.519201  1072.43007  -400.8174657  942.5414683  2920.64026  1103.153432  1788.642665  
1183.028448  -46.69272891  1026.872141  1088.465146  -429.0939705  973.9498816  2944.935579  1121.65622  1786.405052  
1158.400126  -75.85782709  1004.178784  1080.550763  -377.1441799  937.2646944  2950.13684  1107.400511  1785.85481  
1169.147824  -86.74987457  1030.90048  1087.139406  -417.327219  949.1250188  2950.988789  1116.153236  1806.007806  
1151.713065  -3.411575876  1008.974478  1105.045994  -420.0696914  955.6010237  2959.063768  1118.080491  1811.433264  
1138.107533  -75.9396989  1004.511674  1109.837941  -389.4813552  937.6733098  2914.893043  1118.63916  1805.360652  
1143.648071  -67.04358351  1021.890556  1100.671931  -388.1664756  967.3308895  2893.59286  1129.53265  1778.958881  
1151.475959  -54.9280004  997.6239203  1099.695752  -397.9822834  953.3176786  2894.052869  1131.597993  1791.138557  
1135.54135  -59.82154433  1000.431185  1099.997561  -360.9066098  939.3984813  2901.903084  1124.419811  1800.257659  
1153.484198  -35.39269993  1001.43232  1088.771916  -360.1265455  938.2232808  2948.660466  1137.339548  1820.71576  
1161.46875  -17.17906186  1023.666733  1092.606977  -378.5670555  960.6962989  2938.210848  1128.928781  1804.704216  
1144.361984  -36.42510328  986.1546803  1088.743105  -350.198951  934.1070324  2904.264978  1111.263664  1789.458935  
1154.79617  -83.25710683  1009.506707  1097.681253  -387.7260319  957.7065167  2859.119  1119.543362  1790.006388  
1160.844655  -35.40881754  984.4422294  1103.651196  -391.4308776  942.6546842  2917.948459  1117.472647  1798.353275  
1168.541456  -75.04581488  993.0276819  1085.303609  -357.0134839  924.3681526  2916.97414  1114.161539  1788.498777  
1169.337375  -81.68205403  1000.758845  1091.6649  -372.124296  945.1692335  2933.464725  1129.42377  1798.693018  
1174.590449  -37.73742001  1002.210291  1091.020257  -395.9254647  950.8958826  2950.345218  1125.607555  1812.246816  
1178.61798  -47.86503646  1012.937666  1090.94222  -364.2529808  939.1305582  2953.9101  1120.951907  1796.105132  
1160.104291  -96.32472213  1007.31492  1070.539132  -382.8005272  946.0434376  2948.339979  1118.597838  1797.933799  
1188.924085  -52.35881372  993.2163592  1072.556942  -383.5594075  957.6668515  2924.101019  1117.280508  1786.013493  
1133.292275  -80.96002335  993.6606128  1101.58378  -421.2641931  933.1734751  2912.656095  1110.870312  1813.613919  
1149.180509  -64.01548505  1011.06081  1097.868312  -365.7511208  948.5732607  2928.038114  1129.56118  1798.456969  
1139.787635  -84.88211547  996.5534457  1079.170476  -361.1280251  925.8567951  2950.624447  1120.473029  1787.802  
1180.417084  -73.7265519  1016.664762  1059.540225  -313.986405  945.560653  2979.149205  1121.465766  1758.08921  
1131.782434  -79.79238842  988.8642537  1084.486743  -336.268914  926.3915059  2960.518279  1110.598192  1785.039874  
1168.954577  -64.04905026  993.0393629  1088.677331  -339.9297534  931.6089874  2952.469234  1114.480962  1793.958157  
1156.219251  -71.55870116  979.3083092  1096.396788  -360.2734166  927.9076268  2950.737052  1115.912066  1793.242509  
1164.484346  -68.6924901  1022.282902  1090.405115  -330.1622935  935.1188846  2952.436839  1112.609685  1779.244341  
1182.636114  -91.46215437  1008.296688  1082.682217  -276.6378308  924.9905541  2951.06846  1108.547856  1765.127876  
1156.364863  -118.2804007  1017.34743  1066.925606  -256.8865765  929.8907528  2954.175968  1107.718876  1766.159611  
1172.752364  -91.15665148  1007.841271  1077.016871  -303.3014391  950.8048377  2959.650417  1107.3521  1770.191655  
1136.650255  -103.925207  1012.33434  1078.564843  -308.3319829  942.6116434  2961.177672  1108.788928  1785.854937  
1147.02754  -53.33833478  997.5942219  1083.667336  -348.1738741  943.0153728  2954.1505  1105.812884  1782.340302  
1145.76767  -37.79986036  994.043805  1106.657231  -345.560925  927.8893391  2934.169231  1102.110561  1797.002846  
1133.431274  -46.23945917  1045.1477  1102.651105  -358.6684473  940.0008407  2985.735709  1124.310593  1793.155121  
1147.216661  -58.63706201  1045.180735  1080.807654  -355.4238513  932.1458937  2969.760742  1115.493249  1785.977154  
1149.906897  -30.20456988  1029.666292  1064.752405  -373.9573227  939.1397974  2962.187647  1119.458497  1776.548608  
1102.762284  -63.66860829  976.8758802  1090.764169  -405.7422  927.450336  2888.04695  1101.901223  1797.66022  
1170.308493  -33.23655259  999.9117277  1096.398297  -407.6139584  958.8326931  2912.265017  1122.720156  1803.94199  
1130.797534  -57.7892394  992.2845681  1107.821994  -425.6854536  936.7454378  2945.338077  1127.284841  1807.590546  
1170.943135  -65.92644268  1020.202811  1091.268986  -382.3766569  930.4759866  2933.422648  1128.451221  1802.043579  
1167.856677  -58.89375474  1034.640212  1082.014243  -339.801438  926.917504  2907.348513  1116.045696  1786.311917  
1167.635813  -37.9339363  996.0846138  1107.726427  -338.5479524  942.1620088  2973.687424  1129.994424  1810.039391  
1156.432727  -94.00895299  983.5565141  1092.22457  -330.2329865  927.0705664  2907.783578  1111.593849  1791.170582  
1156.480052  -53.25851049  991.7309683  1099.75094  -360.4051818  954.3696267  2902.01894  1108.685525  1786.702557  
1167.274239  -53.63202643  988.3902357  1076.642281  -390.8626423  926.8635438  2950.952178  1105.175412  1794.80726  
1165.41323  -56.98467082  1018.385065  1080.59165  -389.7103154  950.0417932  2969.066945  1115.961004  1804.304376  
1185.245786  -51.16102252  1031.396725  1065.149588  -383.0207955  945.4979608  2920.017984  1108.105154  1782.996241  
1142.124487  -68.03064111  1008.398366  1081.418503  -374.4778299  951.9307087  2937.526499  1114.547324  1770.145326  
1129.107912  -56.83885794  989.8223965  1080.404915  -406.4584673  939.980963  2940.038816  1113.576623  1787.228069  
1142.655128  -74.3639725  986.6187298  1072.677292  -356.4262433  950.5076452  2960.087469  1117.315372  1765.183383  
1164.640559  -54.37255544  980.0792596  1083.23266  -404.3138706  914.8932327  2976.95358  1119.153274  1785.088892  
1194.20755  -99.92712779  1007.642677  1083.829406  -351.4411189  957.0905944  2904.57947  1118.432362  1775.705653  
1128.737146  -61.20154873  1003.854808  1095.696062  -412.1275214  946.4834927  2889.889153  1117.098911  1786.39195  
1107.060771  -94.59557373  1001.33612  1102.782322  -397.5210548  960.1759308  2867.005283  1117.234636  1792.936074  
1147.969733  -80.08567261  1006.991192  1084.63876  -404.0551983  952.1418707  2917.458841  1131.873661  1792.106644  
1147.471798  -61.35396571  985.1035905  1076.081297  -416.359616  958.2277647  2902.35311  1109.769445  1784.380228  
1113.163037  -87.31449749  982.9973663  1090.553102  -446.9622138  935.905531  2882.439775  1106.724394  1791.890591  
1182.269796  -95.24010015  997.842578  1073.906009  -381.488191  952.6422454  2921.163479  1118.34793  1780.512323  
1128.899035  -38.47533778  982.5781428  1077.96909  -398.5606522  931.6166693  2927.383647  1119.665258  1792.50616  
1174.615895  -36.35240346  1022.11719  1079.660164  -331.6891464  941.6590857  2930.083312  1112.876419  1816.640319  
1164.382403  -56.81070134  1040.346468  1092.056201  -315.5633697  938.380366  2945.710289  1124.366933  1803.678319  
1182.784393  -43.40067532  1012.08064  1079.281019  -310.9380198  917.7626132  2993.464583  1120.366864  1804.514149  
1122.165025  -37.98552713  1005.646034  1104.796633  -350.2936295  909.5993046  3053.55439  1143.210391  1817.16685  
1152.654558  -51.87513842  1050.319057  1095.198075  -280.6047825  929.7229487  2969.456635  1126.545842  1799.928882  
1161.931748  -41.71944592  1048.898951  1106.927063  -302.5921151  920.2519557  2954.259642  1115.256916  1803.593012  
1134.201575  -47.06721058  1002.56962  1088.686513  -378.6622682  929.8425094  2971.330006  1119.452189  1815.233797  
1108.315151  -53.39445982  1010.491334  1097.321799  -398.1671222  933.5155251  2990.902904  1126.166525  1814.811769  
1109.366239  -54.67621383  990.7847291  1078.736549  -381.9631602  910.7195069  2986.472454  1119.612908  1775.25609  
1126.628649  -66.39201131  991.6720596  1067.071838  -347.1039142  911.6766515  2962.608141  1110.785421  1772.47719  
1128.134508  -53.33439067  1022.780935  1101.598793  -369.7389549  948.2215865  2900.114889  1112.298096  1785.389342  
1149.305418  -60.86392681  1052.365609  1107.468165  -387.3212087  950.748235  2884.808554  1117.354047  1774.378334  
1164.454275  -24.06132434  1019.022538  1117.297006  -396.056123  964.736846  2928.393164  1130.083798  1795.009852  
1130.5624  -25.5019558  1003.247179  1104.247964  -383.9601069  940.0687507  2929.653549  1117.184467  1781.319074  
1161.05311  -34.45576955  1003.437802  1089.43999  -393.173392  939.7744873  2939.797027  1115.027878  1780.844934  
1202.89869  -33.84821161  1015.773587  1085.595221  -409.495755  958.4266098  2907.257546  1122.911386  1792.044564  
1124.246377  -44.76569509  987.2331906  1096.859345  -383.9012188  940.3057598  2919.830997  1121.667539  1796.692351  
1164.669123  -89.56147127  1020.043221  1133.735146  -365.0664544  928.2680327  2863.076346  1117.433406  1781.393896  
1195.583908  -53.37115266  1050.212341  1115.906944  -327.5323941  933.8727445  2893.993199  1128.800655  1784.868562  
1194.468922  -32.71679639  1032.59174  1087.396267  -322.6408153  937.5746251  2909.534241  1109.131062  1783.463425  
1129.885197  -65.21552211  1038.16258  1107.520508  -334.590268  935.1778948  2927.936044  1108.805909  1801.330362  
1145.722409  -43.54365972  1047.002368  1100.771775  -402.0090104  969.9100611  2938.014517  1116.050576  1797.362938  
1133.808726  -91.33306433  1047.466482  1086.148948  -345.0081508  940.4259652  2959.662479  1120.33009  1769.761672  
1128.902852  -81.10048996  1041.041672  1093.481621  -367.951381  958.8447  2959.998107  1121.101635  1787.042186  
1167.924455  -55.17314821  1029.166611  1104.286372  -337.0690621  944.5936123  2915.867195  1119.652066  1800.562939  
1152.676708  -66.16995664  1008.5532  1085.176713  -319.942683  935.96719  2926.40018  1115.802653  1785.935387  
1111.042111  -84.08429707  986.0158779  1089.635372  -327.5376553  911.8883928  2907.526659  1104.26507  1792.230827  
1140.948048  -74.32975521  999.981622  1096.586383  -327.1893902  917.3611257  2943.000342  1112.408643  1804.172772  
1150.02437  -108.2212357  1007.834469  1100.354735  -353.2588225  925.7497106  2922.085553  1100.754436  1782.62513  
1116.573443  -101.9988534  983.4953065  1093.38625  -344.6847036  929.7083621  2930.043208  1101.099546  1799.569042  
1150.673715  -68.06053452  1000.704311  1097.832928  -355.0973161  936.1899809  2910.741313  1107.737198  1801.632654  
1121.366605  -89.23505911  992.076769  1073.293243  -356.2742439  928.1590125  2928.746524  1098.483744  1788.000242  
1138.48236  -65.36190851  1000.529243  1071.229207  -388.8352001  940.3722754  2936.800672  1103.569727  1775.792502  
1150.671577  -19.9768669  976.7754125  1073.904563  -402.5082375  933.6700762  2936.211562  1103.47232  1780.688417  
1116.311864  -63.19947595  990.0406588  1088.434841  -367.5012648  939.9070348  2900.738863  1109.69102  1789.238444  
1165.596123  -43.3322058  1002.050262  1086.195297  -379.1406783  979.3058587  2942.69783  1129.083144  1797.597104  
1150.922685  -67.24942179  971.7897373  1077.751437  -393.9772295  950.2375905  2935.715595  1106.401475  1791.671355  
1150.334024  -83.41846549  999.2179483  1083.969129  -368.7490011  955.5829005  2936.94783  1113.317011  1779.112865  
1150.749597  -63.0714512  1006.934485  1093.044452  -421.0344132  945.6794282  2966.268766  1117.112353  1798.138395  
1177.382033  -76.42962429  1060.399701  1089.549553  -393.2988533  970.8009871  2936.236742  1123.716231  1790.499854  
1151.368828  -64.99183131  1032.60192  1104.771525  -348.2523648  941.9151005  2936.107737  1120.641097  1796.968542  
1179.847503  -71.38628578  1032.614712  1099.435294  -378.0150476  941.6131814  2949.668588  1121.640261  1802.725592  
1135.042748  -76.7620124  1007.025365  1088.202843  -271.3629202  921.1066803  2962.31672  1121.790693  1789.459792  
1158.425423  -132.9381108  1021.493834  1128.143231  -347.2491519  909.701318  2891.309889  1112.339537  1789.583824  
1119.368588  -62.61043078  1043.988346  1136.780175  -353.8105159  932.7717558  2956.649194  1135.917395  1803.289669  
1158.717996  -33.22722969  991.4470891  1064.318387  -330.3526843  906.9853693  3044.693744  1114.787222  1793.077707  
1125.126181  -48.37895766  988.6556201  1085.111218  -355.2918002  927.5630194  2956.962471  1111.56876  1811.311305  
1173.579847  -84.29032908  998.3969874  1066.000322  -377.2572048  943.4446864  2987.95326  1120.277277  1791.511283  
1161.960682  -23.07850779  1001.683548  1073.505877  -412.9306494  949.9883801  2983.962793  1109.431676  1791.602909  
1173.100822  -36.49616236  982.3910957  1036.066512  -348.4680568  919.4405384  2993.883534  1093.338377  1762.417275  
1122.549212  -91.13801172  993.441316  1064.276401  -340.8159483  944.0285818  2951.480223  1116.52584  1765.471937  
1129.834368  -17.22005738  956.4926368  1076.950757  -366.176243  934.3205982  2953.419427  1115.980674  1790.158028  
1152.897764  -62.2968233  987.3594423  1087.847387  -428.6521372  968.951715  2871.870394  1113.49079  1775.606631  
1130.963169  -38.68288964  972.9200185  1084.450588  -392.096852  968.9201352  2880.052833  1115.844857  1775.689002  
1147.752304  -55.1396675  971.0606091  1099.648462  -412.9383074  973.0940508  2884.626283  1106.397168  1796.608575  
1086.468212  -60.73224188  985.8769063  1116.358664  -412.8997733  977.9805254  2861.966176  1114.553547  1794.261828  
1138.904447  -25.59850138  990.7444169  1119.430728  -425.6672768  971.6432367  2911.723552  1127.153836  1821.93335  
1158.834345  -40.85513778  1029.352106  1111.622592  -414.0446491  964.7425671  2934.39409  1145.191443  1819.03393  
1160.974411  -52.69577455  1033.434942  1085.499654  -369.2871207  945.3815942  2950.08017  1140.636978  1798.716125  
1146.288793  -40.24794579  1028.043686  1088.831914  -335.5167868  920.5506828  3008.326616  1141.348671  1807.692808  
1175.934997  -38.05514773  1026.983657  1068.723749  -298.4630919  918.650533  3002.712025  1130.719521  1809.444827  
1174.913583  -52.88306994  1025.227788  1058.398182  -286.5264714  918.304122  2985.124463  1120.483161  1804.430026  
1141.546134  -71.34410408  1001.746215  1080.770421  -304.5874979  916.1165488  2969.5245  1116.860208  1802.651969  
1147.628051  -98.67385191  1000.006599  1104.562065  -299.8440606  930.5425797  2945.208385  1123.133365  1806.793194  
1150.737509  -93.34720735  1001.793494  1093.192225  -298.1949841  918.4309804  2901.154923  1105.524139  1801.443398  
1194.117585  -107.6824921  1023.397788  1090.120809  -333.0493842  948.2270917  2864.991081  1108.996536  1780.376769  
1156.652129  -98.35970716  1007.341838  1086.530332  -344.3901751  949.8688809  2890.741824  1114.745677  1779.675261  
1166.457308  -101.706428  993.9518773  1085.340234  -330.1256518  938.7645916  2885.309409  1103.862104  1781.114992  
1135.994212  -114.2187833  992.9066654  1079.595348  -358.8549997  935.0297137  2871.243548  1098.747486  1787.512599  
1154.278999  -74.82385012  996.4546571  1099.913562  -389.0670012  936.7619825  2925.644839  1114.620303  1811.888843  
1123.518983  -34.32433681  1000.472268  1103.712226  -442.7156393  934.5971527  2967.15738  1122.586831  1797.37141  
1192.218628  -41.54028977  1006.564428  1086.203588  -342.7842483  928.747199  2935.212202  1106.167391  1784.270327  
1108.956255  -65.47520989  999.4954003  1089.744173  -335.2972378  930.4815757  2907.903046  1106.181523  1789.810286  
1129.444231  -66.71609756  995.6019993  1118.73999  -391.0217394  968.355134  2913.488937  1122.302489  1810.918445  
1139.425389  -64.63107633  1033.874668  1110.918788  -384.7540468  959.3151129  2945.676628  1129.678888  1785.573392  
1125.121932  -99.69417125  1030.005775  1120.901728  -358.4752496  925.5496826  2958.184911  1127.354991  1787.490009  
1164.816276  -49.21432832  1035.25992  1115.571804  -366.7477933  952.3208232  3038.95414  1148.723902  1810.57045  
1184.234265  -33.34060059  1046.384579  1100.138467  -329.214479  940.9702358  2967.37235  1135.851129  1797.870185  
1144.863896  -25.18479297  1027.701573  1073.458194  -297.1487403  913.8845577  3009.114535  1122.681176  1792.967914  
1146.158023  -51.13566232  995.3115115  1054.413177  -362.2053977  915.6764511  2980.191476  1106.108238  1784.555688  
1145.264384  -80.12757536  1031.519529  1068.304759  -394.8512254  935.9172704  2980.13128  1117.181465  1774.143717  
1144.340582  -58.07510965  1022.977306  1052.218435  -387.013185  947.0686952  2944.793926  1104.472423  1774.709333  
1166.811992  -45.18611815  1010.882236  1088.511121  -401.1491412  951.9365169  2913.320355  1105.35949  1783.963266  
1140.889575  -20.00307828  979.244299  1093.921666  -410.2081674  921.4201269  2947.509901  1113.756222  1792.174012  
1157.467431  -69.41730588  1011.167166  1095.822833  -375.5129523  956.864773  2920.69218  1121.37252  1806.572577  
1167.152528  -52.87244219  1002.267213  1106.932676  -352.8737308  958.2390615  2873.152581  1118.541344  1789.284896  
1151.131507  -90.93100599  965.2356458  1087.408165  -359.7859588  946.3110489  2861.92568  1106.755722  1778.779393  
