1556.793218  468.6979469  1608.698645  1026.90294  900.8457822  1396.692539  2827.587794  1349.846852  2124.010183  
1482.757545  443.1189049  1558.088966  1040.950344  877.0575509  1417.900234  2811.585892  1355.95019  2124.127624  
1501.766691  367.2727979  1548.653872  1064.822492  883.9685202  1425.442016  2792.613653  1364.341194  2126.515615  
1506.306037  386.9902282  1585.135165  1057.017537  898.9404557  1423.248898  2860.169852  1373.454793  2138.863018  
1549.874395  364.4625421  1614.685602  1057.462085  919.9265168  1425.161193  2883.813219  1370.499263  2146.840655  
1539.633384  376.7135652  1640.766907  1068.622054  914.3658079  1399.712173  2902.53104  1379.533708  2173.261451  
1558.146994  364.5853264  1649.44756  1057.970694  942.7804952  1408.386461  2908.817339  1381.44257  2178.52837  
1565.963676  393.4051528  1654.568842  1053.677748  947.9098257  1403.376697  2890.683651  1381.863777  2163.500467  
1545.587292  391.1282697  1658.077241  1054.639895  973.0233878  1406.611853  2915.329453  1384.825315  2162.824057  
1566.313601  386.6340177  1651.935275  1060.92058  960.2768252  1411.82455  2923.907049  1388.323638  2188.504111  
1593.953266  413.4890045  1673.547829  1050.457991  997.4315549  1411.830089  2934.530257  1390.724825  2171.138699  
1553.659649  411.3477661  1672.545861  1060.66786  973.7777905  1384.173441  2945.816222  1378.597627  2167.799492  
1545.344573  409.6634243  1664.024981  1077.56593  939.4970515  1394.154639  2964.123054  1379.275378  2175.744975  
1542.390357  449.8810541  1642.421365  1070.490725  948.40512  1400.284004  2904.736545  1382.316993  2160.811427  
1520.035263  451.1914944  1625.248448  1087.492666  957.2162264  1393.437656  2943.858743  1368.930367  2148.923857  
1513.728565  417.8771778  1606.976989  1075.543284  931.0541973  1402.633681  2935.476749  1369.284411  2145.137259  
1545.046045  427.8806714  1619.296436  1073.133179  904.07542  1425.181465  2913.296163  1385.462394  2161.741978  
1556.988381  422.4247949  1635.352949  1048.854975  958.8619326  1418.202862  2922.965298  1383.488436  2155.317542  
1548.848778  405.0193823  1655.155384  1049.869541  959.5274058  1403.253169  2912.311209  1380.866936  2165.041842  
1526.624028  426.5376623  1652.601831  1032.984318  979.9308926  1406.403599  2922.167578  1373.281359  2163.450287  
1547.347947  420.0916173  1635.927771  1047.177341  957.2086694  1420.608904  2902.758648  1367.36476  2151.15917  
1497.731166  446.5335045  1604.337887  1062.883483  947.0209268  1399.488123  2874.43461  1366.737681  2153.209038  
1504.547584  410.1852331  1586.514988  1076.635416  914.7175688  1401.916489  2867.836514  1368.760732  2168.768139  
1492.25128  420.2630763  1583.877439  1065.012886  940.6746009  1404.295627  2855.462397  1369.518273  2170.167491  
1515.345251  419.2107986  1585.219498  1074.734192  932.557677  1399.698738  2879.874778  1379.48203  2169.758412  
1567.791114  399.2342473  1618.748424  1044.998218  958.1149251  1404.657767  2921.728431  1376.094899  2166.965963  
1534.774068  412.8345088  1619.384999  1048.323064  936.1982533  1404.322427  2907.580008  1375.927033  2154.291344  
1533.292148  449.6178113  1622.475004  1046.267413  940.9175764  1424.086964  2900.744688  1374.888287  2146.207207  
1491.082782  423.749644  1600.935872  1062.86885  928.2794161  1426.273368  2860.397098  1381.792124  2138.818947  
1511.16767  407.4765107  1623.856096  1074.072122  917.5972907  1420.998479  2841.886054  1384.106142  2169.137917  
1545.408989  420.0798608  1655.598911  1050.670028  922.0011931  1414.74076  2913.848539  1382.981448  2173.01573  
1532.760669  398.11057  1617.511883  1051.880543  921.6543387  1411.307718  2889.242141  1376.61765  2164.595619  
1581.000618  356.3854169  1669.14782  1055.800734  932.9068036  1382.70844  2915.892245  1397.158576  2195.522466  
1612.161702  368.639036  1674.201575  1056.044655  965.4444036  1405.060467  2930.368501  1378.200778  2162.42567  
1588.180245  372.5249008  1653.636308  1048.402956  922.4676494  1415.971624  2911.119032  1373.177577  2153.744952  
1586.889245  401.083812  1663.318804  1032.969796  943.4718893  1408.955979  2924.332931  1369.699145  2139.610216  
1566.215393  386.5735554  1637.92934  1048.607576  905.0714204  1401.450183  2923.181865  1370.027421  2151.895407  
1560.849269  388.2794284  1618.766479  1054.365736  913.6871532  1413.701872  2897.037019  1370.799858  2141.735393  
1546.095229  395.0214418  1612.44045  1062.23799  914.7444752  1403.996186  2885.076774  1368.002245  2159.563163  
1541.682576  400.3455563  1610.190373  1051.035712  891.9827106  1408.142042  2884.45304  1375.274738  2168.099274  
1564.143283  392.1174473  1642.655023  1046.357824  918.9435535  1398.409075  2888.332927  1368.89871  2142.504157  
1535.114058  392.5808893  1622.289247  1058.578873  913.2436691  1406.07085  2887.645718  1373.853407  2144.754331  
1569.473528  384.2668484  1625.622569  1053.87247  902.6439793  1419.523754  2877.59191  1375.345478  2145.511681  
1540.652296  400.6475098  1618.799835  1049.63384  956.9982048  1420.469059  2890.891397  1376.480761  2155.510046  
1547.591487  405.1599553  1627.013824  1075.442586  983.2495775  1421.619215  2880.951208  1385.676072  2184.246295  
1581.440133  399.4417431  1651.041803  1077.900745  992.1683612  1426.921042  2855.292412  1397.390988  2201.100505  
1580.394714  366.2555052  1659.730531  1060.404768  978.8349012  1416.8596  2862.552173  1392.720761  2220.367287  
1577.986907  377.4715431  1683.524031  1021.130574  964.1565149  1390.160114  2895.447806  1378.508547  2191.513369  
1524.14749  384.2916917  1640.119849  1053.195338  980.962912  1400.938133  2879.939834  1369.896851  2168.563488  
1536.367814  418.0829504  1612.021159  1072.3971  969.9069247  1421.038974  2855.131387  1377.78346  2171.785677  
1546.627244  419.1369914  1636.850023  1083.664206  962.1698423  1410.661051  2871.361763  1395.12631  2190.002231  
1540.758092  417.6222226  1651.349843  1077.635912  991.8105896  1406.615907  2908.66612  1381.665974  2185.206267  
1517.217813  403.5841997  1641.212161  1068.649119  964.7250194  1390.683682  2895.969004  1374.657076  2186.444396  
1544.06043  407.9122037  1644.328568  1044.004062  958.7793761  1397.744579  2934.695894  1381.422236  2174.168808  
1552.890377  442.8566081  1641.812265  1016.81376  935.1026951  1414.855945  2923.665751  1369.728702  2116.322367  
1524.229699  453.0246124  1629.952158  1029.791728  903.6360638  1405.773231  2905.102653  1360.918118  2098.642001  
1510.529884  395.9222986  1623.918244  1052.048893  895.6773743  1416.656891  2906.05739  1371.498448  2136.079597  
1538.349083  417.7474431  1622.322286  1057.198748  893.180777  1414.257683  2907.525656  1365.358962  2145.78117  
1546.648577  442.4036263  1617.935504  1063.610778  936.0838306  1407.567435  2916.511328  1367.896747  2133.202376  
1521.817206  412.1242649  1615.600115  1070.750778  922.1801168  1391.156169  2899.157241  1373.651893  2162.318318  
1510.083155  405.4147581  1608.705187  1060.403562  943.482663  1426.821104  2921.461021  1374.154549  2150.447131  
1520.357572  424.6193661  1596.668573  1052.03341  918.5567218  1418.974635  2884.263436  1369.92034  2139.183064  
1515.270588  422.6788825  1599.182618  1054.68888  936.7280705  1413.652599  2888.115366  1381.816316  2152.902205  
1509.593012  411.1509278  1585.586751  1070.671933  925.5939051  1402.583071  2889.03644  1374.81905  2154.184562  
1481.068193  405.6838907  1562.749568  1078.74568  906.1933428  1409.496678  2875.402762  1371.132326  2158.657222  
1512.413948  410.0630795  1577.722094  1065.12824  914.9510766  1397.948745  2882.276093  1373.874431  2169.831057  
1520.873836  412.5190509  1607.010778  1078.729209  922.2526315  1399.069979  2909.676815  1373.768362  2181.361444  
1556.688678  419.1060731  1630.358546  1075.324073  949.3306965  1399.855485  2930.736471  1379.701751  2196.601233  
1590.516288  396.0457367  1667.022867  1041.430074  969.6562816  1405.238238  2951.531556  1386.103164  2198.211261  
1568.610249  415.221873  1672.571171  1017.224383  966.9813277  1383.695516  2988.626535  1366.444431  2156.798363  
1565.801508  400.445655  1650.683397  1029.477831  935.1688042  1385.897946  2978.804078  1359.456685  2130.469131  
1570.033032  391.7875294  1636.880873  1037.214539  907.2116677  1406.573077  2934.274304  1355.016389  2136.497865  
1586.517041  414.1885878  1642.686368  1029.615237  919.7514638  1413.529592  2932.662471  1362.552517  2141.56046  
1551.232924  401.0808858  1624.446557  1035.259982  927.2028916  1401.822087  2916.35909  1375.177792  2153.209948  
1548.903349  406.5156907  1624.628458  1037.774799  962.8894727  1414.904643  2918.765471  1372.933118  2154.77378  
1530.342398  433.933787  1611.797765  1043.219946  949.0989512  1415.693257  2858.397034  1376.012709  2139.513946  
1513.476002  408.2507477  1590.669132  1088.840955  964.9320905  1421.780472  2857.264427  1386.782401  2161.478022  
1562.065025  404.1634477  1608.648402  1091.625096  961.7225229  1426.484608  2872.53858  1397.504872  2203.417115  
1559.236329  406.830549  1640.37361  1058.194015  1010.316417  1422.547081  2921.460973  1384.052452  2180.66136  
1492.01846  387.1752689  1616.752096  1060.188166  958.3184637  1395.396045  2906.681747  1364.227392  2145.815769  
1525.478592  438.0130874  1636.505922  1106.127891  917.2375649  1401.408564  2895.307609  1385.211745  2174.615523  
1540.349907  426.0524921  1648.447095  1101.934069  963.6241272  1424.337984  2880.124456  1395.496716  2182.046581  
1543.500501  414.0814001  1654.821514  1098.212784  968.7452166  1393.020148  2878.875285  1388.068288  2196.337185  
1525.678358  426.6044259  1642.408757  1067.184306  991.3780499  1400.15193  2904.565846  1368.725845  2196.976941  
1530.275524  447.1890716  1662.193328  1015.395362  994.380797  1413.500819  2930.480396  1368.400965  2155.927904  
1526.58088  408.051967  1654.851595  1016.63843  943.8596092  1389.97921  2926.74107  1361.405591  2128.71396  
1532.692162  437.2849017  1627.948691  1028.040002  923.431061  1409.844235  2935.42847  1364.395076  2114.12254  
1539.488238  419.8946058  1620.532585  1039.438275  895.2842232  1409.029673  2884.836811  1370.5456  2130.418779  
1518.419664  403.2090207  1629.503237  1035.811649  908.4614366  1393.417343  2898.61322  1362.825332  2115.903641  
1506.521937  376.9409072  1606.887546  1058.275995  880.1285244  1401.045938  2875.24694  1364.296247  2121.091923  
1520.439045  421.5551122  1584.948931  1061.93015  850.6592936  1411.074215  2857.237183  1361.043566  2100.831677  
1518.978058  409.3653185  1585.656762  1058.239779  873.0300821  1412.381849  2873.096414  1363.744783  2111.78921  
1497.210701  383.4386186  1584.760879  1067.490802  881.4365961  1414.976221  2845.326129  1373.849762  2135.278772  
1510.277362  405.913147  1597.76028  1066.785007  885.4717432  1422.782459  2836.386197  1372.268964  2134.866309  
1529.584725  423.9869396  1586.419364  1057.067791  911.1021678  1420.430676  2840.083365  1367.41065  2123.377476  
1519.394118  427.5990894  1576.996805  1066.986755  922.5526794  1411.927064  2849.676477  1371.059511  2140.610197  
1528.745258  398.7923271  1578.589296  1059.938168  893.5745782  1425.879992  2830.639874  1373.046629  2146.958031  
1535.927887  386.9024707  1614.24811  1046.295905  923.8352945  1411.108336  2861.59546  1366.779025  2148.648461  
1539.449594  409.4520853  1609.81624  1062.492552  909.7183717  1414.021897  2855.557741  1375.568087  2167.397426  
1572.909512  403.3165071  1613.835308  1071.972824  956.7360686  1408.106186  2869.966541  1384.683762  2169.564055  
1549.42427  397.7695964  1629.114526  1081.527002  963.6033532  1399.076954  2885.796019  1382.142034  2170.575155  
1551.348116  378.1758877  1643.923362  1107.686577  956.3727021  1370.919069  2902.895832  1385.522507  2176.669343  
1598.863855  393.655968  1678.636738  1096.083083  953.4846938  1390.799423  2934.945012  1393.536424  2207.981004  
1595.023795  365.0073633  1697.766005  1042.94314  998.6955682  1417.703837  2943.540593  1406.538977  2216.418088  
1603.944276  382.8872651  1689.340071  1006.305688  999.801831  1385.279854  2947.911522  1382.637601  2188.195495  
1602.297945  398.465346  1682.321719  1015.96866  996.3945432  1384.619452  2930.560763  1384.466723  2171.530632  
1616.344849  392.0438214  1672.660603  1045.759844  971.0473502  1398.093693  2930.462779  1381.227133  2170.310058  
1593.581494  381.9419568  1649.870947  1036.394571  949.0420218  1417.13938  2930.37769  1383.621509  2181.205963  
1594.385393  386.224757  1657.172729  1036.067724  955.514548  1412.97495  2921.912473  1376.912441  2153.414602  
1571.92376  407.2146642  1634.198295  1054.6533  910.9875343  1393.272713  2887.82714  1366.479926  2141.883278  
1547.968544  388.6218649  1606.70463  1062.302487  890.6641694  1402.878313  2863.43103  1361.889982  2141.432529  
1536.542163  409.9956336  1587.391528  1068.103039  891.8241189  1410.63131  2856.495359  1366.131472  2133.538684  
1527.363181  432.1211304  1592.995721  1083.433686  926.0543778  1440.224128  2837.722032  1373.539693  2128.820398  
1557.586376  400.3732759  1621.737157  1089.250048  964.291928  1436.693634  2844.15392  1389.134174  2178.922429  
1560.757162  396.8898244  1642.139852  1071.68418  949.7793256  1405.152332  2884.679582  1374.171319  2178.542071  
1535.646907  402.4848455  1630.764315  1051.193443  933.9214571  1391.438805  2912.974405  1356.821413  2148.29652  
1477.364261  403.4281854  1596.601518  1070.035824  909.2281988  1394.023892  2883.440943  1374.100311  2146.265022  
1457.279612  436.8453912  1590.472574  1090.108894  933.5389548  1416.786661  2899.428329  1385.642597  2161.818012  
1523.505358  440.6030249  1627.701918  1072.630096  966.144106  1422.638987  2937.631642  1382.969816  2186.353896  
1542.422711  407.255722  1646.028786  1035.405497  976.3511852  1424.335866  2929.890044  1384.38273  2180.622167  
1517.869824  428.0901753  1630.201513  1020.203039  928.6137946  1366.931735  2940.453608  1347.370568  2132.616315  
1481.012767  450.4242991  1598.594597  1035.410359  887.8914303  1402.932255  2875.288442  1352.736655  2117.091155  
1492.836119  462.4516632  1588.220808  1072.904878  857.9454377  1412.949022  2852.580792  1365.014129  2127.679845  
1493.277253  451.823561  1594.106696  1068.212433  884.148085  1440.108251  2881.630279  1383.55071  2169.587382  
1531.287483  437.3974472  1627.367192  1073.788493  945.9410804  1430.116469  2919.821253  1389.307023  2173.079427  
1470.08113  452.8225027  1609.014325  1075.155486  955.3010942  1416.410456  2891.41319  1362.166966  2110.285914  
1499.33213  419.8538923  1607.301964  1091.859045  911.6601381  1429.111062  2867.960519  1378.807087  2148.670263  
1560.297455  419.6228653  1627.036596  1073.996694  910.3665786  1422.786276  2902.2864  1383.206025  2194.529078  
1563.052553  417.8257685  1649.110604  1025.430213  944.1023121  1413.461368  2910.769211  1376.322144  2169.110379  
1523.475636  429.534081  1611.256298  1026.0831  920.6603896  1396.314006  2901.324517  1355.776854  2124.881642  
1482.012458  430.3425469  1578.315989  1063.075114  886.4837199  1397.447341  2867.791439  1355.816888  2128.983325  
1502.160708  380.3437539  1582.154552  1089.362325  897.4829331  1431.507545  2834.072767  1381.475652  2160.617443  
1529.458925  371.5530364  1633.986889  1075.007047  919.2894373  1424.437607  2889.388928  1397.566026  2203.887872  
1474.065672  407.3325159  1642.070148  1017.196803  993.7993986  1385.821852  2926.049493  1362.115795  2147.277566  
1458.176491  395.3996251  1598.640728  1047.501636  927.7364961  1389.552245  2901.910608  1353.966058  2154.542255  
1486.538034  409.6564331  1623.356249  1064.742111  951.7851335  1400.648427  2924.107509  1370.89456  2177.981558  
1577.97344  381.5703838  1649.77425  1075.60739  969.2496151  1416.849943  2863.849426  1391.716065  2192.783557  
1575.905743  342.8497647  1658.227584  1064.540976  990.0709956  1393.320706  2920.73791  1394.588677  2231.907179  
1556.109647  363.0021525  1703.553479  986.5364314  1021.688646  1367.150869  2975.972189  1366.923208  2168.125667  
1558.370043  407.9970546  1678.604297  1008.746483  922.2626021  1380.932253  2964.523025  1351.166624  2126.550447  
1582.465589  415.4562617  1664.062043  1037.575092  931.0366322  1403.262303  2961.779819  1363.737307  2134.251543  
1604.633506  416.7658047  1653.20403  1051.354607  911.7557122  1419.456127  2917.499509  1371.359298  2135.963388  
1569.607451  420.0178114  1624.83673  1051.324132  909.9076287  1401.710964  2869.483215  1373.891232  2123.955457  
1534.020156  405.4745235  1588.788808  1060.454076  886.8546328  1405.045506  2824.057923  1370.159219  2118.798111  
1543.718994  417.3888268  1580.51993  1059.362496  877.4748257  1428.149527  2852.855325  1365.48828  2106.479188  
1581.606917  426.2887968  1594.958128  1056.619109  902.3587843  1436.20512  2859.230237  1372.678949  2119.447071  
1529.985801  414.4246325  1596.300707  1058.200834  923.422548  1411.830649  2866.062242  1368.735796  2116.677593  
1492.224496  416.9460912  1575.7833  1068.088794  924.326863  1432.620141  2832.532251  1370.760166  2115.871776  
1495.63704  397.9324445  1578.722084  1101.415647  948.7888435  1448.624453  2820.229169  1390.458354  2139.67667  
1603.351043  351.3066061  1624.379849  1124.059473  985.8427935  1453.23577  2802.456475  1405.183919  2202.31423  
1592.985344  341.7558638  1657.894265  1089.419696  1012.966235  1414.940912  2875.253  1403.130841  2233.598323  
1562.412344  388.473775  1643.358678  1058.435961  1017.089272  1382.528946  2874.261647  1371.164156  2190.008575  
1592.828509  362.9325013  1651.329221  1055.150623  964.8145038  1392.92479  2872.176732  1375.772049  2200.489842  
1550.692196  418.53771  1674.9546  1008.382517  929.8947716  1372.823043  2911.738043  1375.910244  2162.25033  
1589.862678  362.0400575  1708.951794  1024.808137  984.4079474  1378.802828  2932.571013  1379.519054  2154.106566  
1565.117669  397.5191508  1668.418569  1043.389132  917.9335243  1396.736974  2906.487452  1382.065284  2143.785705  
1535.752625  397.6719035  1611.359505  1040.403796  877.0432118  1418.893437  2859.401343  1364.659494  2127.022578  
1532.985304  430.8729365  1597.728349  1043.648396  864.8759894  1412.297729  2859.25284  1367.280092  2124.745791  
1501.177176  415.5414538  1580.044693  1065.217456  869.8240054  1409.341623  2862.015323  1368.412809  2131.876271  
1500.936161  418.6320417  1582.747778  1063.666918  883.2002626  1410.868139  2893.897075  1365.25901  2108.701235  
1490.193846  414.2703963  1597.869951  1066.215393  865.6074748  1395.669995  2892.893535  1358.463775  2105.106051  
1506.286958  403.7124149  1586.960332  1071.920618  864.2994943  1412.28846  2877.199277  1364.725236  2135.731741  
1506.937269  413.1346367  1605.119494  1069.271164  934.6810616  1402.097981  2879.997082  1366.363909  2131.020012  
1528.699394  416.5867919  1596.375105  1080.586818  939.8874989  1424.201741  2873.641942  1375.252184  2158.234034  
1521.784583  432.1857431  1589.767593  1093.836397  941.9506077  1423.202901  2847.261668  1376.778095  2151.725527  
1515.794653  419.772231  1602.41382  1120.27257  963.6696156  1435.435343  2838.286411  1400.911594  2193.686494  
1571.883398  384.2061101  1635.564662  1109.758723  966.3028491  1420.197221  2860.722916  1406.583608  2236.010623  
1563.478034  396.1197575  1639.554998  1059.685094  1012.979189  1394.708484  2900.538735  1380.877078  2197.48484  
1552.740008  406.5519647  1625.054619  1052.038184  935.2399431  1395.984555  2883.691765  1357.152652  2150.926108  
1586.282689  426.956096  1651.323959  1050.780179  950.2137537  1402.009855  2935.147115  1366.968334  2151.17465  
1573.110851  422.1266609  1671.854889  1038.30553  942.3302063  1408.016845  2973.705076  1375.700602  2155.914452  
1580.119633  424.5540717  1659.650514  1032.560617  933.2240506  1406.538872  2949.706833  1374.233791  2165.032888  
1557.140051  436.0191207  1638.590591  1039.761231  927.5302179  1396.846898  2927.899162  1369.4611  2144.217971  
1519.582217  416.0012847  1607.703598  1053.841088  890.617511  1424.615737  2888.937235  1376.688817  2153.664476  
1510.098299  414.6232756  1599.389305  1070.127785  920.8359669  1443.516764  2872.957637  1390.191883  2163.88766  
1545.481252  408.6034615  1618.977769  1080.432603  983.3380667  1436.022522  2890.198244  1407.23355  2193.24799  
1544.049717  372.3992311  1648.676176  1084.648647  987.785448  1400.288693  2911.361222  1397.228935  2207.540402  
1524.186598  369.851374  1654.447787  1038.280525  980.4726108  1376.862749  2978.497337  1363.416599  2163.143556  
1513.474553  404.1690564  1633.979148  1015.221279  938.2351519  1372.743911  2968.184192  1339.364746  2113.925145  
1544.609977  410.6536671  1615.269347  1039.489986  896.3038784  1398.834175  2929.018777  1338.435083  2099.806768  
1536.486454  415.1014492  1610.205795  1048.808655  905.0091001  1404.561279  2911.184637  1352.737608  2111.413949  
1489.517674  421.2705374  1603.593729  1049.587179  911.1499445  1424.690669  2905.371254  1361.307944  2124.751519  
1510.440463  457.3230704  1607.129831  1083.26157  860.9765782  1427.710101  2856.855588  1377.420595  2148.299158  
1537.953842  419.2340382  1615.581658  1084.848145  926.5466877  1424.239898  2836.44534  1395.898861  2198.673077  
1572.666176  391.5489109  1660.076859  1047.049896  947.0188473  1408.344275  2849.393456  1401.463523  2194.270138  
1554.645534  365.8799608  1642.973933  1010.763475  930.8527341  1379.983987  2872.373018  1372.853969  2162.174145  
1554.196729  399.3122938  1631.496366  1023.614731  915.5226023  1396.510805  2884.987155  1370.786147  2144.787271  
1559.675329  426.6388152  1620.995118  1046.482054  902.4821438  1398.217433  2876.436678  1375.763411  2152.177996  
1548.441611  430.5876474  1592.414224  1065.427021  886.1909332  1407.61619  2854.980586  1367.168709  2134.225024  
1499.431088  435.1600503  1564.385434  1090.984337  842.5212221  1413.525072  2817.811686  1373.055319  2145.879892  
1500.596523  450.0946078  1595.76952  1108.820276  892.2969825  1422.05387  2845.163904  1396.094668  2160.533913  
1516.312938  415.2249734  1589.908039  1106.12765  931.1478157  1441.82629  2849.452369  1399.886431  2184.642176  
1570.586835  320.2036582  1647.814241  1081.06032  1032.822529  1441.393283  2942.955243  1397.475547  2217.917462  
1538.908713  362.6706501  1671.267624  999.0195448  1034.427075  1373.118816  2994.479038  1351.942227  2164.828612  
1503.776884  432.4914769  1618.742744  1037.518654  949.6165957  1394.535555  2937.548622  1340.563263  2110.028467  
1518.045734  412.0574157  1629.361096  1090.691457  919.5992549  1417.62865  2861.070884  1381.003011  2146.567883  
1567.220267  375.124349  1611.048032  1085.859143  931.7143787  1442.105747  2819.958078  1395.96102  2189.71739  
1551.797296  391.1593031  1630.183313  1049.071483  984.6534457  1415.91164  2874.424675  1387.1111  2182.14912  
1560.657321  420.7946908  1650.213527  1022.167285  944.258367  1382.527508  2922.286889  1361.972867  2140.779159  
1537.990279  445.2059082  1632.636593  1043.171559  881.884318  1386.236334  2931.182228  1349.622242  2094.609328  
