1246.028324  721.0700502  1344.818835  1338.908965  427.5235409  1255.618499  2823.838412  1106.300765  1866.37564  
1233.400605  703.1609387  1357.548401  1341.069168  450.850172  1230.736006  2806.56583  1094.096154  1860.24997  
1197.601725  679.9539783  1352.232507  1348.969006  443.3216433  1207.082883  2799.310137  1079.220362  1859.144812  
1202.258895  687.0006874  1351.216842  1349.354479  423.1819199  1226.841326  2780.551846  1072.037852  1849.384824  
1212.432586  685.4671047  1356.262791  1349.444983  404.2399521  1246.057706  2785.376816  1080.913235  1851.121161  
1219.815541  687.0662509  1365.342175  1343.721232  444.881577  1244.806515  2757.693679  1077.654848  1858.705975  
1241.254367  684.1490433  1372.046301  1356.655087  457.4712288  1275.664622  2758.585557  1091.249991  1843.123216  
1217.709119  696.2300127  1373.017619  1354.142081  437.0640509  1258.005546  2773.220814  1090.813831  1853.24553  
1204.601943  685.9573549  1355.968606  1349.552267  443.108512  1249.934984  2794.478665  1087.106503  1859.79678  
1182.885823  719.950326  1365.905832  1338.733116  430.3580361  1256.992835  2758.056923  1077.201458  1854.786934  
1206.688276  711.5761399  1393.45127  1341.386952  444.6248305  1276.663709  2736.966235  1078.362851  1835.08422  
1207.634268  680.295608  1361.934901  1362.505279  442.5814527  1255.803617  2774.148738  1089.726869  1862.49882  
1227.225938  708.2649776  1364.409224  1357.098978  466.4829292  1272.79381  2776.709438  1089.281343  1860.487049  
1214.323117  699.2967207  1360.105006  1343.969256  426.9537983  1255.693354  2781.155815  1080.331705  1855.165681  
1221.974196  713.6728759  1345.34094  1346.111047  404.2960754  1253.141237  2783.559815  1078.879036  1847.474849  
1196.595965  703.8164057  1346.065811  1355.239059  427.5992643  1253.753685  2771.5174  1071.87913  1828.012288  
1192.849822  699.4645994  1367.849022  1356.17747  434.9911988  1258.631684  2784.141565  1077.60143  1827.1099  
1205.438752  727.782825  1366.318186  1332.455133  396.1345388  1289.563178  2780.882785  1090.817555  1831.452321  
1221.143273  716.5154003  1368.249138  1325.823323  401.7117559  1279.7897  2765.036559  1090.874013  1850.20855  
1223.036111  713.5558869  1365.393315  1339.996447  423.9719602  1260.164702  2745.546794  1089.850223  1863.775213  
1231.857368  673.1036437  1353.789001  1362.692621  447.6513891  1230.884621  2755.372122  1078.872067  1869.943928  
1243.638107  711.5466614  1332.159278  1363.365243  423.534876  1255.83636  2795.458284  1085.604753  1865.98436  
1210.047116  701.666244  1343.395576  1325.216691  398.3921316  1237.615135  2792.607655  1080.898528  1846.418993  
1216.066321  713.9172036  1355.987724  1326.928589  402.2301247  1250.135854  2790.984849  1084.458778  1851.236087  
1201.749775  684.7335265  1350.016456  1356.659013  403.2806338  1252.612037  2810.123522  1092.672198  1862.277222  
1213.521298  724.0693607  1349.51183  1358.544351  412.7466693  1256.214247  2805.583588  1086.896266  1861.242261  
1186.220871  707.4352522  1362.623982  1352.027934  420.8132174  1237.277143  2791.80381  1082.279146  1843.872942  
1196.670764  707.1106578  1361.212819  1362.214042  452.8868717  1236.662768  2781.3313  1085.522587  1842.194987  
1224.763736  690.2997561  1340.012147  1352.518588  452.79875  1227.508314  2772.725945  1086.359527  1847.540358  
1232.533302  713.7326448  1348.637867  1344.596945  453.2354482  1246.305257  2758.815013  1088.006718  1842.157315  
1217.778987  680.9329905  1344.478816  1346.378901  456.8010124  1250.800768  2768.668343  1081.973812  1821.485386  
1233.331781  685.9956362  1331.81451  1335.513619  436.2747557  1236.092533  2810.000752  1092.292992  1840.044829  
1203.655444  700.203241  1313.941686  1341.029777  439.8683132  1220.628194  2815.642739  1094.648653  1851.367057  
1208.178422  705.8438631  1331.173323  1332.731892  465.4513661  1232.272009  2831.828941  1095.813756  1855.448637  
1216.081031  664.8379811  1323.966271  1331.398042  461.4402043  1213.281354  2830.872382  1079.66256  1857.429089  
1245.267612  688.4438601  1340.102328  1338.261865  433.3906053  1249.277958  2804.324621  1090.402577  1850.331252  
1255.364625  707.9812052  1338.132635  1354.879275  475.8223252  1245.116413  2825.05679  1095.20942  1858.017271  
1199.085661  729.575689  1343.990823  1349.256424  468.9716365  1261.448495  2794.419892  1087.077259  1833.526563  
1211.814369  702.5944034  1358.097511  1349.29773  462.0948398  1257.545964  2795.492699  1081.896392  1844.941274  
1192.339591  684.0302976  1343.941138  1357.120316  446.4693045  1242.041931  2806.34862  1091.424004  1853.600352  
1207.327898  683.3376631  1358.056602  1344.908954  458.412692  1254.145748  2773.48006  1084.48636  1841.995633  
1221.684157  711.8677174  1384.446523  1335.675315  453.9004796  1258.49251  2769.902364  1093.011415  1850.883391  
1190.221575  741.1513707  1376.42577  1341.005959  433.5324311  1262.752699  2769.220057  1087.760685  1845.081319  
1172.654257  710.0329135  1350.64847  1345.052819  406.6453131  1238.427079  2769.297183  1084.329655  1838.777758  
1193.554037  708.5511618  1356.887014  1359.183253  395.6498276  1242.867786  2756.015478  1078.375105  1840.151317  
1202.575205  677.9252249  1386.078143  1356.011106  438.1236458  1278.777462  2718.54604  1085.016786  1853.298586  
1225.537069  698.4868163  1396.579196  1348.531541  439.3385532  1285.589077  2737.144123  1091.247968  1872.84377  
1250.22453  683.9527263  1391.473419  1326.802321  432.2612282  1253.865675  2775.248167  1090.633862  1861.277924  
1260.781236  689.7310721  1353.323575  1319.612901  402.1372143  1229.837791  2809.431902  1087.900381  1859.546138  
1236.235842  674.7422458  1339.44176  1331.439795  391.0514584  1230.486178  2817.015411  1081.484281  1862.999011  
1226.301338  684.7144679  1359.727701  1333.665318  381.2312273  1235.440204  2791.633234  1070.438698  1843.032798  
1222.975561  708.2969617  1355.475629  1334.91345  414.0273215  1280.153776  2795.460837  1082.381267  1834.130705  
1198.562522  692.6761184  1394.449897  1357.275199  410.643854  1271.359174  2799.865976  1079.124622  1841.701898  
1195.333554  734.8741492  1409.283552  1403.850529  407.4574783  1278.874685  2802.521228  1088.25622  1865.061845  
1220.322931  705.801593  1424.675686  1416.557647  437.7119675  1269.645709  2796.722535  1079.119854  1862.294994  
1213.24471  696.5831907  1393.762011  1397.145872  452.2423198  1251.17166  2797.950548  1088.83461  1884.043416  
1199.7309  698.7133876  1368.872101  1402.229052  437.4237614  1257.84857  2768.579048  1086.930251  1876.551295  
1188.465461  697.0646511  1376.937234  1359.507809  449.0564932  1254.460663  2751.088794  1089.544081  1873.542421  
1232.175968  714.0475915  1371.829061  1311.068671  447.8205889  1243.698169  2761.678111  1082.21319  1852.733342  
1240.426283  709.7207083  1365.921593  1325.844548  413.7858594  1247.594423  2748.889693  1074.424367  1834.044739  
1228.766455  691.7451749  1371.497281  1319.558321  389.9464139  1233.899528  2775.648913  1079.392063  1864.739549  
1211.615869  682.0108404  1349.528847  1309.802111  405.2549074  1217.082627  2786.386142  1086.606682  1864.361268  
1213.873877  666.9150833  1346.515648  1320.016833  413.3322177  1220.465121  2804.410759  1085.021283  1862.258974  
1209.761673  682.3778586  1322.514843  1323.074493  393.1138946  1206.332862  2818.265568  1085.975832  1863.124139  
1226.984063  659.7900175  1350.417697  1337.85667  433.2627087  1243.823212  2780.094395  1082.406478  1859.567499  
1234.612156  662.7204972  1359.756713  1356.046081  470.5230448  1257.422494  2770.651132  1092.455354  1860.260373  
1248.214325  697.7975568  1384.077526  1345.228074  433.2224961  1268.821494  2783.974449  1098.26862  1866.704511  
1208.501358  701.8238887  1375.647149  1340.128213  420.2283102  1276.05328  2730.122801  1070.650979  1851.506196  
1192.195789  705.9168144  1376.393872  1337.396908  457.7041967  1243.045004  2794.55497  1092.913164  1858.757396  
1197.572169  687.1676215  1383.286451  1343.56224  447.6123763  1255.807814  2744.631195  1078.39161  1849.591787  
1191.213895  695.3505944  1368.642017  1358.753195  416.2767066  1273.310059  2709.036275  1073.704712  1844.765433  
1197.870622  695.5252593  1355.923283  1366.74933  406.7350094  1262.423669  2705.590242  1076.089679  1848.242659  
1227.253631  699.7146655  1336.828867  1382.126118  433.1594285  1259.012421  2720.550439  1085.54044  1874.007936  
1232.29069  703.4453678  1353.569043  1348.398172  436.9362384  1260.431187  2722.294264  1084.900008  1867.14095  
1210.858211  657.254667  1344.524225  1360.609174  446.7507125  1241.079641  2732.244978  1080.866512  1868.609861  
1221.222646  704.9567481  1358.961586  1353.921555  412.7276844  1266.832978  2730.30408  1081.561941  1858.166804  
1210.928463  729.3536135  1380.579748  1311.539807  442.1982644  1281.903665  2781.371813  1099.453202  1856.131782  
1196.01301  706.3489132  1361.377982  1324.860733  449.44351  1261.706917  2829.748527  1100.919608  1854.443695  
1214.23738  720.9061938  1360.252131  1326.432812  431.5351568  1274.713874  2812.744405  1099.641334  1853.628142  
1238.100263  682.041498  1358.455879  1327.618316  450.7230993  1267.256624  2781.926576  1081.278334  1861.324057  
1228.870778  717.2755506  1358.510069  1326.75996  412.065607  1247.752064  2812.525956  1090.179562  1858.822836  
1205.218524  690.9594638  1349.52575  1337.637615  401.9866399  1248.899745  2817.423292  1086.004365  1864.041068  
1225.285325  709.4862483  1357.988602  1334.711441  451.8311286  1246.084219  2797.632199  1099.232955  1876.569212  
1191.295753  696.0182419  1371.743199  1337.402441  451.3328822  1255.904796  2809.433699  1099.450491  1867.306339  
1202.681133  703.5378407  1348.520439  1340.68564  469.6897503  1245.105946  2817.965028  1083.955072  1831.484807  
1241.768143  714.5468757  1324.342661  1335.023593  449.4493022  1229.267823  2861.238812  1088.335916  1842.310325  
1252.965183  640.0988984  1314.658978  1351.983466  481.9549513  1218.571421  2784.621645  1074.331324  1844.820683  
1226.366955  696.750333  1320.645889  1335.126049  460.8840913  1216.258201  2787.815146  1082.727403  1843.019284  
1201.288423  711.8013573  1329.083835  1336.536509  424.0181958  1236.55357  2785.228241  1086.204082  1826.71329  
1186.389204  724.414077  1344.935789  1331.389571  404.411698  1229.269921  2771.03567  1087.168721  1823.489719  
1213.499924  706.5676564  1332.102875  1350.42753  401.5027918  1236.894443  2746.590977  1076.521093  1830.731309  
1223.219742  728.4293938  1340.634837  1353.847095  420.6348776  1259.425156  2793.465276  1076.804792  1832.069247  
1188.204075  713.7269052  1350.607862  1327.582343  423.8641878  1238.152832  2787.084516  1063.751211  1834.464223  
1207.688503  692.5208409  1349.457829  1319.710068  407.4015992  1222.081544  2795.437131  1074.86488  1845.042298  
1165.894948  662.9084915  1345.384367  1334.21394  374.4858181  1232.030858  2795.462204  1076.943962  1842.92995  
1203.275785  704.0882117  1364.330228  1344.558425  401.9925703  1270.327721  2761.602231  1085.832443  1817.010595  
1254.484318  727.3496895  1352.259186  1355.703434  426.349664  1291.593574  2744.781241  1079.145044  1816.838403  
1223.288596  710.5961283  1375.742671  1355.002312  403.2820354  1281.442694  2766.175853  1082.264284  1835.18307  
1208.807222  712.0848925  1382.218154  1346.30146  410.8875013  1298.001988  2738.680723  1084.405234  1844.2003  
1224.164757  682.1533267  1355.986776  1359.850873  433.8569621  1257.508283  2764.831818  1083.437413  1848.512079  
1222.211722  718.8591967  1379.322254  1389.155904  431.7088848  1271.710325  2763.744996  1090.092974  1845.538182  
1230.742877  728.7355496  1377.470475  1399.447594  459.7496945  1273.468956  2762.58577  1094.917161  1850.862311  
1187.79078  691.5931499  1350.237236  1383.554083  436.0298872  1218.183634  2773.457148  1092.798467  1864.751673  
1189.149211  683.9861098  1348.959765  1401.427873  443.7106869  1231.330641  2809.765943  1093.975805  1867.504344  
1222.887198  706.8957954  1367.050725  1395.807091  441.6859823  1247.181883  2799.061861  1106.875943  1878.113199  
1244.167048  735.8168993  1358.213721  1350.827027  500.6712672  1250.066049  2791.685626  1101.306441  1870.68605  
1213.785653  687.8724395  1374.966021  1350.741305  441.0167271  1237.363962  2805.089119  1088.566576  1875.334976  
1216.130427  691.7059485  1378.108248  1377.73353  434.6587686  1236.733522  2843.45504  1088.152633  1868.786387  
1186.756023  726.6804862  1361.484516  1416.305279  434.3729545  1258.556521  2832.164287  1111.032976  1894.163265  
1233.140179  696.4697561  1388.047005  1397.196918  499.735243  1272.242094  2792.145306  1103.231943  1882.602063  
1236.814306  739.2111975  1389.134225  1325.708921  474.461463  1268.382615  2795.661823  1101.357235  1877.405408  
1215.640659  720.4721882  1379.246734  1289.454736  407.7301045  1247.917304  2801.862524  1084.435859  1857.927205  
1206.259799  707.0524454  1400.405913  1310.059243  385.5790563  1240.898311  2825.57083  1090.106188  1879.970504  
1187.213325  685.1893296  1333.697813  1346.133221  431.5201036  1266.912912  2833.837916  1109.102405  1884.759312  
1267.605217  707.9619065  1363.659293  1308.553493  513.6235484  1223.974928  2821.122779  1099.7888  1881.457737  
1247.278793  663.6934439  1377.629512  1312.533733  488.7410842  1225.368493  2792.632187  1075.900331  1861.70854  
1231.476319  686.1008996  1362.760056  1320.91372  357.8130346  1240.137547  2739.032114  1044.715208  1838.741828  
1212.485645  696.9972145  1401.187794  1346.81363  307.3330223  1270.781805  2745.258233  1054.30231  1848.340063  
1212.599546  719.4944629  1400.533764  1357.808709  341.7913963  1274.46422  2755.616648  1062.75195  1843.583326  
1230.944188  735.6507691  1395.759532  1360.201153  437.8102018  1306.636654  2758.956819  1077.015586  1822.375458  
1241.667333  692.0003157  1362.309334  1358.243071  432.591437  1249.901783  2801.385956  1068.736245  1849.435906  
1220.08448  676.8252762  1348.18375  1348.835647  456.246307  1228.187991  2789.98724  1072.480106  1859.724177  
1222.848072  673.5511082  1358.20075  1344.857809  434.162117  1225.105639  2767.939113  1072.331586  1845.527243  
1162.265539  661.3937329  1328.933764  1364.341044  409.1141921  1239.998171  2779.894868  1077.192025  1856.448684  
1205.663083  688.9347639  1328.241106  1348.715251  444.3649918  1238.69387  2831.630248  1092.61469  1859.267426  
1206.477639  689.2399679  1341.382948  1355.901356  483.3662731  1256.331414  2781.070885  1076.9724  1847.726758  
1169.360735  713.0684133  1357.880631  1348.134589  462.4570544  1250.919698  2733.939418  1075.420146  1828.159334  
1194.681202  722.8479812  1379.798517  1363.269137  462.822759  1280.02158  2740.480124  1088.022139  1832.273657  
1226.341141  738.2188134  1381.851521  1360.371086  515.2721512  1280.037427  2726.86318  1091.122178  1827.26998  
1200.908413  703.4356536  1352.75941  1369.720553  479.2651094  1246.962835  2739.281696  1079.050761  1827.596213  
1178.013988  696.6609934  1320.093675  1368.146227  402.7586097  1219.388632  2763.238087  1080.628722  1847.187001  
1191.544067  675.2409287  1307.97201  1337.509542  387.6114156  1216.167581  2771.972488  1082.310623  1857.5125  
1225.194185  667.3194035  1303.75156  1348.660431  434.7836042  1224.014366  2787.812543  1076.291078  1848.881994  
1253.035624  668.1191228  1304.833218  1350.131325  432.5319057  1223.948068  2802.78593  1079.910465  1845.806698  
1222.319565  688.168387  1342.288224  1341.497034  427.6190449  1253.509199  2767.195888  1085.26892  1834.030986  
1230.564689  698.6408837  1330.752773  1322.459036  412.138051  1251.166715  2762.396614  1074.867989  1836.163914  
1178.496952  697.8638386  1340.247734  1325.90164  390.4702997  1225.359916  2763.039663  1078.548634  1836.204112  
1162.829239  719.884714  1347.347103  1345.96527  400.061234  1244.456136  2747.369415  1089.587203  1838.509502  
1219.708974  676.4318038  1378.756185  1346.118733  407.4812183  1254.785056  2724.113085  1072.09333  1835.923743  
1219.10842  691.6900854  1382.064922  1352.888933  383.3560026  1253.069625  2730.007545  1074.292116  1855.973352  
1222.797941  722.7949658  1354.727417  1353.419514  404.2054286  1267.668828  2739.636387  1079.204405  1852.274919  
1212.063075  725.1714019  1363.5241  1353.695695  387.17052  1269.550511  2732.132843  1075.81992  1841.86425  
1203.527766  699.384179  1385.607113  1350.987498  370.206386  1251.356247  2788.067701  1066.980972  1843.457314  
1171.010929  725.8995552  1363.452835  1360.318607  381.5554183  1255.433567  2810.841238  1083.232225  1854.703371  
1194.019914  736.7270334  1351.152232  1343.641752  405.0777017  1259.882269  2802.609493  1091.298199  1850.476975  
1200.216793  708.6401481  1358.298043  1337.500315  437.1921745  1272.813389  2795.353166  1093.110637  1855.176189  
1182.084241  699.9169586  1392.105527  1317.823218  447.4701468  1253.709209  2793.027088  1099.333408  1861.164634  
1202.852214  687.7387816  1408.71019  1337.265744  453.7276928  1268.03233  2792.717381  1098.291049  1880.283724  
1219.476871  679.4972923  1402.197667  1341.320616  445.9976006  1266.242108  2795.406907  1094.284165  1870.985774  
1237.01189  697.7146885  1403.988377  1337.943339  448.0969031  1294.937657  2796.276644  1103.374104  1861.260763  
1282.983945  717.8870903  1389.501716  1334.643567  453.036634  1290.164247  2798.051431  1105.642941  1861.441087  
1293.005907  712.5861168  1361.863314  1345.020108  492.517157  1267.120002  2788.359303  1093.487872  1871.940541  
1262.03165  716.2346471  1356.549662  1342.428137  534.2043504  1257.836713  2788.359767  1096.690824  1861.281869  
1258.6217  725.5260209  1364.557412  1332.31426  514.9323155  1252.811342  2798.343182  1089.64424  1850.90902  
1229.998831  650.1170395  1330.547126  1364.656538  488.6569703  1238.620467  2769.823728  1074.089612  1848.50678  
1227.167918  668.3231044  1328.648787  1354.130747  467.380442  1248.014528  2786.165774  1084.892789  1861.916298  
1252.324383  682.3562773  1352.694133  1337.309566  444.600526  1237.814468  2779.911503  1080.917647  1863.946213  
1220.976529  653.6566839  1365.983438  1369.114751  448.5621  1251.566941  2746.868766  1074.664486  1861.372531  
1218.274252  674.7883629  1356.596891  1353.240105  450.9611519  1260.205765  2781.825999  1087.649705  1860.252123  
1216.553408  675.2574053  1356.2358  1354.207985  417.4646189  1252.028489  2780.39462  1076.288153  1869.38807  
1185.067121  672.8749572  1355.382589  1327.461584  379.7628074  1232.279948  2779.494739  1074.354557  1866.042601  
1208.342936  693.3676209  1342.455156  1334.170868  393.3175473  1239.35845  2789.237939  1072.685796  1857.217768  
1217.329789  688.3829392  1343.967838  1349.934828  379.0279244  1261.632334  2795.892237  1072.409751  1848.432884  
1208.216328  717.216901  1349.570732  1349.950272  433.9357675  1265.074869  2830.545267  1102.322591  1861.995861  
1218.354435  702.5429818  1359.454445  1351.95623  447.9798007  1251.392107  2772.484328  1099.46082  1848.725871  
1211.34498  710.7851345  1345.493865  1373.987261  452.2696247  1250.467415  2767.582255  1085.127909  1842.808304  
1212.842739  651.2209319  1356.416811  1402.677343  446.6783949  1261.334926  2734.976329  1072.821597  1853.066537  
1206.35854  698.7636046  1398.021657  1414.529199  455.5046221  1230.830183  2837.905181  1102.540223  1880.025409  
1200.154459  754.7083831  1391.430172  1395.695745  503.0424961  1240.744457  2824.463426  1098.260341  1880.130734  
1251.809212  724.8803083  1406.070738  1349.024919  438.9729976  1268.350034  2799.522577  1094.608207  1880.05113  
1243.109228  732.0672812  1386.059649  1347.837903  443.5926095  1266.243687  2758.899065  1084.756802  1863.723427  
1228.362405  711.3490006  1362.175185  1336.755871  448.6154786  1246.277184  2781.357712  1087.690457  1867.236188  
1215.609468  729.4416973  1351.407471  1331.682633  410.2340992  1242.85001  2796.387463  1087.703174  1875.74798  
1240.377824  704.6397244  1361.004143  1326.265574  439.2068325  1227.951313  2791.916408  1084.686102  1875.22706  
1237.861953  701.4099176  1373.057876  1329.904834  426.3114408  1240.576663  2752.911832  1076.566412  1863.670471  
1203.280774  694.3906887  1372.837872  1328.846531  417.7096028  1236.688748  2765.299975  1074.217384  1844.369426  
1202.949926  692.0847308  1365.92903  1345.581037  440.3765103  1254.267536  2783.738244  1084.758678  1836.192983  
1211.092991  710.5079738  1340.699205  1343.237004  451.0794099  1250.500199  2792.136201  1093.659178  1839.385061  
1183.052075  720.8691803  1337.705248  1339.000009  444.0232753  1231.19545  2787.721089  1090.081173  1833.819725  
1205.908454  715.1105099  1354.928564  1322.101186  406.873817  1219.638497  2761.645507  1075.241091  1845.601401  
1174.757686  669.6923511  1342.8098  1350.743773  407.7853039  1220.341394  2773.51922  1071.468978  1847.517036  
1223.687389  702.0374322  1358.228793  1335.234993  424.9052929  1255.131206  2785.067724  1090.839936  1847.473404  
1202.767138  696.4869401  1348.663352  1340.943264  464.1262699  1259.854297  2789.817597  1095.09529  1841.21096  
1188.045325  684.3154514  1333.201138  1345.179933  446.7522305  1236.278941  2745.756572  1081.043264  1823.998234  
1212.953645  698.1105847  1336.181544  1348.660965  386.4362108  1257.823014  2752.920448  1069.985173  1823.642516  
1205.31127  729.0538673  1353.109619  1345.027451  398.9688144  1257.13037  2756.551948  1076.152084  1831.215808  
1191.700236  723.654292  1375.436466  1345.818878  383.5312886  1262.473974  2767.159451  1077.6089  1830.879341  
1183.356544  712.3653415  1387.016772  1350.486599  378.5165143  1256.5993  2786.542333  1082.670616  1841.719945  
1171.134406  698.2421608  1366.188393  1365.434559  397.0435437  1247.348504  2791.38469  1085.659591  1862.10129  
1195.878098  674.3944183  1343.344381  1352.939683  437.722506  1233.954928  2808.432355  1091.842214  1860.632655  
1228.235444  675.9368103  1343.348812  1344.495616  465.4532995  1248.840902  2807.140889  1093.524337  1853.540005  
1222.667983  636.8693088  1333.03455  1341.977244  476.1640908  1226.317628  2803.188665  1084.216213  1857.497785  
1223.384054  673.6340294  1337.200866  1351.518425  474.7369194  1229.326402  2777.523158  1084.374042  1847.082202  
1233.864752  669.6157474  1349.264095  1360.370696  450.6743334  1239.264984  2773.109537  1081.230237  1844.639345  
1215.864197  690.7618163  1374.215169  1349.359218  424.2883137  1244.108568  2798.94523  1089.404043  1855.131647  
1194.962269  687.516504  1384.230831  1348.592822  409.2622145  1262.940335  2780.426132  1081.633639  1849.318417  
1202.673508  724.3021394  1367.551874  1325.30864  391.9143755  1260.31671  2782.12818  1082.228746  1847.142238  
1236.889285  732.9584726  1383.466167  1337.047694  425.037232  1265.69826  2771.629306  1084.90752  1858.858635  
1261.936642  718.9041751  1367.340717  1353.168188  455.32043  1267.273485  2769.84287  1089.919575  1884.905375  
1257.103103  723.6810946  1356.437847  1367.284873  495.6644533  1280.548314  2773.946391  1093.138239  1884.349272  
