1333.398423  344.1068451  1146.010818  1665.128373  -632.9588111  394.1972486  2376.03638  871.3455246  1967.846568  
1250.317323  324.6600033  1114.441175  1631.771636  -714.3652658  434.0985371  2280.315094  840.6184961  1962.388886  
1313.411013  330.2430416  1119.788918  1618.219296  -685.3339485  454.1141631  2259.680899  846.3520937  1942.792878  
1299.631321  303.5835861  1070.660071  1737.768201  -693.825767  505.1342724  2241.045641  851.1136676  1967.007145  
1346.1938  345.8426426  1121.75185  1737.688017  -571.6536274  497.3991635  2245.754099  885.8520277  2010.50269  
1289.651401  284.2166407  1133.445814  1723.42829  -573.6880172  479.0790633  2248.038292  898.1418345  1987.485229  
1317.859475  313.8696227  1148.286528  1728.525964  -575.7076802  443.5084575  2289.5861  905.1147087  1992.042739  
1312.087868  323.6502693  1187.773543  1722.051679  -533.5287764  438.5716975  2366.383483  911.3407218  1972.785303  
1310.55899  364.1021309  1151.07408  1737.571668  -534.4922603  461.7735562  2374.258415  909.325147  1973.921804  
1262.212628  342.9556379  1154.143844  1691.669278  -595.2939306  449.7996297  2342.912977  909.8756567  1976.058002  
1315.203092  338.5237001  1129.000896  1710.965006  -721.4547093  415.7089547  2364.155384  883.8178976  1992.780599  
1381.64865  348.1030599  1118.953912  1725.489753  -675.3760429  385.699932  2401.239521  899.0622893  2006.536734  
1373.19381  345.8999533  1149.650802  1748.898606  -665.5886145  367.5778755  2377.492881  909.3652861  1990.296274  
1345.289501  333.3878307  1168.966132  1743.187084  -600.5551852  397.027221  2382.516811  926.8631249  2004.405393  
1327.959887  365.9409589  1154.477298  1734.829833  -595.0675129  414.6542646  2366.305283  920.2348866  2003.0841  
1422.450859  373.625837  1153.972829  1717.836451  -551.418795  449.6643366  2366.862578  918.2205019  1994.883937  
1357.818606  333.3122872  1118.17793  1721.367654  -646.9040529  448.4867612  2286.577551  878.1628583  1982.110705  
1364.302347  307.0507531  1091.988368  1684.315346  -676.5303755  432.3961378  2320.278612  865.2900177  1989.746606  
1378.153421  337.31231  1104.374361  1696.128638  -646.2743167  448.0924167  2338.264668  883.8582215  2004.585634  
1379.831128  302.3772784  1132.911979  1689.159533  -557.8797017  515.4622832  2316.292864  895.2312414  2027.117972  
1371.872753  297.360319  1125.903658  1680.799547  -594.7353887  512.9239939  2341.450891  895.2729668  2020.276919  
1377.941696  356.2748186  1145.925442  1679.190313  -607.9485269  492.298165  2389.014948  887.9732056  2004.948526  
1400.89519  357.7796352  1201.103202  1670.883946  -532.3902368  504.5111018  2355.093392  916.4774203  1973.387548  
1283.305332  333.8733812  1178.561998  1692.341235  -564.6086016  519.4038163  2304.34961  901.7223196  1967.382783  
1264.299398  305.4238283  1129.818102  1697.251234  -656.13117  419.514482  2355.598285  874.4084956  1965.534893  
1329.517024  320.0634515  1101.908097  1727.385263  -674.0329324  356.0506464  2361.774717  874.9106308  1963.15858  
1308.843823  288.1155206  1121.353142  1760.894741  -661.0294187  406.1984631  2354.458326  898.2192431  1975.61856  
1333.917049  342.0896868  1140.395105  1765.1253  -605.3165554  391.2884098  2366.827206  910.2529559  1981.625127  
1369.112192  358.6422261  1172.476787  1755.531669  -536.939427  384.4171589  2370.883522  943.008151  1987.944324  
1260.23874  326.1114276  1155.315642  1720.304242  -562.0905973  437.5859462  2319.981647  899.4120806  1973.967308  
1315.638039  358.7874277  1154.839206  1676.834114  -609.0810216  429.2976976  2390.203325  885.0370661  1983.918558  
1332.280251  358.1115559  1129.575675  1662.600018  -608.8598183  394.9736633  2367.956926  864.7951202  2002.236189  
1334.54973  355.9699913  1142.987802  1665.902844  -588.7014946  447.563188  2324.677341  889.2005122  2005.35097  
1316.637044  311.7937178  1142.762007  1757.876287  -592.0601782  483.4143326  2287.944125  899.8973551  2016.451671  
1311.454302  330.7261254  1155.488316  1732.449218  -595.3342417  474.3095047  2337.794071  894.5262821  2004.147383  
1293.167904  325.480237  1122.827584  1707.755462  -585.41077  479.3811679  2333.648012  886.4103892  1975.994865  
1277.3345  301.3223016  1099.105803  1667.739906  -640.6846316  469.3347265  2308.001396  854.7124163  1998.256411  
1363.792508  321.8010957  1136.435642  1679.555344  -683.1714528  422.5454216  2363.519916  863.1331076  1983.275334  
1314.690655  297.9382309  1142.89012  1685.227242  -636.6515272  425.8903714  2337.286324  890.2905675  1964.496518  
1332.583175  302.2067061  1175.288911  1691.827685  -650.0905661  414.1923237  2396.502116  893.3253269  1974.722941  
1328.761447  352.1710787  1195.238284  1684.478051  -612.9905569  391.5725706  2437.039243  878.0807373  1971.295562  
1346.32529  367.6893869  1185.181389  1715.310808  -531.4157075  443.6519203  2419.801919  900.2327495  1990.365008  
1296.102291  363.223778  1140.297314  1744.604244  -530.7972912  472.1414798  2299.801787  884.9908413  1983.487823  
1394.5532  380.5637705  1153.462522  1764.853704  -491.7737233  443.7031374  2369.902155  930.6934207  1982.853705  
1371.346878  351.651333  1136.132155  1705.283622  -578.180375  417.9313017  2411.444818  893.6833765  1986.057331  
1337.988129  316.8297876  1131.192497  1672.175402  -657.566903  400.7559592  2308.833118  851.3918051  1966.878111  
1356.472399  306.1707903  1097.952978  1696.043475  -672.3073314  423.4801528  2242.590322  870.1648422  1948.263428  
1354.865878  284.8263481  1106.360069  1705.94133  -683.5868004  436.905579  2237.296442  862.4363691  1945.536794  
1351.293634  313.8333889  1087.339524  1684.422133  -686.7503293  447.7206082  2240.88176  866.8129851  1944.37255  
1340.186046  300.5784226  1092.747866  1682.896783  -698.373347  442.3851078  2219.328019  881.4903957  1951.14189  
1327.304245  316.3990041  1081.680542  1675.482494  -711.784743  440.485568  2256.368822  878.5825137  1957.396804  
1369.160729  339.3539369  1118.668091  1673.211643  -670.74104  434.2821081  2309.457723  883.573525  1973.943897  
1364.735287  316.881606  1127.018115  1710.659208  -628.5170733  438.3941883  2325.596541  901.6889617  1980.51363  
1310.167367  349.5744054  1129.684811  1660.390684  -639.4895934  459.1003747  2304.245206  893.1951764  2000.574548  
1323.177058  356.8457116  1157.24073  1760.420908  -613.0346676  457.3401427  2379.543226  907.0811478  2037.749347  
1351.121819  355.4919816  1193.209161  1733.583185  -542.5156852  446.603126  2353.501209  933.3759522  2003.475565  
1342.616647  339.1502103  1165.158314  1712.366622  -571.805876  432.8865321  2362.255877  912.5598718  1971.779499  
1239.269317  331.0774544  1131.426287  1632.085836  -639.9478559  444.232847  2275.763039  853.3136542  1972.742186  
1278.175155  340.2878741  1118.686513  1631.977317  -660.550627  462.4192386  2286.38461  857.493823  1997.470881  
1361.181057  342.8241766  1132.18835  1681.443799  -625.7462736  433.4934768  2293.835977  884.3592226  1994.652165  
1342.963262  327.1163771  1113.326542  1699.02705  -648.4769703  460.4404616  2318.398493  889.7254001  1988.067874  
1308.695972  318.3453013  1080.627495  1684.239504  -691.3873168  455.9967212  2317.734358  871.2658143  1995.274077  
1330.325573  321.1398058  1115.753447  1690.448006  -660.7728255  435.3556532  2342.659741  897.4558078  1971.951473  
1335.570015  320.3340321  1104.142928  1722.378633  -660.040451  427.5006679  2289.74274  901.0562659  1960.166615  
1277.691219  319.2522975  1082.307523  1724.638281  -641.1413359  478.5379408  2304.135273  885.1100496  1991.7773  
1302.024434  364.8796711  1125.867834  1694.305615  -628.6818718  477.7598572  2328.992666  876.5627139  2004.000676  
1350.440905  363.2092112  1200.386419  1691.271606  -588.4004695  458.5883601  2297.375932  905.1230882  1975.293639  
1350.880535  329.8422876  1195.624039  1747.053177  -588.8041337  498.2167556  2361.009794  914.8498917  2012.821304  
1293.676197  321.8944142  1141.321164  1756.760284  -599.2794901  478.4732373  2369.977699  912.3855677  2044.367151  
1385.868942  328.8307807  1115.393304  1776.773223  -556.387751  439.3747788  2391.620997  917.3381605  2063.589479  
1365.244454  375.6107822  1160.535734  1757.73187  -502.1066619  414.3657901  2386.923705  920.6401083  2023.331021  
1339.014703  381.0609532  1192.940841  1738.259876  -546.5345568  423.1353018  2366.073971  905.2306816  1966.882235  
1283.137879  349.2898187  1141.218763  1716.585876  -621.2477493  453.7234516  2325.885798  887.4013934  1976.337467  
1343.262074  317.5908594  1119.766367  1699.454789  -616.2496454  453.4721152  2291.639057  902.8649894  1979.840438  
1348.054003  315.194336  1168.806063  1741.931267  -599.3179303  469.4912908  2293.986406  902.6506942  1972.504935  
1358.797105  339.263444  1191.853712  1772.626156  -535.51726  454.7321761  2324.022674  924.5742919  1980.653667  
1366.002001  357.5644954  1226.471344  1753.165502  -484.770066  436.1071655  2388.392967  936.1446628  1987.013626  
1314.881925  354.2077237  1180.548625  1675.054072  -553.7862828  435.1198546  2378.300374  905.8811678  1962.818829  
1282.845306  351.3829458  1113.941729  1636.296605  -654.6866575  423.6616343  2368.513501  875.7778811  1964.030461  
1314.742911  318.2412478  1114.395208  1677.662104  -723.9114932  416.414563  2276.322361  854.9130739  1976.222153  
1303.529483  285.0891909  1099.142204  1738.876015  -732.5416213  418.4316502  2235.509102  875.4697907  1974.29212  
1242.573321  296.0911418  1051.285781  1710.474185  -713.8470298  425.8850033  2250.87287  866.3831972  1960.668942  
1302.19554  299.7601415  1048.343189  1747.91217  -677.156428  394.6952419  2269.42224  861.4356807  1985.485989  
1303.325646  295.5975885  1101.798904  1761.470831  -644.0501883  432.3782313  2278.408484  870.357007  1999.943779  
1329.307223  342.028487  1125.708706  1724.542029  -626.5550322  479.6139995  2299.188066  886.4701536  1969.355082  
1300.246264  338.8993059  1146.368936  1681.418655  -629.8821521  481.0696005  2323.263897  892.3174841  1953.187627  
1380.075753  308.2226611  1147.37028  1715.609585  -640.2027848  451.2440225  2297.219491  889.5773321  1952.4976  
1375.020216  314.5653427  1086.606707  1697.267357  -715.0538002  440.9730323  2270.554195  872.0496552  1936.03515  
1333.809878  291.0741618  1093.878483  1712.736564  -715.3611811  446.7539077  2284.053571  878.0077513  1954.368405  
1351.729705  301.1658958  1108.527688  1674.521333  -659.8342115  459.0804631  2311.812998  889.1405125  1965.303384  
1344.017545  324.0194069  1136.73562  1651.128869  -643.6464648  471.8427732  2316.837279  890.4495489  1976.396924  
1282.006187  330.2720038  1132.057312  1686.88234  -660.3594647  484.8906581  2335.873296  875.0429048  2006.159008  
1331.877339  341.4347222  1158.177587  1699.215698  -582.8599125  449.2449068  2430.993  916.9696892  2033.610763  
1325.478731  355.0961966  1169.025254  1699.897495  -588.4974584  444.4862954  2410.21961  900.5846269  2006.949088  
1305.224069  359.6934445  1154.99045  1644.503482  -595.3333505  470.3982425  2354.841292  875.2118712  1992.537622  
1301.444193  356.5901482  1172.213932  1682.978465  -589.521847  460.1442496  2334.508079  904.405912  1990.532888  
1397.745843  378.7113472  1196.955395  1734.649612  -528.494889  422.53711  2357.275095  923.0379378  1986.260738  
1334.362556  337.372831  1159.644451  1692.229888  -567.1136595  422.5358309  2318.451372  887.310163  1970.95134  
1259.267129  297.0740305  1097.927824  1637.862372  -671.4897167  432.4439582  2232.758209  845.0527757  1943.991376  
1283.161498  311.2177896  1067.750088  1690.836322  -719.1113434  457.9122265  2236.103159  848.9678136  1946.466494  
1334.758202  322.3439686  1071.839499  1677.555766  -688.0474989  431.2173242  2293.647613  859.0248164  1981.215088  
1324.830958  310.6802462  1107.392749  1710.639249  -717.9805955  399.1965899  2309.499258  882.3444951  1984.878532  
1351.977731  331.0538282  1131.174314  1754.725586  -685.3228543  379.2877364  2350.515612  890.2607962  2004.010039  
1320.546273  352.6987135  1165.0897  1735.276336  -610.5407742  406.3249973  2419.285958  907.7397464  2024.566506  
1385.644239  413.4664483  1208.166909  1730.177176  -505.1408356  427.6551086  2428.911583  910.0546037  2028.901682  
1377.706239  407.9080815  1213.163176  1724.648467  -452.8200353  459.6389146  2373.749033  908.5720744  1968.443447  
1280.420494  325.9516006  1169.205801  1745.596657  -532.7460426  493.7998634  2269.181521  895.2207481  1970.142027  
1321.55149  303.2125617  1096.592975  1736.39423  -592.5103976  451.1858739  2339.831489  888.0552262  2003.416144  
1377.136408  348.4041518  1120.991562  1712.927948  -572.9703141  378.5971259  2424.839263  919.5819387  2025.739496  
1345.386852  297.8277058  1112.772308  1717.010022  -588.9589169  400.715714  2403.865969  915.508357  2018.299618  
1322.60119  299.1282111  1133.361306  1756.811801  -624.9952915  420.078955  2419.547776  924.077931  2037.665328  
1406.962038  355.1275681  1140.482208  1731.809844  -596.0022169  412.228037  2403.805581  911.8410486  2048.290667  
1283.849604  356.6840334  1125.735265  1677.749961  -589.8338599  460.552193  2319.741166  869.6510829  1983.22894  
1241.624294  320.4177058  1121.592088  1692.907151  -650.6583768  499.003343  2274.71845  848.5126992  1963.01555  
1272.658458  327.7960007  1138.60879  1673.533905  -647.061159  463.0105433  2244.937295  870.0541083  1966.967541  
1344.707497  316.2789132  1162.827912  1777.819558  -604.9870357  442.9108345  2249.376949  910.0428922  1951.710376  
1260.89918  331.1058121  1148.025372  1734.636193  -654.3264187  450.0512395  2289.916084  905.8312983  1954.370379  
1289.151351  301.6837196  1083.57844  1674.898919  -728.989976  453.4285445  2284.573897  858.0506395  1994.620082  
1451.630856  328.9651694  1128.836763  1688.059883  -665.4677297  443.3639161  2326.95031  875.8332017  1975.485103  
1340.460261  312.6525341  1112.536086  1681.232663  -616.2083232  518.6744893  2286.455438  897.749356  1978.560968  
1382.775803  352.3266728  1147.661861  1640.189964  -577.5832794  489.9281521  2303.286767  892.3030045  1969.497196  
1343.899106  319.5630808  1177.671151  1651.167367  -567.0955103  516.0158911  2284.497773  895.7290081  1948.116057  
1287.857756  342.1114861  1169.471709  1680.889296  -580.6158068  555.209255  2299.201768  892.0292072  1958.238978  
1343.245923  388.4805243  1175.885627  1682.959578  -543.2727189  503.2301709  2347.451228  897.145139  1960.34354  
1295.564376  339.3283271  1211.149396  1700.037169  -571.4012753  478.0089329  2294.782998  901.0130679  1977.950221  
1283.006552  368.8559526  1126.232563  1714.94709  -630.6366661  418.4029754  2333.121155  888.4277614  1982.950769  
1306.789163  321.9102235  1083.928718  1645.518957  -650.826253  415.8434648  2310.715509  873.0019236  1984.71181  
1290.401251  281.6589707  1051.977068  1712.97786  -747.6868727  417.4261973  2282.385341  834.1559774  1984.709976  
1353.77356  314.0649138  1041.188866  1714.826007  -765.5280927  397.935641  2262.628192  850.6197069  1963.819939  
1338.44579  308.7516321  1055.585756  1706.140484  -734.7809663  378.0902514  2336.701332  878.0731253  1974.282844  
1332.056824  316.5901443  1121.937865  1766.000788  -711.009842  377.084094  2390.096145  901.2926114  2006.211251  
1246.751848  339.1270524  1132.6818  1717.658222  -641.7742591  421.8150366  2388.736291  876.2581516  2007.909731  
1330.606029  360.7050628  1178.776912  1688.25287  -608.2784214  425.3321928  2399.492154  883.0309747  2002.548595  
1301.971403  328.1735112  1161.579841  1689.727464  -630.5002155  441.9745692  2375.844013  882.1774597  1988.330824  
1394.74425  371.6036616  1195.141933  1705.339618  -520.360345  425.0749613  2427.651367  917.6233196  2014.625929  
1465.31978  364.9514575  1169.0067  1754.875612  -536.0874866  350.5693963  2439.303345  939.5733314  2005.106172  
1369.905087  330.3125085  1152.156857  1752.827688  -553.3673612  406.743387  2417.039162  913.5027032  2004.634662  
1376.329639  372.9142519  1154.370911  1775.929491  -512.0576647  451.2057822  2346.605689  919.045722  2009.618744  
1373.423194  358.6718641  1175.639202  1766.594321  -446.0245151  492.8152638  2279.976718  905.8745787  2014.765902  
1330.518133  318.3214609  1159.713507  1778.273722  -504.4904565  517.9617575  2284.206658  895.5712176  1981.175437  
1406.832726  324.7759928  1217.045792  1697.929812  -408.5213532  487.1093877  2298.821411  937.4069058  2002.819662  
1419.770871  339.6337817  1198.819362  1703.00268  -492.7419087  427.8207674  2329.615469  948.4456279  1960.539028  
1286.813357  315.0575994  1126.698377  1737.298602  -668.6122433  410.231885  2308.74344  883.873136  1958.760504  
1343.330833  315.1317029  1146.253796  1743.667235  -717.6729491  396.8597788  2273.337913  871.1525847  1998.748078  
1337.138429  315.1217213  1125.027017  1694.905468  -736.5460775  434.518929  2278.892876  860.671991  1948.702654  
1255.097864  301.6015735  1104.581655  1625.431041  -765.2939998  458.8648855  2228.822121  849.3048638  1946.005067  
1286.29826  286.4955801  1029.784304  1619.369576  -813.978796  399.876989  2241.87697  827.8580157  1960.836422  
1279.310512  279.1607485  1051.563347  1610.393904  -800.5851841  411.7268157  2243.791358  853.2414346  1969.313154  
1274.897105  296.8681439  1082.154186  1708.234839  -705.5990814  465.3035088  2312.6696  900.7624756  1985.009398  
1361.760621  330.4770718  1108.181888  1721.164512  -643.7436631  402.0504347  2415.147864  914.988231  1999.628662  
1352.341026  357.408968  1147.245328  1720.825916  -609.8415325  400.5851945  2434.584074  925.3440093  2010.404657  
1331.847008  364.0650424  1160.217658  1741.60791  -595.2534547  438.5629652  2391.98543  912.0681113  1962.393142  
1336.43401  356.8172739  1164.864474  1756.797622  -528.4452245  495.322862  2328.166061  899.0792609  2007.988057  
1344.169103  318.0414061  1144.914981  1795.67499  -609.4521023  458.3814583  2309.229894  902.687796  2020.884699  
1286.345377  353.9679356  1100.175565  1723.809625  -592.8854929  459.9775407  2308.744253  880.6276422  1989.742198  
1418.804491  337.3252604  1134.030342  1690.966107  -597.2692114  368.6345992  2429.723147  929.1366293  1963.847307  
1292.077901  395.7251069  1188.922113  1668.038596  -527.9451533  517.4925437  2368.073743  903.2421652  1952.005088  
1192.841152  452.9548439  1155.474266  1634.132826  -509.1182604  674.8304244  2290.259611  857.1621269  2013.048282  
1360.613844  311.5508901  1140.466709  1731.598287  -709.3061133  368.9706967  2232.480983  874.0080673  1978.832935  
1154.561667  298.5138102  1130.807084  1595.503456  -714.2305794  509.5154022  2221.274459  802.238436  1992.481386  
1318.963417  334.6435116  1124.049808  1663.336113  -733.0238433  440.4962544  2310.415548  835.0322726  1981.402259  
1296.160258  301.2202715  1168.85737  1690.509577  -615.064913  474.6725603  2283.830003  882.9527141  1985.865856  
1381.43678  311.8754669  1174.335929  1736.682228  -606.4555213  461.1681742  2319.055283  917.2938695  2013.200232  
1352.149925  345.2264289  1156.426735  1736.3755  -525.8781068  473.873161  2340.318993  906.9508264  2042.816133  
1341.000087  368.3736069  1124.153289  1738.430773  -533.3941586  459.34349  2341.991511  891.3192657  2034.439265  
1321.98915  342.4950455  1115.659235  1756.973993  -550.1010838  465.0557377  2299.783603  890.8912329  2016.017922  
1292.840305  257.2637839  1105.272259  1814.856654  -522.9446311  488.1108688  2261.662215  893.9100836  1979.112807  
1278.817177  320.7318686  1127.601418  1710.147383  -517.2529344  495.8395281  2307.935822  899.9438375  1961.362576  
1395.10558  326.168373  1168.277072  1686.812362  -580.9177686  391.3496535  2373.74161  913.0713186  1941.783092  
1313.321621  318.313329  1148.7501  1672.711727  -657.0685942  389.3216062  2367.29614  905.7207832  1942.784628  
1307.836215  338.2544695  1114.320761  1660.816761  -768.2892687  348.873168  2437.614218  867.4581508  1983.63421  
1351.761495  381.1614369  1098.50414  1670.032236  -721.3089087  325.969664  2430.523773  863.74395  2004.0322  
1259.815933  375.3789241  1109.757936  1671.058405  -724.3302576  355.8787158  2372.134954  837.5880783  1973.369771  
1189.207379  322.9548824  1071.214282  1657.646718  -685.6597229  456.5245402  2223.64268  844.138699  1962.58194  
1272.756792  277.5579584  1078.049174  1732.892625  -650.5229728  462.5456323  2218.904287  871.6653972  1982.970626  
1286.648989  294.8302993  1109.237102  1670.832282  -667.7771922  510.7356553  2194.785151  875.6786873  1952.563563  
1303.749035  325.6943975  1091.087397  1741.730113  -624.4816162  521.4856982  2240.2897  900.2135208  1982.616233  
1360.724036  315.6113924  1117.378739  1783.228293  -604.1584595  499.823304  2330.548189  914.8355552  1998.480371  
1424.816667  310.8271206  1162.516892  1808.960045  -594.1253369  468.2179004  2390.312242  945.5264881  2023.559122  
1387.644455  291.3161289  1148.640137  1707.305736  -603.1173506  415.0515556  2388.698597  921.2251605  1994.18317  
1395.13811  310.8160687  1170.518088  1684.119171  -622.543157  401.1743773  2402.724528  907.3257474  1941.156094  
1277.505625  323.4862078  1174.930534  1637.953195  -606.1277793  445.9348964  2324.290044  882.6574329  1937.524707  
1309.742837  349.1613176  1134.968843  1648.270436  -652.7805931  410.1262735  2312.661698  871.7788863  1949.402825  
1285.282266  351.8497376  1160.770866  1668.228954  -654.077815  404.122959  2324.322951  851.6365484  1943.103167  
1252.452245  343.0432255  1092.128753  1670.122922  -668.2595271  420.799446  2285.767413  844.1057434  1972.256665  
1299.870603  325.3166319  1091.17246  1747.431979  -556.5371915  465.2245248  2272.299592  873.2065017  2025.620736  
1389.382083  284.6450814  1126.248629  1805.756986  -506.0207356  505.8118921  2325.414348  938.6410287  2023.422136  
1356.442215  315.2332269  1154.932646  1742.135155  -553.4528533  486.663046  2289.816137  921.369376  1985.72401  
1250.979744  325.3431155  1149.101423  1681.516018  -619.3747207  486.0224257  2304.30915  862.5143146  1993.488233  
1275.438241  329.7171211  1132.848241  1642.816933  -671.7184497  462.1389234  2314.782505  866.7343973  1996.410181  
1297.81124  338.6844344  1154.807099  1607.842373  -662.4188243  466.6538942  2311.151616  872.152404  1968.954776  
1292.502673  346.7605011  1142.354133  1643.069031  -670.8254648  479.752707  2278.178512  886.4170216  1968.002762  
1343.644997  351.6207301  1136.062763  1688.533363  -645.4097218  474.1784603  2289.690052  879.4129109  2002.326467  
1385.609548  343.541029  1145.846783  1698.034104  -578.8218999  479.1051193  2317.631686  898.7696923  2004.916999  
1344.061307  326.3559947  1154.483993  1700.225961  -611.5878863  473.5405484  2366.8708  882.7331006  2001.436924  
1418.346007  357.2026471  1127.539445  1690.425816  -606.0707621  439.0445328  2399.004389  873.2337309  2014.888345  
1360.362764  349.142025  1121.421203  1717.993629  -635.9973138  388.0930112  2362.859819  890.3803768  1974.886255  
1280.708467  349.8058207  1118.657249  1740.778433  -620.0794172  410.5436462  2326.349896  887.5524667  1961.211671  
1274.697313  314.2764904  1120.467839  1749.194287  -635.3650768  397.5776765  2325.411986  901.6856808  1975.541065  
1362.512288  323.333504  1160.339916  1777.069464  -604.1695905  395.2667909  2338.494984  921.6982902  1973.197543  
