1411.295747  395.4693692  2197.656373  1808.870792  -303.2696767  315.0529982  2899.339702  912.9062555  2114.900277  
1433.233462  365.5076321  2200.90444  1793.703687  -329.227164  344.7499686  2893.163961  911.478118  2104.213662  
1395.679792  355.6909553  2159.52751  1830.583649  -343.9609949  316.1276555  2851.868211  902.8571285  2126.077199  
1370.904762  328.9174015  2169.898381  1828.152152  -366.9751036  335.5415464  2863.345608  901.4822297  2112.195675  
1458.134296  369.7894115  2141.317324  1817.464838  -378.7316477  337.2325742  2807.43734  909.5841563  2116.133819  
1365.633441  369.0185205  2161.641997  1812.062281  -349.5423737  320.2119296  2834.11171  902.8474935  2127.52483  
1434.019831  344.930545  2131.819469  1830.750144  -351.8935577  318.2687771  2853.205241  912.2881285  2127.69359  
1381.688668  368.2037055  2153.719614  1811.924604  -344.8426006  335.3490367  2850.055504  906.9490369  2134.2698  
1438.947024  332.5940965  2138.713374  1825.876816  -324.8837013  335.2484177  2867.981627  924.0091327  2134.635894  
1442.027545  365.2519672  2161.784866  1820.802536  -353.4546618  382.6063726  2795.929402  914.0141426  2132.034237  
1445.138414  334.3829685  2138.167871  1827.649076  -346.6076107  362.2013383  2842.227086  926.4443899  2162.280019  
1407.104841  366.4907605  2165.616994  1808.795407  -344.9494389  371.3021447  2832.931845  914.340538  2175.488548  
1414.952953  322.9151522  2136.568155  1804.969779  -367.1648891  378.5572745  2843.397155  925.6582575  2162.290308  
1308.640023  355.2040675  2170.767083  1818.039298  -321.4428896  339.9225689  2880.25752  922.1673012  2170.260107  
1363.271471  368.1956195  2155.547086  1835.847807  -339.8793372  350.1354021  2820.553748  902.7575578  2154.264074  
1387.260735  391.0889081  2160.447824  1812.306146  -339.1920328  365.3324751  2817.703178  900.8153671  2132.526761  
1453.207954  350.8007961  2163.847903  1804.73736  -355.1209006  382.9234985  2855.668762  916.6477568  2105.569631  
1358.548465  343.0352871  2133.659277  1838.656394  -351.3830282  384.107504  2761.916871  915.6193361  2121.776373  
1423.672791  350.5893191  2153.009498  1841.622443  -353.3446704  384.1235841  2752.431808  917.6323492  2126.109193  
1330.89434  361.9764411  2154.122517  1850.651406  -341.3771209  369.2811803  2766.460354  916.1702004  2134.39747  
1388.23935  357.8632413  2140.778639  1831.631603  -343.7944958  351.9733567  2810.61385  920.8588464  2120.890347  
1417.256193  328.3802002  2142.441884  1833.134379  -327.3251988  336.9263995  2821.912097  912.7037085  2109.173863  
1348.164347  346.4568202  2154.165283  1827.501489  -338.6979245  338.3454046  2803.233108  908.5581295  2125.625822  
1346.854621  371.5722935  2126.618829  1840.839823  -345.0094546  359.8524483  2778.683688  905.7248396  2129.003404  
1304.303919  378.319927  2168.005275  1829.740585  -329.6319579  359.4551608  2800.645065  906.0739453  2151.60902  
1306.888682  425.62053  2177.097436  1825.812419  -335.9702995  330.4371705  2838.660994  901.8714962  2140.728083  
1318.618415  368.2417488  2153.499235  1810.641611  -328.0955097  316.220837  2867.057857  917.4529166  2165.099872  
1368.967406  382.0450034  2154.319243  1813.951522  -328.244749  333.1455762  2886.296072  918.6952395  2128.126001  
1400.444838  361.7174546  2128.880948  1823.118973  -354.7983029  322.1205599  2848.693364  921.9556598  2094.761985  
1322.630097  324.6432644  2119.743482  1819.970373  -359.3869727  316.4998403  2841.511134  916.4175642  2108.48677  
1484.694242  361.7496417  2121.566307  1814.964999  -345.9788985  318.9794724  2793.964437  922.9967502  2090.551957  
1428.69867  334.7808448  2129.26282  1836.010923  -331.392835  344.379888  2773.606077  920.1751616  2113.016397  
1379.908436  396.0296033  2147.202339  1832.806331  -333.5463734  316.2452199  2778.882975  901.650256  2117.196039  
1439.558108  343.2200667  2158.760977  1832.233107  -330.6375323  332.0233556  2850.720494  918.046899  2126.372904  
1416.304932  345.9778293  2178.093673  1825.186391  -350.8237445  354.8733571  2876.322413  922.0200287  2123.346375  
1456.025624  342.9373551  2162.611954  1818.162992  -335.4258265  350.7782086  2846.226845  912.9608799  2145.567794  
1354.797607  322.3750614  2188.924286  1824.821465  -345.7266086  348.7577274  2884.152676  912.535579  2169.061563  
1447.918144  377.117175  2148.568496  1818.314584  -347.9016188  348.1386518  2859.385207  927.2587871  2128.428813  
1389.937852  395.9616585  2169.958776  1806.563362  -345.6534835  342.0713679  2885.800311  905.8732517  2114.764868  
1467.823494  392.351529  2183.92631  1793.075951  -338.4663311  346.684407  2907.229945  909.7141655  2093.693142  
1404.807306  354.3819854  2181.790043  1795.670942  -349.5588426  345.9711197  2901.353297  899.9478213  2108.346788  
1396.612286  363.3316179  2183.742519  1796.647171  -327.0135773  340.7753089  2887.713224  894.1670519  2105.051505  
1484.452078  406.919151  2197.364014  1803.46686  -304.9804895  345.9259498  2864.66382  901.1237044  2091.408299  
1435.476676  356.414192  2136.078395  1818.629992  -330.2391188  348.0230361  2850.264032  900.9474911  2076.463359  
1468.019382  348.6857163  2127.375107  1832.383739  -319.7808317  337.3780292  2840.856816  909.3415446  2074.614273  
1403.240716  368.0994061  2150.417077  1829.881665  -304.7250523  344.9213823  2836.784094  908.6704129  2131.168114  
1384.436355  329.0289713  2154.708817  1834.438272  -318.1690279  357.5110781  2833.440006  898.8236915  2132.052504  
1463.247616  357.4101829  2179.537322  1817.467982  -359.1214896  363.5504451  2848.270782  916.0552723  2126.72654  
1469.979337  351.6811956  2188.067853  1820.196639  -337.7890122  356.1313832  2891.018103  928.7344553  2131.679065  
1388.014722  350.7220594  2162.012519  1821.821134  -319.152111  341.1319298  2874.623718  922.1555139  2151.182672  
1383.562755  337.9966423  2187.686211  1821.914406  -356.4776835  346.6580348  2832.548373  905.9289285  2155.288174  
1369.359449  347.7144348  2186.323185  1823.698258  -346.8831881  348.895667  2874.645158  906.5407842  2146.658244  
1415.560636  372.9451906  2192.514736  1824.332347  -338.9135539  343.7370412  2855.15068  922.2168302  2149.97361  
1403.04492  368.758612  2185.646682  1821.691827  -326.4546175  331.5758079  2856.12959  915.2507676  2159.781431  
1405.578973  346.9922623  2175.036957  1811.640708  -333.8172134  342.8454925  2851.443751  921.6038486  2151.772382  
1381.535406  328.4499613  2163.469642  1827.325038  -330.3304229  344.3880405  2864.022041  939.5378405  2152.532663  
1354.310766  344.9761187  2158.237781  1827.372919  -347.7769327  342.3094992  2869.858295  928.1807009  2177.962848  
1353.359955  362.2194291  2153.087833  1814.371098  -385.5472357  320.5888458  2848.86207  915.6310525  2171.57953  
1406.247413  356.3920027  2131.491192  1811.075259  -390.9759855  346.7845214  2809.2273  917.9996586  2152.183527  
1386.743714  313.764794  2146.664356  1831.268697  -369.7235228  353.5500313  2815.278471  911.0273184  2147.057171  
1458.316576  368.7989634  2165.143171  1823.237541  -338.8855793  341.0433413  2801.041772  920.7184717  2146.534367  
1405.628044  325.7800886  2163.308746  1825.938473  -338.3401643  349.771004  2837.884217  925.3902027  2154.390224  
1411.646108  384.1174301  2141.76705  1806.448552  -353.9714703  342.630315  2839.719255  930.1982244  2165.159844  
1311.497574  307.0251267  2123.438454  1809.263439  -405.3990093  349.3916174  2830.225911  899.108162  2153.981415  
1449.344333  364.8578933  2151.397061  1791.619271  -411.3981986  356.265323  2858.070315  912.4785732  2150.062853  
1364.114091  337.4517943  2144.581222  1811.495516  -402.1424283  342.5014235  2814.009159  898.6161952  2156.837188  
1396.321674  352.5745301  2121.871984  1802.090936  -359.7913753  320.8364101  2854.09399  907.354386  2144.916214  
1411.36338  370.4515444  2132.662452  1812.466534  -355.4979731  327.8500124  2836.83007  916.443862  2152.25292  
1342.54531  369.4588887  2138.392028  1829.750001  -352.3565466  341.4749714  2772.763336  908.774906  2189.268073  
1424.585713  374.6441903  2161.653963  1818.618894  -339.6316805  374.3657621  2785.518581  922.5740115  2158.09025  
1486.339903  358.8675618  2176.355296  1820.356896  -339.4136868  363.1743509  2785.967104  916.2807219  2116.807605  
1395.466442  345.4325985  2166.766642  1821.426563  -366.5717838  357.4815262  2788.374658  898.5437265  2120.086353  
1503.629297  347.9687057  2176.149474  1807.678356  -361.1803889  351.9768442  2813.571019  909.2317869  2082.418227  
1367.703019  340.8478112  2173.945875  1832.462252  -327.0413704  344.0873462  2808.087431  906.6120687  2115.601893  
1413.221451  406.8550345  2196.061336  1829.451521  -299.5081276  332.2278501  2857.776542  916.351552  2099.651097  
1367.75433  322.802226  2149.470187  1831.192351  -359.9279338  343.4834243  2821.264388  897.3855954  2076.949858  
1409.114673  365.166643  2129.202849  1829.596756  -357.309864  350.6880756  2819.767264  916.7500744  2066.116474  
1336.168836  346.4352913  2127.838313  1846.793917  -324.720392  326.5204121  2838.451249  900.735632  2097.262756  
1479.375978  369.3464434  2157.906099  1827.708087  -317.7504609  327.2632137  2850.416358  916.3642493  2091.413759  
1429.174814  374.1554813  2157.764946  1816.42208  -350.8663271  326.0995657  2845.607748  907.1198318  2092.069181  
1394.603036  339.811077  2124.738203  1835.365926  -358.5007154  344.1862633  2812.636517  907.4853428  2094.406008  
1347.160239  341.754314  2133.165713  1850.177785  -326.7417087  343.702378  2784.020482  915.2024615  2114.614095  
1368.200812  376.457865  2137.223911  1855.152557  -319.4636502  351.949685  2776.763911  915.6629478  2120.147299  
1351.375355  318.9555819  2124.624349  1832.369122  -350.1507402  352.2780244  2830.928458  911.8895185  2141.519687  
1354.30736  373.8788872  2167.981449  1812.040379  -336.6852442  325.9488005  2875.624298  912.1828783  2159.252807  
1362.673968  373.2363036  2191.599525  1805.538949  -341.1672379  326.0117804  2886.132356  904.6859164  2146.990018  
1365.365691  394.9081281  2178.550091  1829.258201  -329.5698252  343.8724828  2868.760321  905.8930911  2160.42525  
1323.51029  357.7518953  2175.082617  1822.054665  -333.0435601  346.2959287  2888.047979  902.1335341  2151.558321  
1442.012002  360.907413  2204.188204  1834.699964  -338.8911015  364.8684583  2843.285419  907.6438163  2141.10955  
1404.334912  358.1094786  2195.403608  1851.374393  -340.2876957  369.6369755  2824.009602  904.5117603  2144.963092  
1328.520334  376.7856498  2206.824088  1855.41705  -299.8418007  346.6787602  2884.853709  904.4406445  2183.711383  
1378.140928  366.2155785  2203.243807  1857.796049  -293.5884024  358.0271288  2883.591091  909.7651266  2193.22598  
1385.629083  361.0360103  2183.566706  1817.811905  -323.1936671  365.1281322  2862.696143  916.7301246  2177.194472  
1472.703597  394.8139146  2194.686632  1783.857248  -309.8279636  351.9375521  2869.394522  943.1453827  2170.713817  
1355.030222  345.6479451  2172.460461  1786.462542  -317.5129494  352.3141133  2888.507685  926.0412077  2164.725427  
1417.940065  382.1363374  2188.888493  1771.83566  -349.0618887  337.0426176  2881.431041  915.1990109  2139.073729  
1411.109336  350.46271  2160.514504  1765.591567  -403.2334576  324.0339308  2871.02528  913.4748524  2138.631643  
1446.816784  338.1716371  2152.328951  1777.37288  -355.7845548  346.727329  2873.639051  914.5324506  2126.950526  
1420.530754  351.0165419  2133.799087  1797.351264  -340.3880459  332.9513192  2853.889621  916.5619369  2129.700939  
1317.663492  303.7445993  2121.157852  1808.396687  -355.3033161  331.1174517  2886.012  918.025198  2151.804447  
1425.878468  388.0593337  2176.042495  1807.865596  -351.1595469  344.3140769  2857.274625  904.5702255  2146.963271  
1472.29754  345.2549598  2160.814581  1819.69021  -363.5066858  352.1494981  2855.975816  903.3782755  2104.781134  
1445.670215  356.6705927  2189.526795  1829.135244  -331.1718791  350.3906063  2880.274409  908.7667114  2125.534778  
1398.502606  335.4684826  2151.322327  1820.625548  -308.8206417  339.3766998  2875.67373  921.7435324  2153.002151  
1329.257234  334.483602  2165.256224  1835.471285  -339.3186593  351.8453038  2851.00574  919.2618648  2162.289829  
1399.250842  398.3567573  2148.447806  1850.341021  -325.768102  363.3891163  2800.721338  923.4874205  2157.413362  
1335.456709  351.8037932  2141.748387  1846.100094  -375.6009449  364.6158056  2773.356616  901.0101689  2141.073707  
1444.416353  429.98853  2173.489472  1804.413933  -370.9253712  347.8617986  2804.718509  900.5953534  2127.568853  
1445.602996  353.8364068  2146.126004  1804.180617  -386.1438575  344.974978  2802.664002  901.5618244  2090.526324  
1406.423385  397.7412705  2147.857408  1827.923644  -343.8423937  345.4794773  2798.346065  900.7691685  2084.79791  
1368.99524  336.1851226  2136.736032  1821.6347  -331.4806737  346.6338261  2823.986815  897.1292837  2072.602955  
1566.62756  352.3888868  2158.04707  1818.629206  -323.4174042  338.133854  2834.920579  926.5204235  2063.628111  
1466.995442  345.5040443  2146.409321  1828.019213  -334.1804519  334.9040283  2819.846392  912.4437737  2064.090832  
1367.116719  338.5137934  2125.976091  1837.304907  -330.6557338  327.7983605  2807.322539  898.0967349  2070.245281  
1408.120674  320.3739812  2147.58234  1826.784768  -342.1121631  335.5671756  2832.133988  913.4710008  2053.772932  
1518.706379  336.4139077  2149.988265  1820.901362  -321.8165238  311.660913  2850.78308  928.9818729  2087.111391  
1370.457365  339.2219288  2139.79093  1831.680831  -329.882385  318.044058  2884.201967  929.1207106  2131.002143  
1388.575706  366.455328  2119.191812  1818.455957  -348.2738706  320.4880018  2840.459623  930.2025593  2161.949224  
1374.861103  360.9350824  2114.379291  1839.158241  -344.0446074  347.647649  2835.825656  938.2070376  2152.91035  
1372.427635  361.7928723  2135.428311  1826.130507  -371.076554  367.1084092  2815.252493  933.0057452  2161.529764  
1370.515666  360.5701563  2154.696925  1815.680339  -341.2482175  344.2741672  2828.523412  920.9843379  2164.068711  
1356.266108  326.552339  2120.448584  1824.554983  -377.3726866  329.7300882  2863.582041  911.4725141  2146.396191  
1402.738971  356.8784282  2135.912506  1817.545866  -387.5857345  334.2460625  2868.315247  901.3847074  2137.758937  
1420.11955  375.4096033  2153.387265  1821.945822  -333.6452872  337.8110022  2839.714733  900.8866916  2148.288209  
1407.493529  348.2381703  2160.367364  1820.511778  -302.1205977  348.8918352  2864.713372  914.8181989  2151.995271  
1311.954151  366.9495607  2130.505074  1825.557285  -324.1656065  334.7633665  2857.661863  924.5252745  2185.236552  
1342.499745  374.3208874  2151.035198  1822.861865  -332.9467737  349.2232297  2871.845849  919.6565027  2199.73955  
1368.723157  377.621495  2175.173535  1826.278912  -342.6433815  360.6041794  2829.255344  901.7763133  2178.90119  
1375.458263  387.1265289  2142.982991  1838.896749  -318.6441093  362.8048056  2785.449914  913.2993296  2181.223513  
1355.915194  401.104052  2166.309571  1842.76966  -311.0104191  354.4862357  2775.65856  908.5163258  2207.493566  
1394.776501  392.6473848  2169.183558  1847.646527  -329.6592069  372.5068248  2807.341505  920.3603789  2202.885757  
1416.899701  385.9205782  2206.101926  1811.097698  -321.9284842  365.3657942  2842.997819  921.8384677  2197.265281  
1373.966764  368.4542228  2217.787706  1809.163532  -351.9625861  374.1005598  2813.39628  884.4158972  2125.22184  
1436.123856  368.8414663  2193.039691  1790.597845  -380.1452936  370.6544604  2829.218609  903.0425453  2086.019057  
1429.133562  313.4885822  2167.943215  1797.334929  -397.1588625  338.2538278  2844.76155  906.5770379  2096.894274  
1408.574161  374.3805747  2208.630852  1811.026406  -348.3120762  315.1946572  2868.709067  885.944727  2081.002263  
1386.349915  343.7139127  2171.754304  1794.006163  -370.6121963  324.3092227  2875.110233  890.766255  2051.580781  
1504.491741  315.9171566  2162.127043  1788.214293  -398.7881842  335.5175822  2889.60117  911.8012587  2047.883017  
1470.881975  336.6948682  2160.22738  1805.161522  -387.5507127  334.3365332  2851.163547  909.6718306  2057.739784  
1458.598535  339.8099434  2147.998492  1826.435838  -370.5557197  353.2866347  2825.084731  907.9624122  2067.35616  
1450.175165  330.0474129  2150.573143  1834.734283  -359.3911744  358.2142323  2840.004771  908.2461386  2094.839771  
1481.067561  337.9771787  2151.5319  1818.385648  -353.99591  333.9320189  2835.492556  919.1631263  2100.768577  
1453.477123  334.7964723  2159.213555  1821.475065  -356.2416223  336.4849523  2856.825444  913.2640091  2085.609848  
1411.539289  358.9397931  2188.69228  1809.659413  -359.7984798  350.2505766  2868.164205  908.5541904  2091.340245  
1345.707244  385.0115154  2217.075908  1818.052394  -353.1953774  346.1409278  2846.741003  894.0834349  2115.199112  
1358.480037  373.3336597  2167.108006  1828.16276  -385.5505493  353.1927077  2805.257353  905.597865  2110.150606  
1362.205234  312.6709734  2114.640465  1879.866974  -326.5958398  324.559055  2838.5697  926.1473461  2114.347143  
1369.477848  339.7088931  2148.57969  1840.025415  -304.4329998  328.286832  2891.074425  929.6595274  2146.874129  
1310.110413  310.0113973  2106.709547  1818.410463  -340.7011367  323.8956834  2888.812452  923.5696094  2169.353599  
1360.709318  335.3855074  2131.20222  1810.018698  -342.3455233  343.6860893  2857.676079  925.6206905  2195.179636  
1453.299927  355.2509538  2175.77079  1806.35687  -325.288437  373.3746094  2799.909392  929.3832335  2174.509278  
1451.886138  344.6027805  2169.612232  1825.262779  -307.9519207  366.9962717  2820.917239  937.3260075  2143.228724  
1437.658767  344.0048962  2179.190587  1846.302325  -323.9952017  368.6793113  2833.282804  921.6400805  2134.95933  
1358.096019  369.6219751  2195.874571  1831.955789  -345.4976602  387.5106273  2818.211895  909.1113393  2131.568174  
1475.06408  369.0586673  2167.877415  1829.040276  -356.101491  367.1341748  2839.109265  925.5578503  2127.009732  
1404.812304  375.6650079  2157.024339  1819.676037  -329.8880521  333.3709759  2865.46796  907.1171885  2145.335642  
1420.513148  358.3357096  2150.107158  1806.704472  -307.330509  324.3123145  2893.818926  916.8649282  2149.868373  
1373.707913  348.6331216  2141.45264  1819.160605  -340.6137524  329.0703089  2870.294025  911.479386  2163.304914  
1432.494755  396.4436224  2192.466508  1811.981747  -330.1156441  346.1138236  2858.48419  915.8185085  2151.584615  
1329.187814  373.2408307  2151.217674  1843.182706  -302.6905411  318.8955708  2818.024934  900.9312399  2152.627921  
1311.718995  356.3550809  2139.998133  1824.963461  -323.6895349  325.3832324  2809.278479  902.5505913  2169.969783  
1364.679789  397.7705219  2161.417663  1821.061807  -308.3315781  312.5626693  2842.432  903.517956  2157.319897  
1390.933656  376.4619467  2142.059784  1815.364172  -332.6850524  316.608301  2838.422268  912.8326622  2152.041846  
1359.637073  346.0098564  2131.568177  1823.858032  -315.647744  322.1575792  2848.786978  908.8162083  2142.633418  
1410.87583  368.3295706  2161.699504  1798.684251  -310.6032783  348.4266692  2829.867897  908.7603921  2161.982628  
1456.905395  378.1790308  2151.674312  1808.163858  -322.4233795  353.6666518  2792.487742  913.2366326  2152.214829  
1339.811407  354.6439357  2154.292788  1833.639335  -324.196112  342.1836407  2810.11827  895.5442551  2159.355857  
1367.954178  354.0393854  2153.149233  1833.502072  -310.345792  336.0810332  2839.977739  899.5276957  2144.476444  
1411.00692  351.2716185  2134.979546  1811.864607  -342.9196414  330.1254828  2835.560207  915.9040141  2130.081849  
1381.322566  369.6684452  2168.888819  1818.93938  -361.5035192  340.0204973  2875.046988  906.5275718  2131.100388  
1395.792923  357.5350956  2157.959475  1820.740842  -334.1460767  329.7926539  2888.084386  905.2817075  2128.267838  
1371.999122  388.3203003  2151.219917  1817.852012  -325.3459976  334.4297756  2860.117009  899.9113426  2159.964582  
1452.57083  383.6075671  2159.953058  1810.844118  -333.7895205  347.7632326  2851.40546  914.6250017  2145.51672  
1385.616598  348.1654355  2152.45906  1829.185797  -311.8389542  342.5816278  2867.526311  909.2253933  2165.280955  
1395.511224  367.3711918  2174.700382  1818.840949  -363.3145836  351.7163339  2856.752597  911.6927604  2125.579412  
1381.827377  394.6156718  2175.766138  1813.796974  -380.3835498  332.2352864  2838.481575  912.1411317  2110.093538  
1446.392252  382.1671776  2158.78122  1800.68669  -409.3654139  345.2753022  2823.27642  911.4411514  2091.829347  
1337.718854  333.4640987  2155.041491  1814.628107  -382.4572002  358.2536543  2827.223107  892.9049509  2106.15768  
1397.474848  373.3358882  2163.789825  1810.048761  -359.5170155  341.4388054  2829.370169  907.6293149  2080.164418  
1433.537106  358.5028683  2164.74482  1816.481225  -377.7375094  352.8085299  2853.23732  918.6979707  2083.568757  
1388.6205  366.0157553  2174.243486  1825.413671  -357.3675645  361.6538249  2816.914026  915.4287499  2086.232377  
1436.208859  346.6947314  2136.21322  1834.567428  -362.760047  361.4605665  2789.595548  917.2203033  2067.851595  
1383.070825  352.0969865  2146.329103  1834.365783  -344.4318868  360.4744033  2784.234488  917.2940959  2082.351713  
1412.928597  363.0320331  2143.725265  1836.509101  -363.4982261  336.4062329  2798.269702  912.1387549  2090.673449  
1432.353757  332.9316864  2146.606921  1831.428388  -359.6204201  343.326845  2791.416154  912.3777216  2109.912597  
1425.464838  352.6639989  2166.771944  1821.338679  -346.0141365  343.6878365  2817.304417  910.9596426  2127.131344  
1446.875962  359.5155612  2164.478588  1823.618777  -362.3697873  352.6094165  2845.725814  913.5547564  2100.956397  
1434.194987  331.2004939  2145.201591  1818.245595  -339.9367309  352.4332937  2875.205338  929.1297383  2126.474387  
1393.885017  374.6507153  2161.480093  1829.053365  -339.8065816  350.3811106  2834.507918  912.9163848  2136.199594  
1346.567931  354.7015406  2156.910123  1825.181486  -354.7865939  327.1859229  2805.200557  907.2551629  2137.068532  
1453.797598  341.3789631  2148.249976  1809.274176  -357.1568867  335.5049045  2853.189664  922.0690067  2125.099612  
1357.234392  310.1654249  2150.879993  1830.36816  -342.3213266  333.6229199  2847.850891  906.4302707  2127.614887  
1402.003623  356.8927174  2172.21268  1814.949253  -330.6319627  351.0591678  2847.985641  906.0262099  2133.133457  
1370.397902  361.9444892  2136.295185  1805.111555  -336.2389757  358.9466835  2881.780373  927.1445539  2151.202898  
1315.482203  385.4461183  2135.752517  1819.788579  -331.5615525  337.5851258  2850.077683  903.1205885  2188.84411  
1326.068514  384.6719853  2159.331931  1811.499261  -326.0614024  325.6995185  2868.167435  902.1375035  2181.347352  
1393.323546  362.3058645  2155.202307  1809.177304  -363.7309712  334.8534886  2866.603737  900.0644644  2148.619967  
1434.157712  365.3873377  2163.816986  1819.807014  -333.0799949  333.1639281  2846.515034  906.878868  2142.180061  
1458.492525  360.451004  2185.416351  1826.549424  -311.5418218  353.215752  2830.395563  922.5914943  2139.937653  
1436.46486  352.9142702  2174.178407  1827.361762  -327.8975807  365.6909582  2823.793549  920.0171318  2124.198786  
