1082.939364  93.40037747  939.2314896  1419.05761  -414.9257784  1274.844823  2136.274355  1177.303256  1898.241796  
1099.916142  137.9410936  865.7934798  1404.102474  -382.9479269  1235.008969  2143.072099  1121.627188  1867.033013  
1047.435849  96.13188105  837.2309477  1419.263902  -468.3934707  1206.751621  2140.437391  1113.48631  1852.805193  
1094.503095  119.0411693  840.4202913  1451.018292  -536.1448228  1223.510512  2145.351609  1125.077879  1837.655912  
1098.759767  78.69364055  854.8186334  1468.556789  -576.2753438  1249.398458  2128.098391  1143.940143  1844.098985  
1088.903403  90.26228765  844.7575186  1440.998763  -568.8541207  1228.864035  2129.776383  1132.340147  1848.427078  
1076.917852  105.1111461  843.8711312  1419.618263  -543.4181369  1218.898202  2138.974171  1126.480778  1846.697298  
1030.356518  76.91593767  803.5414391  1433.370776  -552.1170835  1217.623738  2122.656565  1126.289066  1843.424526  
1061.209435  107.0948159  796.744182  1444.104211  -555.4827612  1207.583647  2145.122669  1125.636514  1832.263179  
1058.15782  109.7453856  793.8191184  1430.605391  -568.8666403  1190.272299  2149.893875  1130.644609  1825.245764  
1030.794841  86.54519881  786.0277099  1443.688629  -561.0228021  1204.756438  2136.43709  1131.936873  1822.321898  
1068.924568  100.7637909  792.9315818  1477.115341  -586.4235224  1232.842562  2155.708009  1139.839374  1819.214732  
1077.497815  113.815303  799.0470158  1496.559421  -563.8074452  1237.820177  2142.681146  1143.993944  1842.084847  
1077.731905  94.40606821  821.8250875  1503.401204  -531.052913  1264.924967  2153.798774  1136.915183  1873.766713  
1055.23477  71.80939261  918.5378341  1508.970502  -462.7356707  1303.988777  2120.534626  1175.820955  1903.567569  
1085.252869  71.42527359  1040.412317  1492.370475  -426.3033606  1391.902303  2070.334632  1210.874068  1932.51545  
1035.184462  33.91084167  1079.507375  1464.699702  -363.9265011  1392.982194  2007.419556  1200.248942  1936.670691  
1089.829922  76.2398649  994.7210443  1419.965184  -327.3354295  1329.70121  2061.306202  1176.056489  1911.886163  
1093.525951  88.76023766  900.3220735  1378.974919  -324.3649223  1260.940184  2130.840306  1124.887742  1881.959083  
1053.794484  92.50633377  825.6216545  1377.472638  -359.76482  1209.548102  2150.222427  1095.618715  1863.740217  
1072.822745  124.9595706  796.11875  1394.997459  -423.4264748  1196.85633  2165.871134  1094.188571  1834.40322  
1088.635833  127.6569704  787.0716232  1433.110911  -499.9505923  1206.904767  2188.338739  1104.810981  1827.282732  
1158.013295  155.3561502  764.6563335  1461.679077  -535.5633729  1215.995972  2224.621532  1130.715779  1821.354874  
1138.88743  118.6203126  773.1555694  1480.965018  -523.9983374  1225.402783  2205.834563  1139.987072  1831.995048  
1117.176377  101.8278506  763.5611006  1480.022767  -497.8453328  1224.178487  2187.648558  1128.552076  1845.977483  
1108.134031  93.41229689  776.6004061  1482.695732  -544.2269243  1231.710881  2193.288868  1140.884263  1839.766625  
1093.796923  91.03998845  782.4799545  1461.187427  -554.4617931  1207.315968  2189.08429  1138.340181  1831.825611  
1120.39635  108.04347  794.624054  1463.165074  -546.1125587  1215.306172  2167.546507  1143.844636  1843.470111  
1120.244132  121.6036512  770.9587325  1468.732078  -529.223137  1219.129494  2180.968397  1142.052419  1855.826528  
1101.794979  111.4205451  769.6795741  1475.501343  -527.2939033  1244.439743  2169.859638  1136.618767  1852.120537  
1110.971746  97.17016381  792.8790036  1468.65701  -535.607537  1249.116748  2153.744084  1144.333945  1835.872026  
1101.276444  90.83598399  824.5082597  1434.815447  -552.9066562  1237.631506  2153.790553  1147.290062  1834.893466  
1100.500698  103.8288721  839.7420311  1447.746714  -540.7079981  1236.036157  2138.341233  1143.518973  1844.656781  
1095.458147  96.56870755  839.0940682  1463.606203  -524.1377046  1242.715856  2139.606847  1155.895418  1842.371744  
1075.666085  92.60946098  848.932491  1435.452868  -486.8364633  1251.325012  2147.386205  1145.810983  1861.159772  
1068.473046  74.02815329  852.5667288  1439.022746  -523.7949957  1241.960189  2131.685898  1137.979722  1856.809667  
1069.570624  77.90890437  896.7093766  1427.959558  -526.110149  1249.864744  2139.258681  1144.227764  1865.189228  
1064.944342  102.3615579  920.0349625  1416.320434  -532.6670824  1252.970866  2132.155254  1140.113633  1851.35148  
1063.044894  104.7435125  884.8781717  1426.55328  -531.4228732  1241.386902  2142.915485  1146.979501  1844.563786  
1068.263671  90.88809678  887.4360641  1442.830493  -507.0697159  1252.717338  2132.141944  1139.78437  1847.06298  
1060.268816  92.52281557  880.4951368  1450.754038  -513.057196  1269.943802  2139.414719  1137.401969  1856.155962  
1069.024091  91.53132973  876.5251431  1461.842608  -519.0459816  1261.125632  2151.639886  1144.691245  1861.868847  
1035.967304  59.42119899  905.8134654  1433.96509  -502.2619836  1265.641692  2102.685714  1142.340517  1873.890218  
1049.441786  91.04768011  906.0494537  1416.710977  -511.6755437  1251.434877  2120.145247  1131.965487  1876.687159  
1048.215599  92.6675339  882.496071  1427.089997  -534.7958026  1247.87919  2136.472436  1128.86962  1869.013553  
1057.142061  99.20758278  904.5135546  1427.419659  -512.2860677  1259.313725  2117.096792  1132.910133  1863.293006  
1026.293073  91.95982313  852.0546921  1458.139768  -487.1184959  1239.143487  2105.594936  1121.260087  1880.104077  
1053.210662  83.39171246  805.6908239  1462.653355  -495.229773  1242.312666  2114.10209  1128.564573  1869.701325  
1103.621058  108.1866659  818.831342  1449.747694  -502.4031248  1261.844235  2131.90383  1140.998378  1870.871688  
1094.383543  107.5296395  857.136048  1451.210187  -517.0716827  1261.58662  2127.949952  1146.395301  1857.042777  
1055.324561  94.50000784  812.0514786  1458.527627  -485.5640852  1236.524152  2127.095833  1142.168444  1843.513817  
1121.368123  128.9426274  803.0155244  1457.61904  -507.0812086  1230.986002  2142.249119  1144.318246  1832.614303  
1103.512968  125.6321187  830.4364119  1445.833626  -509.2335197  1234.648756  2124.604394  1145.514243  1839.773312  
1069.210352  120.5044954  820.1515711  1448.794912  -514.4043709  1228.466426  2128.72407  1142.845128  1841.455445  
1081.763569  106.6968589  820.2989401  1474.09796  -507.3455025  1234.684566  2121.265719  1143.309361  1836.377939  
1085.450834  109.0421258  818.3000745  1475.518126  -523.4238793  1239.646021  2134.641059  1150.268412  1834.947984  
1053.499207  78.13852175  818.8725295  1459.43434  -531.8130626  1236.649351  2105.268279  1146.626535  1850.386452  
1097.465158  98.43229959  863.0885165  1444.48055  -506.5993796  1237.456285  2127.211738  1153.638822  1853.296379  
1093.580405  98.27528729  858.9586549  1417.277961  -478.2291684  1211.680995  2130.295739  1139.112928  1854.833491  
1054.345603  88.216426  827.1064215  1442.005276  -478.5453839  1209.473011  2117.794748  1126.976955  1853.898413  
1064.907092  106.0794134  823.429045  1461.94786  -492.9095693  1215.174254  2147.619875  1138.481184  1837.791234  
1048.439878  76.42886193  865.1596751  1441.83029  -523.7126765  1226.474285  2163.415535  1148.684331  1850.036885  
1061.735522  101.5051966  869.8332285  1437.843658  -496.989146  1223.892183  2148.077483  1133.708917  1853.305517  
1077.102062  116.6922687  841.2501213  1467.097846  -486.8875663  1233.153419  2157.305176  1132.600868  1881.924095  
1052.662977  100.7747454  832.9319695  1464.746094  -481.9126487  1261.862799  2156.530482  1134.71471  1883.151217  
1041.478602  84.29717224  787.7135529  1471.228732  -446.6011603  1242.251236  2137.462508  1125.729924  1867.72614  
1092.241208  106.3171366  803.0142199  1470.238611  -517.0582581  1239.098468  2152.750995  1149.51872  1854.327875  
1129.785383  121.1505516  837.7402674  1478.356913  -555.133069  1248.815477  2138.968399  1156.816043  1851.493381  
1083.377858  106.8171181  853.2240689  1465.181403  -547.0373566  1248.941685  2138.273659  1142.62247  1844.720701  
1088.867249  113.3292732  886.320167  1459.293492  -509.9829915  1266.512329  2121.590922  1143.000661  1858.14329  
1069.318013  96.26870436  874.0730157  1436.856491  -503.7221883  1253.379053  2116.575562  1142.758241  1855.145834  
1041.628365  87.74730706  841.2024348  1443.802508  -474.4198412  1232.012438  2113.075341  1145.11684  1843.737512  
1101.498033  116.1005323  842.3721928  1461.971118  -488.871708  1243.891771  2131.726372  1151.101019  1847.552596  
1088.232068  92.26252624  854.2760655  1461.231809  -453.0714737  1266.077152  2152.861657  1152.067144  1859.336383  
1092.351149  99.50882251  847.846041  1460.544712  -441.1987074  1232.264937  2172.049325  1147.982472  1859.140769  
1108.960166  131.3806573  864.945683  1429.454667  -478.7382861  1257.067764  2186.934776  1143.461567  1840.741984  
1094.392816  96.21377876  887.1887768  1404.315919  -494.3114627  1262.605824  2149.260095  1131.45941  1844.666339  
1067.819545  99.51902652  853.097857  1427.126994  -514.1007198  1246.713009  2161.017078  1126.715089  1835.526302  
1099.982499  116.7998929  836.5077185  1445.627874  -511.847392  1239.020474  2152.508322  1140.961724  1832.423783  
1078.356297  81.65323139  854.9823334  1457.458927  -532.8926749  1250.191729  2116.724119  1137.168862  1855.39765  
1095.843224  99.03669976  855.1166926  1439.156174  -515.0157463  1250.652157  2123.665363  1137.839418  1854.10925  
1056.180537  74.60282684  870.9193833  1404.769349  -517.3755774  1210.476333  2111.702536  1131.375711  1857.912988  
1088.219654  107.3599697  847.4761114  1419.380445  -512.5613359  1222.084591  2125.568955  1135.347148  1860.717986  
1080.642281  104.8574346  823.9426312  1435.516504  -494.0434099  1222.713263  2111.122963  1132.908825  1862.986576  
1084.198138  119.7807075  819.8705671  1434.17137  -479.320949  1219.8766  2114.883423  1125.357496  1860.231652  
1069.566266  114.0831714  817.7431818  1441.902334  -486.4315967  1224.776535  2150.869246  1126.765874  1845.607582  
1067.533938  86.19278377  856.5790242  1436.938869  -506.3408179  1236.672338  2151.956042  1127.275708  1851.513905  
1064.691371  91.60912014  839.5216326  1434.820118  -509.9609851  1256.572073  2160.512288  1128.051051  1863.594668  
1056.412304  95.37584962  852.148114  1424.205692  -482.3154989  1252.815681  2146.610572  1127.913568  1869.603839  
1086.27354  112.4429827  825.652837  1419.933987  -460.4333163  1216.446846  2159.380579  1120.83132  1874.420229  
1076.320037  104.0279887  839.3981846  1426.641649  -492.9097401  1230.138525  2169.284086  1122.008503  1857.634747  
1062.759709  70.81917029  879.2587634  1414.127735  -521.9973245  1229.181306  2155.319593  1126.266634  1865.698994  
1068.079617  75.63603942  862.8703261  1431.91977  -524.6569321  1242.50284  2145.00383  1126.110301  1849.317478  
1082.283062  99.96580278  830.5098488  1431.487993  -488.4206607  1224.380089  2148.842317  1128.459678  1841.812861  
1082.942438  91.16553394  853.071372  1441.730989  -519.4045044  1233.46071  2146.35925  1134.686702  1840.083023  
1079.992758  71.74904106  868.5549675  1464.090101  -512.9821648  1253.454875  2122.370361  1144.213497  1857.896595  
1073.349246  89.21192645  890.7323921  1463.73844  -538.1825972  1260.873463  2104.156115  1152.952939  1857.719654  
1056.850838  77.22673601  895.4216967  1451.149243  -502.4450679  1274.110831  2095.151809  1137.739057  1848.095282  
1059.315166  90.50859816  874.2324562  1472.789035  -516.5015725  1263.241095  2105.546568  1145.366207  1855.494428  
1074.733542  99.12218488  877.4230828  1448.835107  -496.170778  1262.062423  2106.646438  1135.579354  1855.410339  
1077.563836  99.59100433  894.0206664  1448.044557  -482.8971435  1258.847462  2129.17061  1133.930268  1862.197486  
1068.769313  87.43870469  893.7654614  1449.794047  -532.4121925  1251.934106  2156.060913  1147.815216  1869.584489  
1107.425284  120.5859094  873.3963804  1475.635121  -435.4155509  1256.96109  2181.047447  1166.436348  1865.790874  
1073.060804  115.4874866  800.9183117  1442.262155  -408.6146467  1217.809656  2169.808885  1142.278071  1855.86648  
1096.634875  139.8569483  805.9690653  1460.732594  -457.5796911  1242.519154  2174.568055  1140.538718  1852.406028  
1036.67671  59.18717827  821.433503  1464.784025  -499.4039996  1270.58106  2136.273777  1135.087685  1851.015403  
1112.286827  108.0732466  902.3970241  1463.217183  -504.0264121  1312.165666  2110.776613  1156.538004  1849.456434  
1107.285862  119.2601125  893.0455041  1433.233959  -484.8748865  1265.795396  2108.601654  1146.529037  1859.442203  
1042.040545  87.12753502  845.1555846  1432.384632  -481.2709663  1235.689287  2121.837932  1131.147355  1862.032789  
1048.192981  90.60223116  836.8757136  1435.383258  -519.478496  1226.68867  2131.145296  1130.486113  1879.123436  
1092.468703  106.9231294  846.3789045  1449.067547  -527.3531333  1223.052712  2120.666099  1143.405325  1867.941825  
1063.273608  87.13423941  860.3557226  1464.945339  -506.6371066  1245.28381  2096.150553  1138.417651  1863.66731  
1053.484806  97.22214057  856.7489232  1467.328327  -477.8728104  1241.212895  2125.36907  1123.400574  1881.592052  
1042.638716  67.15988073  829.1617081  1460.351982  -466.8027853  1237.689863  2151.276397  1127.777035  1888.240497  
1106.991  114.7535863  831.5674728  1462.623126  -456.5835335  1251.307636  2168.714043  1145.810251  1885.136375  
1081.202269  118.1683311  831.8108674  1472.817624  -466.0831192  1268.399105  2153.138443  1151.388006  1865.717672  
1107.308262  119.8650637  832.3047637  1492.241586  -482.1761941  1254.992708  2142.277719  1141.736695  1851.38062  
1092.805155  109.995199  841.4162481  1477.859332  -505.4556585  1263.878164  2137.597905  1149.960349  1840.698832  
1108.541474  82.77159866  889.8723789  1472.99434  -528.2160701  1270.807708  2107.583662  1166.196959  1867.824181  
1040.162503  63.69411359  835.0428817  1450.280762  -504.8614118  1240.712838  2112.566395  1149.419476  1858.292355  
1116.918941  134.0408563  855.5974155  1422.397692  -398.251609  1226.614827  2113.338791  1154.137615  1861.069923  
1080.384599  114.5912194  825.5418382  1412.332904  -473.4379226  1203.184978  2129.970151  1135.041155  1837.761787  
1052.744343  93.76226014  784.6003168  1431.57945  -521.9800484  1186.967315  2148.21629  1107.908456  1846.274099  
1042.775852  89.42383637  804.2995585  1446.536013  -533.7531277  1221.782493  2142.530184  1115.462321  1839.737668  
1084.001263  94.31769683  821.9461243  1468.341189  -561.554069  1235.785185  2143.938585  1134.423361  1844.275052  
1113.038814  94.51531707  839.8415803  1452.106726  -551.566058  1234.182043  2151.285504  1146.678381  1855.045528  
1085.255111  84.9661962  827.6145264  1438.053163  -523.9985885  1225.024432  2131.195045  1143.294427  1864.310307  
1081.292297  93.64170682  842.7503376  1429.26413  -500.237556  1243.103952  2151.820349  1139.33283  1851.863596  
1069.635295  95.46404149  864.1919192  1415.208548  -507.6410476  1238.36514  2161.993934  1135.164919  1858.058968  
1094.613215  109.5562219  826.2845882  1434.102636  -505.9352141  1233.898616  2178.960599  1135.080077  1856.70386  
1052.026316  61.38950125  832.5350937  1408.961546  -549.0789878  1213.181453  2169.560138  1124.983455  1872.810192  
1092.626616  98.42974103  885.0123153  1406.454895  -536.7687554  1232.003927  2164.789342  1135.760205  1868.634692  
1062.704268  76.27194037  851.8055907  1392.400291  -521.9609162  1201.244108  2155.239318  1132.509369  1863.15777  
1070.894121  65.43433767  850.9949825  1425.046053  -502.9918484  1221.946755  2147.933739  1129.385369  1864.73102  
1103.99504  108.0972516  861.6629123  1420.343675  -522.4183708  1220.888957  2173.807093  1149.612199  1851.325539  
1085.545039  85.19746563  858.3051607  1431.219255  -537.4818086  1224.083819  2141.995479  1153.093191  1851.151019  
1076.366134  106.2263406  842.0771351  1447.098793  -526.1625782  1238.06519  2143.541592  1161.039979  1841.190239  
1064.819135  96.45036915  865.4562494  1458.01382  -507.4914822  1255.177629  2097.27614  1153.985881  1857.026224  
1059.032773  86.318763  864.0465251  1457.940641  -493.2212259  1269.14635  2088.619328  1138.523987  1862.371896  
1078.145216  107.0527292  869.0786207  1472.053833  -507.2231873  1267.036369  2097.562818  1148.659641  1862.098984  
1066.832821  106.2302885  890.0992504  1449.361965  -496.3309007  1281.810253  2098.846377  1146.176342  1859.246421  
1054.856683  101.0819073  886.5946992  1450.297099  -494.6362756  1271.02695  2108.562087  1133.363064  1859.964644  
1021.290759  95.23348492  870.5099846  1435.563025  -494.0628544  1247.570357  2109.906006  1138.310349  1852.586953  
1072.148719  119.7111073  880.1129251  1435.759105  -520.7283573  1257.373685  2157.847497  1148.374059  1849.294959  
1063.3984  107.5343409  896.4108929  1429.134166  -500.0881243  1262.14012  2148.514852  1132.531418  1858.172415  
1066.270049  109.3994276  854.2427487  1427.544916  -476.9322453  1250.234393  2127.382609  1126.345585  1863.273093  
1061.397869  112.1142388  837.3895278  1427.80397  -506.9413944  1252.710654  2108.994269  1132.934545  1863.139896  
1034.669119  97.40332575  846.4315258  1452.627963  -512.8168814  1256.294164  2098.047612  1142.250482  1857.697115  
1061.326185  126.8436555  814.7877796  1475.904012  -490.2363171  1244.113318  2126.74843  1132.863817  1846.464287  
1088.910436  100.274811  826.5655126  1487.869821  -509.4615495  1239.41497  2138.437042  1137.838302  1833.146357  
1058.901077  64.72159705  863.9641164  1456.736447  -527.176916  1242.614697  2126.988141  1144.930278  1843.685686  
1067.819472  104.3342115  824.7695553  1442.683925  -523.2172478  1239.469963  2138.098446  1136.569181  1864.740323  
1080.680194  99.25890982  841.1573266  1424.197805  -495.4846345  1216.326591  2137.370901  1139.037549  1876.449812  
1082.517729  82.84801367  825.7537089  1435.186478  -517.60324  1237.519834  2161.66134  1135.989008  1878.977358  
1046.123819  87.20025076  829.4389192  1441.297831  -506.0363235  1216.057819  2145.400298  1133.219215  1872.197295  
1061.587634  124.5240194  806.6850356  1440.58579  -473.5582049  1222.713178  2129.131709  1120.722439  1857.958697  
1064.663888  104.7804223  811.2820599  1453.738634  -505.0432163  1242.501374  2133.423968  1126.893391  1845.453021  
1051.296327  97.6628751  800.5540224  1473.358002  -532.7940876  1209.517947  2132.631846  1133.909138  1845.713272  
1077.235265  103.4006748  831.2522947  1456.775415  -512.3895525  1222.372153  2116.573797  1136.413019  1848.536871  
1091.018529  101.3070668  833.3537871  1439.675054  -538.2931046  1226.699243  2148.176378  1129.00728  1850.79266  
1103.423989  95.2078682  861.624169  1419.807715  -523.1179188  1221.8809  2149.084383  1129.377509  1853.233248  
1095.009337  79.23417857  909.4992925  1421.441563  -553.3566077  1242.07817  2148.604397  1145.242684  1849.039632  
1039.480565  77.23715024  906.6406367  1413.473789  -496.6248929  1227.724107  2126.48936  1128.608885  1850.573386  
1061.837154  100.3722029  871.2624387  1428.904842  -475.4655503  1229.294543  2133.834957  1125.631051  1842.992971  
1072.034878  102.565628  864.1755517  1441.585204  -501.057158  1243.20326  2140.936035  1121.599326  1850.092654  
1079.826451  97.18040335  875.86904  1465.306475  -508.7343554  1237.883917  2136.050139  1141.971545  1858.803259  
1027.312428  63.35803946  847.5686923  1450.212979  -490.8775523  1243.582283  2104.987049  1143.68304  1862.609889  
1105.607904  98.19378104  877.1969494  1452.155169  -486.9609131  1265.908278  2123.836829  1141.975487  1853.937016  
1108.049678  95.66257371  891.6410383  1444.071977  -532.671996  1256.845336  2127.144529  1148.765801  1846.611303  
1072.153299  102.8624564  848.1888684  1434.100696  -513.9333353  1239.245658  2128.026819  1138.104991  1851.563212  
1071.406003  73.31278577  916.688357  1427.36448  -496.7999969  1247.206031  2122.974552  1139.706596  1853.717583  
1085.454492  114.6776705  915.5250889  1420.559692  -519.1780044  1228.312074  2127.643959  1143.810533  1853.363377  
1071.526078  108.35744  813.2139322  1458.74581  -504.9585523  1230.746041  2124.55484  1142.139963  1847.24325  
1095.271327  113.7660397  787.8288473  1488.592301  -474.46606  1258.427907  2123.387859  1143.845279  1855.150531  
1086.278948  98.69805146  816.7013919  1463.47248  -498.5952893  1285.369702  2138.527541  1164.55249  1865.534528  
1084.369946  84.57327967  834.4309985  1442.652671  -413.9870126  1263.766743  2150.013269  1166.609103  1874.17034  
1116.701923  129.9581124  842.1073978  1438.461613  -423.8831293  1255.46346  2175.181077  1153.245544  1859.086018  
1080.047245  102.4348048  842.1979508  1443.143869  -498.7561202  1222.522388  2174.179552  1133.026795  1845.033443  
1053.303399  91.42973328  815.4333087  1454.185318  -497.1528411  1223.40106  2162.482722  1128.186131  1859.374341  
1072.062409  88.04847382  819.3014046  1470.989919  -509.0138544  1253.160404  2184.465935  1129.339739  1875.195657  
1082.908125  100.785776  856.1304433  1480.742467  -505.3467807  1277.669218  2195.451514  1131.72763  1874.671828  
1020.887587  77.98213555  857.6122189  1471.077413  -507.001092  1254.717043  2169.486957  1136.786972  1866.853728  
1092.724273  122.3465169  801.456704  1491.700181  -484.6128585  1255.332802  2169.760987  1150.818676  1846.21946  
1084.650897  83.39916235  811.6214108  1454.599554  -488.7711013  1242.87721  2153.291784  1146.113885  1854.441694  
1120.068674  123.1658248  800.6901808  1444.063089  -460.8813781  1229.286555  2161.091977  1149.453808  1869.004018  
1125.007077  129.9317639  753.6852431  1442.774249  -455.0567386  1224.658301  2174.646012  1145.432495  1865.002743  
1105.437903  102.8503165  788.533567  1439.748792  -499.8362515  1240.845379  2167.953307  1157.082496  1859.528729  
1110.694364  81.3476079  867.0737173  1428.807177  -503.1590083  1280.769809  2137.497031  1154.718428  1860.037916  
1108.593445  96.15530405  871.4091082  1429.701568  -496.1247901  1241.637033  2139.174017  1135.370778  1846.836088  
1055.961975  89.88616459  822.1239561  1435.480634  -510.8996556  1223.319926  2141.160805  1131.938925  1860.912754  
1073.719141  85.7691044  846.9361054  1435.055497  -518.2990195  1217.903966  2162.447484  1159.438742  1862.212001  
1096.143339  103.1574698  812.9277597  1449.727376  -471.6052679  1189.361684  2149.866762  1155.286416  1878.448928  
1109.263591  89.50718844  843.2855243  1453.81286  -455.6878849  1234.990759  2151.177048  1155.990181  1881.400204  
1088.717286  66.82530309  900.808579  1440.948569  -520.0027887  1281.823821  2135.148639  1169.674263  1872.109121  
1081.06424  91.56875253  962.410043  1439.95074  -504.9190306  1304.014471  2111.88345  1141.798983  1857.554134  
1007.194742  104.2600798  922.5128765  1421.900162  -482.6226106  1259.462476  2104.54393  1100.525034  1849.57007  
1003.85607  70.44876487  891.3681778  1436.301162  -495.4453487  1255.395711  2081.570675  1109.717471  1853.185467  
1084.881033  117.6389279  876.4196346  1438.00504  -519.6237961  1227.00101  2102.461076  1132.586611  1840.471896  
1046.28162  113.2008029  812.9354332  1444.884184  -542.9668969  1202.625695  2111.821185  1117.11355  1835.688472  
1080.490811  115.4474194  810.16319  1456.52183  -538.9617009  1217.495807  2123.656511  1123.289235  1820.734954  
