830.5115344  217.30608  846.9675564  1046.473989  -1202.04389  397.2256206  1950.351057  553.4327891  1314.531448  
773.6274616  204.096092  813.819039  1049.88106  -1147.89725  425.8554259  1936.369356  554.9554551  1307.041327  
769.8991269  200.9201462  781.3665101  1072.108678  -1156.582462  409.1082796  1953.798513  546.9124308  1320.183493  
847.0380274  229.1020269  773.7126496  1077.088064  -1094.41549  399.1604454  1934.156093  551.100792  1278.382389  
828.2273486  211.7016067  765.5936554  1011.038432  -1203.19756  391.4061781  1935.948773  531.9071641  1270.251936  
814.4959126  190.0856886  760.2447792  1036.194038  -1301.076542  391.477497  1948.031754  536.3416576  1300.629748  
789.7874373  203.4724332  792.7328376  1027.668752  -1260.477188  373.2502986  1946.789614  544.2718077  1300.006488  
745.68018  182.102498  766.345529  1021.317719  -1245.405715  394.2240562  1912.548295  537.6300865  1295.824436  
767.9683573  188.7107622  786.1621151  1033.658547  -1217.649373  404.3066377  1941.250653  548.2288685  1289.70548  
795.4348912  196.9001336  809.9219859  1033.960104  -1230.040599  397.0073621  1960.296684  548.8298309  1300.622198  
767.8458406  180.5060604  808.9385483  1051.973524  -1208.060099  396.1982189  1953.26796  542.1948457  1301.495011  
804.7066644  214.6557067  833.5130837  1040.178309  -1230.311585  395.3341717  1960.571193  558.877044  1310.807402  
809.8467988  212.7548441  847.1752839  1033.815172  -1168.802948  411.4589978  1996.302536  558.2200829  1297.028859  
785.3485074  236.6995497  820.0450405  1035.848015  -1163.268969  418.4381922  1955.680503  539.9378018  1287.800897  
829.0589045  221.7393418  824.2087026  1027.764556  -1161.713704  407.1372066  1988.38055  549.2226329  1297.272539  
809.436849  250.1884292  820.4191276  1049.459629  -1129.835004  434.9328384  1942.499581  541.0811135  1280.172968  
782.7639934  254.3761756  809.176904  1064.269779  -1099.364637  442.6825957  1927.876821  540.0089647  1298.393531  
756.5272669  237.8833121  855.4927828  1079.185193  -1086.024978  407.4708125  1932.72123  563.391894  1311.526948  
734.2376269  233.7722567  829.6417703  1041.843052  -1074.618162  401.9300372  1894.190171  561.5702488  1287.88465  
754.089836  232.0881873  816.9800788  1008.471858  -1155.940191  393.8681946  1898.708395  549.5420203  1269.529731  
821.785931  219.1457566  787.3796706  1024.023235  -1239.606491  395.7911807  1965.476432  548.6063342  1291.982116  
809.5313861  217.8568235  790.4025746  1028.284816  -1201.520604  398.998234  1983.470439  543.9876377  1292.317947  
818.913964  211.2487871  808.8051382  1034.475377  -1201.365536  408.1008101  1979.054984  551.2530657  1296.607517  
831.2258326  220.9546982  829.2398117  1038.436499  -1201.191985  406.5483581  1974.021783  559.9473944  1305.518486  
806.9971675  212.7841693  819.5732025  1025.741777  -1190.944096  406.0238518  1957.946159  552.4538799  1297.829261  
818.6868106  230.5437446  842.8173584  1036.744823  -1174.555998  413.7546237  1953.947013  554.4917924  1290.009749  
807.5019667  222.1592919  845.3550276  1050.631778  -1112.10051  417.3164657  1985.321979  568.8352761  1309.515264  
787.6081329  221.5549824  827.2584984  1034.296875  -1104.386957  411.5725287  1955.057615  556.9854385  1301.144046  
785.3513073  192.8423461  811.7807169  1014.84488  -1132.164933  415.624455  1945.704523  571.0932926  1284.106632  
788.2360322  208.8310496  802.3852193  1016.732632  -1220.653059  395.1535852  1930.512039  561.3888969  1289.571192  
800.0294186  220.4471439  794.3768432  1011.026346  -1244.917343  403.3812671  1903.438032  557.6339759  1295.563529  
837.5931601  223.971861  791.4917497  1020.598409  -1227.43902  401.170272  1912.644036  555.6364312  1291.714742  
825.2490155  224.1996096  800.6004673  1038.257991  -1151.93871  413.9801201  1958.766825  549.2424912  1290.340588  
846.6526125  218.8824897  826.0635384  1055.61067  -1169.971337  403.959676  2027.774131  548.1530949  1290.589703  
855.8830088  228.5890185  799.8206044  1048.036264  -1145.09496  405.6107609  2025.080968  545.5223083  1279.806184  
789.966009  210.3141816  815.8802774  1039.593021  -1178.10354  403.3247708  1996.769367  542.5638198  1278.305428  
764.608085  195.2381341  808.5545849  1038.476181  -1129.312446  417.8932922  1962.502661  544.8503366  1283.344147  
781.598836  222.0386893  787.8659441  1031.637304  -1156.677348  405.0907708  1932.988234  562.2555933  1303.864377  
859.7274109  210.9977834  775.1841828  1027.530743  -1187.627096  392.5977289  1977.72263  573.3272161  1328.382741  
826.4673893  207.9771005  801.9017596  1034.680791  -1135.241927  387.0888446  1978.722594  575.000947  1334.126961  
811.1467714  208.8173543  823.1702331  1057.985192  -1087.736885  414.0098742  1985.864917  555.0115316  1321.017054  
770.6700814  202.5972679  785.9767299  1064.865971  -1085.920855  428.115905  1963.565201  531.7226986  1290.258433  
847.2467124  219.0674337  776.1641268  1103.083542  -1119.2323  407.4393186  1992.969559  560.3534063  1298.704156  
831.7382355  213.1476556  784.1849744  1075.67287  -1064.367488  409.568772  1960.002838  570.077786  1288.911164  
763.1673279  203.5857714  805.0047975  1024.336071  -1175.314818  396.251736  1938.562598  542.3493476  1287.691691  
742.2326401  219.9458942  795.2956762  1028.978191  -1198.153826  410.3060381  1926.602056  527.6360124  1291.364546  
764.297371  217.1119162  810.3986591  1028.19651  -1175.383166  402.0415976  1969.66878  530.0852731  1302.905319  
829.0842437  207.8211381  810.9966175  1030.37181  -1156.349155  422.6670014  2032.290733  532.8452771  1304.674234  
820.8637218  214.6661755  820.9622433  1044.708569  -1191.272369  417.1202445  1960.085634  530.4953275  1291.422209  
767.5302915  193.106802  818.0185532  1039.274952  -1221.833062  408.9222356  1937.574563  536.7364336  1292.797455  
735.9156256  212.4466544  830.0627377  1041.303106  -1232.547507  418.8343501  1935.440741  544.2849132  1301.296671  
770.0047484  239.1436432  813.427731  1028.96378  -1165.742594  406.8809817  1921.066116  556.2361243  1281.333923  
771.7481871  237.1720731  806.7813115  1014.206013  -1205.569719  397.4005046  1890.335856  550.3917896  1277.936277  
794.2599597  215.6172157  784.0014387  1025.381304  -1244.856082  393.7341188  1885.022457  553.9959214  1284.871063  
782.1655441  224.3709364  803.062778  1041.473153  -1209.800079  385.2115699  1914.539999  556.9902905  1292.929205  
817.790234  219.5088295  776.0746779  1062.408817  -1198.422393  386.9099745  1920.165789  547.2473423  1314.893814  
790.0039459  217.734628  801.7201504  1044.3816  -1138.571459  391.6176557  1965.206276  542.3613932  1310.302552  
762.6295219  220.3913849  815.2676557  1019.566399  -1159.976072  386.519676  1935.292741  547.0736452  1292.889961  
763.3856414  198.4814243  782.8181056  1022.044529  -1181.570969  394.1845438  1901.118369  530.5068996  1271.445807  
804.2887974  217.5451369  779.6419969  1029.233014  -1230.374841  393.9084262  1895.557857  542.873903  1281.936463  
770.314867  187.0882244  795.9509691  1043.157025  -1228.187702  395.0822791  1882.729801  547.6925154  1277.214954  
760.4324965  206.6407465  777.5573073  1030.891065  -1244.221016  392.8026371  1871.683945  547.0194004  1295.916951  
779.3662324  206.1410496  784.4395698  1036.883908  -1242.860373  407.3771607  1874.409058  543.6838971  1289.237619  
777.5753854  216.0739464  796.7332013  1036.915801  -1243.044926  396.5487109  1899.170393  556.2910048  1302.568014  
754.5847477  207.5246717  812.7129573  1035.797859  -1217.669829  400.1237938  1895.880423  560.9813013  1306.857657  
768.591525  230.7757282  836.5532786  1039.964104  -1172.232783  398.3916582  1916.747404  549.5029273  1301.09227  
736.4904601  218.4394134  816.2033067  1030.075928  -1169.718588  396.9985795  1925.70231  534.6357096  1278.942609  
785.3300166  231.6975036  799.1914669  1040.79591  -1199.103427  407.2273582  1951.083199  538.0382715  1286.848093  
807.9520185  230.018466  826.6501861  1054.666629  -1146.74711  421.692092  2006.18141  552.2495303  1292.691413  
865.25062  211.3917242  820.0415475  1044.197329  -1194.044535  417.0634014  2020.727552  554.3571225  1297.045083  
859.3065315  218.0817838  817.8425062  1042.518194  -1202.224081  398.2528826  1996.828438  547.4124813  1300.590866  
844.0330465  204.9610845  816.4337525  1064.798015  -1247.57684  393.4420094  1954.23988  549.1283192  1320.147913  
834.4994572  213.5246127  814.4610956  1083.816987  -1157.223958  399.0109812  1964.58082  556.7610332  1320.659239  
838.6031834  208.9273491  806.6567732  1065.069633  -1159.973129  393.9923572  1960.00121  560.7450373  1328.822015  
801.7782393  211.6585344  810.4069994  1045.868564  -1192.624642  383.4165569  1937.950861  549.7039642  1312.85122  
774.1795368  192.5594378  813.3813326  1036.621148  -1197.003569  378.6474675  1944.923033  553.7608856  1306.231316  
767.3787175  203.3446269  796.5868226  1033.113728  -1246.267197  387.4889999  1919.752002  535.7611187  1288.387475  
759.9807132  220.5046054  812.2665042  1059.659328  -1226.069835  390.5572813  1876.439072  555.7445563  1301.3111  
856.5913784  231.1660123  799.7024934  1093.702876  -1174.616288  407.3246827  1955.3115  571.1204565  1315.47945  
770.1163322  215.7868448  816.2011967  1049.283344  -1112.306786  406.5652107  1963.315828  552.1508012  1314.084582  
790.2467279  216.2132443  811.5844161  1017.92033  -1175.292945  409.8337794  1957.232577  540.0843516  1293.459099  
782.1805886  191.1001511  806.7990947  1031.705365  -1183.093982  410.8020816  1997.603658  541.160079  1276.36216  
800.6486276  205.1901533  809.0365513  1031.476901  -1199.376225  417.6814344  2035.271806  546.2364523  1281.761167  
799.1405781  201.3280836  803.5001793  1046.070182  -1189.49657  408.5318764  2023.21123  541.4953545  1295.129347  
822.1150096  203.2482504  804.7710743  1026.708298  -1196.856927  396.8113495  2010.527995  544.2662556  1304.471222  
825.5760843  202.1684644  790.0560101  1034.893794  -1172.778225  412.4679389  2015.679845  550.6502149  1289.273344  
831.8806984  206.9382714  775.068809  1022.361966  -1218.486701  408.9147513  1968.682335  544.2850168  1292.166096  
821.9426971  191.7466325  768.1244089  1047.352927  -1170.153113  415.1147589  1974.929395  544.5142251  1273.401497  
800.686839  184.290118  789.7656561  1041.07884  -1189.652541  397.7309678  1982.72605  541.4551007  1282.985441  
812.8879444  188.5283006  796.7061625  1049.063711  -1189.958931  405.4529482  1994.256616  543.2427433  1283.158613  
805.9987017  215.8697044  813.8190972  1035.762891  -1207.840692  405.7812804  1978.743918  541.7606378  1314.075442  
794.8160715  189.2127874  831.1604885  1042.069138  -1191.112639  407.5013938  2010.517717  548.7716479  1323.145819  
800.5885449  200.8937291  832.6893927  1034.652104  -1169.05054  412.4151753  2008.080865  550.4988889  1310.932835  
803.6805786  200.5510991  812.061575  1048.851361  -1145.587469  427.8942246  2007.231499  548.5276339  1276.859711  
857.6014707  217.7513369  817.6585026  1051.486217  -1154.093925  415.2167555  1975.32526  550.9439405  1286.504617  
813.7597111  221.7987357  810.1436487  1037.233255  -1147.74168  430.5611397  1956.26254  550.0115525  1302.364027  
788.5682283  214.9991643  838.2787403  1029.477065  -1177.644906  409.2664488  1982.190457  554.9328898  1313.37422  
787.0007095  214.2882753  815.2544673  1032.326519  -1172.886673  407.3794883  1965.812167  550.174889  1295.188806  
805.8921579  242.4170688  844.4333018  1044.848309  -1166.813419  389.8857173  1933.505845  558.9507175  1301.005158  
751.8041696  205.0668602  789.28372  1043.226525  -1181.834431  412.0954679  1874.4777  534.0983789  1290.862656  
807.6471269  250.0880225  812.2907885  1029.20029  -1171.800229  420.0192999  1929.607311  539.50917  1290.898055  
775.0302264  219.3724798  784.9519096  1026.550505  -1220.554827  394.9565345  1909.086274  538.9317423  1292.69197  
766.8977951  219.8252052  800.0512309  1028.740759  -1182.359838  414.1764467  1901.466973  544.2501878  1284.096226  
804.8750496  236.0876174  818.3671322  1035.77763  -1186.0488  410.942563  1909.039167  547.4136568  1287.839195  
817.6523703  217.551934  804.5819217  1047.394792  -1185.205925  409.6044525  1914.602433  541.0323927  1284.05561  
834.484081  225.5521986  789.7166919  1047.697658  -1194.548111  404.0970428  1936.372024  544.0414564  1281.956176  
772.4834098  212.3278498  763.8314958  1042.040893  -1212.214288  408.1574105  1846.90414  534.0784051  1287.457905  
723.3205182  191.6226025  786.0986347  1041.127261  -1182.219439  392.0303082  1846.311288  538.4493451  1288.974281  
740.7715447  204.5786441  781.8082699  1036.384174  -1179.07334  409.6230853  1946.152988  547.302178  1308.561954  
787.8481021  194.8498177  804.7080394  1078.515832  -1106.324061  395.8237491  1963.748011  555.9690787  1311.838059  
850.2934121  209.5066772  816.0711409  1057.145798  -1156.16142  397.9147917  1996.720842  556.7514008  1310.430505  
806.2463877  206.3408284  816.9567952  1057.481088  -1209.568758  393.8334085  1940.99768  539.25478  1303.108572  
771.3266644  217.6759283  801.0819601  1039.422956  -1230.619516  399.7857549  1915.461861  544.2085526  1288.311991  
738.5972876  192.5061461  779.5311196  1033.813267  -1250.097937  395.4220741  1917.392187  543.0591149  1299.610637  
794.9015842  220.9117779  809.1261351  1034.868743  -1250.226695  386.8140486  1954.025076  558.4819412  1302.908182  
819.8664732  218.6466442  794.8362443  1033.382528  -1223.984536  392.1473118  1950.666484  552.444601  1299.719525  
825.2290883  223.7600585  817.0361318  1041.051928  -1210.231775  377.7866713  1943.400596  550.6746098  1302.050178  
780.2039128  186.4110336  793.5787278  1047.381139  -1182.090118  397.1620609  1944.672565  545.8092948  1307.21913  
780.4342493  211.3942331  824.5828615  1046.513711  -1179.324906  399.9341907  1953.509042  544.1269237  1303.972851  
756.1746389  179.5060762  800.3177377  1019.569919  -1203.514236  393.3166324  1920.858033  546.9381784  1303.446496  
773.7595161  193.7128392  826.1472607  1014.829449  -1224.416967  391.0156902  1902.731021  553.1042163  1308.12912  
797.9583614  223.4062317  836.2196931  1032.382633  -1194.616828  408.7286082  1933.019233  552.5762405  1312.989871  
803.333351  211.8589128  816.5937925  1047.246735  -1157.788299  411.7167103  1981.055029  548.1661926  1298.230768  
846.2385698  221.2635119  807.7833489  1044.471608  -1173.075739  407.5605566  2008.791496  557.9657736  1296.246225  
798.9437094  206.8746611  820.2534385  1045.202365  -1160.572271  399.2344469  1994.182831  556.6716857  1306.016033  
775.5506043  208.0890725  820.5235796  1032.209983  -1156.002944  397.4661857  1922.631578  553.1781957  1306.360858  
729.6796281  201.7411581  797.2800676  1043.77806  -1191.031186  409.2558373  1888.521891  545.1673598  1298.427345  
781.1961747  211.4533626  811.443424  1043.074137  -1179.542163  416.2173624  1933.555643  551.0692204  1299.532163  
848.2435039  236.7187648  818.3695343  1049.373491  -1166.522112  412.7218602  2019.867362  546.2524895  1299.731036  
885.8195571  243.3978526  811.4956864  1052.311993  -1186.219098  408.1070121  2018.133445  546.6790703  1289.788959  
810.556654  220.3884845  788.6625616  1045.593787  -1201.260989  404.5131289  1993.897232  544.0384287  1287.553677  
805.2668806  222.7284372  795.6451153  1058.525666  -1222.99015  393.2606905  1963.861911  544.5522009  1280.667101  
767.708802  184.3135627  809.3202043  1066.181686  -1219.659224  394.2672456  1961.755921  550.4018571  1313.638927  
811.1366455  231.0611502  830.8800887  1048.485909  -1189.877461  390.0031743  1968.414774  553.7189932  1308.161747  
834.1989644  227.3910164  833.7382188  1049.221715  -1176.372226  397.3494465  1984.856373  550.6356918  1287.927606  
756.2385967  199.9741897  803.7104014  1021.649507  -1203.142546  389.3784668  1915.914099  541.5918016  1301.536524  
784.9175601  202.3768066  806.1073541  1026.537173  -1215.600534  386.8821616  1882.000968  561.7956931  1316.19838  
775.3333198  217.4973695  815.3965077  1025.477082  -1192.239801  377.3536068  1928.87284  573.0983347  1325.792412  
784.8723145  203.9417947  829.0359635  1030.390658  -1128.822953  381.3002945  1957.085129  571.1767169  1325.142169  
807.8603735  194.7998259  736.2147763  1070.754289  -1156.673611  409.4520444  1966.360024  536.014889  1295.758363  
764.8976281  170.0281192  754.6048948  1077.991503  -1088.480958  401.4775565  1938.380986  557.7815151  1299.674888  
832.0379113  216.0559959  772.5627671  1053.451204  -1192.958792  396.6021391  1962.700693  554.0368136  1287.604594  
793.2184034  221.2149371  800.7978521  1040.262675  -1258.057798  396.7326198  1892.579791  540.7013637  1276.525775  
758.2327044  186.2638043  819.6093753  1029.461128  -1261.633356  389.338984  1952.719786  535.9924035  1298.563506  
806.6311206  190.1563147  801.0166535  1034.044013  -1208.185162  393.2869677  1955.888446  533.4967464  1289.075439  
792.3328709  186.1249978  779.1594844  1009.902027  -1164.561516  414.3788799  1927.213281  533.1353193  1279.090698  
781.4958129  203.0272946  763.3531183  1014.245071  -1147.39326  419.4535925  1911.327897  532.2245373  1285.332866  
775.1342944  214.5039164  775.5102724  1030.93041  -1166.330842  431.5068422  1880.958322  542.1914448  1284.104015  
777.2490821  231.7869506  786.2941386  1032.303728  -1184.054749  419.2897933  1910.784166  543.5415627  1279.236581  
783.8452636  211.1136716  790.2415756  1033.882453  -1211.065792  401.1484729  1933.243132  546.418513  1296.48911  
836.4785085  215.2679622  794.8972699  1039.311721  -1231.21658  401.4638225  1970.027291  544.0359206  1297.856481  
820.4741249  215.304399  802.059879  1041.312473  -1226.487725  400.0882014  1969.286811  543.5197696  1288.464676  
836.6871592  231.0990927  826.2503881  1041.884362  -1191.517238  417.1446525  1983.503479  545.9258268  1290.208695  
847.6689734  221.4601335  816.5765743  1040.113751  -1207.657734  404.0942723  2014.041073  547.2380257  1299.552434  
834.3648397  208.3839819  810.3809113  1072.526269  -1158.991625  421.6382541  1992.654818  539.1429165  1285.997929  
788.5691604  200.7278875  826.991981  1049.474375  -1165.7732  434.7746971  1991.719038  548.3222798  1300.519538  
784.9532228  199.3813893  829.026386  1036.115043  -1171.088291  432.8351716  1982.986961  551.0434243  1318.128675  
773.0982854  213.1554157  846.7072841  1038.737294  -1130.788499  438.6250252  1950.328013  557.7901359  1308.783636  
769.085248  211.0270388  837.9467152  1037.715746  -1192.382449  415.0817427  1930.331298  557.1991788  1304.371851  
805.5780893  232.9232455  803.361047  1055.686183  -1232.294277  396.9580682  1903.244313  550.4467813  1312.478637  
748.7511563  219.0900195  819.5747874  1056.47306  -1215.088317  388.9571384  1864.044519  553.0300471  1325.961473  
716.7583574  235.0006557  840.7334911  1025.099144  -1165.605447  386.1799553  1869.940299  549.9422693  1305.804464  
733.0455912  239.9593488  827.2925528  1018.940438  -1170.042441  399.0097361  1864.974012  547.508065  1278.083811  
757.012237  241.8914028  794.2314451  1032.553255  -1225.914396  401.0563763  1862.355751  550.2661822  1276.839561  
788.1448939  213.6005702  789.8178613  1042.920073  -1227.785416  391.9943104  1866.411702  554.3601916  1286.97934  
776.4045508  234.9775467  792.5407125  1035.519838  -1144.117067  398.4124069  1888.117602  547.678653  1282.952053  
799.832185  251.5677172  795.1031201  1023.838041  -1169.022084  404.0628428  1928.880899  538.8156536  1288.100156  
837.923557  226.4554024  777.9086913  1041.44369  -1150.12789  408.6387314  2048.31229  534.3024347  1279.487178  
868.7586117  225.2029548  793.9833441  1040.447065  -1159.384621  403.6547482  2063.726733  535.3438904  1288.347846  
834.344547  241.4834259  812.8167732  1017.53155  -1182.546746  390.3305519  2035.921738  539.4802214  1301.271312  
820.2058029  208.8691049  817.7291659  1020.631673  -1193.377615  406.7741216  2001.635233  543.9636282  1296.230174  
789.3875837  218.3678468  815.7281747  1028.610014  -1224.397473  409.923817  1957.065316  547.6922598  1297.5258  
811.2549111  180.6486306  828.4897981  1053.203714  -1221.42202  396.2505418  1935.35834  556.9807113  1305.07594  
780.4815169  153.3587186  765.4850613  1067.530963  -1232.555174  411.3509876  1906.055028  540.0371494  1303.139185  
855.1791889  239.0547467  794.0304127  1075.586595  -1158.175058  407.5012362  1946.067057  566.1262152  1299.960315  
855.7262022  218.4188683  790.1037114  1036.452046  -1171.791448  394.6828441  1971.780755  563.482216  1303.199876  
807.1326717  182.6908334  770.6935708  1040.931647  -1186.31217  414.4089346  1990.592269  544.1367353  1300.157957  
814.3487737  191.9361192  794.3436262  1040.164397  -1229.459547  405.5558034  1979.580396  548.2883871  1299.438705  
790.5523393  173.2125233  804.9101  1044.886021  -1229.499912  392.7651835  2005.527668  555.6700265  1300.359917  
778.9913222  178.8360798  798.7066927  1037.719544  -1197.418074  397.1173489  1980.760315  550.8736176  1291.872178  
821.3070888  211.7447756  797.1392036  1042.670965  -1187.536257  395.0128124  1986.993474  548.8070757  1296.975933  
797.3716054  189.6227146  811.9307459  1031.903925  -1179.069879  379.3079893  1950.253813  562.4027498  1323.468717  
828.4900397  218.3868655  832.2163717  1053.568581  -1144.276198  396.19371  2014.372038  561.9631591  1298.220785  
845.7332333  206.2024231  824.5280062  1059.074405  -1135.560426  396.7067949  2050.664782  562.9758582  1292.254477  
802.4005162  186.3872653  796.4060084  1049.13923  -1171.463082  397.593927  1996.272128  552.2339522  1318.247112  
804.1912162  190.2406155  804.9990654  1064.740009  -1150.263059  419.9256484  1998.086167  555.8802161  1300.800809  
810.5863791  235.4960157  811.0717893  1075.664954  -1127.468971  414.5542569  1931.375029  543.8972362  1273.202391  
783.6765469  259.755703  808.67353  1043.215508  -1168.990767  408.4604085  1889.872049  535.7995016  1273.164555  
754.9051171  245.0427127  813.9961899  1022.627878  -1197.709724  413.9314694  1862.3755  541.676183  1290.406235  
733.8221333  242.4012439  840.5964541  1028.325622  -1183.618518  404.3908437  1879.79884  545.7615475  1298.66174  
770.0910745  205.7438334  810.6041597  1041.972142  -1186.589122  406.0833897  1849.91699  547.0252666  1302.445341  
781.6702828  215.1022443  815.2696686  1034.919095  -1173.842941  420.948872  1880.719533  547.1833182  1302.855543  
776.2230555  243.8420921  834.9057157  1035.162231  -1181.64016  424.8197812  1883.89537  549.3984487  1308.24824  
820.2158439  238.7152781  812.384778  1043.932645  -1192.754638  422.2752188  1953.345606  543.8454874  1310.276022  
847.0332867  223.2619828  775.098544  1049.443955  -1212.505671  415.9406097  2004.111071  544.8902  1303.270227  
821.6174052  220.5450702  766.9968429  1055.543168  -1198.256263  409.4439028  2000.661517  542.1719832  1287.739405  
795.9303191  215.5871916  783.4066903  1035.924188  -1173.155614  401.3863342  1971.305539  547.9456281  1283.648627  
765.4488031  190.7101881  794.0617832  1023.504736  -1193.06769  384.1108975  1964.106954  543.8597964  1299.908639  
778.8305838  170.8294623  808.7716652  1024.308887  -1226.41503  375.6213316  1953.35149  551.297531  1303.510794  
793.2344452  178.7932699  808.2991014  1034.688639  -1210.610315  382.4911206  1932.112701  547.2290296  1283.252727  
