1449.238637  528.9339061  1759.02145  1543.144846  -369.1306989  204.8242647  2835.71702  825.2085373  2175.890431  
1417.167074  447.0822898  1715.631958  1548.71333  -416.0322655  207.2314217  2802.450552  822.6244492  2173.147013  
1291.750907  388.475506  1708.02393  1525.016979  -412.3562314  205.0540199  2741.325494  827.6688884  2180.160658  
1263.548764  409.4776517  1686.241774  1546.476712  -451.7313609  206.5397981  2808.490422  844.4205558  2184.569868  
1449.584368  415.2089742  1744.641416  1590.194069  -396.1974907  176.0228963  2764.835767  832.3917949  2173.770128  
1361.448092  380.1871433  1735.453753  1572.46795  -375.7209057  171.4233225  2725.695709  836.0468094  2159.607305  
1402.776293  466.6735141  1696.865287  1538.079705  -428.6212643  218.744758  2747.813547  835.1511456  2163.501004  
1343.955165  417.6566454  1693.003451  1582.610718  -418.3516102  216.6692136  2761.801432  833.2530401  2169.743045  
1429.524091  429.2163958  1697.382242  1596.63223  -379.3930866  194.8564816  2791.620054  820.2311802  2167.239094  
1403.028034  373.0046888  1719.225285  1563.822241  -357.1398286  182.992712  2741.583023  820.7645361  2165.369339  
1368.623635  417.2650491  1677.031794  1554.726478  -393.5963612  206.4619374  2791.708739  834.7350759  2185.361744  
1522.010769  421.6593617  1686.094201  1560.737843  -394.8330056  209.7330865  2731.897098  818.6606757  2173.963189  
1380.483012  402.3021281  1696.485917  1549.783535  -391.2004976  210.861438  2723.193422  833.9259397  2170.190061  
1360.567038  449.2954006  1694.308142  1537.098076  -422.6943226  234.9442271  2747.794889  840.8725536  2178.919688  
1483.090136  430.3452194  1704.99674  1550.610876  -398.1845282  233.5159759  2741.780588  837.4258408  2190.346993  
1417.905818  457.859675  1705.743884  1526.994654  -387.0233501  241.2733731  2812.728728  848.2755924  2190.293884  
1275.439465  352.9407722  1688.429226  1591.943652  -422.4229848  203.2450585  2772.449201  831.3954555  2182.681191  
1420.93059  395.0980769  1740.693276  1591.276488  -355.9459752  184.4359139  2774.049606  832.9297985  2174.123277  
1378.928981  462.3156869  1721.327259  1569.663439  -400.5189284  204.5318388  2850.452958  853.956912  2189.599074  
1443.688095  414.3830628  1723.613203  1573.855246  -398.4150999  213.3244798  2833.106249  831.4477922  2202.746243  
1381.458113  424.3849145  1745.421005  1537.656689  -402.0422061  211.6919607  2845.847694  846.5070842  2186.637875  
1245.393059  354.2824672  1727.077497  1552.242083  -435.8850651  179.2753414  2831.298872  828.1309751  2168.261612  
1407.300968  395.3581619  1771.89741  1541.032385  -389.7623214  150.0308187  2791.47107  835.7669134  2191.179966  
1408.961073  405.7337526  1741.587113  1523.239381  -400.8476997  192.8780237  2819.10809  853.1935512  2197.544134  
1291.702764  402.2337745  1708.871605  1587.087749  -405.4625281  171.2762103  2764.521791  824.7223597  2163.894868  
1406.583286  394.4753335  1727.745047  1545.036484  -420.5492636  192.2382871  2694.422945  813.7356395  2168.213921  
1406.37094  489.4824986  1668.450835  1508.881512  -416.3708098  225.2866218  2780.85303  835.9076055  2155.850457  
1305.857446  466.3254277  1684.982308  1556.508289  -430.6561628  232.7596682  2774.88635  835.8235006  2161.914999  
1334.63854  417.6353279  1723.923528  1584.422817  -362.7837895  201.2559859  2770.277593  837.788787  2155.846991  
1448.583853  446.0467193  1757.605901  1628.332484  -337.0969194  173.3810684  2817.100869  828.4459757  2171.350886  
1407.381838  378.4531242  1733.539608  1568.319861  -368.2906821  197.0275932  2755.201015  826.8347136  2175.481842  
1277.384501  408.6615132  1679.871494  1550.099812  -450.178052  220.6440339  2811.51898  835.7426262  2167.112735  
1534.358236  438.202294  1729.155481  1573.875212  -414.1959156  215.8627138  2781.005147  814.1721681  2190.601735  
1382.024677  417.9549494  1696.04573  1557.335329  -393.4231022  222.3716436  2759.148064  833.4095043  2167.794655  
1301.333855  449.85183  1671.44126  1530.177144  -431.5225048  243.6222247  2727.880693  835.8591763  2180.292679  
1490.89831  458.9287045  1674.35699  1550.839078  -393.9071872  227.6273261  2746.859009  820.5018229  2179.376356  
1388.807155  431.4876161  1686.531542  1534.566289  -383.7372541  221.0029006  2733.227421  832.2255013  2166.191283  
1402.04698  445.0166095  1716.568948  1571.805657  -415.7618541  217.6054892  2774.99479  821.5406542  2160.778819  
1519.095705  432.3336401  1763.755422  1567.985705  -400.1904225  180.049461  2778.254282  822.6000575  2155.863019  
1383.56296  395.0420083  1747.323976  1569.832745  -383.5538882  190.0656146  2785.946728  847.968876  2170.000186  
1330.500518  433.8933935  1722.259518  1596.651951  -410.0029474  211.1143427  2808.611802  852.2171602  2182.233281  
1430.794765  412.00396  1700.408261  1581.091627  -369.1218852  207.7811212  2772.948439  843.354439  2192.145116  
1421.703384  411.7661886  1697.520971  1572.388327  -372.6201815  202.6370334  2776.262956  836.0784843  2192.010437  
1347.432794  432.5556142  1692.986844  1539.202473  -425.282286  212.6046213  2790.324111  838.0691013  2172.526748  
1390.565771  351.7310644  1709.13439  1585.441424  -409.4430346  188.4579145  2734.139719  824.1544838  2181.0515  
1369.027177  441.206183  1712.957917  1543.364816  -409.3855977  200.4782878  2794.815332  826.5858165  2174.519506  
1282.315871  376.2091832  1671.96537  1563.548813  -443.6185193  216.052041  2777.484294  825.8506072  2173.774801  
1502.754914  437.4743964  1708.637546  1567.236881  -408.7820529  202.4656149  2776.165141  818.2349383  2186.972201  
1440.385345  433.2057188  1725.857749  1531.907738  -406.0331732  214.9392236  2768.913622  837.6441869  2183.045678  
1320.111286  403.1945258  1727.91361  1576.117058  -420.8278727  197.65984  2759.581855  827.5374642  2172.963916  
1480.422695  414.8531181  1746.250981  1579.997551  -381.6525736  170.8864153  2769.511043  815.0147571  2166.953122  
1319.274998  373.5854028  1735.791514  1560.533445  -372.9794906  186.3520755  2742.00661  830.0641186  2161.94488  
1319.906502  413.5487141  1695.506842  1553.841165  -407.8671573  207.5825932  2808.168194  839.5183047  2165.565445  
1440.554818  449.7709616  1696.530809  1547.45668  -433.1300207  226.9947181  2790.51311  827.7859897  2176.636532  
1428.756745  406.5451248  1732.267906  1538.23131  -355.7775385  198.6509383  2753.85629  819.7889702  2174.277864  
1380.058327  446.4909658  1664.716271  1527.676737  -381.5022354  228.0094301  2793.36345  837.4116237  2179.233874  
1477.189627  440.090408  1690.532212  1578.092417  -382.2675409  203.7796362  2777.332698  814.2457832  2186.066362  
1408.209007  407.2561002  1721.827278  1551.605792  -390.7638292  203.3363215  2742.619021  834.7634361  2174.443215  
1328.176357  412.9711125  1698.675104  1563.077068  -366.5741744  184.9254669  2764.415301  836.1202064  2172.387565  
1455.054458  474.8839696  1701.940412  1596.686915  -376.8220038  195.7545921  2776.983288  819.2434656  2188.935488  
1320.895322  378.4184597  1699.772082  1564.332238  -388.9687184  196.7661374  2646.183141  826.2189574  2168.560363  
1438.404405  480.0905935  1693.64078  1554.37537  -355.5612207  204.7276281  2780.833114  849.4007764  2170.527462  
1457.081531  458.7565626  1721.481285  1598.560945  -387.6614398  190.7804811  2740.770501  819.9350889  2182.3875  
1346.052452  408.2304366  1731.735681  1544.991982  -403.2367846  205.4391627  2713.628095  833.775718  2175.599053  
1286.565372  422.8574304  1694.673498  1578.350336  -431.9159615  211.7113416  2823.451722  843.1327404  2197.69429  
1542.088413  464.6451885  1761.561529  1596.343239  -380.7625957  174.6461158  2888.695858  824.3026369  2202.979304  
1476.391379  398.8295667  1761.76507  1562.172293  -375.1888113  183.3568404  2841.37457  833.7048128  2197.137658  
1360.386574  407.6774826  1749.259047  1542.635495  -419.9736966  180.6442096  2800.980508  833.0184988  2173.989344  
1424.869323  434.9112985  1720.783299  1583.325963  -392.8950292  177.7400055  2811.5883  828.3894592  2166.586777  
1317.586261  400.117811  1745.113881  1567.014365  -408.2290997  187.2652582  2794.202352  844.9334644  2159.331382  
1222.194767  396.8041429  1702.488872  1540.989813  -444.444112  204.0590386  2829.089902  847.903468  2170.011594  
1442.987446  465.5760523  1734.467694  1546.496651  -416.594769  198.5066235  2813.121498  810.5354586  2166.660857  
1304.985982  408.1839447  1703.514169  1531.341639  -419.7558375  217.2566435  2779.727307  837.4618314  2174.004726  
1424.857034  408.4686124  1691.209744  1543.714292  -427.8459153  218.2652674  2803.333702  828.0823087  2193.677994  
1482.044669  389.0571163  1702.303831  1560.4867  -418.4872173  195.9739255  2799.31213  813.022693  2188.436163  
1456.825319  427.5695021  1705.68518  1527.416696  -411.0535162  206.6342491  2803.290234  829.367298  2182.548556  
1287.268702  365.9250702  1701.546443  1531.654902  -447.9628  210.7947899  2754.409694  831.1478278  2181.156767  
1447.293584  410.3160997  1729.245976  1546.579963  -403.3936382  197.8412137  2784.404211  825.7125111  2186.932762  
1386.980162  403.6099746  1713.982248  1505.144186  -423.4792469  226.431241  2812.645565  852.2750376  2193.905673  
1312.263452  335.100815  1730.096893  1584.873216  -414.1600678  192.2258695  2806.270785  835.77531  2190.83952  
1479.980333  392.4850864  1774.518841  1596.138921  -362.3156406  168.4503429  2822.604845  829.8092615  2175.764257  
1483.030186  450.0232513  1757.22491  1540.616818  -379.3871024  194.6216692  2831.375827  838.0563984  2163.950877  
1384.285711  419.2458524  1721.406675  1580.109555  -426.1082967  192.8930586  2769.77156  820.6776017  2164.249654  
1423.103325  425.6144718  1728.372876  1569.633504  -387.2585843  204.0521844  2724.001462  820.8423734  2181.360428  
1364.331482  459.3136556  1688.234738  1542.984048  -428.9812655  230.122862  2767.006582  831.5585699  2170.93839  
1484.73118  439.6325031  1692.881091  1564.373189  -389.940634  208.8417889  2741.728895  810.203029  2185.382915  
1357.832359  419.0604299  1679.655808  1547.190022  -374.0608533  207.534286  2713.819588  828.4293709  2175.169744  
1294.649236  400.6452238  1665.108758  1572.511433  -386.0162562  212.1644923  2744.641249  839.8429567  2162.348585  
1445.252251  421.0837336  1696.639178  1569.718161  -368.6328018  206.4110309  2719.223063  827.1483863  2174.33058  
1394.676832  456.6930763  1681.285375  1554.79587  -371.8376311  224.2441579  2768.06201  856.5852898  2177.791006  
1342.771597  421.144264  1670.088487  1572.984454  -387.1347152  206.2891699  2743.260879  840.4876847  2183.022075  
1366.285427  397.4065761  1703.798002  1560.119103  -388.3199195  199.0022035  2707.246585  832.0946091  2175.262064  
1334.79433  444.3368598  1671.422905  1539.55067  -410.2550394  231.8895492  2769.593754  847.2653235  2180.480434  
1458.151153  413.8896618  1688.203511  1584.865551  -377.6361759  201.1055524  2733.294925  824.9896026  2186.447045  
1347.948509  390.0038977  1699.597808  1546.693002  -396.0479061  200.9824762  2698.478831  825.3893023  2160.962514  
1375.531413  448.0771212  1691.876398  1552.289338  -402.4145746  199.7198091  2758.852545  828.7148222  2167.013689  
1446.197705  455.1613738  1717.518331  1557.954116  -408.4728669  209.2001709  2749.514116  831.0536976  2170.975518  
1364.978657  494.6612434  1704.987165  1518.909847  -423.1267182  252.9069103  2784.973389  855.4989097  2173.416504  
1256.703558  422.8660374  1688.856511  1578.665674  -414.3244453  228.905662  2755.350336  836.3238072  2184.389066  
1316.870756  441.0729503  1704.422934  1552.880716  -407.0016923  222.2740281  2742.467586  828.8529795  2176.464718  
1312.352348  469.7710646  1675.231657  1518.836351  -397.546798  226.8770454  2782.949296  851.9453048  2171.980811  
1426.268096  433.8998372  1703.602947  1545.81244  -398.3993799  218.5510596  2742.281898  837.9067242  2182.939463  
1345.594109  450.3155934  1705.701742  1524.977941  -405.942364  224.0092177  2844.14371  858.6611659  2181.584106  
1212.468261  396.2049425  1721.19246  1569.560516  -413.0040359  187.8862759  2815.481395  852.6009809  2184.820599  
1362.34848  439.6894345  1783.463709  1574.006828  -369.1666452  167.1168327  2853.058848  845.6631307  2184.173907  
1400.217347  486.5003903  1751.84567  1514.363851  -365.3581091  214.2624488  2848.476673  868.8203745  2195.032546  
1250.149199  427.4606152  1734.896026  1567.860552  -423.7810919  207.1426395  2767.324783  848.779348  2180.197431  
1435.199143  467.8106036  1772.70478  1532.386727  -340.636917  195.9150253  2731.490071  834.796503  2180.830929  
1436.497459  476.496261  1743.020324  1517.979379  -348.3003943  197.6251192  2762.840243  827.1138808  2167.828527  
1397.04992  457.1715197  1715.494345  1552.73329  -407.0098685  203.6462933  2741.266683  818.0049632  2172.43802  
1386.227279  424.2553183  1701.264892  1550.228136  -426.3560979  191.298463  2773.825659  810.2171635  2159.688273  
1370.775997  447.2553321  1682.123237  1544.234469  -418.8170701  203.4285523  2825.051607  836.4385101  2162.0354  
1467.545385  409.3608132  1698.274018  1587.529242  -391.1652067  199.8679303  2799.705108  815.9417609  2155.632859  
1390.908389  415.6768736  1698.521833  1548.19528  -396.1058973  197.2781698  2788.145834  823.6636135  2166.797769  
1365.118706  387.2328446  1701.413005  1584.095118  -440.9352654  215.0907966  2811.814828  833.2704395  2182.334009  
1370.606582  379.5451551  1730.525909  1568.656105  -419.4865714  189.310144  2791.339328  834.5377367  2177.952458  
1378.646035  441.4677993  1697.998805  1533.975679  -427.797202  223.0658987  2812.909148  852.4661611  2189.824326  
1388.058562  407.0532192  1663.170906  1573.738018  -442.1917138  213.1338294  2748.391727  819.6735285  2182.69128  
1430.919735  419.1658631  1709.689485  1553.624244  -389.336564  199.3012891  2723.000631  818.6776525  2178.079705  
1393.919329  401.7060669  1694.123815  1571.821992  -397.1424579  181.4607321  2800.742402  821.9178768  2182.688451  
1557.073578  430.6754994  1749.520953  1613.052031  -367.0845662  155.6667185  2797.109168  790.4311101  2174.930636  
1468.597303  405.8948451  1740.621914  1552.686021  -370.426712  176.9736819  2766.256814  812.6668047  2170.043941  
1402.340622  445.4748111  1673.363673  1552.389762  -426.2612888  194.6222254  2744.242419  818.9046547  2180.798942  
1512.353371  431.1694526  1660.47501  1565.048013  -376.3072953  203.1988588  2746.723122  810.2379409  2181.123371  
1367.068294  410.3218987  1675.367759  1562.335396  -359.6590819  213.3867692  2753.509974  830.6088502  2173.818809  
1287.335046  396.9266554  1684.432303  1569.404717  -413.3152725  217.3883517  2748.077753  830.7012505  2175.967934  
1472.165754  441.0067072  1688.240945  1568.721101  -402.575603  223.8872819  2774.949146  811.18745  2177.231978  
1376.587158  384.3884636  1688.45847  1569.84442  -402.3840019  222.0569863  2725.571383  822.3651136  2176.815431  
1304.667396  402.2616154  1706.289201  1562.065828  -416.0050042  228.0203323  2821.247125  863.7717826  2193.495001  
1330.5374  390.9764124  1739.822092  1605.95352  -410.2637027  204.0228221  2807.018201  846.9043846  2201.233556  
1363.735734  384.7628108  1738.27685  1572.395793  -407.2511069  220.6394821  2793.411886  841.1601069  2202.889926  
1363.796996  432.6907508  1720.256352  1516.948756  -427.7937143  231.6987804  2838.706171  854.9674768  2196.661634  
1176.820409  369.1793108  1691.627945  1583.959849  -422.6028731  202.9068293  2764.957335  847.5094775  2193.695582  
1406.771056  410.1874229  1721.045135  1563.840704  -395.6056629  209.0625623  2709.004585  843.7951602  2176.893905  
1415.952169  474.3402042  1724.782435  1531.032169  -405.3669741  223.547726  2800.38433  855.8379237  2174.047038  
1339.660246  405.5058594  1722.84973  1571.39872  -432.1872337  199.6178114  2792.085881  842.8483991  2176.373771  
1400.729065  451.1735763  1749.609166  1529.663919  -405.856395  195.4404332  2811.744892  847.9075079  2182.044734  
1309.868136  431.7560369  1714.641327  1549.01509  -424.7082455  194.5959834  2822.558099  838.5121224  2178.924886  
1440.542481  405.1462354  1723.463845  1525.126899  -418.5642157  198.0929306  2785.904201  824.883921  2173.785274  
1371.513168  426.305203  1730.850415  1531.605761  -450.4942072  203.5019263  2835.617516  846.4410907  2175.397829  
1434.58391  432.2476231  1751.641047  1557.703434  -412.8107982  168.684909  2817.982862  827.8762939  2172.065278  
1427.302324  404.21312  1763.102819  1556.971907  -408.0543788  169.1340243  2803.353494  829.8799795  2152.509162  
1320.39155  362.7361634  1753.872077  1581.838408  -445.9463091  173.5527134  2776.257391  817.1693205  2147.03007  
1435.184472  411.5275961  1759.878407  1561.848123  -449.6381024  199.5096375  2738.015179  820.6896876  2164.629709  
1395.914965  440.1328324  1711.836882  1545.186504  -406.789998  227.1807141  2814.796137  841.8265363  2171.052433  
1333.404939  408.7948861  1707.640521  1563.154667  -416.420844  209.5684165  2788.088533  836.7838825  2180.170435  
1342.905966  374.033532  1726.381666  1564.133132  -407.4228992  203.1116697  2747.546581  831.3877924  2186.456949  
1445.502763  447.615636  1680.147368  1534.064798  -397.9157455  221.5865582  2814.761909  840.05759  2183.047018  
1484.774582  442.8253014  1694.456937  1548.87311  -396.3277834  211.0703378  2787.74485  816.0289868  2186.728088  
1314.641515  368.5723539  1702.473443  1553.66153  -385.2770645  197.1527726  2745.595195  826.2722608  2176.487997  
1309.611641  440.7079527  1683.225593  1546.657553  -408.6037853  217.0480116  2772.978103  840.7459323  2181.425739  
1438.283658  438.2003173  1725.421469  1580.242342  -405.5212843  217.0599682  2748.407579  836.2099991  2179.537066  
1425.320173  435.6656596  1740.551814  1552.230351  -375.8076341  207.0946533  2797.224286  843.3764638  2175.010172  
1350.152812  423.2632085  1711.479889  1556.150651  -410.0805239  219.4252693  2788.940086  840.5533904  2177.289652  
1460.247951  461.2199809  1727.502624  1557.004054  -408.4960378  208.7149782  2792.166087  823.3600898  2173.388773  
1383.725905  444.8690025  1727.663601  1527.713473  -378.9467983  225.4587285  2763.490898  848.2008266  2182.266047  
1379.837445  408.2202806  1706.050695  1565.40913  -382.5568307  222.414001  2757.607251  844.7885694  2190.962533  
1441.185703  425.3119578  1696.167425  1551.566355  -373.4843585  185.3966006  2791.490784  820.2564839  2171.41849  
1426.417086  363.451007  1719.007603  1531.666522  -365.8722463  193.0688566  2733.0288  825.5484425  2178.797951  
1426.539554  431.4562978  1705.5932  1535.530562  -408.0267419  189.3846859  2816.719597  829.2902355  2168.681622  
1451.633033  431.7651254  1714.329664  1540.717733  -426.6093155  180.8576914  2778.786249  815.9723078  2169.72076  
1310.337835  467.495479  1700.173097  1526.295017  -428.9970495  215.156369  2713.401227  842.1738131  2176.11107  
1262.755142  428.6240618  1692.857629  1526.213605  -387.1707569  247.5647731  2763.365881  871.426573  2188.153784  
1383.540972  438.2779804  1731.169102  1549.716097  -342.7189689  202.088432  2760.774799  849.9961927  2180.740422  
1484.649493  470.2593311  1779.865507  1534.15249  -372.1217608  157.2582115  2768.372013  830.2246862  2178.183663  
1384.061642  470.4758102  1741.787147  1514.982072  -377.9403957  206.8373796  2777.090605  864.5340532  2169.299944  
1201.205339  433.1136785  1717.884975  1564.377705  -374.3164932  219.736414  2741.204477  865.8676858  2163.272283  
1377.70977  451.8058056  1733.081777  1527.349604  -369.5327403  194.8434615  2729.269285  844.7947138  2156.989136  
1374.066981  505.0943816  1666.567688  1498.816762  -399.5094076  218.3666049  2717.418471  844.6108857  2160.293489  
1348.560057  509.8948465  1651.67712  1512.641264  -456.7756153  230.4828886  2743.376793  831.5552006  2156.52793  
1387.903595  457.3684915  1692.027447  1537.530285  -419.6367118  214.3115087  2720.289292  833.1661872  2155.71424  
1419.795298  555.8597023  1719.994966  1527.534251  -413.003633  210.0826287  2804.481656  823.7030801  2146.804664  
1413.379457  437.3005968  1687.152055  1545.880938  -416.7653026  201.5268266  2754.903276  824.6260469  2158.855972  
1400.109721  463.0093159  1701.402144  1532.360678  -405.6603279  211.8956638  2768.673201  829.6570844  2153.809103  
1266.23642  387.2648843  1670.666598  1592.018229  -406.7082623  191.0610831  2753.633677  831.6863469  2156.611087  
1436.966013  432.9521838  1708.216997  1594.88939  -370.6874623  186.7227377  2731.368884  825.9208242  2170.14732  
1431.91765  469.5415802  1713.515211  1581.985221  -385.3003118  202.9857899  2809.426358  830.9306221  2176.617771  
1526.159095  428.0194855  1726.315371  1592.716089  -373.8471218  185.6959694  2776.491177  815.2608338  2170.09528  
1305.243619  414.9903042  1702.884548  1579.075931  -386.3613579  201.8171041  2729.356767  834.1122943  2165.542778  
1300.702027  436.9343595  1694.340865  1613.400484  -370.5837028  201.5075102  2766.53141  831.7226266  2161.607247  
1488.527775  418.1286272  1767.037627  1622.549401  -302.6850015  165.4815925  2769.889393  821.4232684  2160.410182  
1409.678156  396.2968069  1737.806784  1585.296733  -362.9475797  172.3398646  2731.938525  805.7273714  2163.249063  
1359.312265  407.6777819  1685.138681  1597.591681  -431.2166253  199.2010829  2800.066464  809.9788609  2179.682772  
1411.850117  369.2348678  1667.402727  1583.284955  -455.0846665  203.7843444  2780.104274  806.2354648  2181.310095  
1372.914807  332.6294024  1681.883223  1577.926506  -421.2803296  204.0276102  2757.097118  826.6768062  2187.551247  
1397.411778  384.4784052  1675.31748  1557.417556  -436.4829176  228.4811494  2820.08664  842.7773722  2195.684334  
1362.73901  383.6600316  1698.279295  1574.778331  -395.3284817  196.5892773  2776.047131  830.5264851  2175.804604  
1455.80839  367.1670265  1726.21896  1595.61401  -402.1365257  181.8399555  2759.714682  830.5492726  2170.133581  
1402.106475  384.0015869  1731.098373  1565.536576  -439.9075148  217.1366922  2792.790995  836.8304416  2184.950478  
1191.365153  310.7531933  1711.491189  1586.410806  -416.1410691  192.6937705  2792.989966  833.3574209  2182.896711  
1460.465348  455.5992872  1747.807132  1576.645404  -390.1301809  187.4340237  2805.790223  822.1582373  2179.990281  
1453.678477  419.0309937  1755.975999  1536.969631  -368.9777143  191.8254415  2732.093034  825.8169893  2170.760777  
1454.722549  431.5863147  1728.998682  1543.32385  -360.6238767  198.2552053  2815.061078  829.0229989  2178.266521  
1407.607418  457.7370909  1725.528187  1525.076595  -432.8750932  221.9438887  2787.46072  828.3647162  2175.903922  
1440.887595  417.4934779  1703.385169  1542.503323  -412.179804  197.7646832  2802.682247  819.2571251  2174.146761  
1430.435712  422.6732287  1732.797081  1547.338701  -389.4617477  187.5948041  2741.183276  825.9034416  2175.832486  
1278.502003  461.5463119  1699.260723  1536.934405  -451.8166866  227.8585982  2791.618483  844.3615846  2175.681382  
1372.049184  474.9776985  1681.778475  1527.3208  -417.4243366  223.3840591  2773.516507  837.848185  2176.120885  
1367.522421  481.6254666  1709.754435  1532.620811  -359.3438295  214.7678212  2768.312938  851.6114531  2182.695592  
1327.349945  454.4509969  1710.941494  1544.263898  -377.7855083  209.7231041  2753.456953  865.0794689  2173.112363  
