1220.899047  392.7690343  1013.855922  1205.569385  -126.7532007  745.8885648  2334.616992  851.5798524  1891.890291  
1236.662714  362.9131407  1023.507454  1160.763755  -117.1590838  751.7694542  2349.812706  855.0072059  1873.638793  
1270.932972  341.8899336  1065.493985  1149.856174  -96.77236166  761.2574025  2371.756543  863.9370579  1859.542969  
1254.68905  353.2941082  1053.800138  1152.385364  -150.1089487  751.5407031  2336.244472  862.2801448  1851.169624  
1249.082714  355.3364775  1106.299439  1150.915735  -178.7777278  745.1091375  2332.305947  837.1943924  1825.87085  
1251.735176  386.7470539  1094.267561  1159.510855  -168.6136273  750.8151044  2334.66258  833.5161862  1849.534609  
1206.666141  388.3321693  1075.887741  1153.239205  -177.8703548  749.3533043  2294.855626  846.4912972  1850.454991  
1190.444739  369.9457006  1070.707877  1190.905657  -99.5209997  777.5103737  2348.313748  848.5650591  1885.699654  
1189.090106  348.518333  1065.015771  1178.00461  -86.83643833  745.9794468  2331.002566  864.4709748  1891.972484  
1260.045636  341.6099837  1066.321108  1160.692203  -114.7592918  744.8808936  2324.653692  865.9514356  1889.922153  
1216.82856  336.034588  1051.886302  1148.370112  -134.9065138  753.9816809  2296.83608  869.6138814  1869.702076  
1211.664816  344.2380044  1030.148957  1169.565379  -116.2532194  770.0504623  2301.055786  875.3892863  1866.134599  
1218.430102  359.6698933  1042.615865  1177.1234  -105.569064  773.0650365  2290.479079  856.7358003  1854.832694  
1208.544601  339.0561883  1055.918614  1182.74464  -108.2548347  766.8801659  2317.590459  855.1978643  1853.743285  
1216.646307  374.0991748  1071.016278  1192.60614  -99.81944765  764.3221334  2360.986578  858.2923389  1831.375763  
1181.995217  379.6889835  1062.473403  1165.515514  -97.50765757  788.6622448  2339.272297  854.3722041  1809.504601  
1169.431394  396.5349139  1067.467281  1152.387796  -117.7024625  760.868319  2287.165759  864.3093097  1821.634576  
1156.29198  372.0763036  1056.427308  1157.612996  -102.1764325  757.7023937  2340.078823  854.0764076  1840.095724  
1192.74438  373.3251533  1071.446093  1156.123802  -139.1781215  751.2619799  2320.280943  855.927415  1833.475601  
1183.659605  356.8303523  1052.397405  1168.025478  -96.8980854  766.8413234  2343.619891  873.899885  1851.366888  
1221.802263  362.5834119  1026.775449  1182.582654  -129.9140375  773.8176902  2338.375138  869.6139149  1886.441099  
1234.826174  387.8498533  1036.721497  1165.05543  -144.5507536  771.8566694  2338.77125  872.792277  1896.275162  
1255.05927  377.6272106  1091.689719  1148.360378  -115.5551871  760.9411331  2319.032796  855.8464621  1830.823723  
1252.87606  352.9938123  1067.870452  1164.186119  -155.0556549  737.4590863  2285.786899  850.0549247  1856.024156  
1284.769366  339.595183  1073.402402  1154.20507  -176.8893532  735.1160388  2343.946329  854.0936716  1858.29866  
1272.017241  367.9246507  1101.592755  1174.292523  -151.978589  734.2657627  2298.667265  866.5138176  1850.552531  
1243.230366  369.5149198  1043.316878  1155.27723  -122.793311  751.9513905  2281.789908  861.4248004  1853.085991  
1273.820258  335.8336215  1014.512134  1145.140388  -139.7475877  759.2132728  2275.412229  870.8478131  1874.412781  
1257.360661  357.0539124  1025.397258  1160.70489  -91.90448065  773.42541  2307.876034  876.3692787  1876.218775  
1217.514008  363.3042112  1087.36492  1182.567439  -77.50777719  764.8308755  2376.70224  873.3431132  1883.232024  
1244.229028  350.0964311  1074.102919  1198.488268  -116.2723701  743.8660626  2363.500527  863.3569119  1894.998585  
1228.213168  367.4678209  1052.503032  1189.119326  -83.1158034  755.6591673  2345.395104  854.3702487  1889.671433  
1200.206661  363.9231307  1040.38004  1186.987621  -79.38697694  757.8845453  2348.917708  846.6358422  1887.206097  
1214.232911  377.1744336  1092.740819  1172.342201  -157.133758  750.0996089  2322.117952  843.4624502  1858.444413  
1234.518679  366.0196849  1087.102521  1168.83636  -167.5848456  745.4029036  2313.469755  852.9861231  1851.627743  
1214.512734  357.2016763  1079.122009  1174.093227  -115.6834218  760.8038153  2348.184763  860.0030747  1854.758006  
1195.775906  365.6310014  1081.948415  1196.511221  -101.2905011  760.4626185  2360.944925  866.5362828  1878.619946  
1227.849368  366.927041  1079.769511  1188.781286  -80.54602217  763.906341  2368.599503  873.7127145  1879.976116  
1199.741209  399.5272783  1050.329397  1178.390623  -87.26635827  749.1523545  2347.717422  853.3096087  1860.748273  
1195.200392  372.7721563  1032.22803  1173.295817  -141.2195559  747.4785996  2326.108141  837.7593025  1836.873368  
1209.321298  357.0489734  1009.194368  1164.98737  -154.5996382  745.4740211  2273.801079  849.6127156  1845.209642  
1201.858287  353.6722278  1050.799357  1159.781084  -193.3065846  734.1331414  2303.972846  846.0889526  1836.861626  
1196.551235  354.145235  1068.951148  1149.213674  -164.9593051  752.8876184  2301.322434  841.9514269  1825.678734  
1189.639633  353.5663396  1068.327587  1154.181902  -179.35296  739.5435368  2283.148425  844.6580071  1807.340194  
1237.981355  361.1908655  1114.629752  1178.462081  -161.7620938  756.2144477  2344.322046  833.7306995  1831.008718  
1201.060501  362.3914396  1091.580082  1150.897932  -199.4139537  745.041176  2323.030546  835.9573809  1831.05014  
1189.497031  377.343174  1092.493173  1158.32183  -174.7204441  764.437816  2345.244409  841.882072  1857.475062  
1174.998117  359.0770083  1108.303333  1152.599451  -182.0771475  743.7758036  2344.909314  854.5719175  1856.296598  
1212.334932  323.959434  1102.942581  1176.00902  -153.2345121  747.6430799  2371.558596  857.7741423  1853.355854  
1230.881417  337.9699871  1068.150801  1175.29337  -146.4564873  745.3516281  2357.448427  852.2828321  1847.60243  
1173.058607  374.0507768  1036.381981  1154.988991  -120.0849201  747.9703439  2306.683368  863.9430941  1836.204029  
1223.836938  393.1123402  1038.527568  1168.566546  -64.65459066  784.8671495  2300.646241  874.6739605  1880.85921  
1250.816106  374.5871307  1063.043899  1158.783691  -76.98888453  749.0843269  2296.74334  873.2690516  1864.879496  
1216.70287  383.9710363  1043.937653  1152.473665  -51.97423934  736.4868853  2294.558577  870.1426508  1879.767158  
1260.76011  374.5380816  1026.84769  1181.817214  -53.9061204  779.7719407  2303.377242  905.7913225  1909.70304  
1242.525429  351.0216339  1050.146403  1172.548778  -40.80749257  775.869717  2345.674922  897.9454601  1902.574028  
1190.873513  337.9063462  1083.252978  1160.48406  25.9362668  799.603756  2409.765875  891.456635  1891.802289  
1203.353712  396.0398412  1056.978197  1179.44487  -53.62990281  770.1345902  2372.476107  864.2642867  1861.92735  
1227.115038  354.1270126  1071.834855  1170.644149  -174.2593181  758.287156  2305.831996  842.2381787  1842.906329  
1200.691475  378.9863678  1085.221878  1148.558246  -142.6711792  771.831868  2326.140148  861.0881256  1824.516985  
1227.85327  362.1303181  1078.504244  1155.572587  -157.9561465  753.062342  2286.284  836.2623802  1822.132795  
1209.518553  332.8856702  1083.087019  1148.727513  -190.6292536  738.1704585  2323.230373  850.8724312  1833.106301  
1247.168752  355.8711294  1079.77493  1170.653872  -178.6102547  732.2442413  2285.053578  852.946979  1855.827336  
1188.565865  366.0767729  1036.943783  1175.597323  -145.9414516  765.1643097  2324.720143  854.2677071  1855.016394  
1202.497309  386.5820363  1085.421865  1178.393349  -111.6302216  759.8053008  2339.742598  851.8795793  1830.017517  
1226.666724  367.7612547  1066.073541  1179.400912  -154.5553954  730.8824168  2286.923099  850.9863623  1871.45769  
1209.287613  357.0793836  1069.99761  1194.432259  -74.04868697  766.9533339  2356.35152  856.773815  1867.484949  
1205.315486  380.7358772  1066.315115  1160.434047  -106.6311473  758.9607077  2335.369721  851.3406971  1878.187605  
1233.300519  350.7137159  1021.437018  1168.153126  -69.03210786  779.4886098  2347.299044  849.5855687  1846.766805  
1226.469357  385.6368768  1050.795642  1155.220373  -92.18193045  768.7920063  2322.215622  863.4345874  1861.19431  
1213.84351  336.0393326  1042.571504  1153.008813  -155.5996279  738.7409238  2375.16272  858.5367894  1856.575255  
1204.856229  364.9526727  1051.441391  1158.347804  -91.76198816  753.68742  2362.918976  858.8998386  1857.118781  
1185.087392  366.5366338  1092.932679  1164.932168  -178.0053683  720.0001165  2315.64635  851.8764223  1863.365141  
1189.919691  383.3275841  1063.877426  1172.492435  -125.0415073  765.3772904  2359.720184  861.1223982  1857.323346  
1198.352956  394.8060388  1035.986108  1176.578444  -113.7878474  755.2504498  2353.190663  852.0518555  1847.24338  
1204.329312  374.9392613  1050.094204  1177.217116  -143.0241033  747.0261105  2320.666845  852.2197927  1843.641174  
1207.039294  348.364063  1035.451492  1188.759255  -159.6593198  752.212529  2330.336668  848.2095236  1846.494716  
1203.244039  354.8377697  1039.387865  1190.55888  -152.8121805  761.878033  2308.088699  858.4356205  1840.252666  
1171.033106  349.2932028  1045.484492  1180.656273  -165.7334648  752.4255784  2300.567301  854.6093219  1844.952765  
1208.698677  351.3560203  1036.915136  1165.435167  -188.2165846  740.4448289  2331.279308  851.7403277  1840.905986  
1242.061903  360.8425818  1044.370543  1142.542923  -176.7201087  731.5469565  2283.980981  853.6933142  1842.047086  
1224.136336  379.4146852  1058.536962  1144.676362  -132.4678796  732.0889745  2323.210001  859.1486596  1907.656968  
1233.33542  358.3544376  1058.13801  1159.280474  -153.9961825  730.5576716  2327.043345  863.4027584  1897.777357  
1279.883143  371.8836882  1100.634636  1164.121958  -105.8630382  759.8444343  2318.937385  870.6839567  1869.002816  
1229.13333  362.0083563  1043.170186  1174.314968  -89.75285736  792.6346881  2337.798173  856.9291489  1878.828721  
1260.55105  321.0948906  999.8695766  1212.524138  -110.7137209  782.11718  2305.188114  862.4623649  1879.011333  
1242.966357  342.1344371  994.7954279  1147.450092  -90.31580937  791.7472476  2228.654367  874.7099652  1799.308394  
1245.547882  345.7617762  1048.084421  1137.909299  -103.2017235  757.0184213  2236.941788  864.360275  1813.493336  
1213.456019  373.2512776  1056.114752  1154.933008  -124.039728  753.078515  2292.721876  853.4959694  1821.810164  
1243.345426  360.8191982  1050.576767  1182.517799  -122.5706215  759.8836787  2314.334903  852.2411322  1873.221454  
1264.221068  381.755928  1097.675453  1165.363857  -67.22078861  790.2159847  2376.237658  872.1629161  1877.237784  
1240.108996  383.7202662  1013.793827  1174.078035  -63.60337609  769.3346242  2351.895732  855.3553066  1885.013679  
1247.487818  371.6612731  1034.078268  1164.5082  -114.0333934  756.9194796  2305.031807  855.4691519  1857.489165  
1225.075026  370.1993665  1039.642485  1165.509832  -152.2292997  755.3173545  2319.879533  863.5631627  1844.967757  
1277.615064  358.4813792  1030.709194  1174.499736  -151.7128738  775.9098113  2366.775621  858.6099608  1870.593492  
1218.70597  360.9166055  1050.375546  1163.044813  -132.117141  753.1617771  2367.229061  875.4344143  1876.187512  
1271.308704  356.6760937  1061.170321  1169.951999  -123.2110679  759.7093001  2364.621795  853.8818916  1867.979582  
1210.480071  358.6418658  1067.612025  1160.224508  -136.0469837  767.0852121  2353.36616  856.7292779  1841.485995  
1247.500584  360.9775354  1071.334078  1158.018  -185.923941  761.764242  2365.85926  847.6437387  1870.949749  
1260.937541  347.4157394  1086.932614  1149.751804  -201.7623724  748.140426  2335.710141  842.6647866  1860.047443  
1229.647712  369.0277298  1102.684153  1159.134119  -185.324989  744.0263839  2333.735685  844.8061532  1866.199561  
1194.269508  367.7838395  1109.167917  1155.469244  -204.1340773  740.8248896  2336.749322  845.3482676  1859.508315  
1233.173109  349.2248362  1105.394571  1152.938999  -205.6569849  748.5466693  2340.562355  845.5709663  1862.0979  
1256.144116  354.1854063  1093.611656  1158.384469  -174.2862809  752.0662787  2347.531783  848.1715049  1862.058906  
1210.826163  371.9179085  1028.102292  1155.23126  -134.9350921  754.3736114  2333.735837  861.3957091  1853.065843  
1218.468943  386.1572989  1053.347678  1165.951831  -132.0133481  756.1186432  2333.441325  858.7677668  1880.123451  
1211.808991  404.6530585  1084.047308  1179.413888  -89.77117318  766.4183569  2318.813588  855.1200035  1908.343513  
1171.153314  372.88354  1064.740958  1174.982481  -68.78713346  766.9000831  2359.805776  862.3327783  1874.53212  
1210.012453  357.8147338  1040.764456  1171.828176  -123.6648127  742.6776315  2360.547446  856.0264838  1835.697249  
1218.087081  381.1131281  1073.574722  1153.440165  -192.9185896  728.5343076  2301.151494  846.1927991  1838.709471  
1227.613782  386.2852594  1054.668827  1155.741758  -150.3805064  735.7759708  2280.67125  857.4756241  1883.792848  
1236.806152  347.1234611  1053.350167  1151.092329  -118.5075819  749.792726  2322.350248  863.8347738  1867.957004  
1281.993123  332.6230063  1026.947996  1165.029217  -153.8788828  741.8287783  2326.782894  874.4262093  1869.865243  
1245.454389  355.7349085  1008.55615  1151.224628  -111.0491896  756.6434955  2342.654633  880.0502458  1862.816021  
1286.788326  373.1968882  1038.789678  1149.228601  -105.7822509  759.0595976  2311.780267  865.5594678  1864.684684  
1279.763649  346.8719089  1056.621367  1153.211751  -130.7690101  748.5771975  2301.37186  847.4438618  1868.102077  
1265.474552  345.3888569  1062.21629  1158.386775  -125.1236416  754.6199552  2304.64718  853.2178925  1885.257881  
1238.390735  358.9246863  1085.021556  1188.891514  -89.95169211  758.915005  2338.358193  848.831169  1906.149602  
1270.62022  382.8739254  1080.839642  1177.037756  -95.45136319  774.8921612  2349.770876  860.5215074  1906.773833  
1276.561364  393.2774217  1070.245165  1191.599071  -75.67820011  767.1301816  2334.092842  848.5374679  1879.809379  
1248.433941  382.1473224  1049.937034  1178.885306  -117.6898965  759.6213148  2310.355909  839.3560518  1855.601031  
1192.546477  371.9716603  1060.629185  1173.611812  -148.6286251  744.5881448  2326.467933  834.3295756  1831.344212  
1200.977783  338.1422071  1034.12316  1177.071628  -166.726889  746.2385622  2327.639111  837.5191292  1847.274321  
1218.127475  355.797901  1003.369796  1163.944999  -170.6584629  769.0319335  2346.912735  852.2491886  1857.702537  
1232.98792  358.8549711  1005.674507  1164.985804  -147.9645192  745.1156395  2294.343317  853.464044  1853.243964  
1193.499913  310.0570012  1049.182033  1168.676369  -53.58344634  824.8659959  2356.85413  867.8133169  1799.564943  
1211.426365  389.7546083  1116.997529  1192.32942  -119.6267669  771.1949272  2350.984025  886.8210934  1868.894743  
1246.155165  365.7363682  1081.009958  1158.86871  -41.58032194  782.8240071  2348.877546  886.9038979  1886.264005  
1236.072473  390.6701338  1140.25613  1137.2603  -49.40560983  785.7289613  2378.26842  874.1296078  1873.113368  
1246.63309  379.8114183  1116.45355  1134.619821  -97.42420532  766.0588732  2416.643904  870.5138864  1894.824579  
1187.949577  356.8526931  1086.636346  1153.527028  -141.1901465  754.8260516  2382.07452  860.920928  1877.024488  
1223.689541  367.3488533  1081.216744  1157.097319  -137.3242123  751.9434739  2329.817822  854.0585991  1872.228839  
1203.600019  373.6814228  1088.127168  1172.434614  -117.5741505  761.6881628  2384.089366  858.0312532  1882.608601  
1201.542654  355.3569532  1070.493966  1172.670641  -170.136507  731.5999829  2345.727389  851.165852  1883.019453  
1256.679017  372.0812398  1078.710342  1164.596169  -155.9842802  747.3338138  2334.259263  846.3308289  1892.161859  
1233.290254  353.4484064  1080.232454  1151.892942  -145.6622711  742.2170318  2350.39745  855.6561387  1879.085664  
1191.882062  357.1037494  1054.100496  1169.216042  -109.7939542  762.872072  2341.963599  857.0597924  1867.586878  
1215.660061  352.6883464  1081.580269  1194.32936  -84.06623648  764.2243489  2314.07418  841.6400595  1864.42401  
1134.876956  370.6842791  1070.347813  1184.347136  -77.77040276  777.7641603  2340.203713  848.2557908  1839.011879  
1170.675366  375.5727884  1071.699599  1183.024726  -97.57977413  775.1385158  2373.391182  844.0015597  1861.640773  
1228.133701  373.6251756  1114.385466  1156.370432  -134.091444  751.5532548  2349.202282  852.9938464  1850.369986  
1235.108378  359.6408959  1067.853111  1171.273114  -133.5580042  752.1051041  2344.968894  860.3917129  1857.239471  
1241.824691  359.2784626  1070.923936  1163.34539  -151.932427  747.4212864  2341.501083  861.1042211  1840.550836  
1225.241012  379.5098795  1055.3529  1152.817236  -116.3728549  736.3642087  2305.250882  856.2432968  1853.521713  
1223.321  387.8412066  1070.615106  1168.750611  -133.8801451  762.8548733  2269.167443  843.6611217  1850.493011  
1221.192876  357.606658  1066.71174  1147.005653  -138.1310148  766.8049434  2276.176539  859.6628197  1852.233025  
1182.07663  349.0833679  1054.026397  1159.132784  -75.71306664  774.6544267  2358.382953  884.294837  1857.258381  
1230.193919  367.3857885  1043.375777  1168.109939  -77.64809168  772.9409637  2397.63334  860.5217928  1849.916288  
1269.132767  360.0274112  1002.26614  1149.327371  -86.56741097  762.6462262  2288.977037  858.2519016  1831.074327  
1195.557241  370.8315627  997.3772149  1161.456432  -87.66992741  748.8512886  2253.769318  856.6316763  1804.847929  
1217.220445  331.669984  998.6377627  1180.615852  -97.44378618  760.5900299  2296.299756  854.9424642  1823.002029  
1197.798128  365.6311834  1072.833537  1168.549458  -105.9657459  778.6410073  2319.875908  858.041008  1790.009029  
1206.9104  356.7210767  1017.346893  1194.722187  -133.9302239  764.1396318  2328.782712  849.8239266  1842.032995  
1243.046003  347.975231  1012.951042  1191.952968  -140.8502644  765.3445946  2316.342102  850.3848341  1848.589354  
1301.771228  333.4589603  1071.215649  1162.369423  -204.8414573  732.7744537  2305.137381  851.0571858  1863.342223  
1307.555812  339.6934671  1104.80481  1145.789533  -170.1452919  761.5549264  2349.228794  851.657194  1843.686206  
1266.560553  357.0532388  1068.487467  1160.777884  -151.6801434  758.0321854  2341.561708  840.1364371  1872.619762  
1272.775638  360.0916738  1048.708081  1146.588244  -163.9037575  758.4945338  2300.877731  850.0195177  1867.885376  
1235.255204  335.7183075  1064.377461  1164.500479  -201.5688297  741.7014266  2301.083335  844.8668987  1852.950209  
1246.836677  344.6112846  1077.236315  1169.019765  -134.8797612  761.1454496  2348.389931  852.2550685  1863.449501  
1270.752559  352.9494125  1034.886493  1166.378539  -148.2679552  741.6653355  2304.62145  843.2523698  1883.054429  
1248.00069  337.9852201  975.6257952  1186.741609  -147.9898065  761.5772944  2319.709077  840.9728106  1894.031259  
1214.079936  365.6164948  1002.278084  1170.264092  -132.3573527  781.2738809  2294.383151  867.4890897  1862.483412  
1170.935613  359.784311  1046.914271  1198.249204  -104.051354  775.9784501  2326.626108  870.9299338  1860.2632  
1221.88356  373.7125604  1090.261646  1192.162287  -125.7102453  766.7086513  2340.096342  859.732205  1871.47069  
1222.233484  373.7047262  1068.158484  1156.00406  -105.9863548  791.5574849  2305.6647  854.9395473  1826.407531  
1226.712527  353.0329549  1059.72366  1169.126231  -145.5618003  750.5599527  2350.931816  850.2597883  1872.444628  
1226.297504  341.5626443  1070.861326  1144.048836  -165.6216973  734.5240999  2352.139429  863.3704844  1869.289842  
1239.58663  369.9517888  1070.587892  1151.203774  -107.3976478  765.2360751  2377.259217  868.1019231  1873.007771  
1222.575694  391.3928734  1070.701622  1156.650803  -139.5577069  727.0127405  2318.678235  855.2059012  1881.952073  
1219.721887  352.8361069  1090.432188  1152.823887  -175.2392191  735.0978037  2359.793827  852.2773408  1867.412736  
1219.012248  359.9220313  1114.046157  1158.509577  -136.6579047  749.1610597  2391.33722  849.2446883  1850.453569  
1259.923265  381.2309446  1081.70041  1163.443923  -78.58526752  760.1997871  2405.094776  852.7021052  1884.293614  
1254.097797  377.1480686  1047.045694  1158.532971  -85.38166487  770.1565871  2361.403388  865.0418402  1905.412848  
1203.839486  378.3138467  1016.752346  1160.674384  -129.525224  771.6791307  2268.026755  855.4714287  1866.683153  
1218.793685  377.3775284  1014.455334  1181.544334  -132.2196361  750.9433284  2258.253166  855.5325855  1852.496724  
1174.374902  381.7534073  1042.092924  1185.106117  -112.758949  752.0737282  2244.978033  867.5995903  1836.615779  
1225.277946  352.7478499  1037.679059  1189.168894  -130.9040456  748.310683  2278.730966  855.0309078  1844.168176  
1193.366791  345.1564343  1011.961703  1221.190466  -120.2793966  778.6969529  2279.891997  858.050052  1848.197082  
1156.401883  377.0803094  1053.670889  1201.417274  -36.71783974  800.1398256  2343.784004  883.3697818  1849.871509  
1181.695574  380.0741792  1064.431982  1165.878228  -104.9642468  767.5915082  2310.240921  862.541418  1841.763713  
1221.077853  338.2899432  1079.009387  1156.371719  -119.6932603  750.5900186  2342.172711  861.8566686  1861.738724  
1241.887777  359.1728485  1061.034282  1159.967552  -115.3987178  760.4182401  2359.091291  868.7184751  1870.014615  
1253.909019  354.8008957  1083.312704  1149.309591  -115.6729556  761.6890565  2363.435023  881.150087  1874.877647  
1241.194945  376.8002898  1093.397535  1135.702931  -96.59849508  746.4297127  2341.743403  878.7494947  1853.287487  
1263.601567  360.4188022  1049.582708  1154.620597  -123.6713025  750.7774789  2352.097144  853.4414024  1860.028848  
1238.05932  374.02136  1063.518854  1147.728087  -136.0657697  745.1006705  2321.681631  870.4352297  1855.399895  
1163.19822  402.3533726  1068.276809  1150.843669  -146.6002812  749.9231941  2297.02237  858.5771898  1842.22824  
1219.009996  368.9242166  1060.421142  1155.059725  -180.1935396  740.4077602  2296.729404  848.2814988  1847.51547  
1220.668547  343.6769258  1083.999448  1149.02946  -161.657488  741.31845  2322.112449  855.5619148  1847.836055  
1178.914613  398.5717985  1060.421011  1167.264346  -144.8700684  754.7548699  2355.45311  850.2164412  1860.199291  
1208.010482  385.0569142  1058.839905  1180.702156  -129.7342502  767.4031513  2344.97141  838.9723002  1862.214156  
1248.651599  364.5682422  1072.851208  1160.91729  -91.73768785  760.0619619  2310.564498  859.7697686  1835.550964  
1265.410289  354.5142866  1042.693185  1169.686073  -146.2332048  741.4568464  2287.874118  840.1496867  1858.676555  
1179.620858  350.6031451  1083.278428  1165.931437  -118.3786611  771.4857855  2331.115296  848.9716294  1863.602903  
1219.381601  350.7319675  1069.587786  1192.869772  -138.769336  748.8093801  2341.109256  857.4305568  1876.387619  
1264.677394  327.3203523  1062.353065  1183.723514  -183.7475496  757.2802837  2345.369044  834.3652547  1857.319401  
1240.913756  343.1685577  1058.131664  1194.896321  -138.1678418  759.6169945  2347.487862  856.0831451  1867.232527  
1256.777789  368.4312631  1029.461511  1161.769283  -65.65509068  767.0154825  2352.173741  871.1177372  1880.486974  
1216.059924  371.0296005  1024.97813  1141.555945  -96.00367325  767.7081629  2310.151058  864.1115732  1867.888142  
