1121.524353  370.1759897  1265.526423  1365.40205  38.03635706  762.7697561  2846.743833  872.311644  1997.699709  
1138.508562  425.6702831  1295.421585  1410.475651  43.98072262  777.2969479  2847.053688  889.9457897  1992.033794  
1130.182638  422.5845485  1292.147299  1450.263502  126.3453228  780.6851855  2904.310522  908.8627172  2060.988616  
1066.348872  397.203871  1283.803806  1409.958942  234.8423336  805.6340761  2899.219517  910.4943123  1997.636253  
1106.120811  432.279307  1306.715786  1389.163881  109.8778205  810.0026171  2860.744441  885.15622  1983.110666  
1075.487598  375.7709362  1277.709017  1380.477536  78.77983795  853.374145  2826.016492  875.7684464  1990.830521  
1114.26902  417.174397  1361.91369  1386.075305  94.66566246  833.2311942  2854.84887  895.5480411  2000.017905  
1092.604646  367.7433684  1290.214879  1377.015963  98.29661327  859.9858467  2799.567209  876.1765419  1978.02687  
1084.298128  399.3894397  1298.213742  1388.469171  151.4178546  857.3004683  2821.156088  892.146777  2000.081049  
1099.246839  410.5018199  1336.053743  1358.005024  160.6925996  820.7854119  2798.882026  889.2990024  1997.342263  
1068.513946  396.2050613  1373.580056  1359.839139  192.6802695  804.2840227  2856.371794  906.5365063  2080.075179  
1138.656285  404.1094386  1398.012682  1377.229623  228.1111005  765.9203469  2890.697396  943.0428144  2069.488368  
1062.729976  346.7670702  1353.67975  1377.499576  231.1368808  788.8889253  2864.593346  912.5838657  2085.421156  
1100.658525  405.4187858  1357.187983  1356.094754  222.4825667  794.6710636  2852.415858  914.6009075  2038.434793  
1124.868279  414.1706121  1286.359998  1389.807669  178.9339897  800.7694084  2801.329034  898.6933601  2014.174475  
1079.067072  419.6395512  1265.85217  1370.908198  174.920355  800.637058  2820.911357  888.6024873  1992.625264  
1088.193329  382.4430047  1296.889281  1388.392759  132.1271247  784.5974057  2772.034692  886.2558569  2006.267134  
1065.309889  380.5413745  1305.226113  1371.642205  117.0969789  827.556603  2826.559616  894.5424147  2059.149538  
1167.825926  406.385128  1322.917024  1417.157232  101.3555405  805.75143  2906.776038  913.586129  2041.91898  
1106.664197  381.4550207  1288.049623  1362.751251  98.14510573  797.0548642  2885.532221  893.2550831  2061.701716  
1132.259257  393.1148662  1368.000147  1336.370023  117.519903  738.7674437  2863.990978  908.6581065  2083.581338  
1158.595648  419.5637239  1343.404415  1328.888625  139.0178203  746.2969882  2947.456336  949.0694266  2073.784154  
1138.643307  407.8130667  1347.013267  1334.872958  202.8168837  775.1926447  2928.700163  929.5243482  2053.711189  
1140.780423  411.052651  1342.800875  1380.609445  147.5014861  765.7298025  2917.599526  926.3626022  2070.126295  
1108.174452  371.4444858  1341.637995  1360.136184  123.4290685  767.1042554  2897.016581  914.037487  2069.540771  
1107.585023  375.4716693  1321.316131  1364.250777  174.9388623  786.7765936  2861.323637  919.9088032  2050.30401  
1144.021908  411.9594821  1293.900921  1399.24514  141.9812355  789.8704518  2812.395161  903.7960995  2019.745427  
1119.733279  424.0050896  1265.254756  1411.82915  114.1070418  798.7040149  2827.6543  886.5221395  1977.42451  
1087.614477  436.7855287  1251.142205  1375.597529  142.7134679  802.0362008  2802.782871  873.2339364  1948.462615  
1073.769603  420.9968417  1262.446693  1374.264004  132.9478847  811.0357668  2810.155912  881.7215791  1968.740715  
1120.774836  406.8915302  1288.542462  1384.132916  78.70405512  790.6793889  2832.896724  884.9193489  1953.918381  
1094.851731  396.4568023  1312.720207  1377.807942  112.1601424  835.1878455  2828.411808  890.6327655  1981.351405  
1093.225445  422.291215  1337.821417  1375.077862  98.38345097  825.2036665  2822.737188  888.109573  1973.293168  
1074.1951  409.3035685  1341.820865  1383.248393  128.9213458  833.7561898  2861.274481  899.2065973  1983.135363  
1071.07753  431.5879906  1324.787482  1382.437651  159.0495554  804.9306883  2916.139296  905.4390392  1984.064003  
1038.270995  411.9823056  1325.317015  1361.208362  169.6382369  789.7229213  2847.697862  881.7880901  1988.544045  
1044.010765  409.9010056  1316.23258  1380.725837  199.3320238  787.7139156  2831.73743  897.2702124  1987.489027  
1100.824178  399.1328703  1288.218402  1407.319086  139.2931172  821.5683706  2838.139833  892.6314065  1991.701515  
1062.889606  376.4499634  1306.633934  1384.190106  109.142291  810.3227767  2807.741684  886.2399049  2009.933534  
1120.004823  421.3455383  1313.846074  1398.614533  104.7929547  823.8856816  2855.077124  896.8721976  1988.931551  
1062.344416  377.0260477  1321.38781  1403.518997  172.901385  819.2285515  2829.529076  893.8877852  1997.945306  
1103.13159  444.2117995  1301.584888  1373.939077  219.8392735  826.1844363  2856.627812  912.8807984  1973.451675  
1107.348013  416.9861432  1293.384764  1375.144423  114.369467  806.3493183  2830.807017  883.7070999  1973.511445  
1111.077294  401.1441471  1293.012878  1369.83789  123.7293136  817.3312965  2804.65163  883.2461508  2006.590938  
1135.935477  390.1864867  1317.561277  1389.366512  106.6890067  840.465449  2848.066224  889.5840385  2022.161644  
1137.597299  384.207824  1318.479309  1384.168814  68.36225841  803.2802979  2881.162068  894.1553732  2072.851189  
1122.018874  387.9600242  1368.894225  1380.760708  101.101148  762.4718554  2893.473122  917.9380265  2117.991534  
1117.52466  356.6241422  1370.083181  1360.640225  101.4104586  756.9848373  2885.177199  929.9296673  2105.940989  
1183.773463  412.5376305  1335.6313  1397.92363  93.38986707  821.0579986  2873.23926  904.4245026  2048.363925  
1122.95532  397.6957931  1321.460686  1399.542572  146.0027183  853.4580451  2851.287207  885.5355186  2025.637771  
1101.577948  404.3999493  1319.947845  1387.097443  171.4194063  817.6279753  2824.396472  886.8628007  1987.351045  
1102.737166  418.6306786  1286.282592  1389.196416  168.96021  837.571212  2845.508085  887.1727776  1969.507934  
1103.647487  419.2078899  1307.492301  1383.414257  128.5306687  816.9015719  2801.724584  879.3663  1986.005193  
1082.424827  420.3091192  1333.766701  1404.399735  136.8703118  819.0475554  2833.611658  908.5888506  2019.881072  
1092.649848  390.859602  1316.43944  1396.714083  145.0904734  798.0612576  2899.46694  918.8885445  2045.511603  
1100.323805  423.8864865  1348.092291  1365.076173  111.9413645  760.7389419  2900.496753  912.9947836  2036.329948  
1099.888671  412.4511289  1280.643061  1380.929777  136.134262  784.4174877  2797.052897  882.6260094  2014.651625  
1070.050309  416.2935996  1295.349283  1377.730319  116.5168825  804.7425362  2769.683893  876.1831408  2006.070039  
1067.024334  389.8221866  1297.82123  1380.250634  106.1439072  802.5700684  2838.816563  893.723509  2025.163256  
1133.494485  381.8663837  1363.745945  1373.335317  127.8796694  803.6756699  2871.196212  900.5783604  2057.305243  
1147.37613  416.9146448  1357.737739  1374.347905  125.3292046  799.716257  2859.092709  894.5582677  2039.010086  
1098.754648  412.6858386  1346.563269  1419.854382  150.2201342  822.5288435  2826.643089  898.3501378  2057.767382  
1125.489548  379.8383995  1334.629511  1370.708121  134.0506497  767.268102  2893.308032  919.2306586  2062.233607  
1059.634953  351.0242406  1392.78258  1385.700152  223.6547645  768.5026318  2884.408687  935.7268056  2086.111237  
1120.982869  464.8698203  1417.600866  1456.41745  229.1807576  766.1996028  2990.501032  968.9177321  2100.694891  
1124.392773  429.0159969  1350.881833  1425.103349  191.3873797  789.9751335  2925.251963  926.2315882  2025.627772  
1081.165273  397.397676  1325.37468  1366.708157  168.1409828  814.7665829  2818.211303  886.9207638  2033.358541  
1071.075791  409.7715383  1298.001038  1363.330635  185.5175625  843.3783651  2861.319609  894.7047191  1993.084481  
1103.215859  390.8328186  1241.857769  1403.523879  121.4919279  827.7196753  2835.643086  875.0351532  1980.158077  
1094.205438  410.2774609  1226.392799  1401.571709  124.5837195  835.9757477  2831.588921  887.45079  1999.249732  
1104.695604  348.3761174  1250.995841  1396.512286  72.90020382  802.45381  2824.287853  874.5397352  2008.59464  
1109.654261  361.5127089  1281.165826  1390.954476  105.3331948  810.6067435  2850.147517  887.8766002  2042.135981  
1127.781574  379.7242467  1313.829479  1405.007623  115.4377882  803.886  2830.050169  888.3494238  2003.375805  
1134.67356  383.7816292  1280.665394  1403.74182  94.92295351  810.6243762  2851.073332  896.8667091  2025.6639  
1121.526082  428.3540921  1311.623807  1405.035999  159.8971829  796.661398  2845.895927  908.7269395  2015.96352  
1033.758097  399.0127892  1291.465476  1356.539397  204.5349777  806.3633636  2806.969317  884.4520001  2002.392552  
1044.061946  412.3707263  1291.648777  1380.480833  130.1317261  802.273502  2763.071939  882.1616438  1972.419711  
1141.937809  380.3664616  1274.010505  1421.397866  103.5588843  827.9147828  2833.727868  902.1212966  1998.962304  
1137.704253  380.7203577  1335.325166  1359.116611  82.50202046  771.4677088  2897.673269  904.8152923  2043.605506  
1129.411787  351.9421147  1365.261046  1351.529542  36.94263981  740.6813198  2896.499751  897.4648443  2088.441973  
1165.100177  386.2188403  1357.544107  1370.445558  52.25327178  773.1549527  2913.572313  915.679242  2061.987818  
1113.009983  399.0020122  1352.660071  1387.893499  80.90900395  762.2417555  2917.785641  910.6659232  2053.23944  
1103.806164  394.6980276  1310.801419  1372.40621  122.1335166  776.5490901  2853.483904  901.7093841  2024.398469  
1042.312895  402.2237165  1280.544775  1372.781465  134.4547027  798.6364892  2815.082739  885.4181652  1995.015524  
1093.111331  396.611107  1289.056682  1379.226249  132.9401838  798.3132668  2826.82198  884.1797018  1976.98162  
1128.13113  419.8257892  1254.511766  1381.323304  156.2421096  829.201788  2811.349508  892.783878  1968.915816  
1097.998535  377.0301893  1275.721681  1370.147289  134.0993789  797.0288525  2825.055203  888.7360328  1989.152166  
1077.059776  409.4286468  1270.955357  1368.244702  207.1222335  822.3388193  2846.245146  894.0567398  1991.510625  
1049.612965  431.3564951  1305.851848  1363.16051  217.095926  804.0623531  2815.882874  875.2816923  1987.522126  
1002.554798  404.8084197  1267.881638  1348.012923  215.5305685  817.3272307  2783.830477  883.1935245  1982.874515  
1016.679914  392.403701  1281.66409  1370.957892  174.0280571  788.0579797  2751.107381  873.7718306  1976.417013  
1052.405321  420.9515275  1299.079856  1358.474069  220.170906  809.2854802  2783.460473  895.7189315  1992.166861  
1041.680596  413.4925842  1311.953076  1358.854957  218.942515  809.1671603  2786.92657  883.4106887  1991.534296  
1050.597665  411.0518307  1315.423936  1358.612725  217.1381272  818.7648105  2794.639386  877.7784483  2001.336141  
1062.117916  404.6194241  1329.140559  1362.289296  223.3332382  813.5668002  2808.989576  891.7353779  2006.9941  
1067.446868  388.799729  1320.064436  1367.491552  170.1617422  820.2374623  2825.553111  897.3240321  2036.065762  
1149.203099  405.0739751  1326.984495  1392.62  129.7917935  787.9080517  2898.27749  911.4256542  2049.482174  
1147.552847  374.0507226  1282.106309  1390.900242  88.18887893  800.703779  2912.597938  904.1332593  2064.205985  
1173.54599  372.8464624  1302.104006  1380.518643  92.28859801  779.7052134  2835.581233  885.0256826  2043.450958  
1151.031478  338.7679367  1313.78378  1393.959828  76.30064202  793.3917673  2814.247446  902.9710143  2072.657544  
1192.330779  380.3854267  1280.602313  1428.190563  63.65606176  776.0566992  2846.247655  912.1706412  2019.019373  
1112.366959  407.9678433  1278.883014  1403.832712  93.66789894  793.3902419  2842.248687  906.6963621  2023.896625  
1134.109801  423.3734634  1320.987856  1425.927189  65.08701159  823.8143748  2876.472811  911.4468274  2019.710725  
1099.984163  437.0425305  1331.285941  1401.054895  126.5373588  844.3401824  2876.882804  888.7715488  2052.893758  
1071.577109  439.5008604  1362.679062  1370.357844  182.1722952  820.2286147  2886.907222  901.498248  2038.743813  
1083.621112  414.6973864  1346.74757  1377.819872  144.6519599  794.173969  2891.174223  886.9729615  2048.055073  
1101.830405  445.9204186  1336.710789  1379.106835  190.4333857  837.0938404  2940.617352  905.9349859  2028.673064  
1105.117179  417.2230282  1334.88658  1353.651839  158.5405523  801.04194  2878.771187  876.0857197  2026.838162  
1108.436777  418.7750421  1317.331664  1374.529106  168.1961059  828.4835532  2880.266687  883.6597647  2010.324439  
1114.585701  399.892201  1308.059129  1368.774139  131.8776152  829.6111202  2867.998175  881.4042877  2008.002191  
1131.838986  387.8799415  1319.196719  1407.628564  101.0300653  806.9777373  2899.365022  897.1523446  2032.719883  
1146.400771  364.6655282  1386.539526  1404.886995  16.15876876  779.2740725  2908.593583  932.1473176  2047.332965  
1153.153012  357.4237198  1353.126773  1429.288561  66.74355567  807.8033077  2914.093491  930.0605286  2048.659791  
1136.794043  393.6039475  1349.842867  1402.670644  80.70351902  800.5255091  2882.919446  911.6736313  2037.373211  
1144.611846  342.7854748  1364.888283  1410.788357  39.43542609  796.1213336  2856.422211  915.1685182  2045.100062  
1173.273934  355.5569796  1367.144465  1423.894946  43.85164709  812.0255704  2894.907571  931.190587  2045.302219  
1130.36545  391.4795863  1382.392496  1404.372734  103.1932778  808.3969285  2898.732889  921.0521343  2054.473346  
1108.513265  444.7032055  1327.974397  1393.563092  221.4827117  815.5281961  2876.521472  905.1826863  2013.497811  
1061.916791  436.0073898  1254.412083  1375.977634  206.4300143  808.389885  2814.232408  898.4371456  1957.936849  
1083.625906  413.7455182  1240.413165  1423.003824  139.2598872  837.3243406  2839.983213  877.313798  1963.930408  
1093.351759  403.5351881  1323.738973  1484.155014  173.9167131  826.2458214  2850.082026  919.7538563  2078.43242  
1084.457919  414.9167913  1374.483587  1475.478393  258.9036965  773.6931123  2950.900747  979.7375433  2106.483837  
1127.469395  409.1991325  1351.719288  1357.165409  195.983004  776.1937529  2924.731575  932.7427002  2083.660228  
1094.839209  396.0089309  1355.846033  1321.221436  194.1610647  796.2963363  2821.293813  886.5741869  2082.502363  
1076.048086  392.8942949  1326.817232  1324.37059  205.9628674  848.8680158  2866.34831  891.1673685  2074.917186  
1149.186095  413.8433641  1309.418372  1350.998514  127.3803575  854.001738  2859.957589  870.7804684  2005.884787  
1125.553705  375.6822556  1284.485804  1349.28212  54.95652387  811.4700989  2834.33881  865.038562  2001.939713  
1114.985747  382.9421084  1284.266989  1347.458996  97.49112241  812.986713  2844.665673  872.3074075  1995.035464  
1088.676081  411.7225529  1286.794569  1347.495568  150.7823364  814.1754574  2792.602123  860.9676563  1974.286695  
1042.685681  400.5473671  1290.532387  1350.716044  184.2270725  824.2201825  2781.847484  866.5987586  1986.088849  
1062.316308  417.1497644  1280.669529  1355.356587  182.0654604  809.895107  2744.608551  877.2366851  1964.755897  
1096.572899  398.0772607  1283.271242  1389.232712  110.7788434  819.3033574  2768.892857  874.478178  1981.181221  
1089.290101  415.5790408  1280.994823  1369.977414  152.536516  789.5921387  2785.794731  892.28059  1976.593524  
1072.605192  399.1347815  1279.654373  1384.479755  186.6545189  806.8174432  2832.974802  896.1966208  1991.130198  
1075.621272  428.5892693  1299.209593  1356.113322  146.8144819  797.7366789  2851.396398  887.8398795  1981.184751  
1103.702092  408.7095737  1291.764734  1376.611639  146.8516395  811.5999122  2836.109619  890.370944  1996.483939  
1067.753766  444.014844  1324.923086  1386.251584  95.89472782  804.3678901  2811.369923  892.1800685  2001.087834  
1044.407876  397.8451204  1322.470557  1394.207845  191.4243211  827.3678093  2825.536407  902.9967625  2020.382514  
1115.435892  414.9671029  1294.742176  1403.06269  169.3074277  836.9231727  2845.783946  890.3326735  2002.223862  
1123.162479  392.2054607  1313.747296  1413.892888  44.73443928  822.7574744  2820.823751  880.5900858  2012.860343  
1086.282701  331.3825494  1327.955447  1407.836946  79.55310547  820.8862426  2855.629603  905.9272065  2029.292566  
1142.510602  416.2517628  1355.299188  1393.149963  93.30049321  769.7348452  2911.413961  923.0848419  2068.265836  
1123.821203  426.9267756  1377.246042  1362.5601  145.9780263  732.4529991  2944.678472  943.4030357  2062.692598  
1094.928964  389.2458177  1312.505653  1393.809909  192.8248529  736.9105987  2888.533861  923.1656039  2007.135288  
1032.460304  366.1960598  1270.97021  1357.820937  190.7222747  738.2458571  2812.705289  889.0476574  1983.352053  
1037.410552  374.8100077  1280.723286  1368.639924  163.6118122  750.3765394  2851.569739  891.0276819  1973.215165  
1108.019742  423.8779348  1292.224546  1371.0458  120.7912807  765.7196804  2831.878777  880.2754594  1967.041587  
1088.485997  396.7864948  1264.408355  1393.191685  155.2022088  800.1332163  2812.081864  880.8771656  2022.212409  
1136.619637  409.1822231  1281.660617  1400.347847  149.9298316  803.4737377  2833.74162  898.389518  2026.607265  
1151.218237  391.8040834  1319.034982  1381.978163  78.56050721  796.3975294  2833.028271  888.7670977  2055.949837  
1153.301691  407.498616  1307.720176  1394.74587  106.6449261  815.0298401  2880.284021  918.6676763  2015.683361  
1106.053826  376.5637432  1308.711875  1366.968175  104.2510297  786.0551873  2867.207576  896.5655426  2002.52849  
1132.554373  412.0879618  1315.41658  1386.498085  122.1133611  826.4616592  2926.064  907.0731316  2017.869217  
1105.920652  398.3413555  1332.407182  1375.816886  133.6394462  786.0014584  2906.636277  895.9508505  2029.107646  
1102.887235  399.7054933  1328.978394  1385.224554  118.0736313  815.2950057  2907.441937  909.1540225  2019.916497  
1105.452706  369.4827579  1353.509493  1386.588998  67.85614597  773.8175331  2841.124851  904.1081745  2054.865922  
1115.370792  384.0226908  1340.528119  1363.041089  116.2130701  786.5041232  2850.793125  907.9507659  2069.731958  
1129.4746  367.8122457  1305.756152  1376.98628  128.089707  783.3846656  2818.170018  892.7762777  2017.663462  
1141.355117  389.9421517  1296.506387  1393.470338  116.4359878  807.4946283  2791.444415  883.6004946  2042.404357  
1116.604894  395.4187185  1312.048236  1387.988202  159.2672923  804.4257643  2815.046558  901.7564291  2018.253295  
1115.273298  400.3336534  1298.928005  1384.826647  154.7627751  811.3310779  2820.906732  888.60177  2002.144485  
1083.867962  428.5801933  1300.9747  1378.957274  222.3573089  804.7529628  2843.158102  903.7474331  1977.123597  
1061.631202  425.2983487  1291.183077  1360.517181  206.5928882  808.2418361  2796.039505  879.8225592  1966.980441  
1066.651214  397.7786989  1285.705333  1360.394082  179.6161244  831.6934452  2809.359079  880.2733183  1982.33965  
1066.684801  426.95175  1302.455227  1352.545313  155.5020595  847.5005223  2822.024528  869.4635947  1997.303834  
1059.956882  404.5550178  1328.351727  1352.924621  161.0538773  844.559529  2837.0601  883.4880933  2025.395104  
1129.63379  431.5843485  1332.409237  1381.855844  94.28607058  813.8844  2904.171033  911.1436166  2040.468786  
1123.318179  382.2753023  1320.600451  1405.807632  92.20081273  795.4732223  2930.700228  924.2609943  2044.033395  
1130.180159  412.4240929  1298.492546  1396.516222  67.72475048  795.7303406  2881.618288  905.6221068  2015.552134  
1142.582256  377.0786629  1277.546919  1390.96401  38.47225482  781.0470482  2887.754196  890.8451352  2006.292757  
1108.786134  381.0768647  1270.509091  1396.168927  96.22432529  812.4318187  2897.308771  907.8960031  2004.766251  
1105.310298  378.4170378  1287.594976  1410.351368  98.40729865  793.4897537  2856.150833  891.9571911  2008.426394  
1074.461256  402.3874572  1294.184728  1399.104663  126.2635994  811.2593772  2865.097951  911.5615347  2023.072995  
1091.11773  391.2309779  1344.88992  1439.240634  131.5603579  807.8648634  2866.263368  905.1519106  2034.410204  
1118.513836  377.5793802  1363.947373  1423.982026  149.477748  858.975344  2896.07897  909.8229534  2060.910074  
1123.581506  452.2106567  1380.593028  1417.503822  169.7878871  845.8592391  2886.637416  915.4269942  2044.305528  
1154.59006  406.2700867  1345.91505  1438.797726  137.4809192  837.9778055  2893.1958  916.6125636  2046.766126  
1137.267981  454.838903  1326.158762  1390.223937  164.5962634  819.4618475  2862.321772  917.0727514  2029.517552  
1103.207814  422.9874257  1327.719498  1355.990938  133.8436356  785.7005907  2850.904764  903.0553647  2023.348741  
1092.94707  402.4146335  1280.09898  1376.055826  119.860475  821.7275777  2804.328027  892.1257052  2045.570858  
1129.107327  421.9417771  1258.640642  1387.96379  111.5285779  806.1926827  2789.310678  891.1347895  1985.379879  
1108.956489  422.8701696  1255.527214  1398.431077  113.0391669  808.3741699  2797.411923  893.4873424  1992.506951  
1100.068512  387.7276257  1267.91703  1385.211073  131.4687323  778.8977845  2833.053135  893.7988819  1999.174144  
1107.759663  399.1488395  1299.460306  1360.819232  123.9361255  768.7584997  2866.612806  897.9080104  2028.589325  
1066.462278  393.7098554  1334.961215  1362.73684  134.6145798  770.4269974  2857.903825  904.9379683  2039.404042  
1081.242818  386.8161384  1328.479355  1362.548245  164.3666471  778.2514998  2872.690335  903.445998  2054.242479  
1117.172001  401.6186822  1341.725302  1350.352299  168.0388411  798.9147107  2894.439254  913.3462634  2053.537028  
1148.008572  393.4649257  1305.804324  1359.585841  123.3220784  787.8876382  2857.902934  886.6298161  2039.333744  
1071.418141  381.6871187  1316.685351  1348.131804  154.5180891  776.0592359  2856.168748  897.1854067  2060.170466  
1090.296728  392.248897  1319.092266  1365.911974  141.7588976  755.852818  2853.436209  910.478865  2033.474478  
1108.632983  403.0941456  1283.422255  1395.875411  125.2753433  776.1490855  2811.982132  879.9575786  1989.736799  
1081.057023  390.6531991  1279.774165  1378.48596  139.4917796  802.4363298  2822.008709  887.3085751  1996.061475  
1050.11994  406.375675  1284.539857  1367.738005  176.6368856  810.2257976  2836.43224  891.195667  1990.997255  
1082.897867  403.9312463  1285.583264  1384.762457  145.2545799  777.5548526  2804.617949  875.2716602  1982.14515  
1103.0817  364.4116203  1258.175245  1401.053691  132.5806966  837.5630715  2810.402921  877.8510847  1993.699871  
1065.516467  393.2784987  1311.51776  1405.283254  154.3803431  839.2979328  2806.891479  887.1305953  1997.873009  
1129.162058  416.7533351  1365.322671  1398.355334  149.7499193  822.2730141  2877.592139  898.2125797  2001.949606  
1114.51003  408.3506113  1357.443716  1406.071433  150.230315  820.8403716  2868.809501  896.0545773  2024.536777  
1137.529731  407.6999351  1339.147037  1382.701727  120.1547075  824.2973105  2919.194001  919.3554253  2045.110436  
1156.519513  396.1350659  1347.163981  1382.513548  74.61390761  799.4355674  2900.567179  929.6873064  2057.529054  
